34.581703 -88.139988 0.0 0.4
34.592819999999996 -88.138312 0.0 0.4
34.615877999999995 -88.135204 0.0 0.4
34.626458 -88.13359799999999 0.0 0.4
34.639517999999995 -88.131604 0.0 0.4
34.652608 -88.129606 0.0 0.4
34.664513 -88.12778999999999 0.0 0.4
34.676294 -88.12599399999999 0.0 0.4
34.690044 -88.12400000000001 0.0 0.4
34.700821 -88.122029 0.0 0.4
34.711228 -88.120283 0.0 0.4
34.723779 -88.118477 0.0 0.4
34.734955 -88.117397 0.0 0.4
34.746162999999996 -88.11643099999999 0.0 0.4
34.756316 -88.11500199999999 0.0 0.4
34.767341 -88.113434 0.0 0.4
34.777349 -88.112093 0.0 0.4
34.787624 -88.11073499999999 0.0 0.4
34.798626 -88.109281 0.0 0.4
34.808901 -88.107917 0.0 0.4
34.819506 -88.106561 0.0 0.4
34.829583 -88.105285 0.0 0.4
34.842138999999996 -88.103698 0.0 0.4
34.852745 -88.102402 0.0 0.4
34.864748999999996 -88.10112699999999 0.0 0.4
34.875088 -88.100031 0.0 0.4
34.885908 -88.098674 0.0 0.4
34.894906999999996 -88.103314 0.0 0.4
34.899028 -88.115573 0.0 0.4
34.902086 -88.125104 0.0 0.4
34.907133 -88.13583899999999 0.0 0.4
34.912988 -88.143968 0.0 0.4
34.919741 -88.152413 0.0 0.4
34.928194999999995 -88.15914599999999 0.0 0.4
34.939459 -88.163927 0.0 0.4
34.949643 -88.169044 0.0 0.4
34.960198 -88.174982 0.0 0.4
34.968872 -88.181164 0.0 0.4
34.975957 -88.18834799999999 0.0 0.4
34.984987 -88.1947 0.0 0.4
34.994619 -88.19964399999999 0.0 0.4
35.004467 -88.20176599999999 0.0 0.4
35.00787 -88.191954 0.0 0.4
35.007698 -88.181713 0.0 0.4
35.007497 -88.171702 0.0 0.4
35.007353 -88.160288 0.0 0.4
35.007214 -88.147016 0.0 0.4
35.007045 -88.125401 0.0 0.4
35.006902 -88.110761 0.0 0.4
35.006755999999996 -88.094695 0.0 0.4
35.006648999999996 -88.080559 0.0 0.4
35.006543 -88.067033 0.0 0.4
35.006433 -88.054356 0.0 0.4
35.006330999999996 -88.040171 0.0 0.4
35.006186 -88.028392 0.0 0.4
35.006088999999996 -88.01811599999999 0.0 0.4
35.006001 -88.006731 0.0 0.4
35.005931 -87.99420099999999 0.0 0.4
35.005929 -87.983977 0.0 0.4
35.005919 -87.973664 0.0 0.4
35.005888999999996 -87.96206 0.0 0.4
35.005849999999995 -87.946596 0.0 0.4
35.005801999999996 -87.927065 0.0 0.4
35.005776 -87.916516 0.0 0.4
35.005741 -87.906264 0.0 0.4
35.005685 -87.88679499999999 0.0 0.4
35.005551 -87.876604 0.0 0.4
35.005669999999995 -87.866042 0.0 0.4
35.005596 -87.85592799999999 0.0 0.4
35.005416 -87.84057 0.0 0.4
35.005203 -87.830514 0.0 0.4
35.005174 -87.819125 0.0 0.4
35.005066 -87.793858 0.0 0.4
35.005001 -87.782956 0.0 0.4
35.004671 -87.77270999999999 0.0 0.4
35.004657 -87.76239799999999 0.0 0.4
35.004495999999996 -87.751558 0.0 0.4
35.004373 -87.741446 0.0 0.4
35.004304 -87.72929099999999 0.0 0.4
35.004113 -87.711879 0.0 0.4
35.003988 -87.700543 0.0 0.4
35.003752999999996 -87.68871 0.0 0.4
35.003598 -87.671645 0.0 0.4
35.003567 -87.657563 0.0 0.4
35.00364 -87.646152 0.0 0.4
35.003713999999995 -87.63493299999999 0.0 0.4
35.003696999999995 -87.623908 0.0 0.4
35.003477 -87.60780799999999 0.0 0.4
35.003492 -87.597697 0.0 0.4
35.003522 -87.585882 0.0 0.4
35.003547 -87.575783 0.0 0.4
35.003471 -87.564994 0.0 0.4
35.003350999999995 -87.553501 0.0 0.4
35.003102999999996 -87.528038 0.0 0.4
35.003073 -87.51303899999999 0.0 0.4
35.003102999999996 -87.502286 0.0 0.4
35.003023 -87.49209499999999 0.0 0.4
35.002854 -87.481974 0.0 0.4
35.002783 -87.47010499999999 0.0 0.4
35.002732 -87.458055 0.0 0.4
35.002759999999995 -87.447053 0.0 0.4
35.002790999999995 -87.429968 0.0 0.4
35.002629 -87.419381 0.0 0.4
35.002387999999996 -87.409296 0.0 0.4
35.002289999999995 -87.398715 0.0 0.4
35.002227 -87.38815799999999 0.0 0.4
35.001908 -87.377737 0.0 0.4
35.001861 -87.367226 0.0 0.4
35.00172 -87.355943 0.0 0.4
35.001591 -87.344905 0.0 0.4
35.001411 -87.33205199999999 0.0 0.4
35.001250999999996 -87.321522 0.0 0.4
35.001078 -87.31010599999999 0.0 0.4
35.000782 -87.29961899999999 0.0 0.4
35.000606999999995 -87.28892499999999 0.0 0.4
35.000366 -87.278627 0.0 0.4
35.000181999999995 -87.266303 0.0 0.4
34.999953999999995 -87.25464 0.0 0.4
34.999635 -87.240712 0.0 0.4
34.99949 -87.23062499999999 0.0 0.4
34.999385 -87.220478 0.0 0.4
34.998866 -87.203278 0.0 0.4
34.998646 -87.19267599999999 0.0 0.4
34.998374999999996 -87.178823 0.0 0.4
34.998066 -87.162753 0.0 0.4
34.997724999999996 -87.144943 0.0 0.4
34.997504 -87.134382 0.0 0.4
34.997199 -87.122648 0.0 0.4
34.996981999999996 -87.11139899999999 0.0 0.4
34.996673 -87.094472 0.0 0.4
34.996414 -87.07944599999999 0.0 0.4
34.996196 -87.05662 0.0 0.4
34.995927 -87.045822 0.0 0.4
34.995574 -87.034773 0.0 0.4
34.99518 -87.012248 0.0 0.4
34.994911 -86.99835399999999 0.0 0.4
34.994696 -86.986254 0.0 0.4
34.994513999999995 -86.976034 0.0 0.4
34.994369 -86.96548399999999 0.0 0.4
34.994130999999996 -86.95253699999999 0.0 0.4
34.993939 -86.940912 0.0 0.4
34.993601999999996 -86.930117 0.0 0.4
34.993057 -86.91713 0.0 0.4
34.992729 -86.90553799999999 0.0 0.4
34.992650999999995 -86.895287 0.0 0.4
34.992289 -86.88127999999999 0.0 0.4
34.992079 -86.8682 0.0 0.4
34.992062 -86.857683 0.0 0.4
34.991993 -86.847308 0.0 0.4
34.991926 -86.837276 0.0 0.4
34.991882 -86.821879 0.0 0.4
34.991878 -86.811742 0.0 0.4
34.991909 -86.801633 0.0 0.4
34.991926 -86.78878499999999 0.0 0.4
34.991974 -86.77822499999999 0.0 0.4
34.992008 -86.76807099999999 0.0 0.4
34.992053999999996 -86.75710699999999 0.0 0.4
34.991982 -86.739409 0.0 0.4
34.991955 -86.72894099999999 0.0 0.4
34.992106 -86.718887 0.0 0.4
34.992122 -86.707866 0.0 0.4
34.992028 -86.696964 0.0 0.4
34.991968 -86.686734 0.0 0.4
34.9919 -86.676598 0.0 0.4
34.991721 -86.665508 0.0 0.4
34.991768 -86.65112599999999 0.0 0.4
34.991658 -86.639682 0.0 0.4
34.991521999999996 -86.629246 0.0 0.4
34.991262 -86.608871 0.0 0.4
34.991164 -86.597712 0.0 0.4
34.991085 -86.578745 0.0 0.4
34.990854999999996 -86.568105 0.0 0.4
34.990762 -86.556567 0.0 0.4
34.990885999999996 -86.545808 0.0 0.4
34.990677 -86.52858599999999 0.0 0.4
34.990662 -86.517938 0.0 0.4
34.990673 -86.507826 0.0 0.4
34.990649 -86.497506 0.0 0.4
34.990612999999996 -86.487269 0.0 0.4
34.990539999999996 -86.476821 0.0 0.4
34.990742 -86.464243 0.0 0.4
34.990933 -86.450986 0.0 0.4
34.990984 -86.439779 0.0 0.4
34.990857 -86.429728 0.0 0.4
34.991104 -86.419673 0.0 0.4
34.991377 -86.408502 0.0 0.4
34.991593 -86.398237 0.0 0.4
34.991662999999996 -86.387772 0.0 0.4
34.991724999999995 -86.37749099999999 0.0 0.4
34.991544 -86.35842199999999 0.0 0.4
34.991406 -86.343734 0.0 0.4
34.991192999999996 -86.321257 0.0 0.4
34.991076 -86.308987 0.0 0.4
34.990986 -86.298225 0.0 0.4
34.9909 -86.28504099999999 0.0 0.4
34.990702 -86.264901 0.0 0.4
34.990612999999996 -86.25410099999999 0.0 0.4
34.990387 -86.237023 0.0 0.4
34.99031 -86.225737 0.0 0.4
34.99023 -86.21284399999999 0.0 0.4
34.990176999999996 -86.202428 0.0 0.4
34.990126 -86.192227 0.0 0.4
34.990065 -86.180036 0.0 0.4
34.989982 -86.163837 0.0 0.4
34.989928 -86.153256 0.0 0.4
34.989861 -86.13984099999999 0.0 0.4
34.989785999999995 -86.124985 0.0 0.4
34.98974 -86.108386 0.0 0.4
34.989647999999995 -86.09192399999999 0.0 0.4
34.98954 -86.07301 0.0 0.4
34.989467 -86.06161999999999 0.0 0.4
34.989277 -86.038669 0.0 0.4
34.989187 -86.027705 0.0 0.4
34.989056 -86.01180599999999 0.0 0.4
34.989034 -85.99998099999999 0.0 0.4
34.988943 -85.98635 0.0 0.4
34.988876999999995 -85.97623 0.0 0.4
34.988794 -85.962403 0.0 0.4
34.988672 -85.94086899999999 0.0 0.4
34.988583 -85.92537399999999 0.0 0.4
34.988682 -85.908203 0.0 0.4
34.988580999999996 -85.896936 0.0 0.4
34.988490999999996 -85.88596 0.0 0.4
34.988385 -85.87534099999999 0.0 0.4
34.988257 -85.865285 0.0 0.4
34.988214 -85.85162799999999 0.0 0.4
34.988129 -85.83691499999999 0.0 0.4
34.988023999999996 -85.826415 0.0 0.4
34.987848 -85.81385499999999 0.0 0.4
34.987691999999996 -85.802241 0.0 0.4
34.987480999999995 -85.787572 0.0 0.4
34.987327 -85.773079 0.0 0.4
34.98722 -85.763072 0.0 0.4
34.987080999999996 -85.749972 0.0 0.4
34.986865 -85.735776 0.0 0.4
34.98666 -85.722353 0.0 0.4
34.986354999999996 -85.702249 0.0 0.4
34.98619 -85.691417 0.0 0.4
34.985969 -85.676966 0.0 0.4
34.985648999999995 -85.655931 0.0 0.4
34.985381 -85.63829899999999 0.0 0.4
34.985217999999996 -85.62760999999999 0.0 0.4
34.984868 -85.612697 0.0 0.4
34.977055 -85.603826 0.0 0.4
34.964036 -85.60154 0.0 0.4
34.951766 -85.599385 0.0 0.4
34.941494999999996 -85.598225 0.0 0.4
34.927671 -85.595811 0.0 0.4
34.913467 -85.592985 0.0 0.4
34.903179 -85.591145 0.0 0.4
34.891877 -85.589103 0.0 0.4
34.881392 -85.587037 0.0 0.4
34.870902 -85.585129 0.0 0.4
34.860479 -85.58316599999999 0.0 0.4
34.846446 -85.58048199999999 0.0 0.4
34.834598 -85.578216 0.0 0.4
34.823898 -85.576149 0.0 0.4
34.808278 -85.573047 0.0 0.4
34.779827 -85.56736099999999 0.0 0.4
34.767751 -85.564948 0.0 0.4
34.750079 -85.561416 0.0 0.4
34.738088 -85.558854 0.0 0.4
34.714315 -85.553775 0.0 0.4
34.702413 -85.551232 0.0 0.4
34.689330999999996 -85.54839199999999 0.0 0.4
34.67763 -85.54583099999999 0.0 0.4
34.662441 -85.54250499999999 0.0 0.4
34.647891 -85.53933099999999 0.0 0.4
34.635191 -85.53654399999999 0.0 0.4
34.625082 -85.53432699999999 0.0 0.4
34.613963 -85.532169 0.0 0.4
34.588682999999996 -85.527261 0.0 0.4
34.578393999999996 -85.524985 0.0 0.4
34.564114 -85.52182599999999 0.0 0.4
34.554 -85.519588 0.0 0.4
34.543496999999995 -85.517273 0.0 0.4
34.531901999999995 -85.51514 0.0 0.4
34.521772999999996 -85.51303899999999 0.0 0.4
34.510346 -85.51020199999999 0.0 0.4
34.500085 -85.507972 0.0 0.4
34.488544 -85.505453 0.0 0.4
34.476625999999996 -85.502939 0.0 0.4
34.464847999999996 -85.500338 0.0 0.4
34.450843 -85.49718399999999 0.0 0.4
34.440554 -85.49486999999999 0.0 0.4
34.425934999999996 -85.4916 0.0 0.4
34.412789 -85.488683 0.0 0.4
34.402915 -85.486547 0.0 0.4
34.392938 -85.484369 0.0 0.4
34.380660999999996 -85.481726 0.0 0.4
34.363935 -85.47818699999999 0.0 0.4
34.346553 -85.474454 0.0 0.4
34.328238999999996 -85.47045 0.0 0.4
34.317982 -85.46850099999999 0.0 0.4
34.304429999999996 -85.46589399999999 0.0 0.4
34.293028 -85.463548 0.0 0.4
34.282452 -85.46139099999999 0.0 0.4
34.272458 -85.459306 0.0 0.4
34.257574 -85.45638 0.0 0.4
34.247243999999995 -85.454239 0.0 0.4
34.234283 -85.451601 0.0 0.4
34.216528 -85.448027 0.0 0.4
34.206603 -85.446027 0.0 0.4
34.194285 -85.44372 0.0 0.4
34.168938 -85.438559 0.0 0.4
34.158508999999995 -85.43646799999999 0.0 0.4
34.148663 -85.434437 0.0 0.4
34.125096 -85.42947 0.0 0.4
34.114481 -85.428232 0.0 0.4
34.083577 -85.422375 0.0 0.4
34.072278 -85.420232 0.0 0.4
34.059961 -85.417852 0.0 0.4
34.049379 -85.415814 0.0 0.4
34.031756 -85.41242 0.0 0.4
34.018578 -85.409876 0.0 0.4
34.002781999999996 -85.406838 0.0 0.4
33.982469 -85.402447 0.0 0.4
33.968086 -85.399616 0.0 0.4
33.958145 -85.397657 0.0 0.4
33.939735999999996 -85.394035 0.0 0.4
33.927059 -85.39154099999999 0.0 0.4
33.917066999999996 -85.389575 0.0 0.4
33.901792 -85.386595 0.0 0.4
33.877233 -85.38183 0.0 0.4
33.866279999999996 -85.379509 0.0 0.4
33.856046 -85.377426 0.0 0.4
33.845136 -85.37536 0.0 0.4
33.832004999999995 -85.37282599999999 0.0 0.4
33.818616 -85.37029199999999 0.0 0.4
33.80525 -85.36778199999999 0.0 0.4
33.788444999999996 -85.364593 0.0 0.4
33.77395 -85.36182 0.0 0.4
33.757318 -85.358646 0.0 0.4
33.741564 -85.35561 0.0 0.4
33.726579 -85.352665 0.0 0.4
33.713018999999996 -85.349974 0.0 0.4
33.699478 -85.347358 0.0 0.4
33.682822 -85.344078 0.0 0.4
33.67172 -85.341893 0.0 0.4
33.654139 -85.338431 0.0 0.4
33.642804999999996 -85.3362 0.0 0.4
33.625105 -85.33271599999999 0.0 0.4
33.607724999999995 -85.329154 0.0 0.4
33.589366999999996 -85.32553399999999 0.0 0.4
33.578116 -85.323314 0.0 0.4
33.562841999999996 -85.320303 0.0 0.4
33.548764 -85.317528 0.0 0.4
33.537647 -85.315339 0.0 0.4
33.527307 -85.313462 0.0 0.4
33.508657 -85.309636 0.0 0.4
33.492931 -85.30662 0.0 0.4
33.482884 -85.304439 0.0 0.4
33.466116 -85.301267 0.0 0.4
33.454231 -85.29903999999999 0.0 0.4
33.440624 -85.296492 0.0 0.4
33.42846 -85.293877 0.0 0.4
33.417808 -85.29182 0.0 0.4
33.389502 -85.286323 0.0 0.4
33.379509 -85.284346 0.0 0.4
33.364626 -85.281431 0.0 0.4
33.349877 -85.278587 0.0 0.4
33.339191 -85.276575 0.0 0.4
33.322821999999995 -85.27345299999999 0.0 0.4
33.309737999999996 -85.270958 0.0 0.4
33.295223 -85.26817 0.0 0.4
33.276775 -85.264646 0.0 0.4
33.265603999999996 -85.262513 0.0 0.4
33.25472 -85.260435 0.0 0.4
33.242132999999995 -85.258067 0.0 0.4
33.23187 -85.256068 0.0 0.4
33.218271 -85.25354 0.0 0.4
33.203865 -85.250726 0.0 0.4
33.193897 -85.248888 0.0 0.4
33.181607 -85.24659299999999 0.0 0.4
33.162675 -85.242823 0.0 0.4
33.152324 -85.240792 0.0 0.4
33.138621 -85.238203 0.0 0.4
33.125121 -85.235686 0.0 0.4
33.114084 -85.233567 0.0 0.4
33.090598 -85.228871 0.0 0.4
33.076488 -85.22602599999999 0.0 0.4
33.066187 -85.223936 0.0 0.4
33.055721999999996 -85.22190499999999 0.0 0.4
33.045082 -85.21977 0.0 0.4
33.032672999999996 -85.217264 0.0 0.4
33.021518 -85.215025 0.0 0.4
33.009363 -85.212582 0.0 0.4
32.997135 -85.210166 0.0 0.4
32.987083 -85.208159 0.0 0.4
32.977022999999996 -85.206138 0.0 0.4
32.966648 -85.20398399999999 0.0 0.4
32.953989 -85.201531 0.0 0.4
32.9425 -85.199308 0.0 0.4
32.932448 -85.197261 0.0 0.4
32.921704 -85.195053 0.0 0.4
32.910725 -85.192841 0.0 0.4
32.899955999999996 -85.190728 0.0 0.4
32.889727 -85.188741 0.0 0.4
32.879762 -85.18668799999999 0.0 0.4
32.86985 -85.184556 0.0 0.4
32.859209 -85.182934 0.0 0.4
32.853206 -85.172623 0.0 0.4
32.856479 -85.16230999999999 0.0 0.4
32.849103 -85.15534 0.0 0.4
32.83889 -85.159196 0.0 0.4
32.830782 -85.167181 0.0 0.4
32.820439 -85.165052 0.0 0.4
32.810215 -85.16663799999999 0.0 0.4
32.80238 -85.15953499999999 0.0 0.4
32.794179 -85.152025 0.0 0.4
32.792136 -85.142183 0.0 0.4
32.784461 -85.13489299999999 0.0 0.4
32.779188999999995 -85.12621899999999 0.0 0.4
32.769771 -85.13051999999999 0.0 0.4
32.765504 -85.13964899999999 0.0 0.4
32.755516 -85.140507 0.0 0.4
32.74653 -85.135038 0.0 0.4
32.742135999999995 -85.124938 0.0 0.4
32.738104 -85.114795 0.0 0.4
32.728032 -85.11563799999999 0.0 0.4
32.719732 -85.121338 0.0 0.4
32.709832999999996 -85.118338 0.0 0.4
32.699833 -85.118438 0.0 0.4
32.690033 -85.11563699999999 0.0 0.4
32.681834 -85.109237 0.0 0.4
32.676234 -85.10063699999999 0.0 0.4
32.669233999999996 -85.093336 0.0 0.4
32.659613 -85.09032499999999 0.0 0.4
32.652335 -85.097636 0.0 0.4
32.645334999999996 -85.105037 0.0 0.4
32.636935 -85.099575 0.0 0.4
32.634135 -85.089736 0.0 0.4
32.624055999999996 -85.090448 0.0 0.4
32.617288 -85.082976 0.0 0.4
32.607113 -85.080624 0.0 0.4
32.597065 -85.077519 0.0 0.4
32.587384 -85.07180699999999 0.0 0.4
32.57913 -85.06529499999999 0.0 0.4
32.573305999999995 -85.056686 0.0 0.4
32.565177999999996 -85.05027 0.0 0.4
32.556523 -85.043662 0.0 0.4
32.551691 -85.03393299999999 0.0 0.4
32.544843 -85.026189 0.0 0.4
32.535852 -85.020877 0.0 0.4
32.526572 -85.014412 0.0 0.4
32.520077 -85.00668399999999 0.0 0.4
32.511064999999995 -85.001116 0.0 0.4
32.501641 -84.996532 0.0 0.4
32.490091 -84.995871 0.0 0.4
32.478775 -84.995119 0.0 0.4
32.468742 -84.998531 0.0 0.4
32.457943 -84.996731 0.0 0.4
32.449259999999995 -84.990391 0.0 0.4
32.444643 -84.981031 0.0 0.4
32.440443 -84.969831 0.0 0.4
32.427343 -84.96473 0.0 0.4
32.416244 -84.97183 0.0 0.4
32.407344 -84.98062999999999 0.0 0.4
32.397489 -84.97761 0.0 0.4
32.392449 -84.968442 0.0 0.4
32.390496999999996 -84.97836199999999 0.0 0.4
32.386288 -84.98792999999999 0.0 0.4
32.380705 -84.979354 0.0 0.4
32.372513999999995 -84.985322 0.0 0.4
32.362386 -84.98386599999999 0.0 0.4
32.355025999999995 -84.991242 0.0 0.4
32.349545 -84.99992999999999 0.0 0.4
32.341253 -85.005901 0.0 0.4
32.330109 -85.00732699999999 0.0 0.4
32.321418 -85.000343 0.0 0.4
32.319316 -84.989514 0.0 0.4
32.31546 -84.979738 0.0 0.4
32.311684 -84.969897 0.0 0.4
32.30818 -84.960425 0.0 0.4
32.30466 -84.950569 0.0 0.4
32.302068 -84.94080799999999 0.0 0.4
32.295845 -84.93164 0.0 0.4
32.287301 -84.924728 0.0 0.4
32.280949 -84.916136 0.0 0.4
32.275349 -84.907303 0.0 0.4
32.268822 -84.89899899999999 0.0 0.4
32.262901 -84.890711 0.0 0.4
32.258773999999995 -84.900151 0.0 0.4
32.250149 -84.905227 0.0 0.4
32.249249999999996 -84.915227 0.0 0.4
32.238751 -84.915227 0.0 0.4
32.231750999999996 -84.92262699999999 0.0 0.4
32.22155 -84.925427 0.0 0.4
32.218351 -84.935527 0.0 0.4
32.218250999999995 -84.945528 0.0 0.4
32.217850999999996 -84.956328 0.0 0.4
32.219350999999996 -84.967428 0.0 0.4
32.214551 -84.977029 0.0 0.4
32.204350999999996 -84.975528 0.0 0.4
32.203950999999996 -84.965228 0.0 0.4
32.193951999999996 -84.96682799999999 0.0 0.4
32.190551 -84.97702799999999 0.0 0.4
32.187652 -84.98692899999999 0.0 0.4
32.184551 -84.996929 0.0 0.4
32.182100999999996 -85.0078 0.0 0.4
32.175609 -85.01543099999999 0.0 0.4
32.169005 -85.023187 0.0 0.4
32.161727 -85.03033599999999 0.0 0.4
32.153278 -85.037669 0.0 0.4
32.145415 -85.044298 0.0 0.4
32.139054 -85.052472 0.0 0.4
32.134065 -85.061144 0.0 0.4
32.11956 -85.057194 0.0 0.4
32.107684 -85.053777 0.0 0.4
32.097927999999996 -85.050294 0.0 0.4
32.088063 -85.045063 0.0 0.4
32.080604 -85.053232 0.0 0.4
32.070209999999996 -85.054084 0.0 0.4
32.060355 -85.05673 0.0 0.4
32.050156 -85.05772999999999 0.0 0.4
32.039324 -85.05415099999999 0.0 0.4
32.028335999999996 -85.056253 0.0 0.4
32.021178 -85.049007 0.0 0.4
32.010714 -85.055075 0.0 0.4
32.00414 -85.063441 0.0 0.4
31.994657 -85.06752999999999 0.0 0.4
31.984657 -85.06943 0.0 0.4
31.974757999999998 -85.066829 0.0 0.4
31.965258 -85.07103 0.0 0.4
31.962857999999997 -85.08153 0.0 0.4
31.953058 -85.08422999999999 0.0 0.4
31.942659 -85.08032999999999 0.0 0.4
31.935159 -85.08722999999999 0.0 0.4
31.927459 -85.09463 0.0 0.4
31.919659 -85.10103 0.0 0.4
31.913959 -85.109731 0.0 0.4
31.903859999999998 -85.11003 0.0 0.4
31.89386 -85.113131 0.0 0.4
31.89276 -85.123931 0.0 0.4
31.892159999999997 -85.134131 0.0 0.4
31.88246 -85.129331 0.0 0.4
31.871761 -85.13263099999999 0.0 0.4
31.862060999999997 -85.136231 0.0 0.4
31.851961 -85.138331 0.0 0.4
31.841561 -85.140931 0.0 0.4
31.831561999999998 -85.137231 0.0 0.4
31.821662 -85.133631 0.0 0.4
31.810561999999997 -85.132331 0.0 0.4
31.800376 -85.132514 0.0 0.4
31.790170999999997 -85.135323 0.0 0.4
31.782363 -85.141831 0.0 0.4
31.773902 -85.132899 0.0 0.4
31.767353999999997 -85.125327 0.0 0.4
31.757662999999997 -85.12903 0.0 0.4
31.748564 -85.12433 0.0 0.4
31.739064 -85.12102999999999 0.0 0.4
31.728863999999998 -85.12133 0.0 0.4
31.719564 -85.12513 0.0 0.4
31.709564999999998 -85.12683 0.0 0.4
31.699465 -85.12583 0.0 0.4
31.690465 -85.12083 0.0 0.4
31.680265 -85.11072999999999 0.0 0.4
31.672466 -85.103729 0.0 0.4
31.665066 -85.096829 0.0 0.4
31.657866 -85.087829 0.0 0.4
31.653366 -85.078329 0.0 0.4
31.645466 -85.084729 0.0 0.4
31.636567 -85.07982899999999 0.0 0.4
31.628967 -85.072929 0.0 0.4
31.623732999999998 -85.06440599999999 0.0 0.4
31.614732999999998 -85.05826599999999 0.0 0.4
31.604294 -85.056 0.0 0.4
31.594369999999998 -85.058028 0.0 0.4
31.583816 -85.05843999999999 0.0 0.4
31.573062 -85.05771899999999 0.0 0.4
31.56289 -85.053145 0.0 0.4
31.552194999999998 -85.048478 0.0 0.4
31.542495 -85.041361 0.0 0.4
31.532408 -85.044691 0.0 0.4
31.522446 -85.046055 0.0 0.4
31.512249999999998 -85.049279 0.0 0.4
31.503078 -85.054476 0.0 0.4
31.494063999999998 -85.060206 0.0 0.4
31.484993 -85.065046 0.0 0.4
31.474477999999998 -85.06905499999999 0.0 0.4
31.463506 -85.070685 0.0 0.4
31.453471999999998 -85.069268 0.0 0.4
31.442978999999998 -85.065955 0.0 0.4
31.432881 -85.065952 0.0 0.4
31.427791 -85.074664 0.0 0.4
31.417596999999997 -85.07637199999999 0.0 0.4
31.407300999999997 -85.07896799999999 0.0 0.4
31.396359999999998 -85.07864099999999 0.0 0.4
31.384539999999998 -85.082431 0.0 0.4
31.375192 -85.08681399999999 0.0 0.4
31.364576 -85.09216699999999 0.0 0.4
31.354428 -85.09098999999999 0.0 0.4
31.34415 -85.086835 0.0 0.4
31.334287999999997 -85.088989 0.0 0.4
31.323846 -85.083697 0.0 0.4
31.311223 -85.08740399999999 0.0 0.4
31.299218999999997 -85.089135 0.0 0.4
31.289687999999998 -85.09316 0.0 0.4
31.283385 -85.101463 0.0 0.4
31.280829999999998 -85.111865 0.0 0.4
31.270460999999997 -85.111824 0.0 0.4
31.260267 -85.11248499999999 0.0 0.4
31.250201999999998 -85.107475 0.0 0.4
31.240585999999997 -85.10369899999999 0.0 0.4
31.231323 -85.098452 0.0 0.4
31.220702 -85.09852099999999 0.0 0.4
31.210410999999997 -85.099137 0.0 0.4
31.203518 -85.106404 0.0 0.4
31.193437999999997 -85.107919 0.0 0.4
31.184734 -85.102052 0.0 0.4
31.172362999999997 -85.09933 0.0 0.4
31.161323 -85.093812 0.0 0.4
31.159561 -85.083928 0.0 0.4
31.154389 -85.075132 0.0 0.4
31.145611 -85.06719799999999 0.0 0.4
31.136585 -85.061685 0.0 0.4
31.127100000000002 -85.057637 0.0 0.4
31.119300000000003 -85.051366 0.0 0.4
31.112607999999998 -85.042523 0.0 0.4
31.105137 -85.035485 0.0 0.4
31.096162999999997 -85.029736 0.0 0.4
31.085945 -85.026519 0.0 0.4
31.075795999999997 -85.028566 0.0 0.4
31.067166999999998 -85.022713 0.0 0.4
31.058595999999998 -85.01744099999999 0.0 0.4
31.050887999999997 -85.01102399999999 0.0 0.4
31.040606999999998 -85.008842 0.0 0.4
31.029833 -85.00797299999999 0.0 0.4
31.019617 -85.004761 0.0 0.4
31.00901 -84.99993099999999 0.0 0.4
31.000684 -85.00573899999999 0.0 0.4
31.000681999999998 -85.015746 0.0 0.4
31.000677 -85.025949 0.0 0.4
31.000598 -85.038626 0.0 0.4
31.000584999999997 -85.04875899999999 0.0 0.4
31.000563999999997 -85.058861 0.0 0.4
31.000643 -85.069097 0.0 0.4
31.000778999999998 -85.082415 0.0 0.4
31.000767 -85.092765 0.0 0.4
31.000764999999998 -85.10297 0.0 0.4
31.000787 -85.113396 0.0 0.4
31.000776 -85.124113 0.0 0.4
31.000743 -85.137063 0.0 0.4
31.000764999999998 -85.14809799999999 0.0 0.4
31.000943 -85.16259699999999 0.0 0.4
31.000937999999998 -85.17432699999999 0.0 0.4
31.000904 -85.185966 0.0 0.4
31.000839 -85.200617 0.0 0.4
31.00079 -85.21118 0.0 0.4
31.000873 -85.225201 0.0 0.4
31.000884 -85.238005 0.0 0.4
31.000736 -85.24985 0.0 0.4
31.000418999999997 -85.262811 0.0 0.4
31.000183999999997 -85.273609 0.0 0.4
30.999965 -85.288142 0.0 0.4
30.999764 -85.300367 0.0 0.4
30.999608 -85.310402 0.0 0.4
30.999437999999998 -85.321928 0.0 0.4
30.999267999999997 -85.333711 0.0 0.4
30.999069 -85.34672599999999 0.0 0.4
30.998797 -85.364746 0.0 0.4
30.998773999999997 -85.374932 0.0 0.4
30.99852 -85.389811 0.0 0.4
30.998289999999997 -85.40343899999999 0.0 0.4
30.998106 -85.41356499999999 0.0 0.4
30.997842 -85.432574 0.0 0.4
30.997684999999997 -85.44409499999999 0.0 0.4
30.997521 -85.45618499999999 0.0 0.4
30.997374999999998 -85.466991 0.0 0.4
30.997206 -85.478068 0.0 0.4
30.997063999999998 -85.488298 0.0 0.4
30.996895 -85.499932 0.0 0.4
30.996800999999998 -85.513154 0.0 0.4
30.996722 -85.524705 0.0 0.4
30.996527999999998 -85.53825499999999 0.0 0.4
30.996427999999998 -85.54878599999999 0.0 0.4
30.996295999999997 -85.56270099999999 0.0 0.4
30.996239 -85.57280999999999 0.0 0.4
30.996171999999998 -85.583398 0.0 0.4
30.996076 -85.598584 0.0 0.4
30.995994 -85.61403299999999 0.0 0.4
30.995922999999998 -85.624933 0.0 0.4
30.995855 -85.636938 0.0 0.4
30.995797999999997 -85.647094 0.0 0.4
30.995728 -85.659818 0.0 0.4
30.995649 -85.670971 0.0 0.4
30.99561 -85.681191 0.0 0.4
30.995573 -85.69214 0.0 0.4
30.995457 -85.714505 0.0 0.4
30.995417999999997 -85.72452299999999 0.0 0.4
30.995343 -85.73919699999999 0.0 0.4
30.995292 -85.749619 0.0 0.4
30.994747999999998 -85.759872 0.0 0.4
30.994633999999998 -85.772672 0.0 0.4
30.994384 -85.801075 0.0 0.4
30.994270999999998 -85.81362299999999 0.0 0.4
30.994138999999997 -85.82879299999999 0.0 0.4
30.994045999999997 -85.839986 0.0 0.4
30.993897999999998 -85.856589 0.0 0.4
30.993778 -85.870396 0.0 0.4
30.993568 -85.88114399999999 0.0 0.4
30.993467 -85.893473 0.0 0.4
30.993419999999997 -85.906042 0.0 0.4
30.993343999999997 -85.917772 0.0 0.4
30.993259 -85.931294 0.0 0.4
30.993184 -85.942837 0.0 0.4
30.993088999999998 -85.958131 0.0 0.4
30.992998999999998 -85.977293 0.0 0.4
30.992877 -85.99728999999999 0.0 0.4
30.993219999999997 -86.015666 0.0 0.4
30.993305999999997 -86.032296 0.0 0.4
30.993349 -86.052345 0.0 0.4
30.99286 -86.062424 0.0 0.4
30.992880999999997 -86.07848899999999 0.0 0.4
30.992894 -86.091188 0.0 0.4
30.992901999999997 -86.102386 0.0 0.4
30.992911999999997 -86.11243499999999 0.0 0.4
30.993116999999998 -86.12494099999999 0.0 0.4
30.993437999999998 -86.145476 0.0 0.4
30.99356 -86.158153 0.0 0.4
30.993558999999998 -86.168403 0.0 0.4
30.993783999999998 -86.17889 0.0 0.4
30.994028 -86.190867 0.0 0.4
30.994069999999997 -86.206154 0.0 0.4
30.994090999999997 -86.21769599999999 0.0 0.4
30.994134 -86.22809099999999 0.0 0.4
30.99437 -86.23833499999999 0.0 0.4
30.994132999999998 -86.249944 0.0 0.4
30.993824999999998 -86.260271 0.0 0.4
30.993810999999997 -86.271193 0.0 0.4
30.993702 -86.288849 0.0 0.4
30.993789 -86.29909099999999 0.0 0.4
30.993999 -86.30912099999999 0.0 0.4
30.994214999999997 -86.322546 0.0 0.4
30.994301999999998 -86.334042 0.0 0.4
30.994384 -86.348398 0.0 0.4
30.994450999999998 -86.364766 0.0 0.4
30.994294999999997 -86.37896599999999 0.0 0.4
30.994425 -86.391956 0.0 0.4
30.994431 -86.40248799999999 0.0 0.4
30.994128999999997 -86.41265 0.0 0.4
30.994086999999997 -86.422737 0.0 0.4
30.993955 -86.438497 0.0 0.4
30.993790999999998 -86.45470399999999 0.0 0.4
30.993911999999998 -86.466408 0.0 0.4
30.993679 -86.47789 0.0 0.4
30.993574 -86.48859 0.0 0.4
30.993339 -86.49995 0.0 0.4
30.993703 -86.51284299999999 0.0 0.4
30.993436 -86.524464 0.0 0.4
30.993952999999998 -86.53563 0.0 0.4
30.99457 -86.54907999999999 0.0 0.4
30.995223 -86.563436 0.0 0.4
30.994974 -86.57425599999999 0.0 0.4
30.994953 -86.588906 0.0 0.4
30.994937999999998 -86.602386 0.0 0.4
30.994933 -86.615973 0.0 0.4
30.994858999999998 -86.627319 0.0 0.4
30.99477 -86.63934499999999 0.0 0.4
30.994836999999997 -86.65070999999999 0.0 0.4
30.994671999999998 -86.66514699999999 0.0 0.4
30.99469 -86.675541 0.0 0.4
30.994507 -86.688317 0.0 0.4
30.994636999999997 -86.70140099999999 0.0 0.4
30.99568 -86.712987 0.0 0.4
30.996568999999997 -86.723585 0.0 0.4
30.996555999999998 -86.736751 0.0 0.4
30.996396999999998 -86.749957 0.0 0.4
30.996790999999998 -86.76417 0.0 0.4
30.996889999999997 -86.775921 0.0 0.4
30.996999 -86.788259 0.0 0.4
30.997116 -86.80106699999999 0.0 0.4
30.997284999999998 -86.81902699999999 0.0 0.4
30.997397999999997 -86.830204 0.0 0.4
30.997443999999998 -86.840561 0.0 0.4
30.997511 -86.852165 0.0 0.4
30.99757 -86.86277199999999 0.0 0.4
30.997600000000002 -86.87456499999999 0.0 0.4
30.997621 -86.885897 0.0 0.4
30.997695999999998 -86.89914999999999 0.0 0.4
30.997638 -86.910851 0.0 0.4
30.997678999999998 -86.92279099999999 0.0 0.4
30.99784 -86.93779699999999 0.0 0.4
30.998044999999998 -86.953062 0.0 0.4
30.998216 -86.965687 0.0 0.4
30.99841 -86.97994399999999 0.0 0.4
30.998661 -86.998477 0.0 0.4
30.999323999999998 -87.009743 0.0 0.4
30.99936 -87.019858 0.0 0.4
30.99917 -87.02996 0.0 0.4
30.999537999999998 -87.04011899999999 0.0 0.4
30.999212999999997 -87.05066099999999 0.0 0.4
30.999191 -87.06406299999999 0.0 0.4
30.999183 -87.07597799999999 0.0 0.4
30.99926 -87.089619 0.0 0.4
30.999349 -87.1054 0.0 0.4
30.999412999999997 -87.11646999999999 0.0 0.4
30.998872 -87.126993 0.0 0.4
30.999532 -87.140755 0.0 0.4
30.999105999999998 -87.160789 0.0 0.4
30.998824 -87.17148999999999 0.0 0.4
30.998514 -87.18325999999999 0.0 0.4
30.998251999999997 -87.193398 0.0 0.4
30.997833 -87.205497 0.0 0.4
30.997396 -87.21817899999999 0.0 0.4
30.996816 -87.22954 0.0 0.4
30.99657 -87.239673 0.0 0.4
30.997752 -87.249927 0.0 0.4
30.997808 -87.26000499999999 0.0 0.4
30.998302 -87.276274 0.0 0.4
30.998343 -87.28863799999999 0.0 0.4
30.998416 -87.299362 0.0 0.4
30.998355 -87.309489 0.0 0.4
30.997836 -87.31960099999999 0.0 0.4
30.997843 -87.33157 0.0 0.4
30.998271 -87.343965 0.0 0.4
30.997864999999997 -87.355451 0.0 0.4
30.997911 -87.366153 0.0 0.4
30.997987 -87.38080099999999 0.0 0.4
30.998013999999998 -87.391688 0.0 0.4
30.998036 -87.401924 0.0 0.4
30.998065999999998 -87.41507399999999 0.0 0.4
30.997740999999998 -87.42561599999999 0.0 0.4
30.997849 -87.43566299999999 0.0 0.4
30.997873 -87.446531 0.0 0.4
30.997894 -87.458109 0.0 0.4
30.997861 -87.46981199999999 0.0 0.4
30.997971999999997 -87.479866 0.0 0.4
30.99798 -87.490009 0.0 0.4
30.997647999999998 -87.505192 0.0 0.4
30.997584999999997 -87.515565 0.0 0.4
30.997674 -87.527102 0.0 0.4
30.997835 -87.54081 0.0 0.4
30.997598999999997 -87.55095399999999 0.0 0.4
30.997550999999998 -87.56294299999999 0.0 0.4
30.997605999999998 -87.581094 0.0 0.4
30.997481999999998 -87.593082 0.0 0.4
30.987229 -87.596504 0.0 0.4
30.977740999999998 -87.59320000000001 0.0 0.4
30.967968 -87.590363 0.0 0.4
30.957842 -87.590513 0.0 0.4
30.948352999999997 -87.59390499999999 0.0 0.4
30.938968 -87.597916 0.0 0.4
30.930616999999998 -87.603681 0.0 0.4
30.920735999999998 -87.608302 0.0 0.4
30.910943999999997 -87.612284 0.0 0.4
30.901283999999997 -87.615972 0.0 0.4
30.892481 -87.621746 0.0 0.4
30.883311 -87.625982 0.0 0.4
30.874554 -87.631002 0.0 0.4
30.864793 -87.633754 0.0 0.4
30.857661999999998 -87.626238 0.0 0.4
30.847303999999998 -87.626679 0.0 0.4
30.841106 -87.61882299999999 0.0 0.4
30.833394 -87.612312 0.0 0.4
30.829375 -87.602935 0.0 0.4
30.819747999999997 -87.598653 0.0 0.4
30.815220999999998 -87.58928399999999 0.0 0.4
30.811185 -87.580123 0.0 0.4
30.802875999999998 -87.573499 0.0 0.4
30.796809 -87.565524 0.0 0.4
30.79019 -87.557951 0.0 0.4
30.782802999999998 -87.55118 0.0 0.4
30.773647999999998 -87.54548899999999 0.0 0.4
30.765093 -87.540281 0.0 0.4
30.756304999999998 -87.535206 0.0 0.4
30.746467 -87.53253 0.0 0.4
30.739212 -87.525441 0.0 0.4
30.734168999999998 -87.516784 0.0 0.4
30.728085 -87.508792 0.0 0.4
30.721092 -87.501502 0.0 0.4
30.719178 -87.49161199999999 0.0 0.4
30.717214 -87.4817 0.0 0.4
30.709259999999997 -87.47547 0.0 0.4
30.702184 -87.468104 0.0 0.4
30.698078 -87.458916 0.0 0.4
30.698172999999997 -87.44891299999999 0.0 0.4
30.691374999999997 -87.44131 0.0 0.4
30.687647 -87.43169499999999 0.0 0.4
30.682384 -87.422697 0.0 0.4
30.677964 -87.413434 0.0 0.4
30.670911 -87.405879 0.0 0.4
30.66141 -87.402328 0.0 0.4
30.652652 -87.3966 0.0 0.4
30.64277 -87.395016 0.0 0.4
30.632659 -87.39555399999999 0.0 0.4
30.62248 -87.395215 0.0 0.4
30.611538 -87.396238 0.0 0.4
30.604547999999998 -87.403564 0.0 0.4
30.594963999999997 -87.407006 0.0 0.4
30.584376 -87.40829 0.0 0.4
30.574879 -87.411822 0.0 0.4
30.565838 -87.416828 0.0 0.4
30.560311 -87.425359 0.0 0.4
30.55119 -87.43039 0.0 0.4
30.542658999999997 -87.435679 0.0 0.4
30.533061 -87.440255 0.0 0.4
30.526607 -87.44798 0.0 0.4
30.516406999999997 -87.44717299999999 0.0 0.4
30.506781999999998 -87.44322 0.0 0.4
30.500536 -87.43464999999999 0.0 0.4
30.491096 -87.430578 0.0 0.4
30.481887999999998 -87.434794 0.0 0.4
30.472814999999997 -87.430178 0.0 0.4
30.464661999999997 -87.423996 0.0 0.4
30.458195999999997 -87.415677 0.0 0.4
30.454897 -87.406177 0.0 0.4
30.450597 -87.39711 0.0 0.4
30.450397 -87.386905 0.0 0.4
30.448997 -87.37667599999999 0.0 0.4
30.440479999999997 -87.366939 0.0 0.4
30.43049 -87.371169 0.0 0.4
30.424297 -87.380076 0.0 0.4
30.419697 -87.389076 0.0 0.4
30.415498 -87.398476 0.0 0.4
30.409198 -87.406477 0.0 0.4
30.409698 -87.41667699999999 0.0 0.4
30.408797999999997 -87.426777 0.0 0.4
30.400398 -87.43297799999999 0.0 0.4
30.392798 -87.439878 0.0 0.4
30.382098 -87.438678 0.0 0.4
30.373699 -87.44497799999999 0.0 0.4
30.365899 -87.45177799999999 0.0 0.4
30.355898999999997 -87.451578 0.0 0.4
30.345599 -87.451078 0.0 0.4
30.3384 -87.458078 0.0 0.4
30.332900000000002 -87.467079 0.0 0.4
30.331300000000002 -87.477479 0.0 0.4
30.331000000000003 -87.487479 0.0 0.4
30.329500000000003 -87.49817999999999 0.0 0.4
30.319395999999998 -87.505943 0.0 0.4
30.308901 -87.50468 0.0 0.4
30.305100999999997 -87.495179 0.0 0.4
30.305000999999997 -87.485179 0.0 0.4
30.308 -87.475279 0.0 0.4
30.3076 -87.46507799999999 0.0 0.4
30.3103 -87.454978 0.0 0.4
30.300200999999998 -87.452378 0.0 0.4
30.289772 -87.49274 0.0 0.4
30.287501 -87.50368 0.0 0.4
30.284701 -87.51458 0.0 0.4
30.267657999999997 -87.51838099999999 0.0 0.4
30.253300999999997 -87.518446 0.0 0.4
30.240119 -87.51840399999999 0.0 0.4
30.229505999999997 -87.518346 0.0 0.4
30.219341999999997 -87.56704099999999 0.0 0.4
30.21183 -87.599541 0.0 0.4
30.205949 -87.62498099999999 0.0 0.4
30.199211 -87.647824 0.0 0.4
30.198179 -87.660348 0.0 0.4
30.196433 -87.681539 0.0 0.4
30.194809 -87.69421 0.0 0.4
30.19176 -87.718002 0.0 0.4
30.187469999999998 -87.74437999999999 0.0 0.4
30.182879999999997 -87.771293 0.0 0.4
30.178905999999998 -87.797196 0.0 0.4
30.177377999999997 -87.807153 0.0 0.4
30.177068 -87.831673 0.0 0.4
30.177193 -87.874991 0.0 0.4
30.179561 -87.92575599999999 0.0 0.4
30.178342999999998 -87.955653 0.0 0.4
30.176738 -87.97170899999999 0.0 0.4
30.176873999999998 -87.983766 0.0 0.4
30.176146 -87.993755 0.0 0.4
30.173416999999997 -88.003618 0.0 0.4
30.164171999999997 -88.00979699999999 0.0 0.4
30.155600999999997 -88.020247 0.0 0.4
30.146693 -88.036729 0.0 0.4
30.144440999999997 -88.057092 0.0 0.4
30.146012 -88.069189 0.0 0.4
30.149562 -88.08034699999999 0.0 0.4
30.154515999999997 -88.09022 0.0 0.4
30.162087999999997 -88.09911 0.0 0.4
30.166974 -88.109178 0.0 0.4
30.169618 -88.121622 0.0 0.4
30.173620999999997 -88.13161 0.0 0.4
30.180228999999997 -88.141155 0.0 0.4
30.187039 -88.149191 0.0 0.4
30.194377 -88.157631 0.0 0.4
30.19943 -88.16748899999999 0.0 0.4
30.19745 -88.184979 0.0 0.4
30.195209 -88.199078 0.0 0.4
30.193611999999998 -88.210003 0.0 0.4
30.188371999999998 -88.234364 0.0 0.4
30.184644 -88.250002 0.0 0.4
30.181704 -88.266593 0.0 0.4
30.180070999999998 -88.27793899999999 0.0 0.4
30.178835 -88.291192 0.0 0.4
30.177961999999997 -88.303023 0.0 0.4
30.178945 -88.31931999999999 0.0 0.4
30.182295999999997 -88.331307 0.0 0.4
30.187818 -88.34378099999999 0.0 0.4
30.180901 -88.353814 0.0 0.4
30.170405 -88.364753 0.0 0.4
30.163946 -88.375006 0.0 0.4
30.158542999999998 -88.38443099999999 0.0 0.4
30.182243 -88.385779 0.0 0.4
30.198254 -88.386516 0.0 0.4
30.210915 -88.387098 0.0 0.4
30.2235 -88.38766199999999 0.0 0.4
30.250200999999997 -88.388859 0.0 0.4
30.269531999999998 -88.38987999999999 0.0 0.4
30.312331999999998 -88.39214299999999 0.0 0.4
30.335873999999997 -88.39327 0.0 0.4
30.349515 -88.393991 0.0 0.4
30.361361 -88.394626 0.0 0.4
30.375199 -88.39536 0.0 0.4
30.385391 -88.395893 0.0 0.4
30.399932 -88.396665 0.0 0.4
30.419774999999998 -88.397722 0.0 0.4
30.435474 -88.398572 0.0 0.4
30.458216 -88.39960599999999 0.0 0.4
30.470177 -88.400229 0.0 0.4
30.483020999999997 -88.40088399999999 0.0 0.4
30.500197 -88.40154299999999 0.0 0.4
30.510759 -88.402278 0.0 0.4
30.520792 -88.40275799999999 0.0 0.4
30.531633 -88.40342799999999 0.0 0.4
30.541992999999998 -88.403593 0.0 0.4
30.552314 -88.40479599999999 0.0 0.4
30.56241 -88.405498 0.0 0.4
30.573394999999998 -88.40513 0.0 0.4
30.583551999999997 -88.405542 0.0 0.4
30.594499 -88.406437 0.0 0.4
30.607198 -88.40704199999999 0.0 0.4
30.617752999999997 -88.40709299999999 0.0 0.4
30.628726 -88.407491 0.0 0.4
30.639212999999998 -88.408165 0.0 0.4
30.649411999999998 -88.408647 0.0 0.4
30.659868999999997 -88.408875 0.0 0.4
30.670196999999998 -88.409522 0.0 0.4
30.680671999999998 -88.409943 0.0 0.4
30.691122999999997 -88.410404 0.0 0.4
30.701269 -88.410861 0.0 0.4
30.712702999999998 -88.411542 0.0 0.4
30.722701999999998 -88.411726 0.0 0.4
30.735118999999997 -88.41256899999999 0.0 0.4
30.745161999999997 -88.413006 0.0 0.4
30.755176 -88.41335199999999 0.0 0.4
30.768639 -88.413957 0.0 0.4
30.779460999999998 -88.41452799999999 0.0 0.4
30.790091 -88.415031 0.0 0.4
30.801482 -88.415568 0.0 0.4
30.822219999999998 -88.416547 0.0 0.4
30.833098 -88.41705999999999 0.0 0.4
30.845803 -88.41762299999999 0.0 0.4
30.855876 -88.41813499999999 0.0 0.4
30.866546999999997 -88.418632 0.0 0.4
30.881210999999997 -88.419867 0.0 0.4
30.892346999999997 -88.42042599999999 0.0 0.4
30.902554 -88.42094399999999 0.0 0.4
30.915609999999997 -88.42160799999999 0.0 0.4
30.925957999999998 -88.422134 0.0 0.4
30.936911 -88.422692 0.0 0.4
30.947311 -88.423221 0.0 0.4
30.958747 -88.42380399999999 0.0 0.4
30.971376999999997 -88.42421499999999 0.0 0.4
30.981923 -88.424847 0.0 0.4
30.994180999999998 -88.425277 0.0 0.4
31.013923 -88.426546 0.0 0.4
31.032671999999998 -88.427492 0.0 0.4
31.048541999999998 -88.42839599999999 0.0 0.4
31.060432 -88.42927499999999 0.0 0.4
31.070513 -88.429864 0.0 0.4
31.084913 -88.430492 0.0 0.4
31.100274 -88.43133 0.0 0.4
31.114297999999998 -88.432007 0.0 0.4
31.1246 -88.432525 0.0 0.4
31.137067 -88.433151 0.0 0.4
31.151211 -88.43408 0.0 0.4
31.161588 -88.434446 0.0 0.4
31.171650999999997 -88.43485299999999 0.0 0.4
31.184963999999997 -88.435581 0.0 0.4
31.195265 -88.43619 0.0 0.4
31.206052 -88.436863 0.0 0.4
31.219428999999998 -88.437534 0.0 0.4
31.229808 -88.438006 0.0 0.4
31.241077999999998 -88.438667 0.0 0.4
31.252651 -88.43878099999999 0.0 0.4
31.263776999999997 -88.439718 0.0 0.4
31.278554999999997 -88.440585 0.0 0.4
31.289983999999997 -88.44128099999999 0.0 0.4
31.300561 -88.441912 0.0 0.4
31.312614999999997 -88.442634 0.0 0.4
31.327562999999998 -88.44350399999999 0.0 0.4
31.339298 -88.444197 0.0 0.4
31.349296 -88.444791 0.0 0.4
31.361853 -88.445584 0.0 0.4
31.372891 -88.44627 0.0 0.4
31.383329999999997 -88.446871 0.0 0.4
31.394022 -88.44738799999999 0.0 0.4
31.411752 -88.448229 0.0 0.4
31.426036 -88.44892999999999 0.0 0.4
31.437475 -88.44955 0.0 0.4
31.44858 -88.450312 0.0 0.4
31.459425999999997 -88.451044 0.0 0.4
31.472884999999998 -88.4513 0.0 0.4
31.493060999999997 -88.45250899999999 0.0 0.4
31.505388 -88.45317899999999 0.0 0.4
31.515964999999998 -88.45364 0.0 0.4
31.528214 -88.454365 0.0 0.4
31.538712 -88.45499 0.0 0.4
31.549961999999997 -88.455614 0.0 0.4
31.562466999999998 -88.45628099999999 0.0 0.4
31.574427999999997 -88.456921 0.0 0.4
31.589589 -88.457729 0.0 0.4
31.610984 -88.458868 0.0 0.4
31.621689 -88.45970899999999 0.0 0.4
31.636048 -88.460661 0.0 0.4
31.647951 -88.461314 0.0 0.4
31.659309999999998 -88.462003 0.0 0.4
31.669404 -88.462638 0.0 0.4
31.683124999999997 -88.463487 0.0 0.4
31.697926 -88.464428 0.0 0.4
31.709013 -88.46498 0.0 0.4
31.720136999999998 -88.465086 0.0 0.4
31.73352 -88.46570799999999 0.0 0.4
31.745905999999998 -88.466374 0.0 0.4
31.756382 -88.466939 0.0 0.4
31.767602 -88.46750399999999 0.0 0.4
31.778008999999997 -88.468076 0.0 0.4
31.788344 -88.468553 0.0 0.4
31.800224999999998 -88.46903499999999 0.0 0.4
31.810595 -88.469433 0.0 0.4
31.822974 -88.469921 0.0 0.4
31.833437999999997 -88.470422 0.0 0.4
31.846421 -88.470934 0.0 0.4
31.857552 -88.47154599999999 0.0 0.4
31.869324 -88.472312 0.0 0.4
31.882167 -88.472903 0.0 0.4
31.893009 -88.473197 0.0 0.4
31.904477 -88.47213099999999 0.0 0.4
31.917524999999998 -88.470529 0.0 0.4
31.928416 -88.46911899999999 0.0 0.4
31.938727999999998 -88.467902 0.0 0.4
31.949343 -88.466635 0.0 0.4
31.960001 -88.46528099999999 0.0 0.4
31.972903 -88.46360299999999 0.0 0.4
31.985649 -88.46193799999999 0.0 0.4
31.996699 -88.46052399999999 0.0 0.4
32.006797 -88.45928599999999 0.0 0.4
32.01828 -88.45788399999999 0.0 0.4
32.028952 -88.456587 0.0 0.4
32.039183 -88.45513299999999 0.0 0.4
32.049273 -88.45387699999999 0.0 0.4
32.0645 -88.451931 0.0 0.4
32.083495 -88.4495 0.0 0.4
32.093813 -88.448167 0.0 0.4
32.104020999999996 -88.44689 0.0 0.4
32.113948 -88.445658 0.0 0.4
32.125146 -88.444307 0.0 0.4
32.135492 -88.44304699999999 0.0 0.4
32.146406999999996 -88.44169 0.0 0.4
32.158044 -88.440241 0.0 0.4
32.168746 -88.438952 0.0 0.4
32.179432 -88.437679 0.0 0.4
32.19196 -88.435908 0.0 0.4
32.20223 -88.434578 0.0 0.4
32.214417 -88.43304599999999 0.0 0.4
32.224354 -88.43179599999999 0.0 0.4
32.234383 -88.43053599999999 0.0 0.4
32.248982 -88.428444 0.0 0.4
32.266099 -88.426442 0.0 0.4
32.276393 -88.425237 0.0 0.4
32.288553 -88.423812 0.0 0.4
32.299821 -88.422493 0.0 0.4
32.309753 -88.42132699999999 0.0 0.4
32.331700999999995 -88.418756 0.0 0.4
32.342971 -88.417442 0.0 0.4
32.357208 -88.415775 0.0 0.4
32.373922 -88.41381899999999 0.0 0.4
32.384592999999995 -88.411907 0.0 0.4
32.395511 -88.41045799999999 0.0 0.4
32.405742 -88.409122 0.0 0.4
32.416454 -88.407806 0.0 0.4
32.428655 -88.40630999999999 0.0 0.4
32.446284 -88.404144 0.0 0.4
32.457971 -88.40301099999999 0.0 0.4
32.468956 -88.401883 0.0 0.4
32.480089 -88.400589 0.0 0.4
32.491844 -88.399147 0.0 0.4
32.502342 -88.39786699999999 0.0 0.4
32.515727 -88.39627999999999 0.0 0.4
32.525979 -88.39499099999999 0.0 0.4
32.537082999999996 -88.393596 0.0 0.4
32.547247999999996 -88.392318 0.0 0.4
32.560268 -88.39076899999999 0.0 0.4
32.572223 -88.389421 0.0 0.4
32.582588 -88.388195 0.0 0.4
32.600487 -88.386028 0.0 0.4
32.613864 -88.38444 0.0 0.4
32.625135 -88.383254 0.0 0.4
32.637059 -88.38179799999999 0.0 0.4
32.652066999999995 -88.37997899999999 0.0 0.4
32.665253 -88.378461 0.0 0.4
32.675819 -88.377228 0.0 0.4
32.694777 -88.375022 0.0 0.4
32.709933 -88.373526 0.0 0.4
32.72846 -88.37097399999999 0.0 0.4
32.741490999999996 -88.36920099999999 0.0 0.4
32.752732 -88.368012 0.0 0.4
32.763455 -88.3668 0.0 0.4
32.777633 -88.365139 0.0 0.4
32.790290999999996 -88.36367899999999 0.0 0.4
32.801417 -88.362432 0.0 0.4
32.814814999999996 -88.36089799999999 0.0 0.4
32.830539 -88.359099 0.0 0.4
32.840664 -88.35794 0.0 0.4
32.867044 -88.35491999999999 0.0 0.4
32.889047 -88.352614 0.0 0.4
32.901942 -88.351061 0.0 0.4
32.920198 -88.348941 0.0 0.4
32.932738 -88.347454 0.0 0.4
32.94712 -88.34571 0.0 0.4
32.958231999999995 -88.344366 0.0 0.4
32.968303999999996 -88.343164 0.0 0.4
32.983427999999996 -88.341359 0.0 0.4
32.998044 -88.33981999999999 0.0 0.4
33.010044 -88.33845199999999 0.0 0.4
33.026361 -88.336507 0.0 0.4
33.045601 -88.334214 0.0 0.4
33.07249 -88.33100999999999 0.0 0.4
33.089888 -88.328839 0.0 0.4
33.103623999999996 -88.327122 0.0 0.4
33.120989 -88.32544299999999 0.0 0.4
33.133246 -88.324569 0.0 0.4
33.143063 -88.322476 0.0 0.4
33.160174999999995 -88.320172 0.0 0.4
33.176531 -88.318078 0.0 0.4
33.186484 -88.316901 0.0 0.4
33.198113 -88.31575 0.0 0.4
33.211428 -88.313991 0.0 0.4
33.225288 -88.31206499999999 0.0 0.4
33.236722 -88.310835 0.0 0.4
33.247003 -88.309569 0.0 0.4
33.257402 -88.30828 0.0 0.4
33.273359 -88.30629499999999 0.0 0.4
33.285798 -88.30474699999999 0.0 0.4
33.302211 -88.302759 0.0 0.4
33.316826 -88.30099299999999 0.0 0.4
33.32972 -88.299435 0.0 0.4
33.348622 -88.297116 0.0 0.4
33.358945 -88.295859 0.0 0.4
33.375121 -88.293953 0.0 0.4
33.386522 -88.29257299999999 0.0 0.4
33.399052999999995 -88.291063 0.0 0.4
33.410302 -88.289705 0.0 0.4
33.42694 -88.287695 0.0 0.4
33.437115999999996 -88.286467 0.0 0.4
33.450508 -88.28484999999999 0.0 0.4
33.462778 -88.283369 0.0 0.4
33.473236 -88.282106 0.0 0.4
33.484131 -88.280789 0.0 0.4
33.494115 -88.279585 0.0 0.4
33.50475 -88.278267 0.0 0.4
33.515178999999996 -88.277001 0.0 0.4
33.525532 -88.27567499999999 0.0 0.4
33.537861 -88.27414 0.0 0.4
33.553674 -88.27217 0.0 0.4
33.563963 -88.270898 0.0 0.4
33.575413999999995 -88.26935499999999 0.0 0.4
33.592028 -88.267167 0.0 0.4
33.602274 -88.266002 0.0 0.4
33.616285999999995 -88.264319 0.0 0.4
33.632024 -88.262439 0.0 0.4
33.647096999999995 -88.260578 0.0 0.4
33.65792 -88.259242 0.0 0.4
33.670839 -88.257831 0.0 0.4
33.682035 -88.25621799999999 0.0 0.4
33.69578 -88.254622 0.0 0.4
33.70738 -88.25352199999999 0.0 0.4
33.719586 -88.252254 0.0 0.4
33.732633 -88.250526 0.0 0.4
33.744228 -88.249015 0.0 0.4
33.754854 -88.24743099999999 0.0 0.4
33.766805 -88.245922 0.0 0.4
33.777733 -88.244614 0.0 0.4
33.78965 -88.243506 0.0 0.4
33.800498999999995 -88.24204499999999 0.0 0.4
33.810879 -88.240054 0.0 0.4
33.820941999999995 -88.23865699999999 0.0 0.4
33.841978999999995 -88.236103 0.0 0.4
33.85481 -88.23431599999999 0.0 0.4
33.866177 -88.232602 0.0 0.4
33.877972 -88.230993 0.0 0.4
33.889742 -88.22939099999999 0.0 0.4
33.900013 -88.228256 0.0 0.4
33.910702 -88.226649 0.0 0.4
33.924997 -88.224578 0.0 0.4
33.941475 -88.222679 0.0 0.4
33.953885 -88.22100499999999 0.0 0.4
33.963803 -88.2196 0.0 0.4
33.974525 -88.218088 0.0 0.4
33.984669 -88.21678899999999 0.0 0.4
33.99776 -88.215051 0.0 0.4
34.00768 -88.21369899999999 0.0 0.4
34.0184 -88.212226 0.0 0.4
34.0292 -88.210741 0.0 0.4
34.041722 -88.20920199999999 0.0 0.4
34.052825999999996 -88.207883 0.0 0.4
34.063427 -88.206622 0.0 0.4
34.073727999999996 -88.20539199999999 0.0 0.4
34.086493 -88.203873 0.0 0.4
34.09778 -88.202501 0.0 0.4
34.111672 -88.200718 0.0 0.4
34.125119999999995 -88.19894599999999 0.0 0.4
34.14001 -88.196923 0.0 0.4
34.15412 -88.195008 0.0 0.4
34.172467999999995 -88.19252 0.0 0.4
34.18817 -88.19087999999999 0.0 0.4
34.200668 -88.18846599999999 0.0 0.4
34.21062 -88.187305 0.0 0.4
34.220952 -88.186667 0.0 0.4
34.24837 -88.183094 0.0 0.4
34.263995 -88.180937 0.0 0.4
34.274136 -88.179631 0.0 0.4
34.289355 -88.177663 0.0 0.4
34.299279 -88.176251 0.0 0.4
34.314853 -88.174426 0.0 0.4
34.32833 -88.1727 0.0 0.4
34.339891 -88.171218 0.0 0.4
34.355793999999996 -88.169179 0.0 0.4
34.372015 -88.16712299999999 0.0 0.4
34.382037 -88.165797 0.0 0.4
34.394351 -88.164456 0.0 0.4
34.404965 -88.163133 0.0 0.4
34.415144999999995 -88.161962 0.0 0.4
34.427309 -88.160512 0.0 0.4
34.438392 -88.159183 0.0 0.4
34.449327 -88.157898 0.0 0.4
34.459275999999996 -88.15673799999999 0.0 0.4
34.469844 -88.155408 0.0 0.4
34.487344 -88.15307299999999 0.0 0.4
34.500096 -88.151437 0.0 0.4
34.51106 -88.149885 0.0 0.4
34.521663 -88.148384 0.0 0.4
34.536978 -88.146215 0.0 0.4
34.547167 -88.144804 0.0 0.4
34.557572 -88.143405 0.0 0.4
34.571608 -88.141385 0.0 0.4
34.581703 -88.139988 0.0 0.4
