36.102128 -94.552172 0.0 0.4
36.11286 -94.554159 0.0 0.4
36.123318999999995 -94.556012 0.0 0.4
36.138411999999995 -94.558594 0.0 0.4
36.151323999999995 -94.56079199999999 0.0 0.4
36.161893 -94.562727 0.0 0.4
36.174695 -94.564985 0.0 0.4
36.186447 -94.567042 0.0 0.4
36.196498999999996 -94.568775 0.0 0.4
36.210901 -94.571252 0.0 0.4
36.22145 -94.573032 0.0 0.4
36.233070999999995 -94.574963 0.0 0.4
36.245272 -94.57700899999999 0.0 0.4
36.255241 -94.578661 0.0 0.4
36.265903 -94.58057199999999 0.0 0.4
36.275943999999996 -94.58215899999999 0.0 0.4
36.288741 -94.584231 0.0 0.4
36.298773 -94.585945 0.0 0.4
36.309841 -94.587744 0.0 0.4
36.32465 -94.59010099999999 0.0 0.4
36.334613 -94.59164799999999 0.0 0.4
36.344646 -94.59323099999999 0.0 0.4
36.354901 -94.59481699999999 0.0 0.4
36.365421 -94.596347 0.0 0.4
36.376261 -94.598096 0.0 0.4
36.386624 -94.59970899999999 0.0 0.4
36.402111 -94.60217 0.0 0.4
36.412293999999996 -94.603876 0.0 0.4
36.422241 -94.60558999999999 0.0 0.4
36.436673 -94.607891 0.0 0.4
36.448843 -94.609814 0.0 0.4
36.460409 -94.61162999999999 0.0 0.4
36.471982 -94.613436 0.0 0.4
36.485183 -94.615544 0.0 0.4
36.498461 -94.617696 0.0 0.4
36.49949 -94.607407 0.0 0.4
36.499486 -94.59683 0.0 0.4
36.499496 -94.55931 0.0 0.4
36.499387999999996 -94.549172 0.0 0.4
36.499345 -94.537443 0.0 0.4
36.499297999999996 -94.527391 0.0 0.4
36.49919 -94.516407 0.0 0.4
36.499106999999995 -94.50607199999999 0.0 0.4
36.498988 -94.494276 0.0 0.4
36.499046 -94.48297 0.0 0.4
36.499264 -94.472143 0.0 0.4
36.499342999999996 -94.460408 0.0 0.4
36.499424 -94.44805199999999 0.0 0.4
36.499337 -94.436469 0.0 0.4
36.49943 -94.423225 0.0 0.4
36.499446999999996 -94.41243399999999 0.0 0.4
36.499561 -94.40194699999999 0.0 0.4
36.499404 -94.389271 0.0 0.4
36.499541 -94.37917499999999 0.0 0.4
36.499607999999995 -94.36861999999999 0.0 0.4
36.499749 -94.35485399999999 0.0 0.4
36.499502 -94.343847 0.0 0.4
36.499466999999996 -94.33384199999999 0.0 0.4
36.499393999999995 -94.31708499999999 0.0 0.4
36.499356 -94.307058 0.0 0.4
36.499307 -94.294108 0.0 0.4
36.499275 -94.280087 0.0 0.4
36.499184 -94.269745 0.0 0.4
36.499344 -94.259219 0.0 0.4
36.499246 -94.249194 0.0 0.4
36.499128999999996 -94.236508 0.0 0.4
36.499021 -94.22319 0.0 0.4
36.498944 -94.21123399999999 0.0 0.4
36.498858999999996 -94.196426 0.0 0.4
36.498804 -94.184204 0.0 0.4
36.498784 -94.174008 0.0 0.4
36.498714 -94.15610699999999 0.0 0.4
36.498671 -94.145304 0.0 0.4
36.498689999999996 -94.125204 0.0 0.4
36.498633999999996 -94.11448 0.0 0.4
36.498694 -94.10368799999999 0.0 0.4
36.498664999999995 -94.091782 0.0 0.4
36.498664 -94.07816799999999 0.0 0.4
36.498692999999996 -94.06796399999999 0.0 0.4
36.498733 -94.044347 0.0 0.4
36.49878 -94.032127 0.0 0.4
36.498821 -94.01432299999999 0.0 0.4
36.498821 -94.002691 0.0 0.4
36.498819999999995 -93.989509 0.0 0.4
36.498818 -93.979046 0.0 0.4
36.498843 -93.96714899999999 0.0 0.4
36.498895 -93.952973 0.0 0.4
36.498940999999995 -93.93585499999999 0.0 0.4
36.498943 -93.92445699999999 0.0 0.4
36.498934999999996 -93.913851 0.0 0.4
36.498906 -93.90190799999999 0.0 0.4
36.499083 -93.881952 0.0 0.4
36.499086999999996 -93.87034 0.0 0.4
36.498761 -93.85964 0.0 0.4
36.498805 -93.84743 0.0 0.4
36.498846 -93.836023 0.0 0.4
36.498903999999996 -93.820409 0.0 0.4
36.498977 -93.80127399999999 0.0 0.4
36.498979999999996 -93.789861 0.0 0.4
36.498967 -93.77390299999999 0.0 0.4
36.498965 -93.759484 0.0 0.4
36.499106 -93.74839 0.0 0.4
36.499176999999996 -93.73691099999999 0.0 0.4
36.499221 -93.725899 0.0 0.4
36.499219 -93.71493699999999 0.0 0.4
36.499159999999996 -93.703087 0.0 0.4
36.499131 -93.69142199999999 0.0 0.4
36.499125 -93.679901 0.0 0.4
36.499122 -93.661148 0.0 0.4
36.499103 -93.648282 0.0 0.4
36.499079 -93.637996 0.0 0.4
36.499075 -93.627246 0.0 0.4
36.499108 -93.616822 0.0 0.4
36.499137999999995 -93.60195 0.0 0.4
36.499167 -93.584262 0.0 0.4
36.499190999999996 -93.573647 0.0 0.4
36.499234 -93.560014 0.0 0.4
36.499293 -93.54945 0.0 0.4
36.499244 -93.534324 0.0 0.4
36.499221999999996 -93.520871 0.0 0.4
36.499176999999996 -93.509222 0.0 0.4
36.498993999999996 -93.49574199999999 0.0 0.4
36.49894 -93.483154 0.0 0.4
36.498881 -93.464259 0.0 0.4
36.498854 -93.452344 0.0 0.4
36.498841999999996 -93.43956999999999 0.0 0.4
36.498864 -93.42918499999999 0.0 0.4
36.498852 -93.41854099999999 0.0 0.4
36.498774 -93.404945 0.0 0.4
36.498712 -93.39488 0.0 0.4
36.49854 -93.384272 0.0 0.4
36.498512999999996 -93.36822599999999 0.0 0.4
36.498450999999996 -93.35162 0.0 0.4
36.498449 -93.340829 0.0 0.4
36.498447999999996 -93.329802 0.0 0.4
36.49845 -93.319676 0.0 0.4
36.498439 -93.309407 0.0 0.4
36.498435 -93.29760499999999 0.0 0.4
36.498422999999995 -93.28294799999999 0.0 0.4
36.498397 -93.271051 0.0 0.4
36.49831 -93.24764599999999 0.0 0.4
36.498245 -93.236616 0.0 0.4
36.498155 -93.223356 0.0 0.4
36.498103 -93.210546 0.0 0.4
36.49799 -93.192448 0.0 0.4
36.49796 -93.180386 0.0 0.4
36.497963 -93.16905899999999 0.0 0.4
36.497929 -93.156556 0.0 0.4
36.497890999999996 -93.14618 0.0 0.4
36.497938 -93.125975 0.0 0.4
36.498078 -93.107417 0.0 0.4
36.498107 -93.09697 0.0 0.4
36.49803 -93.08657699999999 0.0 0.4
36.498065 -93.07654199999999 0.0 0.4
36.498219 -93.06582 0.0 0.4
36.498242 -93.03639199999999 0.0 0.4
36.498193 -93.0175 0.0 0.4
36.498087999999996 -92.99766799999999 0.0 0.4
36.498011 -92.984225 0.0 0.4
36.497952999999995 -92.970368 0.0 0.4
36.497916 -92.945056 0.0 0.4
36.497907 -92.934586 0.0 0.4
36.497882 -92.91641899999999 0.0 0.4
36.497887 -92.895015 0.0 0.4
36.497893 -92.88499 0.0 0.4
36.497845999999996 -92.872027 0.0 0.4
36.497862 -92.86100599999999 0.0 0.4
36.497865 -92.84985999999999 0.0 0.4
36.497867 -92.83900299999999 0.0 0.4
36.497856 -92.82737999999999 0.0 0.4
36.497848 -92.815781 0.0 0.4
36.497859999999996 -92.804205 0.0 0.4
36.497856999999996 -92.79374299999999 0.0 0.4
36.497847 -92.781356 0.0 0.4
36.497868 -92.764932 0.0 0.4
36.497845 -92.75470399999999 0.0 0.4
36.497855 -92.739544 0.0 0.4
36.497875 -92.726749 0.0 0.4
36.497941 -92.71316499999999 0.0 0.4
36.497977999999996 -92.69931 0.0 0.4
36.498003 -92.68727 0.0 0.4
36.49803 -92.672055 0.0 0.4
36.498067999999996 -92.661273 0.0 0.4
36.498125 -92.64858199999999 0.0 0.4
36.498177999999996 -92.638579 0.0 0.4
36.498146 -92.62325 0.0 0.4
36.498157 -92.61213099999999 0.0 0.4
36.498191 -92.601822 0.0 0.4
36.498256999999995 -92.57619299999999 0.0 0.4
36.498241 -92.564223 0.0 0.4
36.498424 -92.55032899999999 0.0 0.4
36.498526 -92.529129 0.0 0.4
36.498604 -92.515385 0.0 0.4
36.498609 -92.504109 0.0 0.4
36.498675 -92.49251 0.0 0.4
36.498712999999995 -92.482162 0.0 0.4
36.498762 -92.470416 0.0 0.4
36.498653999999995 -92.457121 0.0 0.4
36.498534 -92.447064 0.0 0.4
36.498332999999995 -92.43520099999999 0.0 0.4
36.498000000000005 -92.42357899999999 0.0 0.4
36.497898 -92.41252999999999 0.0 0.4
36.497875 -92.400797 0.0 0.4
36.497848 -92.387093 0.0 0.4
36.497302 -92.374737 0.0 0.4
36.497355 -92.36107799999999 0.0 0.4
36.497645999999996 -92.350213 0.0 0.4
36.497585 -92.33712299999999 0.0 0.4
36.497622 -92.325014 0.0 0.4
36.497647 -92.313908 0.0 0.4
36.49771 -92.303255 0.0 0.4
36.497793 -92.290258 0.0 0.4
36.497988 -92.27849599999999 0.0 0.4
36.498053999999996 -92.265727 0.0 0.4
36.498097 -92.255133 0.0 0.4
36.498205999999996 -92.237481 0.0 0.4
36.498298 -92.22511999999999 0.0 0.4
36.49834 -92.2144 0.0 0.4
36.498345 -92.20360099999999 0.0 0.4
36.498408 -92.187163 0.0 0.4
36.498539 -92.176226 0.0 0.4
36.498594 -92.165911 0.0 0.4
36.498661 -92.150285 0.0 0.4
36.498731 -92.140175 0.0 0.4
36.498709999999996 -92.1299 0.0 0.4
36.498824 -92.115179 0.0 0.4
36.498778 -92.103764 0.0 0.4
36.498673 -92.09215999999999 0.0 0.4
36.498712 -92.081285 0.0 0.4
36.498591 -92.060845 0.0 0.4
36.498559 -92.04617999999999 0.0 0.4
36.49854 -92.03458599999999 0.0 0.4
36.498387 -92.024481 0.0 0.4
36.498495 -92.013391 0.0 0.4
36.498467 -92.002845 0.0 0.4
36.498431 -91.99280499999999 0.0 0.4
36.498484999999995 -91.972612 0.0 0.4
36.498540999999996 -91.95644399999999 0.0 0.4
36.498644 -91.94215 0.0 0.4
36.498732 -91.93158199999999 0.0 0.4
36.498847 -91.918325 0.0 0.4
36.498855 -91.900283 0.0 0.4
36.498885 -91.879235 0.0 0.4
36.498908 -91.867865 0.0 0.4
36.498891 -91.854998 0.0 0.4
36.498903 -91.844464 0.0 0.4
36.498926 -91.830469 0.0 0.4
36.498953 -91.81910099999999 0.0 0.4
36.499054 -91.80687999999999 0.0 0.4
36.499126 -91.796842 0.0 0.4
36.499190999999996 -91.78166 0.0 0.4
36.499184 -91.767338 0.0 0.4
36.499292 -91.751817 0.0 0.4
36.499313 -91.740892 0.0 0.4
36.499414 -91.72695399999999 0.0 0.4
36.49941 -91.716661 0.0 0.4
36.499407 -91.70433299999999 0.0 0.4
36.499412 -91.69104999999999 0.0 0.4
36.499392 -91.67233399999999 0.0 0.4
36.499376999999996 -91.654191 0.0 0.4
36.499361 -91.642585 0.0 0.4
36.49932 -91.63144199999999 0.0 0.4
36.499328 -91.617693 0.0 0.4
36.499566 -91.607368 0.0 0.4
36.499342999999996 -91.596257 0.0 0.4
36.499297999999996 -91.58390399999999 0.0 0.4
36.499266 -91.571134 0.0 0.4
36.499235 -91.559788 0.0 0.4
36.499174 -91.54917499999999 0.0 0.4
36.499124 -91.53683199999999 0.0 0.4
36.49877 -91.505637 0.0 0.4
36.498642 -91.49414399999999 0.0 0.4
36.498279 -91.47531599999999 0.0 0.4
36.497997999999995 -91.463504 0.0 0.4
36.497672 -91.450019 0.0 0.4
36.497420999999996 -91.43804999999999 0.0 0.4
36.497296999999996 -91.42738 0.0 0.4
36.497172 -91.417281 0.0 0.4
36.497091 -91.407259 0.0 0.4
36.497233 -91.380118 0.0 0.4
36.497243 -91.368605 0.0 0.4
36.497265999999996 -91.34329799999999 0.0 0.4
36.497366 -91.327468 0.0 0.4
36.497433 -91.308764 0.0 0.4
36.497347999999995 -91.29066999999999 0.0 0.4
36.497386 -91.278002 0.0 0.4
36.497459 -91.26079899999999 0.0 0.4
36.497503 -91.24996999999999 0.0 0.4
36.497541999999996 -91.235647 0.0 0.4
36.497510999999996 -91.22006499999999 0.0 0.4
36.497509 -91.208721 0.0 0.4
36.497485 -91.195731 0.0 0.4
36.497563 -91.18142399999999 0.0 0.4
36.497572 -91.16259 0.0 0.4
36.497659 -91.146997 0.0 0.4
36.497667 -91.133881 0.0 0.4
36.497779 -91.10923199999999 0.0 0.4
36.497834999999995 -91.096288 0.0 0.4
36.497873 -91.085467 0.0 0.4
36.497906 -91.073735 0.0 0.4
36.497975 -91.06368499999999 0.0 0.4
36.498049 -91.052819 0.0 0.4
36.498129999999996 -91.03733299999999 0.0 0.4
36.498176 -91.02399799999999 0.0 0.4
36.498219999999996 -91.013679 0.0 0.4
36.498291 -91.001583 0.0 0.4
36.498314 -90.991232 0.0 0.4
36.498318999999995 -90.981025 0.0 0.4
36.498363 -90.967991 0.0 0.4
36.498396 -90.95667399999999 0.0 0.4
36.498436 -90.94399 0.0 0.4
36.498447999999996 -90.933449 0.0 0.4
36.498407 -90.91659 0.0 0.4
36.498337 -90.905112 0.0 0.4
36.498232 -90.891449 0.0 0.4
36.498262 -90.87988299999999 0.0 0.4
36.498357 -90.866569 0.0 0.4
36.498512999999996 -90.854787 0.0 0.4
36.498625 -90.8413 0.0 0.4
36.498740999999995 -90.81867 0.0 0.4
36.498833999999995 -90.807408 0.0 0.4
36.498593 -90.792414 0.0 0.4
36.498577999999995 -90.781961 0.0 0.4
36.498545 -90.76558 0.0 0.4
36.498559 -90.752473 0.0 0.4
36.498564 -90.741598 0.0 0.4
36.498551 -90.72934599999999 0.0 0.4
36.498379 -90.711165 0.0 0.4
36.498293 -90.69829399999999 0.0 0.4
36.498557999999996 -90.675339 0.0 0.4
36.498647 -90.659143 0.0 0.4
36.498526999999996 -90.648448 0.0 0.4
36.498473 -90.625073 0.0 0.4
36.498511 -90.613056 0.0 0.4
36.498492 -90.593488 0.0 0.4
36.498568999999996 -90.577731 0.0 0.4
36.498574999999995 -90.56649 0.0 0.4
36.498539 -90.555818 0.0 0.4
36.498486 -90.543978 0.0 0.4
36.498481 -90.53340299999999 0.0 0.4
36.498456 -90.522207 0.0 0.4
36.498466 -90.508431 0.0 0.4
36.498354 -90.49460599999999 0.0 0.4
36.498444 -90.483831 0.0 0.4
36.498568999999996 -90.473593 0.0 0.4
36.498422 -90.45777199999999 0.0 0.4
36.498413 -90.44749399999999 0.0 0.4
36.498262 -90.433809 0.0 0.4
36.498158 -90.42114099999999 0.0 0.4
36.498118 -90.41058199999999 0.0 0.4
36.498075 -90.39385999999999 0.0 0.4
36.498062 -90.380059 0.0 0.4
36.498067 -90.365009 0.0 0.4
36.498076 -90.340075 0.0 0.4
36.498079 -90.326617 0.0 0.4
36.498045999999995 -90.31301099999999 0.0 0.4
36.497994 -90.30216399999999 0.0 0.4
36.497948 -90.28714599999999 0.0 0.4
36.497907 -90.266786 0.0 0.4
36.497807 -90.249843 0.0 0.4
36.497825999999996 -90.239092 0.0 0.4
36.497867 -90.22904799999999 0.0 0.4
36.497864 -90.217297 0.0 0.4
36.497916 -90.20530000000001 0.0 0.4
36.49791 -90.193981 0.0 0.4
36.497862999999995 -90.183649 0.0 0.4
36.497932999999996 -90.16481999999999 0.0 0.4
36.497973 -90.154687 0.0 0.4
36.487704 -90.156486 0.0 0.4
36.477964 -90.15352299999999 0.0 0.4
36.475744 -90.143512 0.0 0.4
36.470183999999996 -90.151994 0.0 0.4
36.462851 -90.145032 0.0 0.4
36.455712999999996 -90.13780799999999 0.0 0.4
36.445643 -90.13620499999999 0.0 0.4
36.435629999999996 -90.134866 0.0 0.4
36.430226999999995 -90.143412 0.0 0.4
36.4212 -90.138881 0.0 0.4
36.415189999999996 -90.13079499999999 0.0 0.4
36.410835 -90.121551 0.0 0.4
36.407654 -90.11135399999999 0.0 0.4
36.402851 -90.102502 0.0 0.4
36.403496 -90.09249 0.0 0.4
36.401261 -90.082535 0.0 0.4
36.394216 -90.075238 0.0 0.4
36.387910999999995 -90.067216 0.0 0.4
36.377818 -90.06656199999999 0.0 0.4
36.367819 -90.06456 0.0 0.4
36.357999 -90.06791199999999 0.0 0.4
36.350504 -90.07527999999999 0.0 0.4
36.340021 -90.07728 0.0 0.4
36.329982 -90.078266 0.0 0.4
36.320169 -90.080366 0.0 0.4
36.314606 -90.07189699999999 0.0 0.4
36.305948 -90.06670799999999 0.0 0.4
36.296369 -90.070121 0.0 0.4
36.290143 -90.078097 0.0 0.4
36.280181999999996 -90.076841 0.0 0.4
36.272523 -90.083293 0.0 0.4
36.271178 -90.093426 0.0 0.4
36.268733999999995 -90.10323799999999 0.0 0.4
36.266158 -90.113207 0.0 0.4
36.257884 -90.1191 0.0 0.4
36.248118 -90.122091 0.0 0.4
36.242235 -90.13043599999999 0.0 0.4
36.233948999999996 -90.124785 0.0 0.4
36.226735999999995 -90.13185 0.0 0.4
36.227654 -90.141852 0.0 0.4
36.221178 -90.14961799999999 0.0 0.4
36.213555 -90.15638 0.0 0.4
36.214095 -90.166595 0.0 0.4
36.210316 -90.176144 0.0 0.4
36.205287 -90.184873 0.0 0.4
36.200584 -90.19381899999999 0.0 0.4
36.193791999999995 -90.20144499999999 0.0 0.4
36.186295 -90.208126 0.0 0.4
36.184568999999996 -90.21812899999999 0.0 0.4
36.177397 -90.225115 0.0 0.4
36.169201 -90.23088299999999 0.0 0.4
36.160053 -90.23501 0.0 0.4
36.150451 -90.231999 0.0 0.4
36.140436 -90.235761 0.0 0.4
36.136373 -90.245108 0.0 0.4
36.12864 -90.251825 0.0 0.4
36.125738999999996 -90.261783 0.0 0.4
36.118863 -90.269831 0.0 0.4
36.116856999999996 -90.28029 0.0 0.4
36.114778 -90.290173 0.0 0.4
36.10769 -90.297461 0.0 0.4
36.097913 -90.299995 0.0 0.4
36.094736999999995 -90.309677 0.0 0.4
36.090292999999996 -90.318846 0.0 0.4
36.080264 -90.319479 0.0 0.4
36.071296 -90.324063 0.0 0.4
36.067476 -90.333345 0.0 0.4
36.05741 -90.333277 0.0 0.4
36.048049999999996 -90.337178 0.0 0.4
36.042441 -90.34575199999999 0.0 0.4
36.033305 -90.34987 0.0 0.4
36.023623 -90.35383999999999 0.0 0.4
36.016467999999996 -90.360963 0.0 0.4
36.009173 -90.368456 0.0 0.4
36.000916 -90.374175 0.0 0.4
35.995813 -90.361133 0.0 0.4
35.995925 -90.342794 0.0 0.4
35.996139 -90.329173 0.0 0.4
35.996252999999996 -90.319124 0.0 0.4
35.996347 -90.30654 0.0 0.4
35.996393999999995 -90.29287099999999 0.0 0.4
35.996503 -90.27466799999999 0.0 0.4
35.996618 -90.26376499999999 0.0 0.4
35.996736999999996 -90.251651 0.0 0.4
35.996829 -90.241548 0.0 0.4
35.996939 -90.230983 0.0 0.4
35.997006 -90.21961399999999 0.0 0.4
35.997098 -90.20899299999999 0.0 0.4
35.997154 -90.19820999999999 0.0 0.4
35.997310999999996 -90.18818399999999 0.0 0.4
35.997367 -90.177263 0.0 0.4
35.997462 -90.167075 0.0 0.4
35.997582 -90.15679399999999 0.0 0.4
35.997684 -90.14609899999999 0.0 0.4
35.997775 -90.13507899999999 0.0 0.4
35.99783 -90.124968 0.0 0.4
35.997985 -90.11346499999999 0.0 0.4
35.998214 -90.090322 0.0 0.4
35.998374 -90.068204 0.0 0.4
35.998511 -90.054847 0.0 0.4
35.998847999999995 -90.021796 0.0 0.4
35.999018 -90.003817 0.0 0.4
35.999153 -89.972428 0.0 0.4
35.999227999999995 -89.961036 0.0 0.4
35.999345 -89.945914 0.0 0.4
35.999342999999996 -89.928714 0.0 0.4
35.999445 -89.91436999999999 0.0 0.4
35.99955 -89.902633 0.0 0.4
35.999613 -89.890146 0.0 0.4
35.999708 -89.879976 0.0 0.4
35.99982 -89.86862099999999 0.0 0.4
35.999922999999995 -89.85846599999999 0.0 0.4
36.000043999999995 -89.845458 0.0 0.4
36.000157 -89.834975 0.0 0.4
36.000226 -89.82475699999999 0.0 0.4
36.000315 -89.81442899999999 0.0 0.4
36.000411 -89.80348 0.0 0.4
36.000513999999995 -89.791975 0.0 0.4
36.000605 -89.781347 0.0 0.4
36.000701 -89.771046 0.0 0.4
36.000778 -89.760009 0.0 0.4
36.000820999999995 -89.744419 0.0 0.4
36.00081 -89.733761 0.0 0.4
35.992798 -89.727493 0.0 0.4
35.982462999999996 -89.723985 0.0 0.4
35.971002999999996 -89.722557 0.0 0.4
35.961532999999996 -89.716527 0.0 0.4
35.956313 -89.70736699999999 0.0 0.4
35.951543 -89.69747699999999 0.0 0.4
35.947246 -89.688144 0.0 0.4
35.94244 -89.676991 0.0 0.4
35.936153 -89.66702699999999 0.0 0.4
35.931534 -89.657618 0.0 0.4
35.926153 -89.64875699999999 0.0 0.4
35.917454 -89.64317 0.0 0.4
35.906988999999996 -89.641003 0.0 0.4
35.895573 -89.64204699999999 0.0 0.4
35.885833 -89.645617 0.0 0.4
35.878865 -89.65400799999999 0.0 0.4
35.874703 -89.66328399999999 0.0 0.4
35.876698 -89.676378 0.0 0.4
35.882961 -89.68436799999999 0.0 0.4
35.890722 -89.693229 0.0 0.4
35.897467999999996 -89.703402 0.0 0.4
35.905094 -89.71307999999999 0.0 0.4
35.910129999999995 -89.724503 0.0 0.4
35.91195 -89.73571799999999 0.0 0.4
35.90947 -89.746667 0.0 0.4
35.901576 -89.755038 0.0 0.4
35.893105999999996 -89.76523999999999 0.0 0.4
35.883677999999996 -89.77167399999999 0.0 0.4
35.873431 -89.77397099999999 0.0 0.4
35.862888999999996 -89.77087399999999 0.0 0.4
35.857164999999995 -89.762109 0.0 0.4
35.853348 -89.750947 0.0 0.4
35.850104 -89.739468 0.0 0.4
35.847367999999996 -89.72888499999999 0.0 0.4
35.844437 -89.718088 0.0 0.4
35.840754 -89.70732799999999 0.0 0.4
35.836683 -89.69740999999999 0.0 0.4
35.826969 -89.693798 0.0 0.4
35.816866 -89.701319 0.0 0.4
35.810989 -89.710736 0.0 0.4
35.805932999999996 -89.720117 0.0 0.4
35.802482 -89.729725 0.0 0.4
35.80593 -89.739361 0.0 0.4
35.807871999999996 -89.74977799999999 0.0 0.4
35.810628 -89.759602 0.0 0.4
35.808023999999996 -89.771209 0.0 0.4
35.805228 -89.781662 0.0 0.4
35.798421999999995 -89.789682 0.0 0.4
35.791013 -89.79757599999999 0.0 0.4
35.779120999999996 -89.797268 0.0 0.4
35.766166 -89.79949599999999 0.0 0.4
35.750462999999996 -89.813177 0.0 0.4
35.745188 -89.825451 0.0 0.4
35.742129 -89.838717 0.0 0.4
35.745096 -89.84847099999999 0.0 0.4
35.754436999999996 -89.852232 0.0 0.4
35.757134 -89.863064 0.0 0.4
35.755286 -89.874067 0.0 0.4
35.752238 -89.88475799999999 0.0 0.4
35.75127 -89.895555 0.0 0.4
35.757073999999996 -89.90426 0.0 0.4
35.756115 -89.91422999999999 0.0 0.4
35.750844 -89.923024 0.0 0.4
35.746814 -89.93243199999999 0.0 0.4
35.739773 -89.939757 0.0 0.4
35.733511 -89.948184 0.0 0.4
35.728305999999996 -89.95697899999999 0.0 0.4
35.718244 -89.958225 0.0 0.4
35.708299 -89.95709099999999 0.0 0.4
35.698043999999996 -89.95658499999999 0.0 0.4
35.687809 -89.954174 0.0 0.4
35.680054999999996 -89.947786 0.0 0.4
35.673123 -89.94021699999999 0.0 0.4
35.662991 -89.93224699999999 0.0 0.4
35.656209 -89.921514 0.0 0.4
35.651736 -89.908575 0.0 0.4
35.651036999999995 -89.89796199999999 0.0 0.4
35.65324 -89.888151 0.0 0.4
35.660796999999995 -89.88074399999999 0.0 0.4
35.668141999999996 -89.873317 0.0 0.4
35.670519 -89.863115 0.0 0.4
35.664449999999995 -89.854841 0.0 0.4
35.654893 -89.85091899999999 0.0 0.4
35.644261 -89.851824 0.0 0.4
35.635011999999996 -89.856104 0.0 0.4
35.630266 -89.865219 0.0 0.4
35.625642 -89.87538599999999 0.0 0.4
35.618066 -89.88771799999999 0.0 0.4
35.614996 -89.89752999999999 0.0 0.4
35.616614999999996 -89.907454 0.0 0.4
35.613642 -89.917361 0.0 0.4
35.609696 -89.927145 0.0 0.4
35.605725 -89.936607 0.0 0.4
35.601344999999995 -89.946004 0.0 0.4
35.594713999999996 -89.953566 0.0 0.4
35.585554 -89.957987 0.0 0.4
35.576192 -89.95446899999999 0.0 0.4
35.567783 -89.94900299999999 0.0 0.4
35.559098999999996 -89.943806 0.0 0.4
35.554055999999996 -89.934811 0.0 0.4
35.550656 -89.92474 0.0 0.4
35.54971 -89.914704 0.0 0.4
35.538682 -89.912206 0.0 0.4
35.530225 -89.90231 0.0 0.4
35.519348 -89.90463799999999 0.0 0.4
35.511842 -89.915497 0.0 0.4
35.511607 -89.92653899999999 0.0 0.4
35.515743 -89.935881 0.0 0.4
35.519011 -89.945945 0.0 0.4
35.523837 -89.958749 0.0 0.4
35.533559 -89.955719 0.0 0.4
35.542843 -89.96005799999999 0.0 0.4
35.54856 -89.968538 0.0 0.4
35.554206 -89.977009 0.0 0.4
35.558625 -89.986091 0.0 0.4
35.56114 -89.99598499999999 0.0 0.4
35.560333 -90.006121 0.0 0.4
35.557041 -90.01558 0.0 0.4
35.556089 -90.02564 0.0 0.4
35.552352 -90.035034 0.0 0.4
35.543724999999995 -90.040222 0.0 0.4
35.534133 -90.043452 0.0 0.4
35.525068 -90.047906 0.0 0.4
35.515246999999995 -90.050118 0.0 0.4
35.50526 -90.048526 0.0 0.4
35.495591 -90.044677 0.0 0.4
35.487082 -90.038967 0.0 0.4
35.480083 -90.031813 0.0 0.4
35.475024999999995 -90.023028 0.0 0.4
35.467541 -90.01519499999999 0.0 0.4
35.458884999999995 -90.009721 0.0 0.4
35.449667999999996 -90.00567099999999 0.0 0.4
35.439754 -90.00347699999999 0.0 0.4
35.429629 -90.003322 0.0 0.4
35.424077 -90.012622 0.0 0.4
35.418779 -90.025376 0.0 0.4
35.415295 -90.036104 0.0 0.4
35.412331 -90.04631599999999 0.0 0.4
35.403863 -90.056782 0.0 0.4
35.398896 -90.047918 0.0 0.4
35.389966 -90.05255 0.0 0.4
35.397763 -90.061154 0.0 0.4
35.408132 -90.06952799999999 0.0 0.4
35.41518 -90.062018 0.0 0.4
35.423497 -90.070616 0.0 0.4
35.43414 -90.07409799999999 0.0 0.4
35.444583 -90.072831 0.0 0.4
35.45509 -90.069526 0.0 0.4
35.465306 -90.06745 0.0 0.4
35.472519999999996 -90.074407 0.0 0.4
35.478583 -90.088033 0.0 0.4
35.478111999999996 -90.09984299999999 0.0 0.4
35.473982 -90.112308 0.0 0.4
35.4666 -90.120024 0.0 0.4
35.456806 -90.124239 0.0 0.4
35.4444 -90.12863899999999 0.0 0.4
35.436771 -90.140114 0.0 0.4
35.428554 -90.15598299999999 0.0 0.4
35.421878 -90.16888 0.0 0.4
35.410247 -90.170772 0.0 0.4
35.395455 -90.175822 0.0 0.4
35.385313 -90.17934199999999 0.0 0.4
35.377680999999995 -90.172388 0.0 0.4
35.3746 -90.160853 0.0 0.4
35.374289 -90.150499 0.0 0.4
35.376101999999996 -90.137959 0.0 0.4
35.385418 -90.142296 0.0 0.4
35.395083 -90.145828 0.0 0.4
35.405066999999995 -90.144517 0.0 0.4
35.411995999999995 -90.136991 0.0 0.4
35.413488 -90.126758 0.0 0.4
35.41176 -90.11674599999999 0.0 0.4
35.405744 -90.10873099999999 0.0 0.4
35.397891 -90.10011399999999 0.0 0.4
35.392091 -90.09073 0.0 0.4
35.386984999999996 -90.082037 0.0 0.4
35.377213 -90.07816799999999 0.0 0.4
35.365598999999996 -90.08386 0.0 0.4
35.356283 -90.091437 0.0 0.4
35.345574 -90.097242 0.0 0.4
35.335 -90.100374 0.0 0.4
35.324259 -90.10378299999999 0.0 0.4
35.314598 -90.10770199999999 0.0 0.4
35.304891 -90.110846 0.0 0.4
35.304292 -90.121456 0.0 0.4
35.300517 -90.13194899999999 0.0 0.4
35.299895 -90.142191 0.0 0.4
35.302974 -90.151725 0.0 0.4
35.29898 -90.161153 0.0 0.4
35.287929999999996 -90.166681 0.0 0.4
35.277968 -90.168223 0.0 0.4
35.268113 -90.162621 0.0 0.4
35.259543 -90.155807 0.0 0.4
35.253762 -90.147 0.0 0.4
35.252519 -90.136496 0.0 0.4
35.254326999999996 -90.126432 0.0 0.4
35.255868 -90.116463 0.0 0.4
35.254671 -90.10592299999999 0.0 0.4
35.249829 -90.097093 0.0 0.4
35.242157999999996 -90.089219 0.0 0.4
35.232527 -90.085011 0.0 0.4
35.223754 -90.077995 0.0 0.4
35.214047 -90.07546599999999 0.0 0.4
35.210871 -90.084977 0.0 0.4
35.203858 -90.092907 0.0 0.4
35.194829 -90.097253 0.0 0.4
35.198862999999996 -90.10707699999999 0.0 0.4
35.194147 -90.116874 0.0 0.4
35.184348 -90.114808 0.0 0.4
35.177123 -90.107221 0.0 0.4
35.169416999999996 -90.098738 0.0 0.4
35.164726 -90.08953799999999 0.0 0.4
35.160038 -90.080145 0.0 0.4
35.1567 -90.070396 0.0 0.4
35.148091 -90.064298 0.0 0.4
35.137781 -90.06597699999999 0.0 0.4
35.129332999999995 -90.072915 0.0 0.4
35.122774 -90.0805 0.0 0.4
35.118052999999996 -90.08966699999999 0.0 0.4
35.118071 -90.100169 0.0 0.4
35.120657 -90.110293 0.0 0.4
35.124869 -90.120447 0.0 0.4
35.129943 -90.132728 0.0 0.4
35.133134 -90.142437 0.0 0.4
35.130924 -90.154697 0.0 0.4
35.124778 -90.16514699999999 0.0 0.4
35.118105 -90.172966 0.0 0.4
35.106147 -90.178152 0.0 0.4
35.096482 -90.18077699999999 0.0 0.4
35.084993 -90.180987 0.0 0.4
35.076359 -90.17499 0.0 0.4
35.065404 -90.177404 0.0 0.4
35.055676999999996 -90.180482 0.0 0.4
35.045423 -90.18654699999999 0.0 0.4
35.035063 -90.19679699999999 0.0 0.4
35.027042 -90.205642 0.0 0.4
35.026058 -90.21580499999999 0.0 0.4
35.02928 -90.22533899999999 0.0 0.4
35.031862 -90.235289 0.0 0.4
35.032528 -90.245347 0.0 0.4
35.034039 -90.255449 0.0 0.4
35.039704 -90.26370899999999 0.0 0.4
35.040911 -90.273747 0.0 0.4
35.041339 -90.284075 0.0 0.4
35.040504 -90.29436 0.0 0.4
35.031383 -90.299061 0.0 0.4
35.022293 -90.304397 0.0 0.4
35.012465999999996 -90.306714 0.0 0.4
35.002818999999995 -90.31046099999999 0.0 0.4
34.992903999999996 -90.307824 0.0 0.4
34.983347 -90.302263 0.0 0.4
34.975634 -90.295159 0.0 0.4
34.969232 -90.28604299999999 0.0 0.4
34.962334999999996 -90.276128 0.0 0.4
34.956266 -90.26589299999999 0.0 0.4
34.952214 -90.254682 0.0 0.4
34.947899 -90.24517999999999 0.0 0.4
34.929643 -90.241804 0.0 0.4
34.919033 -90.241334 0.0 0.4
34.9091 -90.243208 0.0 0.4
34.900143 -90.24906999999999 0.0 0.4
34.893384999999995 -90.257858 0.0 0.4
34.887859999999996 -90.268821 0.0 0.4
34.884837 -90.279992 0.0 0.4
34.883007 -90.29081599999999 0.0 0.4
34.879441 -90.300162 0.0 0.4
34.875172 -90.309896 0.0 0.4
34.864059 -90.315052 0.0 0.4
34.861238 -90.305199 0.0 0.4
34.851262999999996 -90.30360999999999 0.0 0.4
34.84433 -90.3114 0.0 0.4
34.845771 -90.321519 0.0 0.4
34.851031 -90.330531 0.0 0.4
34.858517 -90.338449 0.0 0.4
34.850666 -90.349976 0.0 0.4
34.845225 -90.358378 0.0 0.4
34.836715 -90.37477899999999 0.0 0.4
34.832453 -90.385171 0.0 0.4
34.828624 -90.395809 0.0 0.4
34.826558999999996 -90.407946 0.0 0.4
34.826028 -90.421571 0.0 0.4
34.826077 -90.432108 0.0 0.4
34.829377 -90.441814 0.0 0.4
34.837854 -90.44814699999999 0.0 0.4
34.847156 -90.443191 0.0 0.4
34.854991 -90.436666 0.0 0.4
34.86326 -90.431015 0.0 0.4
34.873491 -90.431308 0.0 0.4
34.882732 -90.43656 0.0 0.4
34.887966 -90.44518 0.0 0.4
34.891154 -90.455299 0.0 0.4
34.891079 -90.46535899999999 0.0 0.4
34.88682 -90.474437 0.0 0.4
34.880085 -90.48190199999999 0.0 0.4
34.870266 -90.48488499999999 0.0 0.4
34.86007 -90.48333099999999 0.0 0.4
34.851639999999996 -90.47604 0.0 0.4
34.843008 -90.469568 0.0 0.4
34.834569 -90.463433 0.0 0.4
34.825604 -90.458255 0.0 0.4
34.817014 -90.46337799999999 0.0 0.4
34.810154 -90.47138 0.0 0.4
34.800484 -90.476174 0.0 0.4
34.788961 -90.474769 0.0 0.4
34.779778 -90.469698 0.0 0.4
34.76932 -90.462886 0.0 0.4
34.757801 -90.45428199999999 0.0 0.4
34.747462 -90.449047 0.0 0.4
34.736912 -90.45038799999999 0.0 0.4
34.730436 -90.458726 0.0 0.4
34.723887999999995 -90.474999 0.0 0.4
34.721388 -90.491666 0.0 0.4
34.723611 -90.508333 0.0 0.4
34.731387999999995 -90.524166 0.0 0.4
34.744296999999996 -90.512768 0.0 0.4
34.750885 -90.50502999999999 0.0 0.4
34.756746 -90.495498 0.0 0.4
34.772498999999996 -90.49277699999999 0.0 0.4
34.783333 -90.50305499999999 0.0 0.4
34.789999 -90.511388 0.0 0.4
34.800000000000004 -90.51388899999999 0.0 0.4
34.801669 -90.52639599999999 0.0 0.4
34.798553 -90.535938 0.0 0.4
34.791667 -90.544167 0.0 0.4
34.779951 -90.547214 0.0 0.4
34.769109 -90.54458799999999 0.0 0.4
34.758333 -90.540555 0.0 0.4
34.747240999999995 -90.542373 0.0 0.4
34.739722 -90.55 0.0 0.4
34.738412 -90.561199 0.0 0.4
34.731006 -90.56801 0.0 0.4
34.716666 -90.570833 0.0 0.4
34.711152999999996 -90.56150099999999 0.0 0.4
34.703888 -90.549999 0.0 0.4
34.699019 -90.540342 0.0 0.4
34.695909 -90.53027499999999 0.0 0.4
34.695555 -90.518926 0.0 0.4
34.699759 -90.50090399999999 0.0 0.4
34.702715999999995 -90.48913499999999 0.0 0.4
34.704954 -90.47683599999999 0.0 0.4
34.700179 -90.46682299999999 0.0 0.4
34.69025 -90.46319299999999 0.0 0.4
34.680025 -90.463723 0.0 0.4
34.670806 -90.468237 0.0 0.4
34.662818 -90.47618899999999 0.0 0.4
34.656211 -90.48383899999999 0.0 0.4
34.650252 -90.491919 0.0 0.4
34.644391 -90.50048799999999 0.0 0.4
34.636092 -90.50910999999999 0.0 0.4
34.629917999999996 -90.51943899999999 0.0 0.4
34.627638 -90.529403 0.0 0.4
34.628133999999996 -90.53948799999999 0.0 0.4
34.633612 -90.549298 0.0 0.4
34.643523 -90.55465699999999 0.0 0.4
34.654483 -90.553991 0.0 0.4
34.663726 -90.549776 0.0 0.4
34.672027 -90.543735 0.0 0.4
34.681675 -90.54097499999999 0.0 0.4
34.689510999999996 -90.547457 0.0 0.4
34.693708 -90.55675099999999 0.0 0.4
34.693565 -90.567027 0.0 0.4
34.683464 -90.568406 0.0 0.4
34.670739 -90.568041 0.0 0.4
34.658603 -90.577603 0.0 0.4
34.649996 -90.584042 0.0 0.4
34.640544 -90.58762399999999 0.0 0.4
34.630753999999996 -90.590397 0.0 0.4
34.619203999999996 -90.591144 0.0 0.4
34.608503999999996 -90.585516 0.0 0.4
34.599302 -90.57905 0.0 0.4
34.590834 -90.572558 0.0 0.4
34.583956 -90.565227 0.0 0.4
34.576322999999995 -90.55727999999999 0.0 0.4
34.569255 -90.549358 0.0 0.4
34.559543 -90.541443 0.0 0.4
34.546832 -90.54080499999999 0.0 0.4
34.536181 -90.545996 0.0 0.4
34.529185999999996 -90.55683599999999 0.0 0.4
34.524409999999996 -90.56653399999999 0.0 0.4
34.519901 -90.57734099999999 0.0 0.4
34.508485 -90.58476399999999 0.0 0.4
34.498084999999996 -90.58959399999999 0.0 0.4
34.487930999999996 -90.593293 0.0 0.4
34.477322 -90.593104 0.0 0.4
34.465894 -90.590036 0.0 0.4
34.454831999999996 -90.58737699999999 0.0 0.4
34.445215 -90.584424 0.0 0.4
34.436035 -90.579554 0.0 0.4
34.422734999999996 -90.57974399999999 0.0 0.4
34.412697 -90.58408399999999 0.0 0.4
34.404305 -90.590819 0.0 0.4
34.393257 -90.606039 0.0 0.4
34.389787999999996 -90.616109 0.0 0.4
34.390052 -90.62816699999999 0.0 0.4
34.389 -90.640355 0.0 0.4
34.384105999999996 -90.649624 0.0 0.4
34.377397 -90.657142 0.0 0.4
34.366337 -90.659292 0.0 0.4
34.358118 -90.66515199999999 0.0 0.4
34.347935 -90.666546 0.0 0.4
34.336693 -90.66087499999999 0.0 0.4
34.324943999999995 -90.65811 0.0 0.4
34.315398 -90.661395 0.0 0.4
34.313089999999995 -90.67807499999999 0.0 0.4
34.318582 -90.690004 0.0 0.4
34.329679999999996 -90.693686 0.0 0.4
34.340765 -90.689976 0.0 0.4
34.352603 -90.68149799999999 0.0 0.4
34.36239 -90.678297 0.0 0.4
34.367919 -90.68713 0.0 0.4
34.363780999999996 -90.69725 0.0 0.4
34.361181 -90.707252 0.0 0.4
34.360805 -90.72053299999999 0.0 0.4
34.363377 -90.73133 0.0 0.4
34.366085 -90.74158299999999 0.0 0.4
34.368107 -90.751779 0.0 0.4
34.365245 -90.762213 0.0 0.4
34.356909 -90.769774 0.0 0.4
34.34617 -90.767996 0.0 0.4
34.334415 -90.755293 0.0 0.4
34.326625 -90.747603 0.0 0.4
34.315148 -90.73826 0.0 0.4
34.304825 -90.735317 0.0 0.4
34.294772 -90.73620000000001 0.0 0.4
34.285747 -90.74083399999999 0.0 0.4
34.275601 -90.751573 0.0 0.4
34.270733 -90.760423 0.0 0.4
34.270739 -90.778469 0.0 0.4
34.273441 -90.789188 0.0 0.4
34.277212 -90.802146 0.0 0.4
34.279514 -90.812219 0.0 0.4
34.280457 -90.82294499999999 0.0 0.4
34.275732 -90.83271099999999 0.0 0.4
34.265544 -90.83449399999999 0.0 0.4
34.252423 -90.837013 0.0 0.4
34.241240999999995 -90.840029 0.0 0.4
34.226803 -90.839953 0.0 0.4
34.216156 -90.839494 0.0 0.4
34.207573 -90.84586399999999 0.0 0.4
34.210903 -90.855684 0.0 0.4
34.212050999999995 -90.866258 0.0 0.4
34.214389 -90.876796 0.0 0.4
34.220056 -90.88741 0.0 0.4
34.2258 -90.89658 0.0 0.4
34.235797999999996 -90.90253899999999 0.0 0.4
34.245557999999996 -90.91009799999999 0.0 0.4
34.246535 -90.922922 0.0 0.4
34.241614 -90.93208 0.0 0.4
34.23261 -90.937148 0.0 0.4
34.217853999999996 -90.934544 0.0 0.4
34.209252 -90.927602 0.0 0.4
34.201271 -90.92014999999999 0.0 0.4
34.194145999999996 -90.91174199999999 0.0 0.4
34.186823 -90.896484 0.0 0.4
34.182500999999995 -90.886746 0.0 0.4
34.183215 -90.873778 0.0 0.4
34.184239 -90.863445 0.0 0.4
34.18672 -90.85202699999999 0.0 0.4
34.184315 -90.841871 0.0 0.4
34.184622 -90.83049 0.0 0.4
34.183825 -90.820511 0.0 0.4
34.179573 -90.811095 0.0 0.4
34.169385999999996 -90.807347 0.0 0.4
34.158254 -90.809446 0.0 0.4
34.149879 -90.815878 0.0 0.4
34.142011 -90.82570799999999 0.0 0.4
34.137876 -90.83609899999999 0.0 0.4
34.13706 -90.85000699999999 0.0 0.4
34.139187 -90.860446 0.0 0.4
34.14371 -90.870082 0.0 0.4
34.150911 -90.881984 0.0 0.4
34.157387 -90.890093 0.0 0.4
34.162725 -90.898636 0.0 0.4
34.165510999999995 -90.90995699999999 0.0 0.4
34.157858 -90.919787 0.0 0.4
34.152636 -90.929507 0.0 0.4
34.146374 -90.941024 0.0 0.4
34.140864 -90.949924 0.0 0.4
34.135484 -90.95864399999999 0.0 0.4
34.125467 -90.959963 0.0 0.4
34.114827 -90.952592 0.0 0.4
34.106353 -90.942627 0.0 0.4
34.098296 -90.928654 0.0 0.4
34.093046 -90.919792 0.0 0.4
34.093433999999995 -90.909768 0.0 0.4
34.095194 -90.899282 0.0 0.4
34.09792 -90.88930099999999 0.0 0.4
34.094947999999995 -90.879605 0.0 0.4
34.087525 -90.872574 0.0 0.4
34.077259999999995 -90.87187399999999 0.0 0.4
34.067651 -90.87856699999999 0.0 0.4
34.05986 -90.884907 0.0 0.4
34.048936999999995 -90.88762 0.0 0.4
34.038469 -90.886365 0.0 0.4
34.029111 -90.890012 0.0 0.4
34.024392999999996 -90.898836 0.0 0.4
34.022055 -90.910842 0.0 0.4
34.021388 -90.921421 0.0 0.4
34.02214 -90.931884 0.0 0.4
34.024150999999996 -90.94291899999999 0.0 0.4
34.026212 -90.954364 0.0 0.4
34.026798 -90.964625 0.0 0.4
34.024414 -90.974633 0.0 0.4
34.020173 -90.98583099999999 0.0 0.4
34.009963 -90.98412499999999 0.0 0.4
34.000375 -90.979952 0.0 0.4
33.99317 -90.97301399999999 0.0 0.4
33.985851 -90.966064 0.0 0.4
33.976686 -90.96128 0.0 0.4
33.966982 -90.964216 0.0 0.4
33.96145 -90.972702 0.0 0.4
33.960169 -90.983205 0.0 0.4
33.962489 -90.99341199999999 0.0 0.4
33.968275999999996 -91.001635 0.0 0.4
33.977635 -91.005516 0.0 0.4
33.987364 -91.010404 0.0 0.4
33.996673 -91.014945 0.0 0.4
34.000105 -91.02460699999999 0.0 0.4
33.995246 -91.033795 0.0 0.4
33.992637 -91.043621 0.0 0.4
33.99505 -91.053821 0.0 0.4
34.00137 -91.061576 0.0 0.4
34.007038 -91.069865 0.0 0.4
34.009282 -91.079663 0.0 0.4
34.003243 -91.087724 0.0 0.4
33.991417999999996 -91.09048399999999 0.0 0.4
33.981369 -91.090497 0.0 0.4
33.968938 -91.090141 0.0 0.4
33.95895 -91.087482 0.0 0.4
33.954087 -91.078418 0.0 0.4
33.950994 -91.06405699999999 0.0 0.4
33.948373 -91.051009 0.0 0.4
33.945547999999995 -91.035777 0.0 0.4
33.943588 -91.025044 0.0 0.4
33.940191 -91.01539 0.0 0.4
33.93159 -91.010194 0.0 0.4
33.922204 -91.01384399999999 0.0 0.4
33.913319 -91.02104 0.0 0.4
33.905518 -91.027655 0.0 0.4
33.898264 -91.034606 0.0 0.4
33.891166 -91.042925 0.0 0.4
33.885177 -91.05185 0.0 0.4
33.879159 -91.061832 0.0 0.4
33.872721 -91.069777 0.0 0.4
33.862722999999995 -91.07325399999999 0.0 0.4
33.852545 -91.072024 0.0 0.4
33.842843 -91.06917299999999 0.0 0.4
33.834081 -91.06361299999999 0.0 0.4
33.824998 -91.056359 0.0 0.4
33.816026 -91.049083 0.0 0.4
33.810918 -91.039829 0.0 0.4
33.807262 -91.03029599999999 0.0 0.4
33.80461 -91.01937099999999 0.0 0.4
33.80299 -91.00935799999999 0.0 0.4
33.799247 -91.00008199999999 0.0 0.4
33.792707 -90.991883 0.0 0.4
33.783079 -90.988806 0.0 0.4
33.774125 -90.99347 0.0 0.4
33.768253 -91.002068 0.0 0.4
33.765138 -91.012254 0.0 0.4
33.764309 -91.022758 0.0 0.4
33.767559999999996 -91.032941 0.0 0.4
33.772408999999996 -91.04247 0.0 0.4
33.777376 -91.05171 0.0 0.4
33.776458 -91.06236899999999 0.0 0.4
33.774904 -91.07227499999999 0.0 0.4
33.773680999999996 -91.085318 0.0 0.4
33.772729 -91.099435 0.0 0.4
33.773024 -91.11002099999999 0.0 0.4
33.779237 -91.118422 0.0 0.4
33.783397 -91.12766099999999 0.0 0.4
33.780108999999996 -91.137148 0.0 0.4
33.77146 -91.142872 0.0 0.4
33.761438 -91.142815 0.0 0.4
33.751574 -91.144587 0.0 0.4
33.741527999999995 -91.146712 0.0 0.4
33.731359999999995 -91.14880699999999 0.0 0.4
33.722888999999995 -91.141295 0.0 0.4
33.715503 -91.133742 0.0 0.4
33.708948 -91.12594899999999 0.0 0.4
33.705273 -91.116632 0.0 0.4
33.704727999999996 -91.10525799999999 0.0 0.4
33.706115 -91.095114 0.0 0.4
33.710364999999996 -91.083648 0.0 0.4
33.714571 -91.073719 0.0 0.4
33.7158 -91.06317299999999 0.0 0.4
33.711622999999996 -91.05407699999999 0.0 0.4
33.70536 -91.045808 0.0 0.4
33.696978 -91.039069 0.0 0.4
33.68858 -91.032259 0.0 0.4
33.678356 -91.031362 0.0 0.4
33.670974 -91.03812099999999 0.0 0.4
33.668307999999996 -91.04831899999999 0.0 0.4
33.666553 -91.058756 0.0 0.4
33.66238 -91.067931 0.0 0.4
33.658543 -91.078 0.0 0.4
33.657519 -91.08925599999999 0.0 0.4
33.661017 -91.101033 0.0 0.4
33.665448999999995 -91.11001399999999 0.0 0.4
33.669376 -91.11943 0.0 0.4
33.673631 -91.128956 0.0 0.4
33.680448999999996 -91.136547 0.0 0.4
33.689596 -91.144188 0.0 0.4
33.698039 -91.15202099999999 0.0 0.4
33.706004 -91.15973199999999 0.0 0.4
33.702698999999996 -91.169703 0.0 0.4
33.701627 -91.18059799999999 0.0 0.4
33.701451999999996 -91.193556 0.0 0.4
33.701219 -91.203569 0.0 0.4
33.699638 -91.21374 0.0 0.4
33.694891 -91.222596 0.0 0.4
33.686785 -91.229028 0.0 0.4
33.676618999999995 -91.23057299999999 0.0 0.4
33.667403 -91.226373 0.0 0.4
33.660122 -91.21885499999999 0.0 0.4
33.656264 -91.209599 0.0 0.4
33.655446 -91.198602 0.0 0.4
33.654725 -91.188386 0.0 0.4
33.652349 -91.17855999999999 0.0 0.4
33.648089999999996 -91.168932 0.0 0.4
33.642897 -91.15998599999999 0.0 0.4
33.636403 -91.15014699999999 0.0 0.4
33.630061 -91.14124 0.0 0.4
33.622129 -91.134018 0.0 0.4
33.611956 -91.129443 0.0 0.4
33.601603 -91.12951199999999 0.0 0.4
33.592670999999996 -91.134509 0.0 0.4
33.584674 -91.14303699999999 0.0 0.4
33.577664 -91.1516 0.0 0.4
33.57235 -91.160117 0.0 0.4
33.568597 -91.17000999999999 0.0 0.4
33.567209 -91.179948 0.0 0.4
33.56778 -91.190435 0.0 0.4
33.568974 -91.20160399999999 0.0 0.4
33.569445 -91.21163 0.0 0.4
33.568621 -91.221622 0.0 0.4
33.564538 -91.231984 0.0 0.4
33.553457 -91.23340999999999 0.0 0.4
33.543751 -91.228183 0.0 0.4
33.534127999999995 -91.222126 0.0 0.4
33.526047 -91.21560699999999 0.0 0.4
33.519451 -91.206914 0.0 0.4
33.513303 -91.196855 0.0 0.4
33.508258999999995 -91.18672099999999 0.0 0.4
33.498939 -91.18276 0.0 0.4
33.492013 -91.190212 0.0 0.4
33.485486 -91.197795 0.0 0.4
33.47699 -91.203533 0.0 0.4
33.468471 -91.208781 0.0 0.4
33.464113999999995 -91.21781399999999 0.0 0.4
33.460138 -91.22702699999999 0.0 0.4
33.451769999999996 -91.23268399999999 0.0 0.4
33.441900000000004 -91.234697 0.0 0.4
33.436474 -91.22623399999999 0.0 0.4
33.434427 -91.21633299999999 0.0 0.4
33.433949999999996 -91.206272 0.0 0.4
33.436049 -91.196422 0.0 0.4
33.43868 -91.18674899999999 0.0 0.4
33.443512 -91.177679 0.0 0.4
33.451015 -91.17102799999999 0.0 0.4
33.461045 -91.171588 0.0 0.4
33.470507999999995 -91.175282 0.0 0.4
33.480385 -91.177382 0.0 0.4
33.490390999999995 -91.17582399999999 0.0 0.4
33.498213 -91.16891799999999 0.0 0.4
33.496068 -91.158373 0.0 0.4
33.491672 -91.148524 0.0 0.4
33.485844 -91.138396 0.0 0.4
33.479912999999996 -91.13015399999999 0.0 0.4
33.471905 -91.123678 0.0 0.4
33.462354999999995 -91.11913899999999 0.0 0.4
33.452033 -91.116937 0.0 0.4
33.442959 -91.12166099999999 0.0 0.4
33.435902 -91.12880299999999 0.0 0.4
33.428382 -91.13541 0.0 0.4
33.4276 -91.145735 0.0 0.4
33.424793 -91.155385 0.0 0.4
33.421499 -91.165094 0.0 0.4
33.41753 -91.17430499999999 0.0 0.4
33.419343 -91.18416099999999 0.0 0.4
33.4179 -91.194105 0.0 0.4
33.415568 -91.20392199999999 0.0 0.4
33.407053999999995 -91.20918999999999 0.0 0.4
33.398373 -91.2042 0.0 0.4
33.392807 -91.19552 0.0 0.4
33.387474 -91.186683 0.0 0.4
33.383119 -91.17759199999999 0.0 0.4
33.379982999999996 -91.16797799999999 0.0 0.4
33.379196 -91.157735 0.0 0.4
33.378836 -91.14761299999999 0.0 0.4
33.381572999999996 -91.137649 0.0 0.4
33.385450999999996 -91.128416 0.0 0.4
33.38953 -91.11926799999999 0.0 0.4
33.395899 -91.110597 0.0 0.4
33.402851999999996 -91.10328799999999 0.0 0.4
33.411018 -91.09724299999999 0.0 0.4
33.420818 -91.09506499999999 0.0 0.4
33.430622 -91.097133 0.0 0.4
33.440464999999996 -91.095343 0.0 0.4
33.448828999999996 -91.08959899999999 0.0 0.4
33.454373 -91.08124199999999 0.0 0.4
33.455864 -91.071185 0.0 0.4
33.451558 -91.061506 0.0 0.4
33.441997 -91.058066 0.0 0.4
33.431858 -91.057717 0.0 0.4
33.422571999999995 -91.061528 0.0 0.4
33.414156 -91.06829599999999 0.0 0.4
33.406605 -91.075294 0.0 0.4
33.400589 -91.083621 0.0 0.4
33.395354999999995 -91.09221199999999 0.0 0.4
33.388767 -91.09974299999999 0.0 0.4
33.381347 -91.106448 0.0 0.4
33.373507 -91.112794 0.0 0.4
33.365359999999995 -91.118802 0.0 0.4
33.35922 -91.12672099999999 0.0 0.4
33.353428 -91.136787 0.0 0.4
33.344234 -91.141427 0.0 0.4
33.334195 -91.141385 0.0 0.4
33.324131 -91.142943 0.0 0.4
33.314141 -91.141466 0.0 0.4
33.304069999999996 -91.141379 0.0 0.4
33.294536 -91.138297 0.0 0.4
33.286904 -91.131762 0.0 0.4
33.279117 -91.125458 0.0 0.4
33.269394 -91.127819 0.0 0.4
33.263176 -91.11977499999999 0.0 0.4
33.254191999999996 -91.114885 0.0 0.4
33.245374999999996 -91.11008799999999 0.0 0.4
33.238918999999996 -91.10212 0.0 0.4
33.246500999999995 -91.095387 0.0 0.4
33.255607999999995 -91.090987 0.0 0.4
33.265311 -91.088306 0.0 0.4
33.275031 -91.08558699999999 0.0 0.4
33.282891 -91.079214 0.0 0.4
33.286657999999996 -91.06965699999999 0.0 0.4
33.286958999999996 -91.059629 0.0 0.4
33.284147 -91.049989 0.0 0.4
33.276092999999996 -91.04395799999999 0.0 0.4
33.265772999999996 -91.04520699999999 0.0 0.4
33.256296 -91.048896 0.0 0.4
33.247239 -91.053241 0.0 0.4
33.240199 -91.060507 0.0 0.4
33.23303 -91.06756999999999 0.0 0.4
33.227140999999996 -91.075698 0.0 0.4
33.221654 -91.084156 0.0 0.4
33.220079 -91.09606099999999 0.0 0.4
33.209513 -91.09553799999999 0.0 0.4
33.195961 -91.087321 0.0 0.4
33.18618 -91.08193899999999 0.0 0.4
33.174388 -91.08004799999999 0.0 0.4
33.163415 -91.08041 0.0 0.4
33.149878 -91.082338 0.0 0.4
33.13925 -91.085048 0.0 0.4
33.132807 -91.094104 0.0 0.4
33.130216 -91.10416699999999 0.0 0.4
33.129157 -91.11446699999999 0.0 0.4
33.129329999999996 -91.124584 0.0 0.4
33.129180999999996 -91.134829 0.0 0.4
33.129905 -91.145173 0.0 0.4
33.135435 -91.153549 0.0 0.4
33.141597 -91.161469 0.0 0.4
33.142542 -91.171959 0.0 0.4
33.1419 -91.18205499999999 0.0 0.4
33.13801 -91.19147699999999 0.0 0.4
33.130517 -91.19827 0.0 0.4
33.121142 -91.201942 0.0 0.4
33.110600000000005 -91.201501 0.0 0.4
33.103471 -91.193964 0.0 0.4
33.099925 -91.184613 0.0 0.4
33.093596 -91.176457 0.0 0.4
33.086994 -91.168897 0.0 0.4
33.085107 -91.15872399999999 0.0 0.4
33.08131 -91.149065 0.0 0.4
33.075173 -91.14061199999999 0.0 0.4
33.069559 -91.13211 0.0 0.4
33.063235 -91.123869 0.0 0.4
33.053564 -91.12110799999999 0.0 0.4
33.043935 -91.124608 0.0 0.4
33.034451 -91.12813299999999 0.0 0.4
33.029027 -91.136714 0.0 0.4
33.026702 -91.14729 0.0 0.4
33.02315 -91.156638 0.0 0.4
33.01596 -91.16411099999999 0.0 0.4
33.005503 -91.166209 0.0 0.4
33.004388999999996 -91.176317 0.0 0.4
33.00458 -91.19442099999999 0.0 0.4
33.004715 -91.20595 0.0 0.4
33.004923999999995 -91.22252999999999 0.0 0.4
33.004981 -91.234008 0.0 0.4
33.004897 -91.244157 0.0 0.4
33.005088 -91.256406 0.0 0.4
33.005096 -91.26644 0.0 0.4
33.005119 -91.27766799999999 0.0 0.4
33.005266999999996 -91.28773799999999 0.0 0.4
33.005393 -91.297952 0.0 0.4
33.005410999999995 -91.308301 0.0 0.4
33.005565 -91.319069 0.0 0.4
33.005549 -91.329776 0.0 0.4
33.005702 -91.339884 0.0 0.4
33.005784999999996 -91.350319 0.0 0.4
33.005928 -91.36065599999999 0.0 0.4
33.005851 -91.371883 0.0 0.4
33.005911999999995 -91.383353 0.0 0.4
33.005961 -91.3936 0.0 0.4
33.005987 -91.410727 0.0 0.4
33.006028 -91.42209 0.0 0.4
33.006126 -91.43534299999999 0.0 0.4
33.006202 -91.445962 0.0 0.4
33.006206999999996 -91.459226 0.0 0.4
33.00638 -91.479736 0.0 0.4
33.006512 -91.495181 0.0 0.4
33.006688 -91.506276 0.0 0.4
33.006617999999996 -91.529431 0.0 0.4
33.006763 -91.541034 0.0 0.4
33.006771 -91.551124 0.0 0.4
33.006636 -91.563327 0.0 0.4
33.006738999999996 -91.575598 0.0 0.4
33.006504 -91.587685 0.0 0.4
33.006617999999996 -91.60041 0.0 0.4
33.006679999999996 -91.611021 0.0 0.4
33.006741999999996 -91.62229699999999 0.0 0.4
33.006758 -91.63383499999999 0.0 0.4
33.006959 -91.65012399999999 0.0 0.4
33.007007 -91.68122799999999 0.0 0.4
33.007135999999996 -91.692143 0.0 0.4
33.007232 -91.709727 0.0 0.4
33.007293 -91.721944 0.0 0.4
33.007317 -91.732243 0.0 0.4
33.007292 -91.74970599999999 0.0 0.4
33.00712 -91.762408 0.0 0.4
33.007248 -91.77974999999999 0.0 0.4
33.007292 -91.79120499999999 0.0 0.4
33.007374 -91.801614 0.0 0.4
33.007435 -91.813609 0.0 0.4
33.00755 -91.835889 0.0 0.4
33.007563999999995 -91.846505 0.0 0.4
33.007633 -91.86985 0.0 0.4
33.007684999999995 -91.879904 0.0 0.4
33.007701 -91.898871 0.0 0.4
33.007676 -91.908873 0.0 0.4
33.007695999999996 -91.918931 0.0 0.4
33.007709999999996 -91.930199 0.0 0.4
33.007712 -91.94044799999999 0.0 0.4
33.007646 -91.950648 0.0 0.4
33.007709 -91.973355 0.0 0.4
33.007714 -91.984268 0.0 0.4
33.007826 -92.000255 0.0 0.4
33.007728 -92.020872 0.0 0.4
33.007726999999996 -92.03708499999999 0.0 0.4
33.007923 -92.063177 0.0 0.4
33.008269 -92.103032 0.0 0.4
33.008404999999996 -92.11361199999999 0.0 0.4
33.008482 -92.125107 0.0 0.4
33.008534 -92.13538799999999 0.0 0.4
33.008722999999996 -92.15048999999999 0.0 0.4
33.008885 -92.160868 0.0 0.4
33.009023 -92.171949 0.0 0.4
33.009087 -92.182643 0.0 0.4
33.009161 -92.194864 0.0 0.4
33.009234 -92.20673699999999 0.0 0.4
33.009288 -92.216848 0.0 0.4
33.009394 -92.22847499999999 0.0 0.4
33.009515 -92.239413 0.0 0.4
33.009631999999996 -92.249785 0.0 0.4
33.009752999999996 -92.26003299999999 0.0 0.4
33.009935 -92.27005199999999 0.0 0.4
33.010047 -92.280335 0.0 0.4
33.010301 -92.290565 0.0 0.4
33.010326 -92.302222 0.0 0.4
33.010422 -92.314286 0.0 0.4
33.010517 -92.32592799999999 0.0 0.4
33.010591999999995 -92.336455 0.0 0.4
33.010695999999996 -92.346702 0.0 0.4
33.010842 -92.359218 0.0 0.4
33.01094 -92.36939699999999 0.0 0.4
33.010964 -92.379459 0.0 0.4
33.01103 -92.39004399999999 0.0 0.4
33.011179 -92.40083 0.0 0.4
33.011306 -92.41152799999999 0.0 0.4
33.011432 -92.422946 0.0 0.4
33.011542999999996 -92.433206 0.0 0.4
33.01164 -92.443497 0.0 0.4
33.011823 -92.45374699999999 0.0 0.4
33.011950999999996 -92.463861 0.0 0.4
33.012101 -92.473947 0.0 0.4
33.012155 -92.484115 0.0 0.4
33.012175 -92.49489 0.0 0.4
33.012302999999996 -92.504947 0.0 0.4
33.012437 -92.51552199999999 0.0 0.4
33.012561999999996 -92.52636799999999 0.0 0.4
33.012662999999996 -92.537166 0.0 0.4
33.012707 -92.550073 0.0 0.4
33.012813 -92.560447 0.0 0.4
33.01289 -92.570914 0.0 0.4
33.012948 -92.58128699999999 0.0 0.4
33.013253 -92.591966 0.0 0.4
33.013453 -92.602525 0.0 0.4
33.013436 -92.625715 0.0 0.4
33.013708 -92.645521 0.0 0.4
33.013854 -92.65792499999999 0.0 0.4
33.014002999999995 -92.672095 0.0 0.4
33.014148999999996 -92.68515699999999 0.0 0.4
33.014306999999995 -92.702839 0.0 0.4
33.014355 -92.71301799999999 0.0 0.4
33.014396 -92.723038 0.0 0.4
33.014446 -92.733192 0.0 0.4
33.014683999999995 -92.74323799999999 0.0 0.4
33.014787999999996 -92.756889 0.0 0.4
33.014896 -92.76713199999999 0.0 0.4
33.014886 -92.778401 0.0 0.4
33.015150999999996 -92.801425 0.0 0.4
33.015519 -92.812249 0.0 0.4
33.015558 -92.822259 0.0 0.4
33.015757 -92.83277799999999 0.0 0.4
33.015976 -92.843013 0.0 0.4
33.016132999999996 -92.853298 0.0 0.4
33.016259 -92.86353 0.0 0.4
33.016132 -92.873802 0.0 0.4
33.016222 -92.884354 0.0 0.4
33.016497 -92.89465799999999 0.0 0.4
33.016555 -92.90576399999999 0.0 0.4
33.016596 -92.915808 0.0 0.4
33.016662 -92.92813 0.0 0.4
33.016864 -92.941937 0.0 0.4
33.017047999999996 -92.951955 0.0 0.4
33.017198 -92.96422799999999 0.0 0.4
33.017361 -92.974459 0.0 0.4
33.017505 -92.98450000000001 0.0 0.4
33.017593999999995 -92.99489799999999 0.0 0.4
33.017537 -93.004942 0.0 0.4
33.017344 -93.015669 0.0 0.4
33.017551 -93.025791 0.0 0.4
33.017666 -93.03637499999999 0.0 0.4
33.01778 -93.047259 0.0 0.4
33.017835 -93.05814199999999 0.0 0.4
33.017854 -93.068743 0.0 0.4
33.017858 -93.07891099999999 0.0 0.4
33.017807999999995 -93.09142 0.0 0.4
33.017823 -93.101587 0.0 0.4
33.017880999999996 -93.112631 0.0 0.4
33.017835 -93.122801 0.0 0.4
33.01781 -93.132937 0.0 0.4
33.01783 -93.144966 0.0 0.4
33.017846999999996 -93.156669 0.0 0.4
33.017782 -93.167367 0.0 0.4
33.01778 -93.17840799999999 0.0 0.4
33.017924 -93.190045 0.0 0.4
33.018022 -93.20020699999999 0.0 0.4
33.018293 -93.210207 0.0 0.4
33.018383 -93.220287 0.0 0.4
33.018204 -93.23060199999999 0.0 0.4
33.018018999999995 -93.240719 0.0 0.4
33.017846999999996 -93.250908 0.0 0.4
33.017889 -93.261634 0.0 0.4
33.017942999999995 -93.271757 0.0 0.4
33.018015 -93.28193 0.0 0.4
33.018086 -93.29208299999999 0.0 0.4
33.018156 -93.302088 0.0 0.4
33.018232 -93.312327 0.0 0.4
33.018291 -93.322752 0.0 0.4
33.018319999999996 -93.332985 0.0 0.4
33.018369 -93.343295 0.0 0.4
33.018327 -93.35397999999999 0.0 0.4
33.018355 -93.36469199999999 0.0 0.4
33.018327 -93.374831 0.0 0.4
33.01831 -93.38902399999999 0.0 0.4
33.018327 -93.40010699999999 0.0 0.4
33.018394 -93.415644 0.0 0.4
33.018477 -93.425688 0.0 0.4
33.018513999999996 -93.43762699999999 0.0 0.4
33.018547999999996 -93.448234 0.0 0.4
33.018583 -93.45926 0.0 0.4
33.01867 -93.469583 0.0 0.4
33.018644 -93.47987499999999 0.0 0.4
33.018671999999995 -93.490246 0.0 0.4
33.018544 -93.50444499999999 0.0 0.4
33.018566 -93.514732 0.0 0.4
33.018626 -93.524925 0.0 0.4
33.018715 -93.54517299999999 0.0 0.4
33.018763 -93.559501 0.0 0.4
33.018856 -93.57184099999999 0.0 0.4
33.018913 -93.58487099999999 0.0 0.4
33.018992 -93.598914 0.0 0.4
33.019065999999995 -93.610563 0.0 0.4
33.019179 -93.621758 0.0 0.4
33.019295 -93.63250099999999 0.0 0.4
33.019380999999996 -93.64537999999999 0.0 0.4
33.019394 -93.657944 0.0 0.4
33.019411 -93.670267 0.0 0.4
33.019456999999996 -93.687055 0.0 0.4
33.019515999999996 -93.70503699999999 0.0 0.4
33.019501 -93.715521 0.0 0.4
33.019436 -93.731251 0.0 0.4
33.019393 -93.74578799999999 0.0 0.4
33.019332999999996 -93.756355 0.0 0.4
33.019273999999996 -93.772944 0.0 0.4
33.019254 -93.790621 0.0 0.4
33.019264 -93.801587 0.0 0.4
33.019307 -93.81459799999999 0.0 0.4
33.019363 -93.826377 0.0 0.4
33.019388 -93.849386 0.0 0.4
33.019467 -93.860708 0.0 0.4
33.019512 -93.87519499999999 0.0 0.4
33.019543 -93.89105599999999 0.0 0.4
33.019560999999996 -93.90114899999999 0.0 0.4
33.019618 -93.91968 0.0 0.4
33.019619999999996 -93.936015 0.0 0.4
33.01957 -93.951641 0.0 0.4
33.019569 -93.971712 0.0 0.4
33.019572 -93.984876 0.0 0.4
33.019566 -94.000219 0.0 0.4
33.019359 -94.01055099999999 0.0 0.4
33.019332 -94.021569 0.0 0.4
33.019245 -94.040731 0.0 0.4
33.053685 -94.043026 0.0 0.4
33.064124 -94.043038 0.0 0.4
33.074425 -94.04305599999999 0.0 0.4
33.086037999999995 -94.04306799999999 0.0 0.4
33.099194 -94.043069 0.0 0.4
33.112473 -94.043072 0.0 0.4
33.131521 -94.043036 0.0 0.4
33.141855 -94.042982 0.0 0.4
33.152567999999995 -94.042994 0.0 0.4
33.163615 -94.04294999999999 0.0 0.4
33.173643 -94.042941 0.0 0.4
33.184894 -94.042915 0.0 0.4
33.194979 -94.04300699999999 0.0 0.4
33.212637 -94.04288799999999 0.0 0.4
33.248743 -94.042958 0.0 0.4
33.260906999999996 -94.042965 0.0 0.4
33.270941 -94.04297 0.0 0.4
33.281855 -94.04296099999999 0.0 0.4
33.295243 -94.042946 0.0 0.4
33.307093 -94.042951 0.0 0.4
33.319987 -94.043003 0.0 0.4
33.33043 -94.04304499999999 0.0 0.4
33.341892 -94.043115 0.0 0.4
33.352013 -94.043086 0.0 0.4
33.362868 -94.04318099999999 0.0 0.4
33.375178 -94.043076 0.0 0.4
33.385658 -94.043121 0.0 0.4
33.39571 -94.04312499999999 0.0 0.4
33.405974 -94.043134 0.0 0.4
33.416858 -94.043043 0.0 0.4
33.42722 -94.04309699999999 0.0 0.4
33.437405 -94.04310799999999 0.0 0.4
33.447448 -94.04309599999999 0.0 0.4
33.457547 -94.04311799999999 0.0 0.4
33.467608999999996 -94.043122 0.0 0.4
33.477622 -94.043176 0.0 0.4
33.487626 -94.043083 0.0 0.4
33.501444 -94.04304499999999 0.0 0.4
33.515582 -94.043122 0.0 0.4
33.528344 -94.043189 0.0 0.4
33.540420999999995 -94.043252 0.0 0.4
33.550985 -94.043308 0.0 0.4
33.551707 -94.054023 0.0 0.4
33.550131 -94.06415299999999 0.0 0.4
33.554916 -94.07341799999999 0.0 0.4
33.56005 -94.064325 0.0 0.4
33.565757 -94.055979 0.0 0.4
33.568805999999995 -94.065523 0.0 0.4
33.577751 -94.070427 0.0 0.4
33.574922 -94.080219 0.0 0.4
33.575202 -94.090378 0.0 0.4
33.572244 -94.100257 0.0 0.4
33.568002 -94.109798 0.0 0.4
33.566986 -94.12066899999999 0.0 0.4
33.556525 -94.121563 0.0 0.4
33.551688999999996 -94.13032299999999 0.0 0.4
33.561943 -94.13357099999999 0.0 0.4
33.566009 -94.142752 0.0 0.4
33.570988 -94.15155299999999 0.0 0.4
33.57751 -94.14304399999999 0.0 0.4
33.575919999999996 -94.152979 0.0 0.4
33.580719 -94.16195499999999 0.0 0.4
33.58965 -94.168538 0.0 0.4
33.591716 -94.178452 0.0 0.4
33.587680999999996 -94.19063899999999 0.0 0.4
33.580534 -94.19841699999999 0.0 0.4
33.582023 -94.20877399999999 0.0 0.4
33.577016 -94.19982 0.0 0.4
33.569874 -94.19241099999999 0.0 0.4
33.559703 -94.190322 0.0 0.4
33.55625 -94.199777 0.0 0.4
33.565911 -94.20326899999999 0.0 0.4
33.563001 -94.213439 0.0 0.4
33.555232 -94.22055999999999 0.0 0.4
33.552243 -94.230863 0.0 0.4
33.553975 -94.24081799999999 0.0 0.4
33.556933 -94.250435 0.0 0.4
33.567751 -94.249318 0.0 0.4
33.575164 -94.242043 0.0 0.4
33.583951 -94.236442 0.0 0.4
33.58929 -94.24526499999999 0.0 0.4
33.585097999999995 -94.254466 0.0 0.4
33.577933 -94.262243 0.0 0.4
33.568864 -94.26850999999999 0.0 0.4
33.560012 -94.27333999999999 0.0 0.4
33.557309 -94.283813 0.0 0.4
33.564413 -94.291294 0.0 0.4
33.572131999999996 -94.283788 0.0 0.4
33.5822 -94.284346 0.0 0.4
33.579457999999995 -94.294511 0.0 0.4
33.572106999999995 -94.30160699999999 0.0 0.4
33.562704 -94.305655 0.0 0.4
33.552872 -94.30834 0.0 0.4
33.549215 -94.31766999999999 0.0 0.4
33.551655 -94.327404 0.0 0.4
33.559888 -94.334137 0.0 0.4
33.567871 -94.34035999999999 0.0 0.4
33.564386 -94.34986699999999 0.0 0.4
33.554313 -94.34846399999999 0.0 0.4
33.544726 -94.352126 0.0 0.4
33.544888 -94.362343 0.0 0.4
33.544698 -94.37248199999999 0.0 0.4
33.544478 -94.38293399999999 0.0 0.4
33.549929999999996 -94.391402 0.0 0.4
33.556246 -94.39987599999999 0.0 0.4
33.565747 -94.396633 0.0 0.4
33.56587 -94.386184 0.0 0.4
33.572369 -94.378164 0.0 0.4
33.583256999999996 -94.38259599999999 0.0 0.4
33.577444 -94.39087099999999 0.0 0.4
33.570851 -94.39871099999999 0.0 0.4
33.568199 -94.40867 0.0 0.4
33.574359 -94.41675599999999 0.0 0.4
33.582713 -94.42294 0.0 0.4
33.590669999999996 -94.429305 0.0 0.4
33.594178 -94.439235 0.0 0.4
33.591049999999996 -94.449951 0.0 0.4
33.597688999999995 -94.457636 0.0 0.4
33.59936 -94.467682 0.0 0.4
33.609469 -94.464984 0.0 0.4
33.614329999999995 -94.45615099999999 0.0 0.4
33.623987 -94.45920699999999 0.0 0.4
33.633036 -94.454897 0.0 0.4
33.639492 -94.447171 0.0 0.4
33.645061999999996 -94.455705 0.0 0.4
33.638524 -94.463775 0.0 0.4
33.637997 -94.473952 0.0 0.4
33.638301999999996 -94.484124 0.0 0.4
33.648990999999995 -94.48564999999999 0.0 0.4
33.659254 -94.485463 0.0 0.4
33.670857 -94.485169 0.0 0.4
33.684623 -94.484741 0.0 0.4
33.696754 -94.484366 0.0 0.4
33.708083 -94.48400799999999 0.0 0.4
33.726835 -94.48344999999999 0.0 0.4
33.738965 -94.48307899999999 0.0 0.4
33.749733 -94.482832 0.0 0.4
33.760359 -94.482574 0.0 0.4
33.775099 -94.48220599999999 0.0 0.4
33.788258 -94.48186199999999 0.0 0.4
33.799245 -94.481343 0.0 0.4
33.80981 -94.48114699999999 0.0 0.4
33.820391 -94.48079 0.0 0.4
33.830425 -94.480582 0.0 0.4
33.841257 -94.480266 0.0 0.4
33.851324 -94.479895 0.0 0.4
33.866566999999996 -94.479473 0.0 0.4
33.876844 -94.479209 0.0 0.4
33.886942 -94.478856 0.0 0.4
33.897297 -94.478653 0.0 0.4
33.910216 -94.47826099999999 0.0 0.4
33.920254 -94.47801899999999 0.0 0.4
33.930349 -94.477676 0.0 0.4
33.94058 -94.477398 0.0 0.4
33.953229 -94.477109 0.0 0.4
33.963502999999996 -94.476844 0.0 0.4
33.975919 -94.47650499999999 0.0 0.4
33.996044 -94.475901 0.0 0.4
34.009374 -94.475471 0.0 0.4
34.020224999999996 -94.47513599999999 0.0 0.4
34.033097999999995 -94.47481499999999 0.0 0.4
34.044264999999996 -94.474499 0.0 0.4
34.054262 -94.474195 0.0 0.4
34.064302 -94.473772 0.0 0.4
34.082837999999995 -94.47331899999999 0.0 0.4
34.09775 -94.472808 0.0 0.4
34.108633 -94.472504 0.0 0.4
34.118836 -94.472268 0.0 0.4
34.129889999999996 -94.472015 0.0 0.4
34.141441 -94.47175 0.0 0.4
34.153559 -94.47147799999999 0.0 0.4
34.16467 -94.471198 0.0 0.4
34.175974 -94.470817 0.0 0.4
34.189721999999996 -94.470345 0.0 0.4
34.20272 -94.46991299999999 0.0 0.4
34.212905 -94.46974 0.0 0.4
34.229600999999995 -94.469338 0.0 0.4
34.244225 -94.468954 0.0 0.4
34.256948 -94.468542 0.0 0.4
34.272855 -94.46817899999999 0.0 0.4
34.286389 -94.467896 0.0 0.4
34.301866 -94.467393 0.0 0.4
34.313972 -94.467069 0.0 0.4
34.325134 -94.466732 0.0 0.4
34.336998 -94.46633399999999 0.0 0.4
34.347787 -94.465952 0.0 0.4
34.358346 -94.465442 0.0 0.4
34.374449 -94.465087 0.0 0.4
34.385489 -94.464731 0.0 0.4
34.396526 -94.464378 0.0 0.4
34.408716999999996 -94.463961 0.0 0.4
34.41934 -94.463597 0.0 0.4
34.429517 -94.463404 0.0 0.4
34.439941 -94.46306 0.0 0.4
34.454181999999996 -94.462616 0.0 0.4
34.468053 -94.46221399999999 0.0 0.4
34.485909 -94.461704 0.0 0.4
34.496931 -94.461438 0.0 0.4
34.507456999999995 -94.46114899999999 0.0 0.4
34.518052 -94.460816 0.0 0.4
34.528155 -94.46055199999999 0.0 0.4
34.538384 -94.46025 0.0 0.4
34.54924 -94.459976 0.0 0.4
34.56375 -94.459535 0.0 0.4
34.57871 -94.45911799999999 0.0 0.4
34.592893 -94.45867199999999 0.0 0.4
34.607388 -94.45827 0.0 0.4
34.621815 -94.457847 0.0 0.4
34.63478 -94.45747399999999 0.0 0.4
34.649339 -94.456999 0.0 0.4
34.665516 -94.456464 0.0 0.4
34.678262 -94.456063 0.0 0.4
34.693503 -94.455598 0.0 0.4
34.706671 -94.455163 0.0 0.4
34.723988999999996 -94.454582 0.0 0.4
34.734595 -94.45425999999999 0.0 0.4
34.749455 -94.45382 0.0 0.4
34.76 -94.453469 0.0 0.4
34.772554 -94.453029 0.0 0.4
34.786211 -94.45260499999999 0.0 0.4
34.796749999999996 -94.452224 0.0 0.4
34.811084 -94.451747 0.0 0.4
34.823501 -94.45135599999999 0.0 0.4
34.839096 -94.450841 0.0 0.4
34.852793 -94.450355 0.0 0.4
34.862983 -94.44992599999999 0.0 0.4
34.873199 -94.449747 0.0 0.4
34.884381999999995 -94.449359 0.0 0.4
34.894388 -94.449015 0.0 0.4
34.907303999999996 -94.448574 0.0 0.4
34.91901 -94.448195 0.0 0.4
34.93372 -94.44756699999999 0.0 0.4
34.948260999999995 -94.447198 0.0 0.4
34.962841 -94.446708 0.0 0.4
34.973583999999995 -94.44634699999999 0.0 0.4
34.985087 -94.445911 0.0 0.4
34.997574 -94.445498 0.0 0.4
35.014241999999996 -94.444919 0.0 0.4
35.025954999999996 -94.444591 0.0 0.4
35.036605 -94.444182 0.0 0.4
35.055901 -94.44348099999999 0.0 0.4
35.06658 -94.443107 0.0 0.4
35.077239999999996 -94.442713 0.0 0.4
35.087761 -94.442347 0.0 0.4
35.101891 -94.441807 0.0 0.4
35.113534 -94.441437 0.0 0.4
35.123957 -94.441068 0.0 0.4
35.135224 -94.440782 0.0 0.4
35.145398 -94.44046999999999 0.0 0.4
35.157087 -94.440028 0.0 0.4
35.168960999999996 -94.43960899999999 0.0 0.4
35.17966 -94.439177 0.0 0.4
35.191323 -94.43875799999999 0.0 0.4
35.201902 -94.438407 0.0 0.4
35.216283 -94.4379 0.0 0.4
35.227222 -94.437473 0.0 0.4
35.237933999999996 -94.43707099999999 0.0 0.4
35.249251 -94.4367 0.0 0.4
35.259586 -94.436324 0.0 0.4
35.271015 -94.435898 0.0 0.4
35.283364999999996 -94.435439 0.0 0.4
35.297892 -94.43476899999999 0.0 0.4
35.307887 -94.43440000000001 0.0 0.4
35.317949 -94.43400299999999 0.0 0.4
35.328485 -94.43361999999999 0.0 0.4
35.338484 -94.433196 0.0 0.4
35.348531 -94.43279199999999 0.0 0.4
35.358764 -94.432394 0.0 0.4
35.368778 -94.431551 0.0 0.4
35.379687 -94.43301799999999 0.0 0.4
35.39008 -94.433291 0.0 0.4
35.402173 -94.432718 0.0 0.4
35.415281 -94.435114 0.0 0.4
35.437025999999996 -94.438988 0.0 0.4
35.447230999999995 -94.440747 0.0 0.4
35.458307999999995 -94.442646 0.0 0.4
35.470698 -94.444769 0.0 0.4
35.487027 -94.447604 0.0 0.4
35.497403 -94.449434 0.0 0.4
35.507461 -94.450897 0.0 0.4
35.522148 -94.453248 0.0 0.4
35.538849 -94.45599399999999 0.0 0.4
35.549808999999996 -94.457939 0.0 0.4
35.560808 -94.459926 0.0 0.4
35.571028999999996 -94.461748 0.0 0.4
35.582632 -94.463563 0.0 0.4
35.592645999999995 -94.46502199999999 0.0 0.4
35.604124 -94.467052 0.0 0.4
35.62352 -94.47021199999999 0.0 0.4
35.638557 -94.472623 0.0 0.4
35.650703 -94.474674 0.0 0.4
35.663717999999996 -94.476919 0.0 0.4
35.673791 -94.478673 0.0 0.4
35.685421 -94.48068599999999 0.0 0.4
35.69613 -94.482539 0.0 0.4
35.706814 -94.484394 0.0 0.4
35.724084999999995 -94.487297 0.0 0.4
35.737269 -94.489493 0.0 0.4
35.748923 -94.491436 0.0 0.4
35.758854 -94.49307499999999 0.0 0.4
35.769622999999996 -94.494812 0.0 0.4
35.781343 -94.49681799999999 0.0 0.4
35.791599 -94.498519 0.0 0.4
35.802301 -94.500429 0.0 0.4
35.817211 -94.503011 0.0 0.4
35.827259 -94.504555 0.0 0.4
35.841239 -94.50692 0.0 0.4
35.855498 -94.50931299999999 0.0 0.4
35.866783 -94.511271 0.0 0.4
35.88446 -94.514412 0.0 0.4
35.89866 -94.516939 0.0 0.4
35.910604 -94.518974 0.0 0.4
35.923331999999995 -94.520985 0.0 0.4
35.933602 -94.52275499999999 0.0 0.4
35.944182999999995 -94.524542 0.0 0.4
35.960792 -94.52745499999999 0.0 0.4
35.970836 -94.529184 0.0 0.4
35.980864 -94.53098899999999 0.0 0.4
35.991271999999995 -94.532838 0.0 0.4
36.001266 -94.53458599999999 0.0 0.4
36.011635999999996 -94.53639799999999 0.0 0.4
36.027797 -94.53913 0.0 0.4
36.038638999999996 -94.541012 0.0 0.4
36.048702 -94.542799 0.0 0.4
36.06023 -94.544913 0.0 0.4
36.070713 -94.54670999999999 0.0 0.4
36.08542 -94.549228 0.0 0.4
36.095628 -94.551019 0.0 0.4
