33.027885999999995 -114.516842 0.0 0.4
33.031731 -114.527555 0.0 0.4
33.033422 -114.538459 0.0 0.4
33.033823 -114.549933 0.0 0.4
33.035285 -114.56085 0.0 0.4
33.036623999999996 -114.571653 0.0 0.4
33.032545 -114.58140399999999 0.0 0.4
33.026227999999996 -114.589778 0.0 0.4
33.02541 -114.60101399999999 0.0 0.4
33.026221 -114.611584 0.0 0.4
33.02872 -114.62387 0.0 0.4
33.038235 -114.633697 0.0 0.4
33.046894 -114.641621 0.0 0.4
33.041148 -114.652684 0.0 0.4
33.032664 -114.659832 0.0 0.4
33.037983 -114.670803 0.0 0.4
33.047064999999996 -114.675041 0.0 0.4
33.057169 -114.674295 0.0 0.4
33.064591 -114.681247 0.0 0.4
33.076121 -114.68912 0.0 0.4
33.085786 -114.692548 0.0 0.4
33.087050999999995 -114.70473 0.0 0.4
33.097431 -114.707896 0.0 0.4
33.113768 -114.703682 0.0 0.4
33.125037 -114.699296 0.0 0.4
33.137724 -114.690246 0.0 0.4
33.147822999999995 -114.684907 0.0 0.4
33.159059 -114.679945 0.0 0.4
33.169074 -114.68089 0.0 0.4
33.18152 -114.67583 0.0 0.4
33.193359 -114.676491 0.0 0.4
33.203448 -114.678749 0.0 0.4
33.213778999999995 -114.675426 0.0 0.4
33.225504 -114.674479 0.0 0.4
33.233758 -114.681566 0.0 0.4
33.241980999999996 -114.687481 0.0 0.4
33.252212 -114.68075999999999 0.0 0.4
33.258499 -114.672088 0.0 0.4
33.270168999999996 -114.677032 0.0 0.4
33.277861 -114.688599 0.0 0.4
33.281915999999995 -114.702873 0.0 0.4
33.285156 -114.71787499999999 0.0 0.4
33.296664 -114.728202 0.0 0.4
33.308273 -114.726484 0.0 0.4
33.315761 -114.71861 0.0 0.4
33.321138999999995 -114.709801 0.0 0.4
33.333466 -114.702481 0.0 0.4
33.345692 -114.69935 0.0 0.4
33.356575 -114.69817 0.0 0.4
33.367134 -114.701959 0.0 0.4
33.375783999999996 -114.707035 0.0 0.4
33.385384 -114.71005 0.0 0.4
33.393094999999995 -114.717777 0.0 0.4
33.401533 -114.72483 0.0 0.4
33.407691 -114.715819 0.0 0.4
33.408003 -114.704481 0.0 0.4
33.414063 -114.696507 0.0 0.4
33.417918 -114.68705299999999 0.0 0.4
33.418816 -114.676862 0.0 0.4
33.416540999999995 -114.666877 0.0 0.4
33.412813 -114.656735 0.0 0.4
33.416745999999996 -114.643302 0.0 0.4
33.422725 -114.635183 0.0 0.4
33.432307 -114.627479 0.0 0.4
33.444747 -114.623122 0.0 0.4
33.455256999999996 -114.623369 0.0 0.4
33.467315 -114.61433099999999 0.0 0.4
33.478435 -114.6049 0.0 0.4
33.486804 -114.598758 0.0 0.4
33.495931999999996 -114.593721 0.0 0.4
33.504903 -114.583747 0.0 0.4
33.507543 -114.573757 0.0 0.4
33.515045 -114.562608 0.0 0.4
33.526663 -114.560098 0.0 0.4
33.539884 -114.546237 0.0 0.4
33.547861999999995 -114.531802 0.0 0.4
33.556916 -114.526763 0.0 0.4
33.565795 -114.533182 0.0 0.4
33.57514 -114.537662 0.0 0.4
33.585924999999996 -114.540474 0.0 0.4
33.595977 -114.536976 0.0 0.4
33.604482 -114.531051 0.0 0.4
33.611277 -114.522071 0.0 0.4
33.619994 -114.528578 0.0 0.4
33.630258999999995 -114.52637 0.0 0.4
33.640668999999995 -114.525394 0.0 0.4
33.648443 -114.533215 0.0 0.4
33.655939 -114.52516299999999 0.0 0.4
33.658014 -114.514559 0.0 0.4
33.66388 -114.526439 0.0 0.4
33.675108 -114.53152299999999 0.0 0.4
33.685879 -114.523959 0.0 0.4
33.691282 -114.512409 0.0 0.4
33.695059 -114.500788 0.0 0.4
33.705394999999996 -114.494407 0.0 0.4
33.716393 -114.495387 0.0 0.4
33.724584 -114.502661 0.0 0.4
33.731802 -114.5098 0.0 0.4
33.746344 -114.506 0.0 0.4
33.756381 -114.50434 0.0 0.4
33.766501 -114.506672 0.0 0.4
33.776314 -114.510958 0.0 0.4
33.786545 -114.515969 0.0 0.4
33.796414999999996 -114.518642 0.0 0.4
33.80612 -114.523365 0.0 0.4
33.814963 -114.52805 0.0 0.4
33.822030999999996 -114.520733 0.0 0.4
33.832256 -114.522169 0.0 0.4
33.84256 -114.527215 0.0 0.4
33.852228 -114.530074 0.0 0.4
33.859964999999995 -114.52287 0.0 0.4
33.860689 -114.512459 0.0 0.4
33.866448 -114.50341399999999 0.0 0.4
33.876882 -114.50434 0.0 0.4
33.882884 -114.512467 0.0 0.4
33.889776 -114.519981 0.0 0.4
33.898378 -114.525541 0.0 0.4
33.897808999999995 -114.51499 0.0 0.4
33.906098 -114.508558 0.0 0.4
33.914214 -114.514503 0.0 0.4
33.921220999999996 -114.523393 0.0 0.4
33.925004 -114.533284 0.0 0.4
33.935759 -114.534961 0.0 0.4
33.945302 -114.529897 0.0 0.4
33.953517 -114.524014 0.0 0.4
33.958149 -114.51497 0.0 0.4
33.959320999999996 -114.50501 0.0 0.4
33.96589 -114.496042 0.0 0.4
33.972832 -114.488459 0.0 0.4
33.980708 -114.481971 0.0 0.4
33.986384 -114.473219 0.0 0.4
33.993423 -114.465499 0.0 0.4
34.003462999999996 -114.465465 0.0 0.4
34.011838 -114.459861 0.0 0.4
34.01421 -114.446815 0.0 0.4
34.022608999999996 -114.438266 0.0 0.4
34.033023 -114.43541 0.0 0.4
34.04373 -114.435816 0.0 0.4
34.05381 -114.439406 0.0 0.4
34.067021 -114.438416 0.0 0.4
34.077491 -114.435907 0.0 0.4
34.087379 -114.434181 0.0 0.4
34.094668999999996 -114.427202 0.0 0.4
34.103466 -114.420499 0.0 0.4
34.110031 -114.41168 0.0 0.4
34.11163 -114.401571 0.0 0.4
34.110084 -114.390565 0.0 0.4
34.114897 -114.381506 0.0 0.4
34.117519 -114.369292 0.0 0.4
34.123577 -114.360402 0.0 0.4
34.132263 -114.354228 0.0 0.4
34.134318 -114.344054 0.0 0.4
34.134684 -114.333056 0.0 0.4
34.138093 -114.321618 0.0 0.4
34.144186 -114.313056 0.0 0.4
34.151995 -114.306498 0.0 0.4
34.15945 -114.299009 0.0 0.4
34.167055999999995 -114.292371 0.0 0.4
34.171679999999995 -114.279011 0.0 0.4
34.170263999999996 -114.268993 0.0 0.4
34.172391999999995 -114.259085 0.0 0.4
34.179403 -114.244421 0.0 0.4
34.185122 -114.235417 0.0 0.4
34.191238 -114.225814 0.0 0.4
34.201774 -114.225861 0.0 0.4
34.208956 -114.215454 0.0 0.4
34.216647 -114.20692 0.0 0.4
34.223407 -114.199036 0.0 0.4
34.230858 -114.190876 0.0 0.4
34.239812 -114.17827 0.0 0.4
34.248267999999996 -114.171635 0.0 0.4
34.255376999999996 -114.163959 0.0 0.4
34.258289 -114.153346 0.0 0.4
34.259084 -114.141737 0.0 0.4
34.260387 -114.131489 0.0 0.4
34.272326 -114.136075 0.0 0.4
34.283936 -114.13667699999999 0.0 0.4
34.294969 -114.139395 0.0 0.4
34.305589 -114.140605 0.0 0.4
34.3121 -114.149631 0.0 0.4
34.320277 -114.157939 0.0 0.4
34.330816 -114.164249 0.0 0.4
34.344978999999995 -114.172845 0.0 0.4
34.352185999999996 -114.181145 0.0 0.4
34.356125 -114.19109399999999 0.0 0.4
34.361514 -114.201055 0.0 0.4
34.362368 -114.21234799999999 0.0 0.4
34.365916 -114.226107 0.0 0.4
34.373902 -114.23245 0.0 0.4
34.381426 -114.239867 0.0 0.4
34.388113 -114.248649 0.0 0.4
34.395046 -114.25822 0.0 0.4
34.402021 -114.265883 0.0 0.4
34.403000999999996 -114.27713299999999 0.0 0.4
34.40539 -114.286874 0.0 0.4
34.414794 -114.291969 0.0 0.4
34.425132 -114.299101 0.0 0.4
34.430485 -114.308659 0.0 0.4
34.435831 -114.319054 0.0 0.4
34.4406 -114.328125 0.0 0.4
34.449335 -114.334251 0.0 0.4
34.451197 -114.344379 0.0 0.4
34.449749 -114.355976 0.0 0.4
34.447358 -114.367282 0.0 0.4
34.450376 -114.378852 0.0 0.4
34.457910999999996 -114.386699 0.0 0.4
34.470405 -114.38352499999999 0.0 0.4
34.481049 -114.381935 0.0 0.4
34.491133 -114.382935 0.0 0.4
34.501004 -114.380638 0.0 0.4
34.516521 -114.378223 0.0 0.4
34.527153 -114.380329 0.0 0.4
34.542004 -114.388956 0.0 0.4
34.552232 -114.394892 0.0 0.4
34.563246 -114.401391 0.0 0.4
34.580456999999996 -114.421989 0.0 0.4
34.592572 -114.434386 0.0 0.4
34.600842 -114.425338 0.0 0.4
34.612147 -114.426001 0.0 0.4
34.618769 -114.434762 0.0 0.4
34.628155 -114.440579 0.0 0.4
34.638239999999996 -114.440294 0.0 0.4
34.647542 -114.445664 0.0 0.4
34.654429 -114.45407 0.0 0.4
34.664654999999996 -114.451208 0.0 0.4
34.674490999999996 -114.454823 0.0 0.4
34.683485 -114.460078 0.0 0.4
34.69226 -114.465607 0.0 0.4
34.703313 -114.468217 0.0 0.4
34.712966 -114.47162 0.0 0.4
34.714534 -114.482358 0.0 0.4
34.723951 -114.490599 0.0 0.4
34.729604 -114.499838 0.0 0.4
34.733582 -114.51029199999999 0.0 0.4
34.739916 -114.519876 0.0 0.4
34.747927 -114.526638 0.0 0.4
34.754346 -114.535921 0.0 0.4
34.761801999999996 -114.546884 0.0 0.4
34.769259999999996 -114.554795 0.0 0.4
34.77812 -114.561246 0.0 0.4
34.787695 -114.566275 0.0 0.4
34.796343 -114.571847 0.0 0.4
34.807210999999995 -114.574675 0.0 0.4
34.817116999999996 -114.577161 0.0 0.4
34.828188 -114.582197 0.0 0.4
34.83665 -114.587705 0.0 0.4
34.84374 -114.595607 0.0 0.4
34.849449 -114.604045 0.0 0.4
34.853724 -114.613207 0.0 0.4
34.859738 -114.62393900000001 0.0 0.4
34.867069 -114.631152 0.0 0.4
34.876902 -114.635458 0.0 0.4
34.889106999999996 -114.636725 0.0 0.4
34.900917 -114.633175 0.0 0.4
34.91082 -114.630625 0.0 0.4
34.920555 -114.633056 0.0 0.4
34.930628 -114.632196 0.0 0.4
34.943039999999996 -114.629769 0.0 0.4
34.952964 -114.632483 0.0 0.4
34.962852999999996 -114.63514599999999 0.0 0.4
34.974585999999995 -114.632413 0.0 0.4
34.985873 -114.629152 0.0 0.4
34.998124 -114.631608 0.0 0.4
35.007804 -114.636289 0.0 0.4
35.018513999999996 -114.637924 0.0 0.4
35.029542 -114.636329 0.0 0.4
35.039881 -114.631052 0.0 0.4
35.048814 -114.62156 0.0 0.4
35.054904 -114.611871 0.0 0.4
35.06185 -114.604668 0.0 0.4
35.073715 -114.604182 0.0 0.4
35.082263 -114.612084 0.0 0.4
35.088702999999995 -114.622517 0.0 0.4
35.092559 -114.632053 0.0 0.4
35.096011 -114.641649 0.0 0.4
35.105903 -114.64435399999999 0.0 0.4
35.113085999999996 -114.636709 0.0 0.4
35.118943 -114.628427 0.0 0.4
35.121556999999996 -114.618586 0.0 0.4
35.121446999999996 -114.608071 0.0 0.4
35.121735 -114.597794 0.0 0.4
35.124728999999995 -114.586186 0.0 0.4
35.130362 -114.577465 0.0 0.4
35.139556999999996 -114.572597 0.0 0.4
35.154139 -114.571626 0.0 0.4
35.163973999999996 -114.569345 0.0 0.4
35.175084999999996 -114.568989 0.0 0.4
35.185085 -114.569489 0.0 0.4
35.19553 -114.571596 0.0 0.4
35.205481 -114.57423299999999 0.0 0.4
35.215520999999995 -114.579921 0.0 0.4
35.22783 -114.582866 0.0 0.4
35.238703 -114.582842 0.0 0.4
35.248598 -114.585975 0.0 0.4
35.259181 -114.586074 0.0 0.4
35.269428 -114.589416 0.0 0.4
35.281800000000004 -114.59266099999999 0.0 0.4
35.291928 -114.596264 0.0 0.4
35.303222999999996 -114.59721 0.0 0.4
35.321883 -114.595163 0.0 0.4
35.333131 -114.597508 0.0 0.4
35.343416 -114.60056 0.0 0.4
35.354825 -114.604465 0.0 0.4
35.366417 -114.609501 0.0 0.4
35.377021 -114.615625 0.0 0.4
35.389390999999996 -114.618984 0.0 0.4
35.39945 -114.621783 0.0 0.4
35.409644 -114.626765 0.0 0.4
35.415972 -114.634649 0.0 0.4
35.428877 -114.650735 0.0 0.4
35.438362 -114.655331 0.0 0.4
35.446449 -114.662896 0.0 0.4
35.457330999999996 -114.665142 0.0 0.4
35.467985 -114.665988 0.0 0.4
35.475843 -114.673585 0.0 0.4
35.487379 -114.67488 0.0 0.4
35.497628 -114.678642 0.0 0.4
35.508773 -114.67762 0.0 0.4
35.517959 -114.673316 0.0 0.4
35.522161 -114.663983 0.0 0.4
35.530432999999995 -114.657967 0.0 0.4
35.540433 -114.660335 0.0 0.4
35.551524 -114.661738 0.0 0.4
35.562593 -114.66311400000001 0.0 0.4
35.574331 -114.668393 0.0 0.4
35.584317999999996 -114.667635 0.0 0.4
35.588713 -114.658629 0.0 0.4
35.598490999999996 -114.65390000000001 0.0 0.4
35.609671999999996 -114.653534 0.0 0.4
35.619552 -114.659461 0.0 0.4
35.627114999999996 -114.668087 0.0 0.4
35.637530999999996 -114.674543 0.0 0.4
35.644988999999995 -114.681783 0.0 0.4
35.651429 -114.68950699999999 0.0 0.4
35.662656999999996 -114.690494 0.0 0.4
35.671906 -114.685396 0.0 0.4
35.682255 -114.680827 0.0 0.4
35.691354 -114.688113 0.0 0.4
35.697114 -114.696876 0.0 0.4
35.705993 -114.704501 0.0 0.4
35.716134 -114.70379199999999 0.0 0.4
35.725536 -114.699978 0.0 0.4
35.735261 -114.697129 0.0 0.4
35.745472 -114.696606 0.0 0.4
35.755528999999996 -114.695675 0.0 0.4
35.766858 -114.700256 0.0 0.4
35.777257 -114.700664 0.0 0.4
35.788046 -114.699036 0.0 0.4
35.796637 -114.704248 0.0 0.4
35.80438 -114.71149 0.0 0.4
35.812807 -114.705518 0.0 0.4
35.822004 -114.700654 0.0 0.4
35.830574999999996 -114.695386 0.0 0.4
35.839316 -114.701478 0.0 0.4
35.848073 -114.70652799999999 0.0 0.4
35.853727 -114.696581 0.0 0.4
35.860728 -114.687798 0.0 0.4
35.863482 -114.677573 0.0 0.4
35.867061 -114.667471 0.0 0.4
35.878018 -114.672009 0.0 0.4
35.88551 -114.678972 0.0 0.4
35.892700999999995 -114.68964 0.0 0.4
35.89936 -114.697558 0.0 0.4
35.907308 -114.704289 0.0 0.4
35.916827 -114.709187 0.0 0.4
35.927949999999996 -114.707603 0.0 0.4
35.93591 -114.714614 0.0 0.4
35.944691999999996 -114.720259 0.0 0.4
35.954198999999996 -114.726206 0.0 0.4
35.963294999999995 -114.730553 0.0 0.4
35.975545 -114.74053599999999 0.0 0.4
35.985416 -114.743652 0.0 0.4
35.996159999999996 -114.740829 0.0 0.4
36.006721999999996 -114.743163 0.0 0.4
36.015689 -114.73804 0.0 0.4
36.021263999999995 -114.729069 0.0 0.4
36.028952 -114.722096 0.0 0.4
36.035481 -114.729873 0.0 0.4
36.037467 -114.74001799999999 0.0 0.4
36.047877 -114.741677 0.0 0.4
36.056647999999996 -114.735285 0.0 0.4
36.065453999999995 -114.741129 0.0 0.4
36.073893999999996 -114.747725 0.0 0.4
36.083093 -114.754032 0.0 0.4
36.094894 -114.749147 0.0 0.4
36.101895 -114.739202 0.0 0.4
36.105927 -114.726063 0.0 0.4
36.107321 -114.715702 0.0 0.4
36.108273 -114.705566 0.0 0.4
36.110856999999996 -114.695899 0.0 0.4
36.110257 -114.685812 0.0 0.4
36.113392999999995 -114.675719 0.0 0.4
36.116098 -114.665716 0.0 0.4
36.124127 -114.658131 0.0 0.4
36.129844999999996 -114.649057 0.0 0.4
36.135126 -114.640125 0.0 0.4
36.141348 -114.631414 0.0 0.4
36.134268 -114.622264 0.0 0.4
36.131037 -114.611688 0.0 0.4
36.140554 -114.598067 0.0 0.4
36.143896999999996 -114.58764 0.0 0.4
36.148845 -114.57706 0.0 0.4
36.150824 -114.564709 0.0 0.4
36.152257 -114.554461 0.0 0.4
36.151871 -114.543232 0.0 0.4
36.149282 -114.532924 0.0 0.4
36.149752 -114.519197 0.0 0.4
36.149713 -114.508104 0.0 0.4
36.143226 -114.500236 0.0 0.4
36.134575999999996 -114.508407 0.0 0.4
36.126556 -114.501798 0.0 0.4
36.128031 -114.491836 0.0 0.4
36.132683 -114.478248 0.0 0.4
36.138889 -114.468674 0.0 0.4
36.138031999999995 -114.456487 0.0 0.4
36.127752 -114.448795 0.0 0.4
36.130057 -114.435507 0.0 0.4
36.135618 -114.42593600000001 0.0 0.4
36.142770999999996 -114.418193 0.0 0.4
36.146983 -114.405624 0.0 0.4
36.144560999999996 -114.394328 0.0 0.4
36.141556 -114.382365 0.0 0.4
36.143206 -114.371736 0.0 0.4
36.134071999999996 -114.364499 0.0 0.4
36.12666 -114.357276 0.0 0.4
36.121147 -114.348592 0.0 0.4
36.113457 -114.34094999999999 0.0 0.4
36.106342 -114.333587 0.0 0.4
36.101186 -114.323458 0.0 0.4
36.093409 -114.316983 0.0 0.4
36.082487 -114.306939 0.0 0.4
36.071478 -114.305853 0.0 0.4
36.064147999999996 -114.31360000000001 0.0 0.4
36.05746 -114.300971 0.0 0.4
36.052262999999996 -114.291927 0.0 0.4
36.046102999999995 -114.279637 0.0 0.4
36.043769 -114.269548 0.0 0.4
36.032845 -114.267446 0.0 0.4
36.024206 -114.259518 0.0 0.4
36.018556 -114.248419 0.0 0.4
36.014472999999995 -114.238154 0.0 0.4
36.014731 -114.228015 0.0 0.4
36.014336 -114.216609 0.0 0.4
36.016633999999996 -114.206052 0.0 0.4
36.019131 -114.194671 0.0 0.4
36.023274 -114.182752 0.0 0.4
36.026752 -114.173267 0.0 0.4
36.026618 -114.16311 0.0 0.4
36.02317 -114.1534 0.0 0.4
36.03049 -114.145757 0.0 0.4
36.037189999999995 -114.13826 0.0 0.4
36.04716 -114.135199 0.0 0.4
36.061665 -114.133389 0.0 0.4
36.070662 -114.127871 0.0 0.4
36.082755 -114.121186 0.0 0.4
36.090866 -114.115311 0.0 0.4
36.101177 -114.11707 0.0 0.4
36.11085 -114.120865 0.0 0.4
36.119154 -114.108381 0.0 0.4
36.12019 -114.097773 0.0 0.4
36.13028 -114.093488 0.0 0.4
36.140326 -114.089279 0.0 0.4
36.150208 -114.081234 0.0 0.4
36.162523 -114.075641 0.0 0.4
36.171709 -114.071184 0.0 0.4
36.181275 -114.064823 0.0 0.4
36.188987999999995 -114.056345 0.0 0.4
36.1927 -114.046902 0.0 0.4
36.202273 -114.043983 0.0 0.4
36.212478 -114.04404 0.0 0.4
36.223528 -114.044034 0.0 0.4
36.234231 -114.043965 0.0 0.4
36.245114 -114.043849 0.0 0.4
36.258744 -114.044696 0.0 0.4
36.270719 -114.045325 0.0 0.4
36.280989 -114.045536 0.0 0.4
36.291713 -114.045453 0.0 0.4
36.301966 -114.045072 0.0 0.4
36.314251 -114.04416 0.0 0.4
36.329023 -114.044628 0.0 0.4
36.341743 -114.044726 0.0 0.4
36.361081999999996 -114.043999 0.0 0.4
36.371797 -114.043568 0.0 0.4
36.38587 -114.043034 0.0 0.4
36.438277 -114.042819 0.0 0.4
36.449494 -114.042861 0.0 0.4
36.462461999999995 -114.043004 0.0 0.4
36.474295999999995 -114.04348 0.0 0.4
36.486626 -114.044446 0.0 0.4
36.498447 -114.044939 0.0 0.4
36.511616 -114.045279 0.0 0.4
36.522514 -114.04565 0.0 0.4
36.532838 -114.045677 0.0 0.4
36.545415999999996 -114.045898 0.0 0.4
36.555732 -114.046123 0.0 0.4
36.566268 -114.046363 0.0 0.4
36.577193 -114.04665 0.0 0.4
36.590219 -114.046994 0.0 0.4
36.600322 -114.047281 0.0 0.4
36.611415 -114.047568 0.0 0.4
36.622732 -114.047793 0.0 0.4
36.637215999999995 -114.048112 0.0 0.4
36.647802999999996 -114.048383 0.0 0.4
36.658591 -114.048656 0.0 0.4
36.677693999999995 -114.049142 0.0 0.4
36.69491 -114.049528 0.0 0.4
36.709520999999995 -114.049935 0.0 0.4
36.723272 -114.050018 0.0 0.4
36.733942 -114.049989 0.0 0.4
36.746621999999995 -114.050169 0.0 0.4
36.758176999999996 -114.050245 0.0 0.4
36.768315 -114.050087 0.0 0.4
36.780387999999995 -114.049902 0.0 0.4
36.792472 -114.049935 0.0 0.4
36.804144 -114.050044 0.0 0.4
36.815652 -114.050141 0.0 0.4
36.826913999999995 -114.050115 0.0 0.4
36.839998 -114.050302 0.0 0.4
36.850100999999995 -114.050343 0.0 0.4
36.870984 -114.050314 0.0 0.4
36.881401 -114.050366 0.0 0.4
36.89262 -114.050464 0.0 0.4
36.903154 -114.050423 0.0 0.4
36.932513 -114.050223 0.0 0.4
36.947621 -114.050113 0.0 0.4
36.957769 -114.049995 0.0 0.4
36.972539 -114.050205 0.0 0.4
36.992461999999996 -114.05049 0.0 0.4
37.000183 -114.038021 0.0 0.4
37.000181 -114.023586 0.0 0.4
37.000172 -114.004345 0.0 0.4
37.000175999999996 -113.994013 0.0 0.4
37.000177 -113.983906 0.0 0.4
37.000178 -113.971657 0.0 0.4
37.000186 -113.961219 0.0 0.4
37.000195999999995 -113.945232 0.0 0.4
37.000191 -113.93512799999999 0.0 0.4
37.000187 -113.92396600000001 0.0 0.4
37.000175 -113.913284 0.0 0.4
37.000169 -113.900776 0.0 0.4
37.000156 -113.875857 0.0 0.4
37.000144999999996 -113.84834599999999 0.0 0.4
37.000119999999995 -113.781796 0.0 0.4
37.000113999999996 -113.768883 0.0 0.4
37.00011 -113.758529 0.0 0.4
37.000083 -113.733555 0.0 0.4
37.00007 -113.70542 0.0 0.4
37.000052 -113.678969 0.0 0.4
37.000049 -113.667748 0.0 0.4
37.000035 -113.650548 0.0 0.4
37.00002 -113.638247 0.0 0.4
37.000014 -113.625785 0.0 0.4
37.000014 -113.614834 0.0 0.4
37.000021 -113.603354 0.0 0.4
37.000014 -113.59269499999999 0.0 0.4
37.000015999999995 -113.58100999999999 0.0 0.4
37.000021 -113.567041 0.0 0.4
37.000012 -113.556352 0.0 0.4
37.000011 -113.544647 0.0 0.4
37.000023 -113.533391 0.0 0.4
37.000012999999996 -113.521298 0.0 0.4
37.000009999999996 -113.510606 0.0 0.4
37.000004 -113.499449 0.0 0.4
36.999984999999995 -113.48915099999999 0.0 0.4
36.999992 -113.47724099999999 0.0 0.4
36.99998 -113.467092 0.0 0.4
36.999981999999996 -113.455546 0.0 0.4
36.999981999999996 -113.445071 0.0 0.4
36.999981999999996 -113.432892 0.0 0.4
36.999981 -113.415634 0.0 0.4
36.999981 -113.405239 0.0 0.4
36.999983 -113.394165 0.0 0.4
36.99998 -113.382464 0.0 0.4
36.999983 -113.370857 0.0 0.4
36.999983 -113.357379 0.0 0.4
36.999984999999995 -113.345672 0.0 0.4
36.999984 -113.335579 0.0 0.4
36.999992 -113.323874 0.0 0.4
36.999991 -113.313829 0.0 0.4
36.999991 -113.302659 0.0 0.4
36.999992999999996 -113.291998 0.0 0.4
36.999995999999996 -113.280094 0.0 0.4
36.999998 -113.269025 0.0 0.4
37.0 -113.257889 0.0 0.4
37.0 -113.247776 0.0 0.4
36.999995999999996 -113.236406 0.0 0.4
36.999992999999996 -113.22567 0.0 0.4
36.999998 -113.20208099999999 0.0 0.4
37.000012999999996 -113.189697 0.0 0.4
37.000031 -113.176816 0.0 0.4
37.00005 -113.164398 0.0 0.4
37.000059 -113.146828 0.0 0.4
37.00006 -113.136709 0.0 0.4
37.000062 -113.121131 0.0 0.4
37.000071 -113.09869499999999 0.0 0.4
37.000063 -113.079902 0.0 0.4
37.000043 -113.064954 0.0 0.4
37.00007 -113.053439 0.0 0.4
37.000093 -113.04216 0.0 0.4
37.000116 -113.031893 0.0 0.4
37.000128 -113.020956 0.0 0.4
37.000143 -113.010331 0.0 0.4
37.000152 -112.99883 0.0 0.4
37.000167999999995 -112.988319 0.0 0.4
37.000188 -112.975788 0.0 0.4
37.000208 -112.96490299999999 0.0 0.4
37.000226999999995 -112.953813 0.0 0.4
37.00025 -112.940386 0.0 0.4
37.000268999999996 -112.928843 0.0 0.4
37.000298 -112.916574 0.0 0.4
37.000319999999995 -112.902701 0.0 0.4
37.000479999999996 -112.884323 0.0 0.4
37.00053 -112.868545 0.0 0.4
37.000524999999996 -112.85242 0.0 0.4
37.000516 -112.829503 0.0 0.4
37.000507999999996 -112.808862 0.0 0.4
37.000492 -112.769761 0.0 0.4
37.000482999999996 -112.750861 0.0 0.4
37.000547999999995 -112.735821 0.0 0.4
37.000592999999995 -112.725547 0.0 0.4
37.000594 -112.706842 0.0 0.4
37.000596 -112.695354 0.0 0.4
37.000599 -112.660702 0.0 0.4
37.000600999999996 -112.636488 0.0 0.4
37.000626 -112.62576 0.0 0.4
37.000741 -112.615624 0.0 0.4
37.000636 -112.599744 0.0 0.4
37.000685 -112.582895 0.0 0.4
37.000684 -112.568067 0.0 0.4
37.000710999999995 -112.557292 0.0 0.4
37.000789999999995 -112.545094 0.0 0.4
37.000768 -112.534547 0.0 0.4
37.000796 -112.516823 0.0 0.4
37.00087 -112.504767 0.0 0.4
37.000824 -112.494493 0.0 0.4
37.000944 -112.484312 0.0 0.4
37.000949999999996 -112.472203 0.0 0.4
37.000962 -112.448457 0.0 0.4
37.000974 -112.430409 0.0 0.4
37.00098 -112.416793 0.0 0.4
37.000994 -112.393787 0.0 0.4
37.000999 -112.38182499999999 0.0 0.4
37.001053999999996 -112.368251 0.0 0.4
37.001059999999995 -112.357955 0.0 0.4
37.001033 -112.343009 0.0 0.4
37.001048 -112.33263 0.0 0.4
37.001044 -112.321502 0.0 0.4
37.001049 -112.310376 0.0 0.4
37.001228999999995 -112.298158 0.0 0.4
37.001227 -112.287176 0.0 0.4
37.001214 -112.277106 0.0 0.4
37.001208 -112.259886 0.0 0.4
37.001197999999995 -112.246257 0.0 0.4
37.001131 -112.235044 0.0 0.4
37.001128 -112.212797 0.0 0.4
37.001126 -112.19004699999999 0.0 0.4
37.001127 -112.178844 0.0 0.4
37.001114 -112.125314 0.0 0.4
37.001101999999996 -112.104749 0.0 0.4
37.001098999999996 -112.084577 0.0 0.4
37.0011 -112.064206 0.0 0.4
37.001098 -112.051099 0.0 0.4
37.001098 -112.038528 0.0 0.4
37.001070999999996 -112.024521 0.0 0.4
37.001002 -112.010062 0.0 0.4
37.000961 -111.999154 0.0 0.4
37.000982 -111.987196 0.0 0.4
37.00102 -111.965405 0.0 0.4
37.001126 -111.904261 0.0 0.4
37.001162 -111.88388 0.0 0.4
37.001171 -111.865618 0.0 0.4
37.001087 -111.852557 0.0 0.4
37.001123 -111.833031 0.0 0.4
37.001207 -111.820086 0.0 0.4
37.001211999999995 -111.80843 0.0 0.4
37.001217 -111.793757 0.0 0.4
37.001222999999996 -111.777692 0.0 0.4
37.00123 -111.760757 0.0 0.4
37.001235 -111.750724 0.0 0.4
37.001281 -111.725672 0.0 0.4
37.0013 -111.715356 0.0 0.4
37.001343999999996 -111.692279 0.0 0.4
37.001355 -111.67869 0.0 0.4
37.001366999999995 -111.66352499999999 0.0 0.4
37.001377999999995 -111.650925 0.0 0.4
37.001387 -111.640564 0.0 0.4
37.001396 -111.62973 0.0 0.4
37.001445 -111.618462 0.0 0.4
37.001442 -111.603158 0.0 0.4
37.001416 -111.592373 0.0 0.4
37.001481 -111.574084 0.0 0.4
37.001529 -111.555099 0.0 0.4
37.001549 -111.538845 0.0 0.4
37.001554 -111.52287 0.0 0.4
37.001563999999995 -111.506849 0.0 0.4
37.001585 -111.496607 0.0 0.4
37.001581 -111.486592 0.0 0.4
37.001577999999995 -111.476571 0.0 0.4
37.001574999999995 -111.462036 0.0 0.4
37.001573 -111.451855 0.0 0.4
37.001563 -111.429512 0.0 0.4
37.001509 -111.414601 0.0 0.4
37.001498999999995 -111.404482 0.0 0.4
37.001495999999996 -111.393152 0.0 0.4
37.001492 -111.380802 0.0 0.4
37.001487999999995 -111.367658 0.0 0.4
37.001486 -111.355398 0.0 0.4
37.00148 -111.33380199999999 0.0 0.4
37.001478 -111.31913 0.0 0.4
37.001476 -111.308602 0.0 0.4
37.001236999999996 -111.297991 0.0 0.4
37.001087999999996 -111.278939 0.0 0.4
37.001067 -111.267702 0.0 0.4
37.001041 -111.257355 0.0 0.4
37.001044 -111.246625 0.0 0.4
37.001087999999996 -111.2363 0.0 0.4
37.001031 -111.213905 0.0 0.4
37.000959 -111.190144 0.0 0.4
37.00094 -111.168143 0.0 0.4
37.000949999999996 -111.153489 0.0 0.4
37.001086 -111.143404 0.0 0.4
37.001796999999996 -111.098929 0.0 0.4
37.00206 -111.083052 0.0 0.4
37.002342 -111.064951 0.0 0.4
37.002353 -111.045409 0.0 0.4
37.002365999999995 -111.019224 0.0 0.4
37.002379 -111.004564 0.0 0.4
37.00239 -110.993371 0.0 0.4
37.002556999999996 -110.95692199999999 0.0 0.4
37.002438999999995 -110.916892 0.0 0.4
37.002435999999996 -110.897623 0.0 0.4
37.002443 -110.884469 0.0 0.4
37.002449999999996 -110.860389 0.0 0.4
37.002452999999996 -110.849837 0.0 0.4
37.002479 -110.837768 0.0 0.4
37.002511 -110.810463 0.0 0.4
37.003102 -110.799716 0.0 0.4
37.002683 -110.789356 0.0 0.4
37.002865 -110.766785 0.0 0.4
37.002967 -110.75547399999999 0.0 0.4
37.003083 -110.741926 0.0 0.4
37.003119 -110.731192 0.0 0.4
37.003181 -110.719383 0.0 0.4
37.00328 -110.707522 0.0 0.4
37.003513 -110.673167 0.0 0.4
37.003603999999996 -110.653676 0.0 0.4
37.003689 -110.633338 0.0 0.4
37.00354 -110.622585 0.0 0.4
37.003567 -110.608771 0.0 0.4
37.003614999999996 -110.588213 0.0 0.4
37.003627 -110.576844 0.0 0.4
37.003636 -110.56351599999999 0.0 0.4
37.003603999999996 -110.550573 0.0 0.4
37.003582 -110.530333 0.0 0.4
37.003589 -110.510704 0.0 0.4
37.003613 -110.49578 0.0 0.4
37.001276 -110.482224 0.0 0.4
36.997657 -110.469733 0.0 0.4
36.99771 -110.438345 0.0 0.4
36.99773 -110.424766 0.0 0.4
36.997754 -110.40349 0.0 0.4
36.997771 -110.387696 0.0 0.4
36.997788 -110.37700000000001 0.0 0.4
36.997828 -110.365629 0.0 0.4
36.997941 -110.34764 0.0 0.4
36.997983999999995 -110.33035699999999 0.0 0.4
36.997989 -110.31918999999999 0.0 0.4
36.997988 -110.308201 0.0 0.4
36.997968 -110.297393 0.0 0.4
36.997991 -110.284541 0.0 0.4
36.99801 -110.271942 0.0 0.4
36.998035 -110.258989 0.0 0.4
36.998056 -110.247484 0.0 0.4
36.998086 -110.23463100000001 0.0 0.4
36.998143 -110.21987 0.0 0.4
36.998146 -110.205727 0.0 0.4
36.998213 -110.193821 0.0 0.4
36.998249 -110.176722 0.0 0.4
36.998253999999996 -110.165634 0.0 0.4
36.998270999999995 -110.155461 0.0 0.4
36.998284 -110.145436 0.0 0.4
36.998286 -110.134355 0.0 0.4
36.998292 -110.124124 0.0 0.4
36.998301 -110.111611 0.0 0.4
36.998326999999996 -110.094072 0.0 0.4
36.998293 -110.083137 0.0 0.4
36.998295 -110.072158 0.0 0.4
36.998292 -110.062121 0.0 0.4
36.998323 -110.032084 0.0 0.4
36.998337 -110.016369 0.0 0.4
36.998346999999995 -110.004347 0.0 0.4
36.998354 -109.990723 0.0 0.4
36.998363 -109.98029 0.0 0.4
36.998415 -109.968286 0.0 0.4
36.998416999999996 -109.953876 0.0 0.4
36.998414 -109.940279 0.0 0.4
36.998405999999996 -109.92806 0.0 0.4
36.998391 -109.917733 0.0 0.4
36.998374 -109.907721 0.0 0.4
36.998359 -109.892468 0.0 0.4
36.998501999999995 -109.875399 0.0 0.4
36.998354 -109.861563 0.0 0.4
36.998329 -109.847759 0.0 0.4
36.998306 -109.83498900000001 0.0 0.4
36.998262 -109.809546 0.0 0.4
36.998235 -109.794204 0.0 0.4
36.998227 -109.779264 0.0 0.4
36.998235 -109.76431099999999 0.0 0.4
36.998307 -109.75301400000001 0.0 0.4
36.998298 -109.7419 0.0 0.4
36.998287 -109.709818 0.0 0.4
36.998281999999996 -109.699231 0.0 0.4
36.998272 -109.688948 0.0 0.4
36.998266 -109.678545 0.0 0.4
36.998263 -109.666834 0.0 0.4
36.998252 -109.639728 0.0 0.4
36.998248 -109.62933 0.0 0.4
36.998352 -109.614232 0.0 0.4
36.998526 -109.59764 0.0 0.4
36.998653999999995 -109.585481 0.0 0.4
36.998761 -109.575378 0.0 0.4
36.998892999999995 -109.562869 0.0 0.4
36.999147 -109.537815 0.0 0.4
36.999178 -109.522212 0.0 0.4
36.999168999999995 -109.508639 0.0 0.4
36.999159999999996 -109.495307 0.0 0.4
36.999159 -109.479643 0.0 0.4
36.999157 -109.467947 0.0 0.4
36.999154 -109.454388 0.0 0.4
36.999159 -109.435863 0.0 0.4
36.999174 -109.41895 0.0 0.4
36.999185 -109.407346 0.0 0.4
36.999193999999996 -109.393955 0.0 0.4
36.999207999999996 -109.382497 0.0 0.4
36.999218 -109.371227 0.0 0.4
36.999303999999995 -109.360513 0.0 0.4
36.999305 -109.348773 0.0 0.4
36.99931 -109.327609 0.0 0.4
36.999311 -109.316717 0.0 0.4
36.999314 -109.306574 0.0 0.4
36.999317 -109.294338 0.0 0.4
36.999293 -109.282917 0.0 0.4
36.999306 -109.271509 0.0 0.4
36.999297 -109.256962 0.0 0.4
36.999342999999996 -109.246918 0.0 0.4
36.999305 -109.234491 0.0 0.4
36.999317 -109.223884 0.0 0.4
36.999317999999995 -109.210778 0.0 0.4
36.999323 -109.193842 0.0 0.4
36.999327 -109.183523 0.0 0.4
36.999331999999995 -109.169959 0.0 0.4
36.999347 -109.15913 0.0 0.4
36.999362 -109.147523 0.0 0.4
36.999385 -109.129049 0.0 0.4
36.999305 -109.109842 0.0 0.4
36.999235999999996 -109.097625 0.0 0.4
36.999137999999995 -109.084316 0.0 0.4
36.999066 -109.070506 0.0 0.4
36.999018 -109.057826 0.0 0.4
36.998985999999995 -109.0475 0.0 0.4
36.982867 -109.045233 0.0 0.4
36.969529 -109.04521 0.0 0.4
36.958874 -109.045216 0.0 0.4
36.945479 -109.045279 0.0 0.4
36.931697 -109.045284 0.0 0.4
36.920944999999996 -109.045288 0.0 0.4
36.904255 -109.045295 0.0 0.4
36.893558 -109.045299 0.0 0.4
36.88322 -109.045303 0.0 0.4
36.872578 -109.045388 0.0 0.4
36.856967 -109.04533 0.0 0.4
36.846396999999996 -109.045284 0.0 0.4
36.828579 -109.045326 0.0 0.4
36.817392 -109.04532 0.0 0.4
36.806503 -109.045327 0.0 0.4
36.796119 -109.04539199999999 0.0 0.4
36.786052 -109.045391 0.0 0.4
36.775568 -109.045355 0.0 0.4
36.762339 -109.045367 0.0 0.4
36.749998999999995 -109.045379 0.0 0.4
36.739647 -109.0454 0.0 0.4
36.728232 -109.045398 0.0 0.4
36.717762 -109.045386 0.0 0.4
36.707549 -109.045374 0.0 0.4
36.691283999999996 -109.045405 0.0 0.4
36.676176999999996 -109.045428 0.0 0.4
36.665355999999996 -109.04545 0.0 0.4
36.650062 -109.04549 0.0 0.4
36.635062999999995 -109.04552699999999 0.0 0.4
36.613765 -109.045543 0.0 0.4
36.600586 -109.045524 0.0 0.4
36.588495 -109.045526 0.0 0.4
36.578216999999995 -109.045536 0.0 0.4
36.567147 -109.045549 0.0 0.4
36.554009 -109.045563 0.0 0.4
36.541601 -109.045577 0.0 0.4
36.530065 -109.04559 0.0 0.4
36.510933 -109.045611 0.0 0.4
36.498338 -109.045624 0.0 0.4
36.486503 -109.045649 0.0 0.4
36.475511 -109.045662 0.0 0.4
36.463046 -109.045669 0.0 0.4
36.448695 -109.045701 0.0 0.4
36.437847 -109.045714 0.0 0.4
36.42528 -109.045709 0.0 0.4
36.414946 -109.045732 0.0 0.4
36.401374 -109.045758 0.0 0.4
36.390941999999995 -109.045764 0.0 0.4
36.375265 -109.045762 0.0 0.4
36.363389 -109.045766 0.0 0.4
36.351514 -109.045749 0.0 0.4
36.333875 -109.045809 0.0 0.4
36.322946 -109.045799 0.0 0.4
36.311053 -109.045815 0.0 0.4
36.300958 -109.04581 0.0 0.4
36.281962 -109.045841 0.0 0.4
36.2704 -109.04585900000001 0.0 0.4
36.259945 -109.045875 0.0 0.4
36.249333 -109.045892 0.0 0.4
36.238379 -109.045912 0.0 0.4
36.227609 -109.045934 0.0 0.4
36.215382 -109.045935 0.0 0.4
36.204116 -109.045998 0.0 0.4
36.193664 -109.045988 0.0 0.4
36.183209999999995 -109.046019 0.0 0.4
36.171481 -109.046053 0.0 0.4
36.16025 -109.046088 0.0 0.4
36.148725999999996 -109.04610000000001 0.0 0.4
36.138413 -109.046111 0.0 0.4
36.11736 -109.046115 0.0 0.4
36.102087999999995 -109.046142 0.0 0.4
36.091519 -109.046173 0.0 0.4
36.081432 -109.046193 0.0 0.4
36.071194999999996 -109.046192 0.0 0.4
36.058605 -109.046168 0.0 0.4
36.043228 -109.046139 0.0 0.4
36.031428999999996 -109.046117 0.0 0.4
36.021201999999995 -109.046096 0.0 0.4
36.010332 -109.046081 0.0 0.4
35.994045 -109.046075 0.0 0.4
35.983452 -109.046073 0.0 0.4
35.97318 -109.04604499999999 0.0 0.4
35.962557 -109.046023 0.0 0.4
35.945533 -109.046009 0.0 0.4
35.932176999999996 -109.046003 0.0 0.4
35.92059 -109.045999 0.0 0.4
35.909317 -109.045995 0.0 0.4
35.896663 -109.045992 0.0 0.4
35.886612 -109.04599 0.0 0.4
35.875495 -109.046003 0.0 0.4
35.865102 -109.046073 0.0 0.4
35.851126 -109.046226 0.0 0.4
35.837907 -109.046376 0.0 0.4
35.824622999999995 -109.046525 0.0 0.4
35.811869 -109.046671 0.0 0.4
35.783722999999995 -109.046879 0.0 0.4
35.772751 -109.046445 0.0 0.4
35.757234 -109.046408 0.0 0.4
35.747132 -109.046368 0.0 0.4
35.734576 -109.046303 0.0 0.4
35.720532 -109.046294 0.0 0.4
35.709291 -109.046283 0.0 0.4
35.696616999999996 -109.046271 0.0 0.4
35.683537 -109.046261 0.0 0.4
35.673342 -109.046198 0.0 0.4
35.662482 -109.046206 0.0 0.4
35.650977 -109.04629 0.0 0.4
35.640646 -109.046358 0.0 0.4
35.630306999999995 -109.04635 0.0 0.4
35.620295999999996 -109.046294 0.0 0.4
35.61 -109.04631499999999 0.0 0.4
35.596917999999995 -109.04634899999999 0.0 0.4
35.584103999999996 -109.046377 0.0 0.4
35.569995999999996 -109.046409 0.0 0.4
35.559925 -109.046431 0.0 0.4
35.54644 -109.046509 0.0 0.4
35.536369 -109.046499 0.0 0.4
35.523433 -109.046523 0.0 0.4
35.510554 -109.046532 0.0 0.4
35.499773 -109.046545 0.0 0.4
35.486881 -109.046599 0.0 0.4
35.471862 -109.046677 0.0 0.4
35.458584 -109.04670899999999 0.0 0.4
35.448506 -109.046727 0.0 0.4
35.437464 -109.04677 0.0 0.4
35.423656 -109.046834 0.0 0.4
35.410708 -109.046889 0.0 0.4
35.399513999999996 -109.046937 0.0 0.4
35.383189 -109.046891 0.0 0.4
35.369509 -109.046809 0.0 0.4
35.355433 -109.04674299999999 0.0 0.4
35.342652 -109.046663 0.0 0.4
35.330478 -109.046587 0.0 0.4
35.317597 -109.046506 0.0 0.4
35.30729 -109.04644 0.0 0.4
35.292339 -109.046347 0.0 0.4
35.277412 -109.046146 0.0 0.4
35.263552 -109.04613 0.0 0.4
35.251925 -109.046095 0.0 0.4
35.241707999999996 -109.046089 0.0 0.4
35.227292999999996 -109.046027 0.0 0.4
35.214327 -109.045972 0.0 0.4
35.190101999999996 -109.046024 0.0 0.4
35.178773 -109.046017 0.0 0.4
35.166891 -109.046001 0.0 0.4
35.150628 -109.045977 0.0 0.4
35.140464 -109.045974 0.0 0.4
35.121840999999996 -109.045974 0.0 0.4
35.073822 -109.045958 0.0 0.4
35.056581 -109.046016 0.0 0.4
35.020030999999996 -109.045997 0.0 0.4
34.993939999999995 -109.045999 0.0 0.4
34.975632999999995 -109.046 0.0 0.4
34.959969 -109.045996 0.0 0.4
34.949551 -109.045993 0.0 0.4
34.93716 -109.045991 0.0 0.4
34.926877 -109.045991 0.0 0.4
34.91624 -109.045991 0.0 0.4
34.905685999999996 -109.046005 0.0 0.4
34.888282 -109.04602 0.0 0.4
34.87625 -109.045999 0.0 0.4
34.857895 -109.046069 0.0 0.4
34.846804999999996 -109.046071 0.0 0.4
34.828565999999995 -109.046072 0.0 0.4
34.818360999999996 -109.045737 0.0 0.4
34.799980999999995 -109.046104 0.0 0.4
34.788196 -109.045503 0.0 0.4
34.773489 -109.045961 0.0 0.4
34.757086 -109.046104 0.0 0.4
34.746291 -109.046016 0.0 0.4
34.736270999999995 -109.046063 0.0 0.4
34.720113 -109.046057 0.0 0.4
34.709728 -109.046032 0.0 0.4
34.699705 -109.04602 0.0 0.4
34.689662 -109.045982 0.0 0.4
34.679622 -109.045981 0.0 0.4
34.666347 -109.046059 0.0 0.4
34.65631 -109.04608 0.0 0.4
34.645748 -109.046087 0.0 0.4
34.634943 -109.046054 0.0 0.4
34.621739 -109.046019 0.0 0.4
34.611563 -109.046007 0.0 0.4
34.600673 -109.046019 0.0 0.4
34.590088 -109.046053 0.0 0.4
34.579291 -109.046122 0.0 0.4
34.557539 -109.046198 0.0 0.4
34.535554999999995 -109.046241 0.0 0.4
34.52265 -109.046183 0.0 0.4
34.500042 -109.046223 0.0 0.4
34.478287 -109.046303 0.0 0.4
34.445575 -109.046327 0.0 0.4
34.409800000000004 -109.046381 0.0 0.4
34.395447 -109.04644 0.0 0.4
34.379478999999996 -109.046561 0.0 0.4
34.367671 -109.04651 0.0 0.4
34.338204999999995 -109.04651 0.0 0.4
34.325673 -109.046516 0.0 0.4
34.307189 -109.046502 0.0 0.4
34.283844 -109.046527 0.0 0.4
34.263342 -109.046606 0.0 0.4
34.250046 -109.04666399999999 0.0 0.4
34.212472 -109.04675 0.0 0.4
34.191164 -109.046646 0.0 0.4
34.180759 -109.046716 0.0 0.4
34.166941 -109.046783 0.0 0.4
34.151824999999995 -109.046792 0.0 0.4
34.14035 -109.046826 0.0 0.4
34.125048 -109.046873 0.0 0.4
34.111379 -109.046907 0.0 0.4
34.10102 -109.046894 0.0 0.4
34.0873 -109.04686699999999 0.0 0.4
34.07682 -109.046907 0.0 0.4
34.058498 -109.046906 0.0 0.4
34.045398999999996 -109.046836 0.0 0.4
34.021735 -109.046882 0.0 0.4
34.00005 -109.047006 0.0 0.4
33.986295999999996 -109.046942 0.0 0.4
33.974291 -109.046886 0.0 0.4
33.961493 -109.046885 0.0 0.4
33.946781 -109.046889 0.0 0.4
33.936662 -109.046902 0.0 0.4
33.920432 -109.046898 0.0 0.4
33.910252 -109.046907 0.0 0.4
33.885798 -109.046797 0.0 0.4
33.862719 -109.04674299999999 0.0 0.4
33.852415 -109.046744 0.0 0.4
33.841877 -109.046735 0.0 0.4
33.823415 -109.046705 0.0 0.4
33.811294 -109.046697 0.0 0.4
33.777407 -109.046717 0.0 0.4
33.762782 -109.046701 0.0 0.4
33.750667 -109.046779 0.0 0.4
33.740203 -109.046853 0.0 0.4
33.727999 -109.046911 0.0 0.4
33.717273999999996 -109.046906 0.0 0.4
33.707217 -109.046883 0.0 0.4
33.693087 -109.046852 0.0 0.4
33.680147999999996 -109.046859 0.0 0.4
33.666457 -109.04691 0.0 0.4
33.655372 -109.046982 0.0 0.4
33.633668 -109.047052 0.0 0.4
33.618387999999996 -109.047056 0.0 0.4
33.604095 -109.047104 0.0 0.4
33.593621 -109.04705 0.0 0.4
33.572669999999995 -109.046865 0.0 0.4
33.562297 -109.046979 0.0 0.4
33.551933 -109.047095 0.0 0.4
33.537072 -109.047095 0.0 0.4
33.522149 -109.047205 0.0 0.4
33.51163 -109.047224 0.0 0.4
33.493325999999996 -109.047192 0.0 0.4
33.480205999999995 -109.047118 0.0 0.4
33.469736999999995 -109.047046 0.0 0.4
33.455459 -109.04697 0.0 0.4
33.445077 -109.046928 0.0 0.4
33.430831 -109.046921 0.0 0.4
33.411121 -109.047109 0.0 0.4
33.399059 -109.047071 0.0 0.4
33.388974999999995 -109.047098 0.0 0.4
33.375834999999995 -109.047117 0.0 0.4
33.365637 -109.047112 0.0 0.4
33.347919 -109.047139 0.0 0.4
33.337832 -109.047154 0.0 0.4
33.327763 -109.04717 0.0 0.4
33.313334 -109.047192 0.0 0.4
33.295918 -109.047217 0.0 0.4
33.285253 -109.047245 0.0 0.4
33.270787 -109.047294 0.0 0.4
33.257579 -109.047341 0.0 0.4
33.242927 -109.047394 0.0 0.4
33.216135 -109.047522 0.0 0.4
33.205363999999996 -109.047602 0.0 0.4
33.193906999999996 -109.047678 0.0 0.4
33.177853999999996 -109.047714 0.0 0.4
33.165478 -109.047714 0.0 0.4
33.151295999999995 -109.047627 0.0 0.4
33.140727999999996 -109.047723 0.0 0.4
33.126314 -109.047728 0.0 0.4
33.107742 -109.047512 0.0 0.4
33.096453 -109.047583 0.0 0.4
33.079733 -109.047472 0.0 0.4
33.068675 -109.047549 0.0 0.4
33.058667 -109.047586 0.0 0.4
33.03986 -109.0475 0.0 0.4
33.026126 -109.047459 0.0 0.4
33.009994 -109.047451 0.0 0.4
32.998385 -109.047455 0.0 0.4
32.983152 -109.047477 0.0 0.4
32.960321 -109.047453 0.0 0.4
32.949869 -109.047479 0.0 0.4
32.938151999999995 -109.047492 0.0 0.4
32.92073 -109.047509 0.0 0.4
32.908916999999995 -109.04753 0.0 0.4
32.898865 -109.047549 0.0 0.4
32.88699 -109.047543 0.0 0.4
32.870269 -109.04757599999999 0.0 0.4
32.859059 -109.047587 0.0 0.4
32.840798 -109.047543 0.0 0.4
32.830422 -109.047552 0.0 0.4
32.816648 -109.04762 0.0 0.4
32.804893 -109.047843 0.0 0.4
32.79344 -109.047748 0.0 0.4
32.782748999999995 -109.047681 0.0 0.4
32.770373 -109.047659 0.0 0.4
32.757933 -109.047692 0.0 0.4
32.726672 -109.047753 0.0 0.4
32.715007 -109.047776 0.0 0.4
32.704892 -109.04781 0.0 0.4
32.694407999999996 -109.047824 0.0 0.4
32.684407 -109.047785 0.0 0.4
32.661077999999996 -109.047839 0.0 0.4
32.647993 -109.04780099999999 0.0 0.4
32.637904 -109.047805 0.0 0.4
32.625254999999996 -109.047864 0.0 0.4
32.607383999999996 -109.047866 0.0 0.4
32.5897 -109.047852 0.0 0.4
32.578508 -109.047872 0.0 0.4
32.565673 -109.047887 0.0 0.4
32.554368 -109.047897 0.0 0.4
32.537924 -109.047916 0.0 0.4
32.520584 -109.047942 0.0 0.4
32.501961 -109.04798 0.0 0.4
32.491925 -109.047997 0.0 0.4
32.481347 -109.048018 0.0 0.4
32.464137 -109.048042 0.0 0.4
32.449709999999996 -109.047958 0.0 0.4
32.43296 -109.047894 0.0 0.4
32.422540999999995 -109.047933 0.0 0.4
32.407534 -109.047972 0.0 0.4
32.397152 -109.047969 0.0 0.4
32.370354999999996 -109.048007 0.0 0.4
32.350817 -109.047994 0.0 0.4
32.333189 -109.048025 0.0 0.4
32.319766 -109.048083 0.0 0.4
32.30723 -109.048128 0.0 0.4
32.296405 -109.04818399999999 0.0 0.4
32.28289 -109.048234 0.0 0.4
32.262890999999996 -109.04826 0.0 0.4
32.25008 -109.048335 0.0 0.4
32.237515 -109.04835800000001 0.0 0.4
32.227267 -109.04839 0.0 0.4
32.216439 -109.048401 0.0 0.4
32.203347 -109.048445 0.0 0.4
32.191513 -109.048504 0.0 0.4
32.177063 -109.048536 0.0 0.4
32.163967 -109.048561 0.0 0.4
32.151018 -109.048584 0.0 0.4
32.133441 -109.048601 0.0 0.4
32.120137 -109.048622 0.0 0.4
32.109529 -109.048642 0.0 0.4
32.09915 -109.048655 0.0 0.4
32.085407 -109.048672 0.0 0.4
32.072314999999996 -109.048685 0.0 0.4
32.054668 -109.048718 0.0 0.4
32.029303 -109.04879199999999 0.0 0.4
32.013636 -109.048825 0.0 0.4
32.003383 -109.048843 0.0 0.4
31.979108 -109.048884 0.0 0.4
31.966013999999998 -109.048929 0.0 0.4
31.950734999999998 -109.048957 0.0 0.4
31.935055 -109.048981 0.0 0.4
31.920917 -109.049048 0.0 0.4
31.905212 -109.049023 0.0 0.4
31.893307 -109.049032 0.0 0.4
31.881967 -109.04904 0.0 0.4
31.871706999999997 -109.049054 0.0 0.4
31.861382 -109.049095 0.0 0.4
31.848967 -109.04910699999999 0.0 0.4
31.837916 -109.049114 0.0 0.4
31.827139 -109.04913 0.0 0.4
31.813865 -109.049164 0.0 0.4
31.802730999999998 -109.049176 0.0 0.4
31.790301 -109.049229 0.0 0.4
31.762133 -109.049334 0.0 0.4
31.750162999999997 -109.049382 0.0 0.4
31.731592 -109.049435 0.0 0.4
31.71912 -109.049476 0.0 0.4
31.707590999999997 -109.049555 0.0 0.4
31.694408 -109.049634 0.0 0.4
31.682394 -109.04968 0.0 0.4
31.671293 -109.049711 0.0 0.4
31.656482999999998 -109.049766 0.0 0.4
31.646099 -109.04981 0.0 0.4
31.63589 -109.049854 0.0 0.4
31.624907 -109.04988399999999 0.0 0.4
31.611020999999997 -109.04989 0.0 0.4
31.597231999999998 -109.049924 0.0 0.4
31.586166 -109.049983 0.0 0.4
31.575028999999997 -109.049984 0.0 0.4
31.558121999999997 -109.04993 0.0 0.4
31.544797 -109.05013 0.0 0.4
31.532152999999997 -109.050361 0.0 0.4
31.519485999999997 -109.05031 0.0 0.4
31.507216999999997 -109.050183 0.0 0.4
31.496104 -109.050178 0.0 0.4
31.485425999999997 -109.050348 0.0 0.4
31.475219 -109.050133 0.0 0.4
31.460044 -109.05007 0.0 0.4
31.448271 -109.05006399999999 0.0 0.4
31.437962 -109.050056 0.0 0.4
31.418297 -109.050067 0.0 0.4
31.401048 -109.050051 0.0 0.4
31.387746999999997 -109.05002999999999 0.0 0.4
31.373734 -109.050052 0.0 0.4
31.352916999999998 -109.050047 0.0 0.4
31.342368999999998 -109.050055 0.0 0.4
31.332348 -109.050033 0.0 0.4
31.332362 -109.074645 0.0 0.4
31.332371 -109.088459 0.0 0.4
31.332573999999997 -109.11148 0.0 0.4
31.33268 -109.123171 0.0 0.4
31.332948 -109.153071 0.0 0.4
31.33306 -109.165767 0.0 0.4
31.33319 -109.180961 0.0 0.4
31.333358999999998 -109.201367 0.0 0.4
31.333444999999998 -109.211719 0.0 0.4
31.333544999999997 -109.223293 0.0 0.4
31.333789999999997 -109.251362 0.0 0.4
31.333895 -109.263071 0.0 0.4
31.33393 -109.27363199999999 0.0 0.4
31.333933 -109.285202 0.0 0.4
31.333934 -109.297898 0.0 0.4
31.333935 -109.309363 0.0 0.4
31.333938 -109.323284 0.0 0.4
31.333942999999998 -109.335961 0.0 0.4
31.333948999999997 -109.346967 0.0 0.4
31.333952999999998 -109.35962 0.0 0.4
31.333956999999998 -109.374223 0.0 0.4
31.333958 -109.384969 0.0 0.4
31.333962 -109.39497 0.0 0.4
31.333968 -109.410395 0.0 0.4
31.333973 -109.420941 0.0 0.4
31.333980999999998 -109.433677 0.0 0.4
31.333989 -109.447957 0.0 0.4
31.333969 -109.460664 0.0 0.4
31.333973999999998 -109.477581 0.0 0.4
31.333976999999997 -109.490271 0.0 0.4
31.333990999999997 -109.51067 0.0 0.4
31.333999 -109.524097 0.0 0.4
31.334013 -109.536947 0.0 0.4
31.334007999999997 -109.54984400000001 0.0 0.4
31.334000000000003 -109.560105 0.0 0.4
31.334025999999998 -109.573005 0.0 0.4
31.334038 -109.583682 0.0 0.4
31.334034 -109.596359 0.0 0.4
31.334056 -109.627302 0.0 0.4
31.334107999999997 -109.647169 0.0 0.4
31.334044 -109.664784 0.0 0.4
31.334046999999998 -109.677191 0.0 0.4
31.334158 -109.706924 0.0 0.4
31.334165 -109.724354 0.0 0.4
31.334087999999998 -109.73667 0.0 0.4
31.334186 -109.747981 0.0 0.4
31.334357999999998 -109.76629 0.0 0.4
31.334042 -109.777086 0.0 0.4
31.334307 -109.79066399999999 0.0 0.4
31.334208999999998 -109.80451 0.0 0.4
31.334089 -109.817272 0.0 0.4
31.334177999999998 -109.830014 0.0 0.4
31.334131 -109.842767 0.0 0.4
31.334028 -109.852971 0.0 0.4
31.334035 -109.864251 0.0 0.4
31.334044 -109.875627 0.0 0.4
31.334059 -109.889601 0.0 0.4
31.334069 -109.916994 0.0 0.4
31.334068 -109.934763 0.0 0.4
31.334059 -109.94876 0.0 0.4
31.334048 -109.96207 0.0 0.4
31.334059999999997 -109.973239 0.0 0.4
31.334052 -109.987957 0.0 0.4
31.334059999999997 -109.998764 0.0 0.4
31.334084999999998 -110.012195 0.0 0.4
31.334094999999998 -110.024846 0.0 0.4
31.33411 -110.058735 0.0 0.4
31.334104999999997 -110.08418 0.0 0.4
31.334111 -110.09687 0.0 0.4
31.334121 -110.135038 0.0 0.4
31.334124 -110.147722 0.0 0.4
31.334111 -110.160388 0.0 0.4
31.334063999999998 -110.173156 0.0 0.4
31.334014 -110.185873 0.0 0.4
31.333963999999998 -110.198578 0.0 0.4
31.333921999999998 -110.208972 0.0 0.4
31.333876999999998 -110.219782 0.0 0.4
31.333824 -110.232492 0.0 0.4
31.333779999999997 -110.242572 0.0 0.4
31.333727999999997 -110.253634 0.0 0.4
31.333637 -110.274198 0.0 0.4
31.333554999999997 -110.295917 0.0 0.4
31.333453 -110.319882 0.0 0.4
31.333343 -110.346116 0.0 0.4
31.333223999999998 -110.375299 0.0 0.4
31.33314 -110.39642 0.0 0.4
31.333039 -110.42177699999999 0.0 0.4
31.332967 -110.438672 0.0 0.4
31.332877999999997 -110.458608 0.0 0.4
31.332901999999997 -110.476787 0.0 0.4
31.332842999999997 -110.489353 0.0 0.4
31.332839999999997 -110.500989 0.0 0.4
31.332898999999998 -110.514954 0.0 0.4
31.332940999999998 -110.527665 0.0 0.4
31.332870999999997 -110.540372 0.0 0.4
31.332898999999998 -110.55389 0.0 0.4
31.332915 -110.567159 0.0 0.4
31.332922999999997 -110.577664 0.0 0.4
31.332936999999998 -110.590034 0.0 0.4
31.332966 -110.603893 0.0 0.4
31.333016999999998 -110.620797 0.0 0.4
31.33307 -110.635688 0.0 0.4
31.333115999999997 -110.647206 0.0 0.4
31.333166 -110.658939 0.0 0.4
31.333206999999998 -110.676443 0.0 0.4
31.333243 -110.689074 0.0 0.4
31.333275999999998 -110.70176000000001 0.0 0.4
31.333298 -110.712077 0.0 0.4
31.33334 -110.722722 0.0 0.4
31.333396999999998 -110.73793 0.0 0.4
31.333422 -110.748252 0.0 0.4
31.333475 -110.761001 0.0 0.4
31.333523999999997 -110.774491 0.0 0.4
31.333555999999998 -110.787574 0.0 0.4
31.333614999999998 -110.797637 0.0 0.4
31.333679999999998 -110.82816 0.0 0.4
31.333738 -110.84749 0.0 0.4
31.333513 -110.868444 0.0 0.4
31.333295 -110.889056 0.0 0.4
31.333052 -110.911141 0.0 0.4
31.332872 -110.928062 0.0 0.4
31.332766999999997 -110.938104 0.0 0.4
31.332701999999998 -110.954617 0.0 0.4
31.332670999999998 -110.96515 0.0 0.4
31.332639999999998 -110.975537 0.0 0.4
31.332597 -110.989643 0.0 0.4
31.332573999999997 -111.00076 0.0 0.4
31.332546999999998 -111.013214 0.0 0.4
31.332462 -111.031783 0.0 0.4
31.332402 -111.043034 0.0 0.4
31.332365999999997 -111.064966 0.0 0.4
31.332341 -111.07498 0.0 0.4
31.335939999999997 -111.086096 0.0 0.4
31.339775999999997 -111.097949 0.0 0.4
31.345188 -111.114688 0.0 0.4
31.349636999999998 -111.128438 0.0 0.4
31.352738 -111.138056 0.0 0.4
31.356444 -111.14958899999999 0.0 0.4
31.361009 -111.163797 0.0 0.4
31.364618 -111.174935 0.0 0.4
31.367835999999997 -111.184958 0.0 0.4
31.371862 -111.197506 0.0 0.4
31.375176999999997 -111.207827 0.0 0.4
31.378738 -111.218845 0.0 0.4
31.382772 -111.231363 0.0 0.4
31.386267 -111.242227 0.0 0.4
31.389628 -111.252667 0.0 0.4
31.39293 -111.262987 0.0 0.4
31.396238 -111.273313 0.0 0.4
31.400066 -111.285245 0.0 0.4
31.403413999999998 -111.295686 0.0 0.4
31.406996 -111.306858 0.0 0.4
31.410638 -111.31822 0.0 0.4
31.413743999999998 -111.32791399999999 0.0 0.4
31.417416999999997 -111.339377 0.0 0.4
31.420848 -111.350085 0.0 0.4
31.424177 -111.360486 0.0 0.4
31.427405 -111.370577 0.0 0.4
31.431072 -111.382055 0.0 0.4
31.434120999999998 -111.391592 0.0 0.4
31.438184999999997 -111.404302 0.0 0.4
31.441305999999997 -111.414055 0.0 0.4
31.449008 -111.438199 0.0 0.4
31.452818999999998 -111.450106 0.0 0.4
31.456367999999998 -111.461232 0.0 0.4
31.460628999999997 -111.474748 0.0 0.4
31.463755 -111.484583 0.0 0.4
31.467364999999997 -111.495814 0.0 0.4
31.470723 -111.506263 0.0 0.4
31.473815 -111.515971 0.0 0.4
31.478251 -111.529876 0.0 0.4
31.482903999999998 -111.544517 0.0 0.4
31.486356999999998 -111.55532099999999 0.0 0.4
31.490396999999998 -111.568068 0.0 0.4
31.493527999999998 -111.57800399999999 0.0 0.4
31.497086 -111.589208 0.0 0.4
31.501064 -111.601725 0.0 0.4
31.505159 -111.614613 0.0 0.4
31.508262 -111.624382 0.0 0.4
31.511896 -111.635815 0.0 0.4
31.515952 -111.648565 0.0 0.4
31.519440999999997 -111.659535 0.0 0.4
31.531993 -111.699157 0.0 0.4
31.535822 -111.711251 0.0 0.4
31.540069 -111.724674 0.0 0.4
31.544511999999997 -111.738741 0.0 0.4
31.548116999999998 -111.750149 0.0 0.4
31.552144 -111.76289 0.0 0.4
31.556503 -111.776677 0.0 0.4
31.560526999999997 -111.789421 0.0 0.4
31.565900000000003 -111.80642 0.0 0.4
31.577679999999997 -111.84368 0.0 0.4
31.582476999999997 -111.858851 0.0 0.4
31.591600000000003 -111.887765 0.0 0.4
31.599581999999998 -111.913087 0.0 0.4
31.603589 -111.925813 0.0 0.4
31.607097 -111.936964 0.0 0.4
31.610263999999997 -111.947028 0.0 0.4
31.614265999999997 -111.959737 0.0 0.4
31.617676999999997 -111.970568 0.0 0.4
31.620945 -111.980951 0.0 0.4
31.624157 -111.99116599999999 0.0 0.4
31.627163 -112.000727 0.0 0.4
31.630277999999997 -112.010635 0.0 0.4
31.633747999999997 -112.021678 0.0 0.4
31.636919 -112.03176500000001 0.0 0.4
31.641676999999998 -112.046896 0.0 0.4
31.64841 -112.068329 0.0 0.4
31.655704 -112.091644 0.0 0.4
31.659025999999997 -112.102274 0.0 0.4
31.662563 -112.113596 0.0 0.4
31.665647 -112.123457 0.0 0.4
31.670678 -112.139519 0.0 0.4
31.673807 -112.149509 0.0 0.4
31.676821999999998 -112.159161 0.0 0.4
31.680252 -112.17016699999999 0.0 0.4
31.68422 -112.1829 0.0 0.4
31.688188 -112.195639 0.0 0.4
31.692441 -112.209304 0.0 0.4
31.697414 -112.225297 0.0 0.4
31.701378 -112.23804799999999 0.0 0.4
31.707977999999997 -112.259295 0.0 0.4
31.717202999999998 -112.288991 0.0 0.4
31.723772999999998 -112.310145 0.0 0.4
31.727028999999998 -112.320614 0.0 0.4
31.731669999999998 -112.335568 0.0 0.4
31.737116 -112.35311899999999 0.0 0.4
31.740902 -112.365321 0.0 0.4
31.743896 -112.374976 0.0 0.4
31.746942999999998 -112.384764 0.0 0.4
31.750142999999998 -112.395057 0.0 0.4
31.754101 -112.407853 0.0 0.4
31.757047999999998 -112.417486 0.0 0.4
31.760693999999997 -112.429287 0.0 0.4
31.764646 -112.442039 0.0 0.4
31.769907999999997 -112.459065 0.0 0.4
31.773826 -112.471761 0.0 0.4
31.780376999999998 -112.492988 0.0 0.4
31.783721999999997 -112.503811 0.0 0.4
31.786876 -112.514013 0.0 0.4
31.793561999999998 -112.535694 0.0 0.4
31.799355 -112.554517 0.0 0.4
31.802704 -112.565402 0.0 0.4
31.80662 -112.578133 0.0 0.4
31.810551999999998 -112.590904 0.0 0.4
31.815756999999998 -112.60776 0.0 0.4
31.819719 -112.620661 0.0 0.4
31.823653999999998 -112.633448 0.0 0.4
31.826648 -112.643153 0.0 0.4
31.830227999999998 -112.654796 0.0 0.4
31.834246999999998 -112.667907 0.0 0.4
31.837715 -112.679238 0.0 0.4
31.84292 -112.696168 0.0 0.4
31.846584 -112.708114 0.0 0.4
31.849793 -112.718578 0.0 0.4
31.853064 -112.729263 0.0 0.4
31.856205 -112.739561 0.0 0.4
31.859434 -112.750119 0.0 0.4
31.862707999999998 -112.760809 0.0 0.4
31.865917999999997 -112.77130700000001 0.0 0.4
31.869204 -112.782055 0.0 0.4
31.873106 -112.79482 0.0 0.4
31.877156 -112.808069 0.0 0.4
31.880225999999997 -112.818115 0.0 0.4
31.883516999999998 -112.828897 0.0 0.4
31.886535 -112.838784 0.0 0.4
31.889999 -112.850143 0.0 0.4
31.893687 -112.862252 0.0 0.4
31.89735 -112.874282 0.0 0.4
31.900346 -112.884132 0.0 0.4
31.903484 -112.894439 0.0 0.4
31.906644 -112.904835 0.0 0.4
31.909664 -112.914772 0.0 0.4
31.912982999999997 -112.925685 0.0 0.4
31.915899 -112.935282 0.0 0.4
31.919772 -112.948033 0.0 0.4
31.923568 -112.96055 0.0 0.4
31.926886999999997 -112.971474 0.0 0.4
31.931227999999997 -112.985788 0.0 0.4
31.935267 -112.999131 0.0 0.4
31.939175 -113.012013 0.0 0.4
31.943030999999998 -113.024673 0.0 0.4
31.947407 -113.0391 0.0 0.4
31.953815 -113.060316 0.0 0.4
31.958108 -113.074523 0.0 0.4
31.961451999999998 -113.085572 0.0 0.4
31.964933 -113.097127 0.0 0.4
31.973710999999998 -113.126103 0.0 0.4
31.977824 -113.139723 0.0 0.4
31.981675 -113.1526 0.0 0.4
31.986017999999998 -113.16627199999999 0.0 0.4
31.989614999999997 -113.17759699999999 0.0 0.4
31.993264999999997 -113.189164 0.0 0.4
31.996603999999998 -113.199834 0.0 0.4
31.999761999999997 -113.209723 0.0 0.4
32.004216 -113.22361 0.0 0.4
32.007256999999996 -113.233212 0.0 0.4
32.013940999999996 -113.254568 0.0 0.4
32.017977 -113.267393 0.0 0.4
32.02129 -113.277879 0.0 0.4
32.024725 -113.288747 0.0 0.4
32.029205 -113.303017 0.0 0.4
32.032771 -113.31429 0.0 0.4
32.03817 -113.331368 0.0 0.4
32.042153 -113.34413599999999 0.0 0.4
32.046203999999996 -113.356946 0.0 0.4
32.052063 -113.375485 0.0 0.4
32.055578 -113.386728 0.0 0.4
32.058628 -113.396422 0.0 0.4
32.062279 -113.407894 0.0 0.4
32.066396 -113.420875 0.0 0.4
32.070012999999996 -113.432373 0.0 0.4
32.074224 -113.446082 0.0 0.4
32.080906999999996 -113.467366 0.0 0.4
32.088951 -113.492916 0.0 0.4
32.092974 -113.505696 0.0 0.4
32.09699 -113.518478 0.0 0.4
32.100989999999996 -113.531251 0.0 0.4
32.104993 -113.544035 0.0 0.4
32.108983 -113.556777 0.0 0.4
32.112986 -113.569564 0.0 0.4
32.116991 -113.582356 0.0 0.4
32.120889999999996 -113.594817 0.0 0.4
32.12452 -113.606419 0.0 0.4
32.128147999999996 -113.618014 0.0 0.4
32.132999 -113.633519 0.0 0.4
32.137004 -113.646321 0.0 0.4
32.140966 -113.659039 0.0 0.4
32.144929999999995 -113.671804 0.0 0.4
32.148914999999995 -113.68459 0.0 0.4
32.152899 -113.697369 0.0 0.4
32.15689 -113.710155 0.0 0.4
32.160388999999995 -113.721398 0.0 0.4
32.163505 -113.731426 0.0 0.4
32.167009 -113.74269699999999 0.0 0.4
32.170135 -113.752727 0.0 0.4
32.17408 -113.765429 0.0 0.4
32.178066 -113.778245 0.0 0.4
32.182049 -113.791055 0.0 0.4
32.186025 -113.803853 0.0 0.4
32.189294 -113.81438299999999 0.0 0.4
32.192648999999996 -113.825189 0.0 0.4
32.196076 -113.836226 0.0 0.4
32.199307 -113.846519 0.0 0.4
32.20313 -113.858696 0.0 0.4
32.207224 -113.871973 0.0 0.4
32.211169999999996 -113.884778 0.0 0.4
32.215116 -113.89758499999999 0.0 0.4
32.218316 -113.907969 0.0 0.4
32.221699 -113.918935 0.0 0.4
32.224953 -113.929458 0.0 0.4
32.228026 -113.939393 0.0 0.4
32.231426 -113.950393 0.0 0.4
32.234843 -113.961445 0.0 0.4
32.238807 -113.974274 0.0 0.4
32.242756 -113.987061 0.0 0.4
32.246702 -113.999841 0.0 0.4
32.250502 -114.012163 0.0 0.4
32.254584 -114.025404 0.0 0.4
32.258528999999996 -114.038195 0.0 0.4
32.262475 -114.050984 0.0 0.4
32.26628 -114.063316 0.0 0.4
32.269922 -114.075175 0.0 0.4
32.273046 -114.085297 0.0 0.4
32.276813 -114.097538 0.0 0.4
32.279981 -114.10783599999999 0.0 0.4
32.283284 -114.118586 0.0 0.4
32.286688 -114.12968599999999 0.0 0.4
32.290099 -114.140796 0.0 0.4
32.294033999999996 -114.15361 0.0 0.4
32.298007 -114.166555 0.0 0.4
32.301390999999995 -114.17757399999999 0.0 0.4
32.304561 -114.187911 0.0 0.4
32.308462999999996 -114.200724 0.0 0.4
32.312412 -114.213535 0.0 0.4
32.316338 -114.226367 0.0 0.4
32.320862999999996 -114.241307 0.0 0.4
32.323767 -114.25094899999999 0.0 0.4
32.327357 -114.262764 0.0 0.4
32.330707 -114.2735 0.0 0.4
32.334265 -114.285001 0.0 0.4
32.337454 -114.295477 0.0 0.4
32.341159999999995 -114.30762 0.0 0.4
32.345082999999995 -114.320445 0.0 0.4
32.349038 -114.333273 0.0 0.4
32.352959999999996 -114.346098 0.0 0.4
32.356716 -114.358451 0.0 0.4
32.360461 -114.370653 0.0 0.4
32.36448 -114.383824 0.0 0.4
32.367734999999996 -114.394499 0.0 0.4
32.371069 -114.405431 0.0 0.4
32.375008 -114.418404 0.0 0.4
32.377916 -114.428001 0.0 0.4
32.381487 -114.439716 0.0 0.4
32.385400000000004 -114.452552 0.0 0.4
32.388871 -114.463958 0.0 0.4
32.392925 -114.477322 0.0 0.4
32.396267 -114.48834 0.0 0.4
32.399415999999995 -114.498722 0.0 0.4
32.403314 -114.511577 0.0 0.4
32.407205999999995 -114.524407 0.0 0.4
32.411097999999996 -114.537243 0.0 0.4
32.418738 -114.562449 0.0 0.4
32.434156 -114.613375 0.0 0.4
32.438174 -114.626677 0.0 0.4
32.442046999999995 -114.639496 0.0 0.4
32.445063999999995 -114.649484 0.0 0.4
32.448512 -114.660875 0.0 0.4
32.456631 -114.687761 0.0 0.4
32.460505999999995 -114.700601 0.0 0.4
32.46438 -114.713444 0.0 0.4
32.468255 -114.726309 0.0 0.4
32.471734999999995 -114.73786799999999 0.0 0.4
32.474698 -114.747717 0.0 0.4
32.478688999999996 -114.760926 0.0 0.4
32.482557 -114.773764 0.0 0.4
32.485486 -114.783724 0.0 0.4
32.488752 -114.795134 0.0 0.4
32.492447999999996 -114.808031 0.0 0.4
32.501353 -114.812881 0.0 0.4
32.509326 -114.806485 0.0 0.4
32.518606 -114.810354 0.0 0.4
32.528552999999995 -114.809224 0.0 0.4
32.53593 -114.80215 0.0 0.4
32.545668 -114.805671 0.0 0.4
32.55085 -114.796341 0.0 0.4
32.560245 -114.79198 0.0 0.4
32.562492999999996 -114.802028 0.0 0.4
32.559117 -114.811457 0.0 0.4
32.569125 -114.812652 0.0 0.4
32.573522 -114.80356499999999 0.0 0.4
32.583662 -114.803432 0.0 0.4
32.593121 -114.799394 0.0 0.4
32.600864 -114.805964 0.0 0.4
32.610448999999996 -114.808908 0.0 0.4
32.620452 -114.807867 0.0 0.4
32.625251 -114.798721 0.0 0.4
32.623208 -114.78882 0.0 0.4
32.630504 -114.781709 0.0 0.4
32.636972 -114.773372 0.0 0.4
32.642557 -114.764747 0.0 0.4
32.652741 -114.761431 0.0 0.4
32.658488 -114.752858 0.0 0.4
32.667466 -114.74775700000001 0.0 0.4
32.677278 -114.744799 0.0 0.4
32.685863999999995 -114.739348 0.0 0.4
32.693723 -114.732861 0.0 0.4
32.703337999999995 -114.729824 0.0 0.4
32.712049 -114.72364400000001 0.0 0.4
32.720624 -114.718443 0.0 0.4
32.73039 -114.714522 0.0 0.4
32.73827 -114.707548 0.0 0.4
32.745616999999996 -114.700743 0.0 0.4
32.740344 -114.692137 0.0 0.4
32.737156 -114.681729 0.0 0.4
32.734882 -114.67133799999999 0.0 0.4
32.733959 -114.661283 0.0 0.4
32.733067 -114.651028 0.0 0.4
32.731854 -114.640438 0.0 0.4
32.730221 -114.630534 0.0 0.4
32.728657 -114.620385 0.0 0.4
32.734846 -114.586884 0.0 0.4
32.742351 -114.578852 0.0 0.4
32.742274 -114.564632 0.0 0.4
32.749646 -114.55211299999999 0.0 0.4
32.749812 -114.539224 0.0 0.4
32.757045 -114.531003 0.0 0.4
32.767275999999995 -114.528443 0.0 0.4
32.776922 -114.532432 0.0 0.4
32.787259999999996 -114.531587 0.0 0.4
32.798840999999996 -114.525274 0.0 0.4
32.80706 -114.51850400000001 0.0 0.4
32.814833 -114.51203 0.0 0.4
32.820029 -114.501616 0.0 0.4
32.825449 -114.491593 0.0 0.4
32.832904 -114.48278 0.0 0.4
32.845103 -114.469025 0.0 0.4
32.870605 -114.466031 0.0 0.4
32.881692 -114.465377 0.0 0.4
32.892454 -114.464172 0.0 0.4
32.904167 -114.462983 0.0 0.4
32.914091 -114.465516 0.0 0.4
32.920594 -114.473713 0.0 0.4
32.930237 -114.47957099999999 0.0 0.4
32.940554999999996 -114.478456 0.0 0.4
32.948129 -114.471692 0.0 0.4
32.957912 -114.467399 0.0 0.4
32.96888 -114.468109 0.0 0.4
32.975048 -114.476263 0.0 0.4
32.970892 -114.486217 0.0 0.4
32.976312 -114.494759 0.0 0.4
32.986534 -114.496798 0.0 0.4
32.99698 -114.498511 0.0 0.4
33.007556 -114.501226 0.0 0.4
33.016998 -114.506123 0.0 0.4
33.026524 -114.51490000000001 0.0 0.4
