41.464452 -124.136561 0.0 0.4
41.477235 -124.140544 0.0 0.4
41.486881 -124.144128 0.0 0.4
41.499842 -124.151305 0.0 0.4
41.510753 -124.153568 0.0 0.4
41.529385999999995 -124.160111 0.0 0.4
41.543409 -124.160493 0.0 0.4
41.550979 -124.172274 0.0 0.4
41.558324999999996 -124.17996099999999 0.0 0.4
41.573996 -124.18833599999999 0.0 0.4
41.588969999999996 -124.187127 0.0 0.4
41.59874 -124.190533 0.0 0.4
41.613161999999996 -124.195829 0.0 0.4
41.624839 -124.20453499999999 0.0 0.4
41.635205 -124.209785 0.0 0.4
41.649463 -124.210489 0.0 0.4
41.661907 -124.211784 0.0 0.4
41.673815999999995 -124.208546 0.0 0.4
41.682272999999995 -124.21516 0.0 0.4
41.689702 -124.229865 0.0 0.4
41.695004999999995 -124.24193199999999 0.0 0.4
41.701857 -124.262421 0.0 0.4
41.709674 -124.278062 0.0 0.4
41.71809 -124.29191399999999 0.0 0.4
41.724145 -124.30030099999999 0.0 0.4
41.727491 -124.313704 0.0 0.4
41.733793 -124.330609 0.0 0.4
41.744586 -124.345376 0.0 0.4
41.752235 -124.355988 0.0 0.4
41.759671 -124.365508 0.0 0.4
41.764376 -124.374726 0.0 0.4
41.768234 -124.384371 0.0 0.4
41.777862 -124.39950999999999 0.0 0.4
41.788312 -124.410757 0.0 0.4
41.796915999999996 -124.41619299999999 0.0 0.4
41.809726 -124.429185 0.0 0.4
41.824504 -124.438909 0.0 0.4
41.83874 -124.440707 0.0 0.4
41.849320999999996 -124.437723 0.0 0.4
41.862912 -124.43092 0.0 0.4
41.872291 -124.422332 0.0 0.4
41.882056 -124.411317 0.0 0.4
41.885588 -124.401242 0.0 0.4
41.886764 -124.388791 0.0 0.4
41.886998999999996 -124.376205 0.0 0.4
41.886568 -124.365199 0.0 0.4
41.883154 -124.347647 0.0 0.4
41.877 -124.332984 0.0 0.4
41.858788 -124.311936 0.0 0.4
41.86067 -124.29800399999999 0.0 0.4
41.859487 -124.285031 0.0 0.4
41.870863 -124.281042 0.0 0.4
41.891104999999996 -124.277827 0.0 0.4
41.903051999999995 -124.27611999999999 0.0 0.4
41.912915999999996 -124.285687 0.0 0.4
41.928498 -124.291939 0.0 0.4
41.945432 -124.289926 0.0 0.4
41.956834 -124.284769 0.0 0.4
41.969564 -124.288578 0.0 0.4
41.982983999999995 -124.301184 0.0 0.4
41.992906 -124.306995 0.0 0.4
41.994637 -124.31794099999999 0.0 0.4
41.998073 -124.328292 0.0 0.4
41.998343 -124.251201 0.0 0.4
41.998411999999995 -124.23322999999999 0.0 0.4
41.998445 -124.21776 0.0 0.4
41.998234 -124.198548 0.0 0.4
41.998034 -124.186977 0.0 0.4
41.997707999999996 -124.168002 0.0 0.4
41.997341999999996 -124.146612 0.0 0.4
41.997015 -124.121365 0.0 0.4
41.997094 -124.104557 0.0 0.4
41.996808 -124.08796699999999 0.0 0.4
41.996573 -124.077276 0.0 0.4
41.996347 -124.05785399999999 0.0 0.4
41.996379 -124.046589 0.0 0.4
41.996275 -124.033089 0.0 0.4
41.996204 -124.015681 0.0 0.4
41.996145 -124.001183 0.0 0.4
41.996027 -123.990753 0.0 0.4
41.996021 -123.978633 0.0 0.4
41.996016 -123.968338 0.0 0.4
41.996010999999996 -123.956367 0.0 0.4
41.995984 -123.94454999999999 0.0 0.4
41.995947 -123.930121 0.0 0.4
41.995942 -123.915537 0.0 0.4
41.995975 -123.89611099999999 0.0 0.4
41.995996999999996 -123.88598999999999 0.0 0.4
41.996041999999996 -123.874964 0.0 0.4
41.996089 -123.857462 0.0 0.4
41.996069 -123.845766 0.0 0.4
41.99605 -123.834485 0.0 0.4
41.99558 -123.822041 0.0 0.4
41.995194 -123.811708 0.0 0.4
41.995456999999995 -123.800967 0.0 0.4
41.995768 -123.790207 0.0 0.4
41.996015 -123.774955 0.0 0.4
41.996373999999996 -123.762321 0.0 0.4
41.996693 -123.75108900000001 0.0 0.4
41.996944 -123.735167 0.0 0.4
41.996877999999995 -123.721428 0.0 0.4
41.996576999999995 -123.710046 0.0 0.4
41.996187 -123.69530499999999 0.0 0.4
41.995839 -123.68376599999999 0.0 0.4
41.995508 -123.672896 0.0 0.4
41.995193 -123.66098 0.0 0.4
41.996218 -123.649199 0.0 0.4
41.997980999999996 -123.636698 0.0 0.4
41.999468 -123.626165 0.0 0.4
41.999899 -123.61570499999999 0.0 0.4
42.000102999999996 -123.602965 0.0 0.4
42.000265 -123.592812 0.0 0.4
42.000481 -123.578746 0.0 0.4
42.000661 -123.567361 0.0 0.4
42.000689 -123.557263 0.0 0.4
42.000661 -123.545192 0.0 0.4
42.000786999999995 -123.53479899999999 0.0 0.4
42.000768 -123.523601 0.0 0.4
42.000741999999995 -123.511828 0.0 0.4
42.000724 -123.501801 0.0 0.4
42.000698 -123.49006299999999 0.0 0.4
42.00067 -123.479839 0.0 0.4
42.000651999999995 -123.46911 0.0 0.4
42.000609999999995 -123.455995 0.0 0.4
42.000626 -123.44597 0.0 0.4
42.000473 -123.434795 0.0 0.4
42.000325 -123.423975 0.0 0.4
42.000111 -123.408266 0.0 0.4
41.999966 -123.397708 0.0 0.4
41.999811 -123.386518 0.0 0.4
41.999674999999996 -123.37648899999999 0.0 0.4
41.999521 -123.36526599999999 0.0 0.4
41.999359 -123.353461 0.0 0.4
41.999451 -123.342666 0.0 0.4
41.999869 -123.332591 0.0 0.4
42.000338 -123.32135 0.0 0.4
42.000792 -123.310222 0.0 0.4
42.001245 -123.298877 0.0 0.4
42.001673 -123.287498 0.0 0.4
42.002109 -123.276246 0.0 0.4
42.002570999999996 -123.264971 0.0 0.4
42.003063999999995 -123.253317 0.0 0.4
42.003496999999996 -123.242314 0.0 0.4
42.003943 -123.231113 0.0 0.4
42.004563999999995 -123.21621 0.0 0.4
42.005095 -123.201797 0.0 0.4
42.005497 -123.191426 0.0 0.4
42.006426 -123.175568 0.0 0.4
42.007918 -123.156514 0.0 0.4
42.008761 -123.145735 0.0 0.4
42.00844 -123.131862 0.0 0.4
42.007884999999995 -123.120465 0.0 0.4
42.006797999999996 -123.104072 0.0 0.4
42.006042 -123.093982 0.0 0.4
42.00516 -123.082217 0.0 0.4
42.004875 -123.066779 0.0 0.4
42.004186 -123.055994 0.0 0.4
42.003204 -123.045311 0.0 0.4
42.003125999999995 -123.032273 0.0 0.4
42.003141 -123.017874 0.0 0.4
42.003127 -123.007716 0.0 0.4
42.003265 -122.99548300000001 0.0 0.4
42.003354 -122.98228499999999 0.0 0.4
42.003516999999995 -122.968601 0.0 0.4
42.003451 -122.952396 0.0 0.4
42.003488 -122.941544 0.0 0.4
42.003555999999996 -122.912952 0.0 0.4
42.003656 -122.902541 0.0 0.4
42.003785 -122.889935 0.0 0.4
42.003962 -122.875516 0.0 0.4
42.003918999999996 -122.862411 0.0 0.4
42.003997999999996 -122.84167 0.0 0.4
42.00411 -122.830159 0.0 0.4
42.004128 -122.820018 0.0 0.4
42.004097 -122.802794 0.0 0.4
42.004059 -122.792624 0.0 0.4
42.004014 -122.78111799999999 0.0 0.4
42.004058 -122.768808 0.0 0.4
42.004123 -122.75769700000001 0.0 0.4
42.004146 -122.747267 0.0 0.4
42.004154 -122.736739 0.0 0.4
42.00414 -122.725917 0.0 0.4
42.004157 -122.715571 0.0 0.4
42.004214999999995 -122.704165 0.0 0.4
42.004455 -122.683549 0.0 0.4
42.004687 -122.672521 0.0 0.4
42.004872999999996 -122.662256 0.0 0.4
42.004933 -122.65109799999999 0.0 0.4
42.005015 -122.637867 0.0 0.4
42.005143 -122.625315 0.0 0.4
42.00557 -122.611599 0.0 0.4
42.006085999999996 -122.59600499999999 0.0 0.4
42.006498 -122.583817 0.0 0.4
42.007058 -122.566993 0.0 0.4
42.007504999999995 -122.54999 0.0 0.4
42.007629 -122.537621 0.0 0.4
42.007918 -122.522521 0.0 0.4
42.008061999999995 -122.512321 0.0 0.4
42.008120999999996 -122.493322 0.0 0.4
42.00815 -122.477395 0.0 0.4
42.0082 -122.465751 0.0 0.4
42.008261 -122.455344 0.0 0.4
42.008295 -122.444086 0.0 0.4
42.008320999999995 -122.431385 0.0 0.4
42.008379999999995 -122.416638 0.0 0.4
42.008604 -122.40346199999999 0.0 0.4
42.009091999999995 -122.38801699999999 0.0 0.4
42.009442 -122.374597 0.0 0.4
42.009253 -122.36392599999999 0.0 0.4
42.009113 -122.352014 0.0 0.4
42.008989 -122.338986 0.0 0.4
42.008697 -122.324068 0.0 0.4
42.008449 -122.309587 0.0 0.4
42.008224999999996 -122.296286 0.0 0.4
42.008002999999995 -122.284836 0.0 0.4
42.007787 -122.270792 0.0 0.4
42.007618 -122.26068699999999 0.0 0.4
42.007647999999996 -122.250018 0.0 0.4
42.007653999999995 -122.239392 0.0 0.4
42.007591999999995 -122.221648 0.0 0.4
42.007481999999996 -122.18941 0.0 0.4
42.007411999999995 -122.179127 0.0 0.4
42.007332999999996 -122.168348 0.0 0.4
42.007024 -122.157073 0.0 0.4
42.006617999999996 -122.146345 0.0 0.4
42.006355 -122.132572 0.0 0.4
42.00618 -122.11962199999999 0.0 0.4
42.005992 -122.106505 0.0 0.4
42.005931 -122.092749 0.0 0.4
42.005838999999995 -122.0794 0.0 0.4
42.005728 -122.068847 0.0 0.4
42.005561 -122.058832 0.0 0.4
42.00539 -122.048217 0.0 0.4
42.004796 -122.036424 0.0 0.4
42.004552 -122.025005 0.0 0.4
42.004283 -122.014821 0.0 0.4
42.004041 -122.003907 0.0 0.4
42.003879 -121.991201 0.0 0.4
42.003764 -121.97779 0.0 0.4
42.003572999999996 -121.962913 0.0 0.4
42.003656 -121.952547 0.0 0.4
42.003772 -121.94145499999999 0.0 0.4
42.003701 -121.930586 0.0 0.4
42.003653 -121.918757 0.0 0.4
42.003447 -121.908124 0.0 0.4
42.003322999999995 -121.896879 0.0 0.4
42.003178999999996 -121.884675 0.0 0.4
42.003062 -121.873904 0.0 0.4
42.002953999999995 -121.863029 0.0 0.4
42.002855 -121.852848 0.0 0.4
42.002738 -121.842667 0.0 0.4
42.002542999999996 -121.830523 0.0 0.4
42.002386 -121.819613 0.0 0.4
42.002216 -121.809142 0.0 0.4
42.002029 -121.796009 0.0 0.4
42.001878999999995 -121.785294 0.0 0.4
42.00172 -121.773962 0.0 0.4
42.001571999999996 -121.763552 0.0 0.4
42.001405999999996 -121.751539 0.0 0.4
42.001247 -121.740263 0.0 0.4
42.001121 -121.729874 0.0 0.4
42.000947 -121.71885499999999 0.0 0.4
42.000800000000005 -121.708233 0.0 0.4
42.000659 -121.698221 0.0 0.4
42.000479999999996 -121.685574 0.0 0.4
42.000318 -121.674245 0.0 0.4
42.000163 -121.663608 0.0 0.4
42.000004 -121.652312 0.0 0.4
41.999855 -121.64189400000001 0.0 0.4
41.999680999999995 -121.629258 0.0 0.4
41.999503 -121.615944 0.0 0.4
41.999381 -121.603753 0.0 0.4
41.999164 -121.591106 0.0 0.4
41.999005 -121.580822 0.0 0.4
41.998747 -121.56477699999999 0.0 0.4
41.998512 -121.546317 0.0 0.4
41.998463 -121.53586 0.0 0.4
41.998339 -121.525539 0.0 0.4
41.998204 -121.512134 0.0 0.4
41.998035 -121.49728400000001 0.0 0.4
41.997927999999995 -121.48650599999999 0.0 0.4
41.997766999999996 -121.47217 0.0 0.4
41.997627 -121.46025900000001 0.0 0.4
41.997505 -121.448311 0.0 0.4
41.997349 -121.437483 0.0 0.4
41.997215999999995 -121.42579599999999 0.0 0.4
41.99707 -121.413183 0.0 0.4
41.996945 -121.402071 0.0 0.4
41.996795 -121.388862 0.0 0.4
41.996686 -121.378826 0.0 0.4
41.996548 -121.367508 0.0 0.4
41.996493 -121.356649 0.0 0.4
41.996213999999995 -121.344911 0.0 0.4
41.996558 -121.334394 0.0 0.4
41.996893 -121.32422700000001 0.0 0.4
41.997183 -121.309938 0.0 0.4
41.997355999999996 -121.297304 0.0 0.4
41.997440999999995 -121.2864 0.0 0.4
41.997437999999995 -121.268043 0.0 0.4
41.997333 -121.252722 0.0 0.4
41.997333999999995 -121.241935 0.0 0.4
41.997442 -121.21225799999999 0.0 0.4
41.997412 -121.201391 0.0 0.4
41.997386999999996 -121.189086 0.0 0.4
41.997271999999995 -121.178986 0.0 0.4
41.997178 -121.168477 0.0 0.4
41.996835 -121.154151 0.0 0.4
41.996528999999995 -121.141105 0.0 0.4
41.996249999999996 -121.130011 0.0 0.4
41.995672 -121.111242 0.0 0.4
41.99546 -121.099939 0.0 0.4
41.995478 -121.088642 0.0 0.4
41.995275 -121.078639 0.0 0.4
41.994962 -121.06779 0.0 0.4
41.994574 -121.057543 0.0 0.4
41.994203999999996 -121.047337 0.0 0.4
41.993862 -121.036287 0.0 0.4
41.993527 -121.023839 0.0 0.4
41.993278 -121.011961 0.0 0.4
41.993089 -120.993343 0.0 0.4
41.993029 -120.983014 0.0 0.4
41.993051 -120.967026 0.0 0.4
41.993167 -120.95406 0.0 0.4
41.993424 -120.94307599999999 0.0 0.4
41.993635 -120.927323 0.0 0.4
41.993674999999996 -120.90703500000001 0.0 0.4
41.993705999999996 -120.896567 0.0 0.4
41.993764 -120.87997899999999 0.0 0.4
41.993786 -120.869729 0.0 0.4
41.993801 -120.859357 0.0 0.4
41.993826999999996 -120.845335 0.0 0.4
41.993862 -120.830011 0.0 0.4
41.993884 -120.819299 0.0 0.4
41.993914 -120.80891199999999 0.0 0.4
41.993950999999996 -120.79811699999999 0.0 0.4
41.993831 -120.788042 0.0 0.4
41.993718 -120.777861 0.0 0.4
41.993672 -120.76516 0.0 0.4
41.993668 -120.754903 0.0 0.4
41.993719999999996 -120.743628 0.0 0.4
41.993755 -120.73275699999999 0.0 0.4
41.993783 -120.721481 0.0 0.4
41.993803 -120.710813 0.0 0.4
41.993822 -120.700471 0.0 0.4
41.99357 -120.680984 0.0 0.4
41.993320999999995 -120.66788199999999 0.0 0.4
41.993187 -120.657551 0.0 0.4
41.99315 -120.647436 0.0 0.4
41.993109 -120.63651899999999 0.0 0.4
41.993069 -120.626385 0.0 0.4
41.993029 -120.61623399999999 0.0 0.4
41.99299 -120.606074 0.0 0.4
41.992971999999995 -120.592246 0.0 0.4
41.993004 -120.58123499999999 0.0 0.4
41.993173999999996 -120.57034 0.0 0.4
41.993269 -120.558554 0.0 0.4
41.993352 -120.54591500000001 0.0 0.4
41.993427 -120.53295800000001 0.0 0.4
41.993506 -120.522244 0.0 0.4
41.993612 -120.510902 0.0 0.4
41.993615 -120.492522 0.0 0.4
41.993379 -120.451548 0.0 0.4
41.993141 -120.413985 0.0 0.4
41.99306 -120.401182 0.0 0.4
41.992993999999996 -120.390818 0.0 0.4
41.992913 -120.378026 0.0 0.4
41.992847999999995 -120.36786599999999 0.0 0.4
41.992774999999995 -120.356358 0.0 0.4
41.992653 -120.337192 0.0 0.4
41.992585999999996 -120.326387 0.0 0.4
41.993122 -120.313966 0.0 0.4
41.993009 -120.301643 0.0 0.4
41.993004 -120.29137399999999 0.0 0.4
41.992855999999996 -120.280661 0.0 0.4
41.992881 -120.270534 0.0 0.4
41.992945 -120.257626 0.0 0.4
41.993258999999995 -120.247306 0.0 0.4
41.993553999999996 -120.237245 0.0 0.4
41.993778999999996 -120.22569899999999 0.0 0.4
41.993994 -120.214953 0.0 0.4
41.994205 -120.204657 0.0 0.4
41.994394 -120.19292300000001 0.0 0.4
41.994521999999996 -120.18167199999999 0.0 0.4
41.994575 -120.171325 0.0 0.4
41.994600000000005 -120.161005 0.0 0.4
41.994637999999995 -120.149674 0.0 0.4
41.994679 -120.13855699999999 0.0 0.4
41.994732 -120.127996 0.0 0.4
41.994775999999995 -120.11738700000001 0.0 0.4
41.994794 -120.106739 0.0 0.4
41.994820999999995 -120.096547 0.0 0.4
41.994858 -120.08586700000001 0.0 0.4
41.994899 -120.075565 0.0 0.4
41.994921 -120.065359 0.0 0.4
41.994938 -120.055284 0.0 0.4
41.994959 -120.04504299999999 0.0 0.4
41.994977999999996 -120.034708 0.0 0.4
41.994993 -120.02308099999999 0.0 0.4
41.994989 -120.012495 0.0 0.4
41.994932999999996 -120.0004 0.0 0.4
41.979047 -119.99919 0.0 0.4
41.962047 -119.99923 0.0 0.4
41.943486 -119.999265 0.0 0.4
41.924924999999995 -119.9993 0.0 0.4
41.907702 -119.999332 0.0 0.4
41.891286 -119.999261 0.0 0.4
41.874894999999995 -119.999276 0.0 0.4
41.844746 -119.99903499999999 0.0 0.4
41.827465 -119.998896 0.0 0.4
41.80218 -119.998693 0.0 0.4
41.776984999999996 -119.9985 0.0 0.4
41.755575 -119.998332 0.0 0.4
41.720631999999995 -119.99869799999999 0.0 0.4
41.691682 -119.99873 0.0 0.4
41.675943 -119.998747 0.0 0.4
41.665161999999995 -119.998825 0.0 0.4
41.654430999999995 -119.998897 0.0 0.4
41.624936999999996 -119.998861 0.0 0.4
41.581432 -119.998575 0.0 0.4
41.560089999999995 -119.998745 0.0 0.4
41.545764999999996 -119.998859 0.0 0.4
41.53357 -119.998957 0.0 0.4
41.522864 -119.999043 0.0 0.4
41.500228 -119.999465 0.0 0.4
41.489017 -119.999494 0.0 0.4
41.478669 -119.999517 0.0 0.4
41.463083999999995 -119.999566 0.0 0.4
41.45178 -119.99959 0.0 0.4
41.441172 -119.999612 0.0 0.4
41.429679 -119.999635 0.0 0.4
41.417667 -119.999659 0.0 0.4
41.406427 -119.999682 0.0 0.4
41.374649999999995 -119.999757 0.0 0.4
41.355576 -119.999734 0.0 0.4
41.32745 -119.99982 0.0 0.4
41.313100999999996 -119.999865 0.0 0.4
41.299749999999996 -119.999908 0.0 0.4
41.275012 -119.999989 0.0 0.4
41.264005 -120.000028 0.0 0.4
41.249758 -120.000073 0.0 0.4
41.236625 -119.99976699999999 0.0 0.4
41.225466 -119.999782 0.0 0.4
41.213462 -119.999807 0.0 0.4
41.201992 -119.999831 0.0 0.4
41.184773 -119.999864 0.0 0.4
41.173345 -119.999847 0.0 0.4
41.162347 -119.99981 0.0 0.4
41.144572 -119.999867 0.0 0.4
41.126563999999995 -119.999974 0.0 0.4
41.112885999999996 -119.99999700000001 0.0 0.4
41.102461999999996 -120.000008 0.0 0.4
41.082999 -120.000039 0.0 0.4
41.068504999999995 -119.999942 0.0 0.4
41.054041 -119.999875 0.0 0.4
41.039538 -119.999888 0.0 0.4
41.022211 -119.99980099999999 0.0 0.4
41.011925 -119.999844 0.0 0.4
40.999894 -119.999875 0.0 0.4
40.963991 -119.999682 0.0 0.4
40.952242999999996 -119.99964 0.0 0.4
40.930287 -119.999505 0.0 0.4
40.917159999999996 -119.999421 0.0 0.4
40.901339 -119.999371 0.0 0.4
40.889001 -119.999312 0.0 0.4
40.875931 -119.999251 0.0 0.4
40.865894 -119.999234 0.0 0.4
40.83209 -119.998903 0.0 0.4
40.821785999999996 -119.998873 0.0 0.4
40.80704 -119.998758 0.0 0.4
40.796212 -119.998673 0.0 0.4
40.782734999999995 -119.998719 0.0 0.4
40.771595999999995 -119.998762 0.0 0.4
40.759232999999995 -119.998634 0.0 0.4
40.744323 -119.998409 0.0 0.4
40.721257 -119.998098 0.0 0.4
40.702633 -119.99784700000001 0.0 0.4
40.683547 -119.99759 0.0 0.4
40.673185 -119.99748 0.0 0.4
40.657368999999996 -119.997235 0.0 0.4
40.642908 -119.997062 0.0 0.4
40.629928 -119.996903 0.0 0.4
40.616316999999995 -119.99677199999999 0.0 0.4
40.599447 -119.996644 0.0 0.4
40.585004 -119.99626 0.0 0.4
40.57055 -119.995976 0.0 0.4
40.556644 -119.995923 0.0 0.4
40.541627999999996 -119.99582 0.0 0.4
40.526928 -119.99579800000001 0.0 0.4
40.510725 -119.99583 0.0 0.4
40.499902999999996 -119.995784 0.0 0.4
40.481752 -119.995687 0.0 0.4
40.470158999999995 -119.995678 0.0 0.4
40.452902 -119.995664 0.0 0.4
40.439405 -119.995603 0.0 0.4
40.428877 -119.995625 0.0 0.4
40.418600000000005 -119.995641 0.0 0.4
40.406268 -119.995645 0.0 0.4
40.394335999999996 -119.995687 0.0 0.4
40.37583 -119.995705 0.0 0.4
40.362199 -119.995923 0.0 0.4
40.347955 -119.996194 0.0 0.4
40.332640999999995 -119.996445 0.0 0.4
40.322244 -119.99651 0.0 0.4
40.293172 -119.996381 0.0 0.4
40.28069 -119.996303 0.0 0.4
40.264247 -119.996259 0.0 0.4
40.249905999999996 -119.996265 0.0 0.4
40.230855999999996 -119.99646 0.0 0.4
40.219 -119.996527 0.0 0.4
40.207432 -119.996611 0.0 0.4
40.188728 -119.996923 0.0 0.4
40.17158 -119.996944 0.0 0.4
40.159223 -119.996967 0.0 0.4
40.142579 -119.997002 0.0 0.4
40.129439999999995 -119.997096 0.0 0.4
40.116695 -119.99718899999999 0.0 0.4
40.10572 -119.997304 0.0 0.4
40.092729 -119.997334 0.0 0.4
40.081804999999996 -119.997328 0.0 0.4
40.071767 -119.997277 0.0 0.4
40.060254 -119.997308 0.0 0.4
40.044422999999995 -119.997409 0.0 0.4
40.032016999999996 -119.997477 0.0 0.4
40.010653 -119.997619 0.0 0.4
39.999905 -119.997706 0.0 0.4
39.984615999999995 -119.997871 0.0 0.4
39.974041 -119.99805599999999 0.0 0.4
39.964011 -119.998261 0.0 0.4
39.952568 -119.998498 0.0 0.4
39.938032 -119.998626 0.0 0.4
39.924461 -119.99882 0.0 0.4
39.906155999999996 -119.999081 0.0 0.4
39.895434 -119.999099 0.0 0.4
39.874913 -119.999174 0.0 0.4
39.857692 -119.99959799999999 0.0 0.4
39.847453 -119.999776 0.0 0.4
39.836513 -119.99990700000001 0.0 0.4
39.823287 -120.000022 0.0 0.4
39.808523 -120.000306 0.0 0.4
39.798134999999995 -120.000475 0.0 0.4
39.782914 -120.000503 0.0 0.4
39.77082 -120.000651 0.0 0.4
39.759845999999996 -120.000805 0.0 0.4
39.742096 -120.001033 0.0 0.4
39.722418 -120.00106199999999 0.0 0.4
39.680613 -120.000959 0.0 0.4
39.669819 -120.001006 0.0 0.4
39.651253 -120.00115199999999 0.0 0.4
39.636389 -120.00113999999999 0.0 0.4
39.624888999999996 -120.00103 0.0 0.4
39.61109 -120.000871 0.0 0.4
39.591252999999995 -120.00118499999999 0.0 0.4
39.578855999999995 -120.001476 0.0 0.4
39.566811 -120.001581 0.0 0.4
39.548724 -120.001947 0.0 0.4
39.537814999999995 -120.001789 0.0 0.4
39.527642 -120.001789 0.0 0.4
39.514990999999995 -120.002017 0.0 0.4
39.504444 -120.00215399999999 0.0 0.4
39.493404 -120.002338 0.0 0.4
39.476403999999995 -120.002819 0.0 0.4
39.466294999999995 -120.002899 0.0 0.4
39.445056 -120.003773 0.0 0.4
39.430769 -120.00424699999999 0.0 0.4
39.417353 -120.004692 0.0 0.4
39.402606 -120.005181 0.0 0.4
39.390943 -120.005567 0.0 0.4
39.380902999999996 -120.005901 0.0 0.4
39.370179 -120.00614 0.0 0.4
39.355024 -120.006192 0.0 0.4
39.341498 -120.006237 0.0 0.4
39.330953 -120.00627399999999 0.0 0.4
39.318585999999996 -120.006316 0.0 0.4
39.296042 -120.006393 0.0 0.4
39.282773 -120.006439 0.0 0.4
39.272194 -120.006455 0.0 0.4
39.258491 -120.006103 0.0 0.4
39.24811 -120.005799 0.0 0.4
39.236249 -120.005679 0.0 0.4
39.22604 -120.005726 0.0 0.4
39.187445 -120.00453 0.0 0.4
39.165603 -120.004297 0.0 0.4
39.148764 -120.004024 0.0 0.4
39.131627 -120.003834 0.0 0.4
39.119844 -120.003611 0.0 0.4
39.105886 -120.003283 0.0 0.4
39.085485999999996 -120.00284500000001 0.0 0.4
39.069728 -120.002508 0.0 0.4
39.058462999999996 -120.002267 0.0 0.4
39.043531 -120.001948 0.0 0.4
39.031706 -120.001694 0.0 0.4
39.018316999999996 -120.001407 0.0 0.4
39.007213 -120.001171 0.0 0.4
38.994603 -119.99378 0.0 0.4
38.98496 -119.979748 0.0 0.4
38.977664 -119.969131 0.0 0.4
38.970879 -119.959259 0.0 0.4
38.965202999999995 -119.95100000000001 0.0 0.4
38.959294 -119.942143 0.0 0.4
38.953641999999995 -119.93386100000001 0.0 0.4
38.942785 -119.918041 0.0 0.4
38.935432 -119.907373 0.0 0.4
38.928336 -119.89710600000001 0.0 0.4
38.921487 -119.88724500000001 0.0 0.4
38.914995 -119.877821 0.0 0.4
38.905874 -119.864501 0.0 0.4
38.897278 -119.851986 0.0 0.4
38.891197 -119.843001 0.0 0.4
38.884861 -119.83363800000001 0.0 0.4
38.876686 -119.822084 0.0 0.4
38.870861 -119.813523 0.0 0.4
38.86402 -119.80352500000001 0.0 0.4
38.85535 -119.790942 0.0 0.4
38.847196 -119.779129 0.0 0.4
38.840661 -119.769668 0.0 0.4
38.834334 -119.760503 0.0 0.4
38.827777999999995 -119.751007 0.0 0.4
38.821486 -119.741908 0.0 0.4
38.81279 -119.72932399999999 0.0 0.4
38.795158 -119.703814 0.0 0.4
38.789453 -119.695561 0.0 0.4
38.781391 -119.683897 0.0 0.4
38.775287999999996 -119.675068 0.0 0.4
38.769560999999996 -119.666781 0.0 0.4
38.762436 -119.656579 0.0 0.4
38.752497 -119.642113 0.0 0.4
38.746269999999996 -119.633586 0.0 0.4
38.739993 -119.62461 0.0 0.4
38.73223 -119.613199 0.0 0.4
38.72338 -119.600273 0.0 0.4
38.716473 -119.590212 0.0 0.4
38.694761 -119.558899 0.0 0.4
38.688649999999996 -119.550104 0.0 0.4
38.682321 -119.540864 0.0 0.4
38.675321 -119.530647 0.0 0.4
38.662414999999996 -119.51181 0.0 0.4
38.654374 -119.501 0.0 0.4
38.648768 -119.492565 0.0 0.4
38.638369999999995 -119.477569 0.0 0.4
38.629518999999995 -119.464356 0.0 0.4
38.622433 -119.453823 0.0 0.4
38.609037 -119.435064 0.0 0.4
38.584871 -119.40138999999999 0.0 0.4
38.575300999999996 -119.387962 0.0 0.4
38.569302 -119.379543 0.0 0.4
38.563390999999996 -119.3703 0.0 0.4
38.5567 -119.360341 0.0 0.4
38.538328 -119.333423 0.0 0.4
38.523286 -119.312266 0.0 0.4
38.516582 -119.302691 0.0 0.4
38.500313 -119.279552 0.0 0.4
38.492748 -119.268673 0.0 0.4
38.485955 -119.258984 0.0 0.4
38.479926 -119.250389 0.0 0.4
38.472972 -119.240474 0.0 0.4
38.467061 -119.232184 0.0 0.4
38.453579999999995 -119.212811 0.0 0.4
38.447438999999996 -119.204092 0.0 0.4
38.441404 -119.195418 0.0 0.4
38.434557 -119.18552 0.0 0.4
38.427960999999996 -119.176107 0.0 0.4
38.419834 -119.164551 0.0 0.4
38.413753 -119.155907 0.0 0.4
38.404008 -119.14155099999999 0.0 0.4
38.394712999999996 -119.128199 0.0 0.4
38.374916 -119.100246 0.0 0.4
38.366005 -119.08811399999999 0.0 0.4
38.355685 -119.074268 0.0 0.4
38.343914 -119.057199 0.0 0.4
38.33445 -119.04348999999999 0.0 0.4
38.326330999999996 -119.031743 0.0 0.4
38.312971999999995 -119.013689 0.0 0.4
38.3069 -119.005462 0.0 0.4
38.268965 -118.94971 0.0 0.4
38.257273 -118.93302 0.0 0.4
38.249919 -118.922518 0.0 0.4
38.241141999999996 -118.910346 0.0 0.4
38.234662 -118.901297 0.0 0.4
38.227025 -118.890629 0.0 0.4
38.216456 -118.875873 0.0 0.4
38.206859 -118.862017 0.0 0.4
38.188853 -118.836921 0.0 0.4
38.173801999999995 -118.816022 0.0 0.4
38.160616999999995 -118.797714 0.0 0.4
38.150995 -118.784441 0.0 0.4
38.141870999999995 -118.771867 0.0 0.4
38.128772999999995 -118.752225 0.0 0.4
38.123084999999996 -118.743988 0.0 0.4
38.116178 -118.73419200000001 0.0 0.4
38.108419999999995 -118.72318 0.0 0.4
38.102143999999996 -118.714257 0.0 0.4
38.081835 -118.68636000000001 0.0 0.4
38.068594 -118.66819699999999 0.0 0.4
38.057019 -118.652355 0.0 0.4
38.04868 -118.640929 0.0 0.4
38.03774 -118.625963 0.0 0.4
38.002277 -118.575339 0.0 0.4
37.987572 -118.554727 0.0 0.4
37.981379 -118.546091 0.0 0.4
37.974762999999996 -118.536849 0.0 0.4
37.968232 -118.527736 0.0 0.4
37.960654 -118.517223 0.0 0.4
37.949023 -118.500964 0.0 0.4
37.942651 -118.492573 0.0 0.4
37.935173999999996 -118.482203 0.0 0.4
37.929033 -118.473681 0.0 0.4
37.920694999999995 -118.4621 0.0 0.4
37.913453 -118.45206 0.0 0.4
37.904133 -118.439126 0.0 0.4
37.89622 -118.428144 0.0 0.4
37.880677999999996 -118.406571 0.0 0.4
37.86172 -118.380195 0.0 0.4
37.851912 -118.366868 0.0 0.4
37.844941 -118.357165 0.0 0.4
37.835889 -118.344572 0.0 0.4
37.82871 -118.334578 0.0 0.4
37.817257999999995 -118.318569 0.0 0.4
37.811361999999995 -118.310375 0.0 0.4
37.80504 -118.301589 0.0 0.4
37.797067999999996 -118.290501 0.0 0.4
37.788663 -118.278814 0.0 0.4
37.782151999999996 -118.269766 0.0 0.4
37.775045 -118.25988699999999 0.0 0.4
37.769197999999996 -118.251756 0.0 0.4
37.763096 -118.243491 0.0 0.4
37.756037 -118.233762 0.0 0.4
37.749992999999996 -118.225439 0.0 0.4
37.741565 -118.21361 0.0 0.4
37.732558 -118.201177 0.0 0.4
37.726223 -118.192478 0.0 0.4
37.719436 -118.183162 0.0 0.4
37.712765999999995 -118.173939 0.0 0.4
37.706866999999995 -118.165784 0.0 0.4
37.700994 -118.157663 0.0 0.4
37.686980999999996 -118.138247 0.0 0.4
37.681101999999996 -118.130141 0.0 0.4
37.673477 -118.119592 0.0 0.4
37.664687 -118.107407 0.0 0.4
37.658766 -118.099183 0.0 0.4
37.651742999999996 -118.089429 0.0 0.4
37.645472 -118.080722 0.0 0.4
37.639523 -118.072457 0.0 0.4
37.633227 -118.063714 0.0 0.4
37.626913 -118.054943 0.0 0.4
37.619928 -118.045752 0.0 0.4
37.613538 -118.037481 0.0 0.4
37.607124 -118.02860000000001 0.0 0.4
37.600561 -118.019533 0.0 0.4
37.593962999999995 -118.010417 0.0 0.4
37.587528999999996 -118.001158 0.0 0.4
37.581272 -117.992672 0.0 0.4
37.574616 -117.983391 0.0 0.4
37.544385999999996 -117.942725 0.0 0.4
37.536 -117.931446 0.0 0.4
37.527193 -117.919702 0.0 0.4
37.518406 -117.908041 0.0 0.4
37.498764 -117.878323 0.0 0.4
37.490456 -117.866828 0.0 0.4
37.484369 -117.858695 0.0 0.4
37.475054 -117.846251 0.0 0.4
37.468503 -117.837499 0.0 0.4
37.461075 -117.827575 0.0 0.4
37.452982 -117.816764 0.0 0.4
37.446776 -117.808475 0.0 0.4
37.440596 -117.800218 0.0 0.4
37.431356 -117.787908 0.0 0.4
37.422518 -117.77613 0.0 0.4
37.41628 -117.767824 0.0 0.4
37.407294 -117.755851 0.0 0.4
37.395569 -117.739919 0.0 0.4
37.389193 -117.731368 0.0 0.4
37.382180999999996 -117.721968 0.0 0.4
37.376127 -117.713843 0.0 0.4
37.369454999999995 -117.704284 0.0 0.4
37.362801999999995 -117.694475 0.0 0.4
37.35669 -117.685462 0.0 0.4
37.347451 -117.672638 0.0 0.4
37.332934 -117.65341000000001 0.0 0.4
37.318526 -117.634468 0.0 0.4
37.312062 -117.625914 0.0 0.4
37.300945 -117.610925 0.0 0.4
37.278936 -117.581418 0.0 0.4
37.267983 -117.566097 0.0 0.4
37.257929 -117.552035 0.0 0.4
37.249931 -117.540885 0.0 0.4
37.239622 -117.527244 0.0 0.4
37.229002 -117.512766 0.0 0.4
37.220282 -117.50090900000001 0.0 0.4
37.204502999999995 -117.478996 0.0 0.4
37.190776 -117.460736 0.0 0.4
37.181681999999995 -117.448638 0.0 0.4
37.16876 -117.43151 0.0 0.4
37.158223 -117.417543 0.0 0.4
37.149184 -117.405485 0.0 0.4
37.134748 -117.386399 0.0 0.4
37.126843 -117.375905 0.0 0.4
37.113642 -117.357894 0.0 0.4
37.103232 -117.343983 0.0 0.4
37.087326 -117.322727 0.0 0.4
37.076243 -117.307916 0.0 0.4
37.060185 -117.286457 0.0 0.4
37.045097999999996 -117.266297 0.0 0.4
37.03451 -117.250903 0.0 0.4
37.026869999999995 -117.24043499999999 0.0 0.4
37.016464 -117.226619 0.0 0.4
37.000202 -117.205027 0.0 0.4
36.993970999999995 -117.19657 0.0 0.4
36.987277999999996 -117.187476 0.0 0.4
36.976514 -117.173134 0.0 0.4
36.959868 -117.151197 0.0 0.4
36.949929 -117.13757 0.0 0.4
36.943526 -117.128994 0.0 0.4
36.936762 -117.120101 0.0 0.4
36.929677999999996 -117.110822 0.0 0.4
36.921580999999996 -117.100143 0.0 0.4
36.911314 -117.0866 0.0 0.4
36.897568 -117.068336 0.0 0.4
36.888988999999995 -117.056829 0.0 0.4
36.874943 -117.037976 0.0 0.4
36.865662 -117.025269 0.0 0.4
36.856349 -117.0129 0.0 0.4
36.849734999999995 -117.00401099999999 0.0 0.4
36.843359 -116.995161 0.0 0.4
36.837254 -116.987068 0.0 0.4
36.828415 -116.975362 0.0 0.4
36.815869 -116.958747 0.0 0.4
36.809802 -116.95071 0.0 0.4
36.803567 -116.942454 0.0 0.4
36.794162 -116.929999 0.0 0.4
36.766998 -116.89402 0.0 0.4
36.75692 -116.880674 0.0 0.4
36.750616 -116.87232399999999 0.0 0.4
36.7442 -116.863874 0.0 0.4
36.733091 -116.849245 0.0 0.4
36.724657 -116.838155 0.0 0.4
36.715612 -116.82625 0.0 0.4
36.7047 -116.811886 0.0 0.4
36.694015 -116.797826 0.0 0.4
36.685795999999996 -116.787009 0.0 0.4
36.676624 -116.77494 0.0 0.4
36.667497999999995 -116.762929 0.0 0.4
36.660074 -116.753159 0.0 0.4
36.642683 -116.730232 0.0 0.4
36.633797 -116.718507 0.0 0.4
36.627535 -116.710248 0.0 0.4
36.613634999999995 -116.691917 0.0 0.4
36.603305999999996 -116.678291 0.0 0.4
36.590706 -116.66166799999999 0.0 0.4
36.563618 -116.625941 0.0 0.4
36.555005 -116.614585 0.0 0.4
36.541339 -116.596566 0.0 0.4
36.532942 -116.585487 0.0 0.4
36.514345999999996 -116.560967 0.0 0.4
36.501971 -116.544647 0.0 0.4
36.494172999999996 -116.53453400000001 0.0 0.4
36.48542 -116.523202 0.0 0.4
36.468223 -116.500882 0.0 0.4
36.45924 -116.48843099999999 0.0 0.4
36.447604999999996 -116.473496 0.0 0.4
36.425523 -116.445229 0.0 0.4
36.407682 -116.422299 0.0 0.4
36.399440999999996 -116.41175 0.0 0.4
36.374961 -116.380347 0.0 0.4
36.368714 -116.37122099999999 0.0 0.4
36.356414 -116.355068 0.0 0.4
36.349166 -116.345579 0.0 0.4
36.341833 -116.33596 0.0 0.4
36.335606 -116.327804 0.0 0.4
36.285331 -116.261828 0.0 0.4
36.276939 -116.250818 0.0 0.4
36.269593 -116.241328 0.0 0.4
36.261314 -116.230542 0.0 0.4
36.252701 -116.219319 0.0 0.4
36.244323 -116.208402 0.0 0.4
36.23706 -116.198993 0.0 0.4
36.229845999999995 -116.18965299999999 0.0 0.4
36.21967 -116.176469 0.0 0.4
36.209818999999996 -116.1637 0.0 0.4
36.20339 -116.155361 0.0 0.4
36.196450999999996 -116.146359 0.0 0.4
36.186974 -116.134064 0.0 0.4
36.180664 -116.125888 0.0 0.4
36.172651 -116.115614 0.0 0.4
36.164545 -116.10519099999999 0.0 0.4
36.158346 -116.097216 0.0 0.4
36.151931999999995 -116.088682 0.0 0.4
36.145770999999996 -116.08072 0.0 0.4
36.139632999999996 -116.072785 0.0 0.4
36.132729999999995 -116.06385900000001 0.0 0.4
36.119441 -116.046739 0.0 0.4
36.112497999999995 -116.037788 0.0 0.4
36.106088 -116.029482 0.0 0.4
36.095365 -116.01557700000001 0.0 0.4
36.087813 -116.005785 0.0 0.4
36.079477 -115.9953 0.0 0.4
36.071805 -115.98543599999999 0.0 0.4
36.063656 -115.974959 0.0 0.4
36.057024 -115.96643 0.0 0.4
36.050165 -115.95761 0.0 0.4
36.043310999999996 -115.948798 0.0 0.4
36.036482 -115.940008 0.0 0.4
36.028659 -115.929943 0.0 0.4
36.022349 -115.921842 0.0 0.4
36.015324 -115.912564 0.0 0.4
36.008776999999995 -115.904089 0.0 0.4
36.002648 -115.896183 0.0 0.4
35.995892 -115.887461 0.0 0.4
35.985391 -115.873875 0.0 0.4
35.979137 -115.865818 0.0 0.4
35.972803 -115.857677 0.0 0.4
35.963707 -115.845994 0.0 0.4
35.955871 -115.835931 0.0 0.4
35.948763 -115.826809 0.0 0.4
35.925992 -115.797575 0.0 0.4
35.919523999999996 -115.78928 0.0 0.4
35.911913999999996 -115.779525 0.0 0.4
35.89743 -115.761135 0.0 0.4
35.882581 -115.742049 0.0 0.4
35.85687 -115.709064 0.0 0.4
35.846481 -115.695733 0.0 0.4
35.839444 -115.687029 0.0 0.4
35.832955999999996 -115.678707 0.0 0.4
35.826572 -115.670555 0.0 0.4
35.820332 -115.662564 0.0 0.4
35.814104 -115.654611 0.0 0.4
35.807997 -115.646689 0.0 0.4
35.800657 -115.637295 0.0 0.4
35.793547 -115.628218 0.0 0.4
35.779365 -115.610125 0.0 0.4
35.772532999999996 -115.601407 0.0 0.4
35.765001 -115.591802 0.0 0.4
35.751246 -115.574304 0.0 0.4
35.737674999999996 -115.557025 0.0 0.4
35.725038 -115.54096 0.0 0.4
35.715551999999995 -115.528901 0.0 0.4
35.706736 -115.517703 0.0 0.4
35.699021 -115.507909 0.0 0.4
35.691423 -115.498266 0.0 0.4
35.681016 -115.485063 0.0 0.4
35.671487 -115.472937 0.0 0.4
35.663464 -115.462727 0.0 0.4
35.656856999999995 -115.454318 0.0 0.4
35.649364999999996 -115.444783 0.0 0.4
35.639894999999996 -115.43272999999999 0.0 0.4
35.633413 -115.424481 0.0 0.4
35.6209 -115.408622 0.0 0.4
35.611824999999996 -115.397142 0.0 0.4
35.60537 -115.388968 0.0 0.4
35.598879 -115.38075 0.0 0.4
35.592566 -115.372799 0.0 0.4
35.583404 -115.361141 0.0 0.4
35.576603999999996 -115.352516 0.0 0.4
35.568576 -115.342334 0.0 0.4
35.562062999999995 -115.334074 0.0 0.4
35.555358 -115.325601 0.0 0.4
35.546912 -115.314992 0.0 0.4
35.539342999999995 -115.305494 0.0 0.4
35.52222 -115.283996 0.0 0.4
35.515752 -115.275475 0.0 0.4
35.509546 -115.267388 0.0 0.4
35.502286999999995 -115.258173 0.0 0.4
35.495650999999995 -115.249987 0.0 0.4
35.489104999999995 -115.241786 0.0 0.4
35.482214 -115.233218 0.0 0.4
35.475888999999995 -115.225378 0.0 0.4
35.467954 -115.21551099999999 0.0 0.4
35.459244 -115.204512 0.0 0.4
35.451836 -115.195163 0.0 0.4
35.443273 -115.184332 0.0 0.4
35.436161999999996 -115.175359 0.0 0.4
35.429732 -115.167269 0.0 0.4
35.421303 -115.157749 0.0 0.4
35.414258 -115.14896999999999 0.0 0.4
35.403636999999996 -115.13574 0.0 0.4
35.394335 -115.124157 0.0 0.4
35.387958 -115.116225 0.0 0.4
35.380300999999996 -115.106704 0.0 0.4
35.373694 -115.098367 0.0 0.4
35.367186 -115.089395 0.0 0.4
35.360625999999996 -115.080698 0.0 0.4
35.352323999999996 -115.070788 0.0 0.4
35.345952 -115.062866 0.0 0.4
35.338564999999996 -115.053432 0.0 0.4
35.332139999999995 -115.045225 0.0 0.4
35.324355 -115.035288 0.0 0.4
35.316431 -115.025175 0.0 0.4
35.309182 -115.015928 0.0 0.4
35.292511 -114.994666 0.0 0.4
35.283975 -114.984368 0.0 0.4
35.273747 -114.971472 0.0 0.4
35.264638999999995 -114.959992 0.0 0.4
35.256204 -114.949364 0.0 0.4
35.245945999999996 -114.936449 0.0 0.4
35.237193999999995 -114.925434 0.0 0.4
35.229248 -114.915422 0.0 0.4
35.222665 -114.907137 0.0 0.4
35.215094 -114.897611 0.0 0.4
35.207763 -114.88862 0.0 0.4
35.199888 -114.87904 0.0 0.4
35.187278 -114.86370099999999 0.0 0.4
35.179247 -114.853932 0.0 0.4
35.169031 -114.84029699999999 0.0 0.4
35.159237 -114.827811 0.0 0.4
35.152304 -114.81915 0.0 0.4
35.145531 -114.81064 0.0 0.4
35.13803 -114.801313 0.0 0.4
35.13138 -114.792967 0.0 0.4
35.124973 -114.785068 0.0 0.4
35.117944 -114.776247 0.0 0.4
35.109337 -114.765601 0.0 0.4
35.102106 -114.756809 0.0 0.4
35.094173999999995 -114.747157 0.0 0.4
35.087343 -114.73882499999999 0.0 0.4
35.080116 -114.729901 0.0 0.4
35.070015999999995 -114.717522 0.0 0.4
35.063428 -114.70932 0.0 0.4
35.052490999999996 -114.695759 0.0 0.4
35.04443 -114.68584 0.0 0.4
35.037993 -114.677882 0.0 0.4
35.031628999999995 -114.670093 0.0 0.4
35.025200000000005 -114.66223099999999 0.0 0.4
35.018836 -114.65444600000001 0.0 0.4
35.011699 -114.645645 0.0 0.4
35.00398 -114.63612 0.0 0.4
34.99464 -114.630244 0.0 0.4
34.983433 -114.629369 0.0 0.4
34.971579999999996 -114.633573 0.0 0.4
34.958918 -114.634953 0.0 0.4
34.945412999999995 -114.629984 0.0 0.4
34.934626 -114.630844 0.0 0.4
34.924842999999996 -114.633213 0.0 0.4
34.913202 -114.630861 0.0 0.4
34.902241 -114.632595 0.0 0.4
34.892388 -114.636105 0.0 0.4
34.881862999999996 -114.636196 0.0 0.4
34.87126 -114.633639 0.0 0.4
34.863003 -114.627632 0.0 0.4
34.856062 -114.618281 0.0 0.4
34.851721 -114.609173 0.0 0.4
34.846219 -114.598941 0.0 0.4
34.839071 -114.590144 0.0 0.4
34.830171 -114.583655 0.0 0.4
34.820977 -114.578681 0.0 0.4
34.810171 -114.575345 0.0 0.4
34.798851 -114.572547 0.0 0.4
34.789114999999995 -114.567347 0.0 0.4
34.779907 -114.562375 0.0 0.4
34.771383 -114.556607 0.0 0.4
34.763920999999996 -114.549196 0.0 0.4
34.757109 -114.540306 0.0 0.4
34.751827999999996 -114.531483 0.0 0.4
34.744987 -114.52384 0.0 0.4
34.736745 -114.51661899999999 0.0 0.4
34.732107 -114.505984 0.0 0.4
34.727956 -114.495858 0.0 0.4
34.720323 -114.489346 0.0 0.4
34.714628 -114.480668 0.0 0.4
34.711368 -114.470477 0.0 0.4
34.70084 -114.467894 0.0 0.4
34.690208999999996 -114.464767 0.0 0.4
34.682044999999995 -114.45889199999999 0.0 0.4
34.672317 -114.454803 0.0 0.4
34.661823999999996 -114.454549 0.0 0.4
34.652422 -114.451014 0.0 0.4
34.645306999999995 -114.443242 0.0 0.4
34.634738999999996 -114.440685 0.0 0.4
34.624662 -114.439227 0.0 0.4
34.614641 -114.428648 0.0 0.4
34.605354 -114.42428 0.0 0.4
34.596796999999995 -114.436363 0.0 0.4
34.580711 -114.422382 0.0 0.4
34.570100000000004 -114.405946 0.0 0.4
34.560139 -114.399461 0.0 0.4
34.550441 -114.393868 0.0 0.4
34.531828 -114.382229 0.0 0.4
34.516521 -114.378223 0.0 0.4
34.503419 -114.379671 0.0 0.4
34.493735 -114.382675 0.0 0.4
34.482372 -114.38216 0.0 0.4
34.472149 -114.382864 0.0 0.4
34.462511 -114.387023 0.0 0.4
34.450376 -114.378852 0.0 0.4
34.447358 -114.367282 0.0 0.4
34.44948 -114.357062 0.0 0.4
34.450679 -114.346862 0.0 0.4
34.450645 -114.336659 0.0 0.4
34.442294 -114.328991 0.0 0.4
34.436287 -114.320904 0.0 0.4
34.431692999999996 -114.31034700000001 0.0 0.4
34.426991 -114.301386 0.0 0.4
34.419881 -114.293669 0.0 0.4
34.409784 -114.291154 0.0 0.4
34.403641 -114.282261 0.0 0.4
34.402961 -114.272184 0.0 0.4
34.399046999999996 -114.261709 0.0 0.4
34.391354 -114.254241 0.0 0.4
34.385659 -114.245261 0.0 0.4
34.379135 -114.237266 0.0 0.4
34.370882 -114.230779 0.0 0.4
34.36419 -114.220564 0.0 0.4
34.361954 -114.205971 0.0 0.4
34.358551 -114.195361 0.0 0.4
34.354386 -114.185556 0.0 0.4
34.349306 -114.176909 0.0 0.4
34.339513 -114.168807 0.0 0.4
34.328145 -114.162605 0.0 0.4
34.317862 -114.157206 0.0 0.4
34.310874 -114.147374 0.0 0.4
34.303819 -114.138862 0.0 0.4
34.293234 -114.139121 0.0 0.4
34.280833 -114.13605 0.0 0.4
34.268965 -114.134768 0.0 0.4
34.259125 -114.13265200000001 0.0 0.4
34.259623 -114.144779 0.0 0.4
34.258415 -114.156853 0.0 0.4
34.251667 -114.164476 0.0 0.4
34.247302999999995 -114.174597 0.0 0.4
34.230858 -114.190876 0.0 0.4
34.223407 -114.199036 0.0 0.4
34.216647 -114.20692 0.0 0.4
34.208956 -114.215454 0.0 0.4
34.203641999999995 -114.225194 0.0 0.4
34.191238 -114.225814 0.0 0.4
34.185122 -114.235417 0.0 0.4
34.179625 -114.244191 0.0 0.4
34.174355 -114.253018 0.0 0.4
34.171244 -114.263855 0.0 0.4
34.172047 -114.274926 0.0 0.4
34.170715 -114.28672399999999 0.0 0.4
34.161314 -114.297337 0.0 0.4
34.153836999999996 -114.304624 0.0 0.4
34.145987 -114.311317 0.0 0.4
34.139297 -114.319956 0.0 0.4
34.135639999999995 -114.32947899999999 0.0 0.4
34.1342 -114.34002100000001 0.0 0.4
34.134107 -114.350478 0.0 0.4
34.127617 -114.358358 0.0 0.4
34.118577 -114.366517 0.0 0.4
34.11599 -114.379223 0.0 0.4
34.110675 -114.389093 0.0 0.4
34.111301 -114.399208 0.0 0.4
34.11051 -114.409801 0.0 0.4
34.103466 -114.420499 0.0 0.4
34.094985 -114.427065 0.0 0.4
34.087379 -114.434181 0.0 0.4
34.077491 -114.435907 0.0 0.4
34.067021 -114.438416 0.0 0.4
34.05381 -114.439406 0.0 0.4
34.04373 -114.435816 0.0 0.4
34.033023 -114.43541 0.0 0.4
34.022608999999996 -114.438266 0.0 0.4
34.01421 -114.446815 0.0 0.4
34.011838 -114.459861 0.0 0.4
34.004355 -114.466651 0.0 0.4
33.998108 -114.458166 0.0 0.4
33.993229 -114.467336 0.0 0.4
33.985755999999995 -114.47409 0.0 0.4
33.979524999999995 -114.482586 0.0 0.4
33.971517999999996 -114.489623 0.0 0.4
33.964645 -114.497237 0.0 0.4
33.958784 -114.506242 0.0 0.4
33.957876999999996 -114.51671 0.0 0.4
33.952189 -114.525179 0.0 0.4
33.943629 -114.530566 0.0 0.4
33.934650999999995 -114.535478 0.0 0.4
33.924870999999996 -114.532297 0.0 0.4
33.920289 -114.522141 0.0 0.4
33.912918999999995 -114.513202 0.0 0.4
33.903807 -114.50792 0.0 0.4
33.897918 -114.516344 0.0 0.4
33.901008 -114.52587199999999 0.0 0.4
33.891272 -114.521506 0.0 0.4
33.884203 -114.513768 0.0 0.4
33.877662 -114.505272 0.0 0.4
33.867166 -114.503104 0.0 0.4
33.860689 -114.512459 0.0 0.4
33.859964999999995 -114.52287 0.0 0.4
33.852663 -114.530103 0.0 0.4
33.84256 -114.527215 0.0 0.4
33.833386 -114.522711 0.0 0.4
33.822030999999996 -114.520733 0.0 0.4
33.814963 -114.52805 0.0 0.4
33.80612 -114.523365 0.0 0.4
33.796414999999996 -114.518642 0.0 0.4
33.786545 -114.515969 0.0 0.4
33.776314 -114.510958 0.0 0.4
33.766501 -114.506672 0.0 0.4
33.756381 -114.50434 0.0 0.4
33.746344 -114.506 0.0 0.4
33.735019 -114.511972 0.0 0.4
33.728055 -114.504176 0.0 0.4
33.720028 -114.497363 0.0 0.4
33.708054 -114.494204 0.0 0.4
33.696901 -114.496489 0.0 0.4
33.692018 -114.50799599999999 0.0 0.4
33.688473 -114.519113 0.0 0.4
33.682684 -114.527782 0.0 0.4
33.669702 -114.532123 0.0 0.4
33.662948 -114.521957 0.0 0.4
33.654461 -114.53058300000001 0.0 0.4
33.643861 -114.529549 0.0 0.4
33.6347 -114.523802 0.0 0.4
33.625023999999996 -114.531202 0.0 0.4
33.616626 -114.525716 0.0 0.4
33.607053 -114.52874 0.0 0.4
33.598333 -114.535299 0.0 0.4
33.589788999999996 -114.54066399999999 0.0 0.4
33.57851 -114.539764 0.0 0.4
33.569154 -114.535965 0.0 0.4
33.560713 -114.530141 0.0 0.4
33.552231 -114.524599 0.0 0.4
33.542480999999995 -114.542011 0.0 0.4
33.532589 -114.55802299999999 0.0 0.4
33.522194999999996 -114.560625 0.0 0.4
33.51298 -114.565392 0.0 0.4
33.507115999999996 -114.57636099999999 0.0 0.4
33.502452999999996 -114.588239 0.0 0.4
33.490653 -114.597283 0.0 0.4
33.481396 -114.601694 0.0 0.4
33.473019 -114.609909 0.0 0.4
33.462708 -114.618354 0.0 0.4
33.450879 -114.622519 0.0 0.4
33.437173 -114.625789 0.0 0.4
33.426753999999995 -114.630903 0.0 0.4
33.418431999999996 -114.641012 0.0 0.4
33.412923 -114.652828 0.0 0.4
33.415135 -114.663511 0.0 0.4
33.418875 -114.67307 0.0 0.4
33.418005 -114.684817 0.0 0.4
33.415127999999996 -114.695658 0.0 0.4
33.408147 -114.702838 0.0 0.4
33.407271 -114.71340000000001 0.0 0.4
33.406531 -114.723829 0.0 0.4
33.396378999999996 -114.720711 0.0 0.4
33.388256 -114.713602 0.0 0.4
33.380632999999996 -114.707009 0.0 0.4
33.367134 -114.701959 0.0 0.4
33.356575 -114.69817 0.0 0.4
33.345692 -114.69935 0.0 0.4
33.335225 -114.701709 0.0 0.4
33.323316 -114.70787 0.0 0.4
33.316663999999996 -114.717056 0.0 0.4
33.310097 -114.724665 0.0 0.4
33.302433 -114.731223 0.0 0.4
33.291097 -114.724999 0.0 0.4
33.283341 -114.711197 0.0 0.4
33.280474999999996 -114.697175 0.0 0.4
33.276022999999995 -114.684363 0.0 0.4
33.265453 -114.674595 0.0 0.4
33.254425999999995 -114.67766 0.0 0.4
33.247965 -114.688205 0.0 0.4
33.237479 -114.68424 0.0 0.4
33.225504 -114.674479 0.0 0.4
33.213778999999995 -114.675426 0.0 0.4
33.203448 -114.678749 0.0 0.4
33.193359 -114.676491 0.0 0.4
33.18152 -114.67583 0.0 0.4
33.171499 -114.679849 0.0 0.4
33.159059 -114.679945 0.0 0.4
33.147822999999995 -114.684907 0.0 0.4
33.137724 -114.690246 0.0 0.4
33.12865 -114.697828 0.0 0.4
33.113768 -114.703682 0.0 0.4
33.101783999999995 -114.707028 0.0 0.4
33.091102 -114.707819 0.0 0.4
33.086394 -114.697132 0.0 0.4
33.079178999999996 -114.689307 0.0 0.4
33.065823 -114.682348 0.0 0.4
33.058444 -114.675303 0.0 0.4
33.04753 -114.67510300000001 0.0 0.4
33.037983 -114.670803 0.0 0.4
33.032669999999996 -114.662317 0.0 0.4
33.039832 -114.653356 0.0 0.4
33.048415999999996 -114.647049 0.0 0.4
33.04331 -114.638014 0.0 0.4
33.035019999999996 -114.631343 0.0 0.4
33.027201999999996 -114.618788 0.0 0.4
33.025703 -114.606282 0.0 0.4
33.025656999999995 -114.596109 0.0 0.4
33.027634 -114.585793 0.0 0.4
33.035375 -114.578287 0.0 0.4
33.035077 -114.5648 0.0 0.4
33.033974 -114.553189 0.0 0.4
33.03376 -114.543131 0.0 0.4
33.032393 -114.531083 0.0 0.4
33.029984 -114.52013 0.0 0.4
33.023455 -114.511343 0.0 0.4
33.01506 -114.504981 0.0 0.4
33.003904999999996 -114.499797 0.0 0.4
32.992548 -114.497551 0.0 0.4
32.981473 -114.495946 0.0 0.4
32.971781 -114.492938 0.0 0.4
32.971753 -114.482486 0.0 0.4
32.974686999999996 -114.472764 0.0 0.4
32.965384 -114.467367 0.0 0.4
32.955259999999996 -114.468061 0.0 0.4
32.94614 -114.473262 0.0 0.4
32.937928 -114.48022 0.0 0.4
32.927014 -114.478493 0.0 0.4
32.919241 -114.47199499999999 0.0 0.4
32.912441 -114.463972 0.0 0.4
32.901883999999995 -114.463127 0.0 0.4
32.890833 -114.46428399999999 0.0 0.4
32.879428 -114.46546000000001 0.0 0.4
32.845155 -114.468971 0.0 0.4
32.8331 -114.482546 0.0 0.4
32.826219 -114.490698 0.0 0.4
32.820392999999996 -114.500781 0.0 0.4
32.816516 -114.510279 0.0 0.4
32.80706 -114.51850400000001 0.0 0.4
32.798840999999996 -114.525274 0.0 0.4
32.787259999999996 -114.531587 0.0 0.4
32.776922 -114.532432 0.0 0.4
32.767275999999995 -114.528443 0.0 0.4
32.757093999999995 -114.526856 0.0 0.4
32.756966999999996 -114.537489 0.0 0.4
32.749645 -114.548283 0.0 0.4
32.749553999999996 -114.564447 0.0 0.4
32.742306 -114.572997 0.0 0.4
32.736607 -114.581766 0.0 0.4
32.734516 -114.612655 0.0 0.4
32.728778999999996 -114.620967 0.0 0.4
32.730426 -114.631419 0.0 0.4
32.731999 -114.642658 0.0 0.4
32.733317 -114.65263 0.0 0.4
32.733951999999995 -114.662717 0.0 0.4
32.735096 -114.67271099999999 0.0 0.4
32.737348 -114.682614 0.0 0.4
32.740566 -114.692534 0.0 0.4
32.745663 -114.701155 0.0 0.4
32.737567999999996 -114.707899 0.0 0.4
32.729855 -114.714811 0.0 0.4
32.720304 -114.718687 0.0 0.4
32.718126 -114.728795 0.0 0.4
32.717380999999996 -114.74001200000001 0.0 0.4
32.716663 -114.75085 0.0 0.4
32.714442 -114.784273 0.0 0.4
32.713516 -114.798124 0.0 0.4
32.712719 -114.809949 0.0 0.4
32.711788 -114.823923 0.0 0.4
32.711033 -114.834983 0.0 0.4
32.709776999999995 -114.853744 0.0 0.4
32.708518999999995 -114.872503 0.0 0.4
32.707429999999995 -114.888682 0.0 0.4
32.705993 -114.910022 0.0 0.4
32.705058 -114.92365699999999 0.0 0.4
32.70419 -114.93653 0.0 0.4
32.703312 -114.94939600000001 0.0 0.4
32.702144 -114.966572 0.0 0.4
32.701254999999996 -114.979438 0.0 0.4
32.700523 -114.990054 0.0 0.4
32.69978 -115.000888 0.0 0.4
32.698896 -115.01376 0.0 0.4
32.69802 -115.0266 0.0 0.4
32.697136 -115.0395 0.0 0.4
32.696323 -115.051215 0.0 0.4
32.695354 -115.065231 0.0 0.4
32.694548999999995 -115.076884 0.0 0.4
32.693574999999996 -115.090993 0.0 0.4
32.692781 -115.10256 0.0 0.4
32.691807 -115.116764 0.0 0.4
32.690317 -115.138215 0.0 0.4
32.689116999999996 -115.155393 0.0 0.4
32.6878 -115.17433199999999 0.0 0.4
32.686569999999996 -115.191978 0.0 0.4
32.685536 -115.206887 0.0 0.4
32.684348 -115.22376 0.0 0.4
32.683613 -115.234185 0.0 0.4
32.682511999999996 -115.249802 0.0 0.4
32.681474 -115.264637 0.0 0.4
32.680721 -115.275466 0.0 0.4
32.679369 -115.294114 0.0 0.4
32.678264 -115.309782 0.0 0.4
32.677116999999996 -115.325828 0.0 0.4
32.676376999999995 -115.336336 0.0 0.4
32.675523 -115.348386 0.0 0.4
32.674800000000005 -115.35849 0.0 0.4
32.674096999999996 -115.368647 0.0 0.4
32.673185 -115.381504 0.0 0.4
32.671558 -115.404185 0.0 0.4
32.670519 -115.418605 0.0 0.4
32.669446 -115.433486 0.0 0.4
32.668220999999996 -115.45058 0.0 0.4
32.667169 -115.465219 0.0 0.4
32.666371999999996 -115.476245 0.0 0.4
32.665599 -115.486804 0.0 0.4
32.664843 -115.497094 0.0 0.4
32.664105 -115.507173 0.0 0.4
32.663138 -115.52024 0.0 0.4
32.662314 -115.53138799999999 0.0 0.4
32.66151 -115.542272 0.0 0.4
32.660537999999995 -115.555396 0.0 0.4
32.659783 -115.565595 0.0 0.4
32.658924999999996 -115.577184 0.0 0.4
32.658004 -115.589511 0.0 0.4
32.657129 -115.601166 0.0 0.4
32.656313 -115.612047 0.0 0.4
32.655437 -115.623702 0.0 0.4
32.654652999999996 -115.634107 0.0 0.4
32.65388 -115.644449 0.0 0.4
32.652998 -115.656266 0.0 0.4
32.652145 -115.667637 0.0 0.4
32.650988 -115.683091 0.0 0.4
32.649997 -115.696265 0.0 0.4
32.649008 -115.709434 0.0 0.4
32.647799 -115.725445 0.0 0.4
32.646353999999995 -115.74452 0.0 0.4
32.644954999999996 -115.762921 0.0 0.4
32.643938 -115.77613099999999 0.0 0.4
32.642300999999996 -115.797326 0.0 0.4
32.641222 -115.811552 0.0 0.4
32.63881 -115.84330299999999 0.0 0.4
32.637631999999996 -115.858762 0.0 0.4
32.63655 -115.872948 0.0 0.4
32.635543 -115.886136 0.0 0.4
32.634752999999996 -115.896471 0.0 0.4
32.633917 -115.907302 0.0 0.4
32.632838 -115.921055 0.0 0.4
32.631806 -115.934609 0.0 0.4
32.630759999999995 -115.948072 0.0 0.4
32.629737 -115.961318 0.0 0.4
32.628735999999996 -115.974255 0.0 0.4
32.627735 -115.987207 0.0 0.4
32.626678999999996 -116.000842 0.0 0.4
32.625788 -116.01232 0.0 0.4
32.624645 -116.027196 0.0 0.4
32.623649 -116.040052 0.0 0.4
32.622648999999996 -116.052936 0.0 0.4
32.621573 -116.066766 0.0 0.4
32.620642 -116.078716 0.0 0.4
32.61979 -116.089045 0.0 0.4
32.618961 -116.100107 0.0 0.4
32.618145999999996 -116.110401 0.0 0.4
32.617151 -116.123057 0.0 0.4
32.615426 -116.144953 0.0 0.4
32.614443 -116.157388 0.0 0.4
32.613469 -116.169506 0.0 0.4
32.612535 -116.181104 0.0 0.4
32.611686 -116.191821 0.0 0.4
32.610838 -116.202449 0.0 0.4
32.609217 -116.222882 0.0 0.4
32.607537 -116.243517 0.0 0.4
32.606319 -116.258913 0.0 0.4
32.605450999999995 -116.269831 0.0 0.4
32.604583 -116.280707 0.0 0.4
32.603713 -116.29166000000001 0.0 0.4
32.602881 -116.302307 0.0 0.4
32.60212 -116.312552 0.0 0.4
32.601219 -116.322904 0.0 0.4
32.600339999999996 -116.33394200000001 0.0 0.4
32.59919 -116.348103 0.0 0.4
32.598122 -116.361334 0.0 0.4
32.597190999999995 -116.372674 0.0 0.4
32.596159 -116.385623 0.0 0.4
32.595315 -116.395909 0.0 0.4
32.594235999999995 -116.409163 0.0 0.4
32.592749999999995 -116.427222 0.0 0.4
32.591761999999996 -116.439408 0.0 0.4
32.590722 -116.453847 0.0 0.4
32.589684 -116.466863 0.0 0.4
32.588592 -116.47847999999999 0.0 0.4
32.587188 -116.495538 0.0 0.4
32.586290999999996 -116.50586 0.0 0.4
32.585176 -116.518884 0.0 0.4
32.584129 -116.531971 0.0 0.4
32.583109 -116.545115 0.0 0.4
32.582118 -116.556659 0.0 0.4
32.58123 -116.567584 0.0 0.4
32.580027 -116.58222 0.0 0.4
32.578837 -116.596701 0.0 0.4
32.577968 -116.607407 0.0 0.4
32.577144 -116.617631 0.0 0.4
32.576214 -116.628629 0.0 0.4
32.575089 -116.642293 0.0 0.4
32.574114 -116.65419800000001 0.0 0.4
32.573026999999996 -116.667352 0.0 0.4
32.571631 -116.684073 0.0 0.4
32.570346 -116.699464 0.0 0.4
32.568844999999996 -116.717167 0.0 0.4
32.567904999999996 -116.728517 0.0 0.4
32.567043 -116.738957 0.0 0.4
32.566136 -116.749796 0.0 0.4
32.565051 -116.762717 0.0 0.4
32.563962 -116.775676 0.0 0.4
32.563033 -116.786748 0.0 0.4
32.562158 -116.797089 0.0 0.4
32.561219 -116.80822 0.0 0.4
32.560367 -116.818187 0.0 0.4
32.559453 -116.829005 0.0 0.4
32.558506 -116.84024 0.0 0.4
32.55761 -116.85087 0.0 0.4
32.556656 -116.86217500000001 0.0 0.4
32.555732 -116.873071 0.0 0.4
32.554421 -116.888493 0.0 0.4
32.553365 -116.90092 0.0 0.4
32.552203 -116.914619 0.0 0.4
32.551247 -116.925962 0.0 0.4
32.550356 -116.936489 0.0 0.4
32.549265999999996 -116.949461 0.0 0.4
32.548186 -116.962437 0.0 0.4
32.547124 -116.974968 0.0 0.4
32.545989999999996 -116.988376 0.0 0.4
32.544992 -117.00011 0.0 0.4
32.544005999999996 -117.011533 0.0 0.4
32.543009999999995 -117.022922 0.0 0.4
32.541942 -117.035184 0.0 0.4
32.541093 -117.045169 0.0 0.4
32.539984 -117.058162 0.0 0.4
32.538885 -117.071122 0.0 0.4
32.53776 -117.08407 0.0 0.4
32.536843 -117.094647 0.0 0.4
32.535892 -117.105714 0.0 0.4
32.534780999999995 -117.118805 0.0 0.4
32.533232 -117.141865 0.0 0.4
32.529931 -117.189153 0.0 0.4
32.528832 -117.204917 0.0 0.4
32.539615999999995 -117.207052 0.0 0.4
32.554634 -117.210025 0.0 0.4
32.572305 -117.210025 0.0 0.4
32.583124 -117.211936 0.0 0.4
32.594781 -117.214112 0.0 0.4
32.610292 -117.218196 0.0 0.4
32.619546 -117.22251299999999 0.0 0.4
32.616678 -117.233513 0.0 0.4
32.614989 -117.24587700000001 0.0 0.4
32.615849 -117.256561 0.0 0.4
32.618907 -117.267321 0.0 0.4
32.623474 -117.276916 0.0 0.4
32.631318 -117.285838 0.0 0.4
32.638587 -117.293975 0.0 0.4
32.654036999999995 -117.30734799999999 0.0 0.4
32.689847 -117.320939 0.0 0.4
32.712859 -117.323516 0.0 0.4
32.731653 -117.32562 0.0 0.4
32.741667 -117.32625999999999 0.0 0.4
32.752964 -117.326982 0.0 0.4
32.765088999999996 -117.327758 0.0 0.4
32.777858 -117.328575 0.0 0.4
32.790628 -117.329392 0.0 0.4
32.80303 -117.330185 0.0 0.4
32.813311 -117.333017 0.0 0.4
32.823304 -117.336274 0.0 0.4
32.834517 -117.34003799999999 0.0 0.4
32.857948 -117.339811 0.0 0.4
32.882160999999996 -117.33264 0.0 0.4
32.903064 -117.323279 0.0 0.4
32.918929999999996 -117.328126 0.0 0.4
32.939575999999995 -117.334434 0.0 0.4
32.969209 -117.343486 0.0 0.4
32.982341999999996 -117.347498 0.0 0.4
32.995694 -117.35157699999999 0.0 0.4
33.011201 -117.356315 0.0 0.4
33.030947999999995 -117.362347 0.0 0.4
33.042946 -117.366013 0.0 0.4
33.053929 -117.369368 0.0 0.4
33.065323 -117.372849 0.0 0.4
33.075216999999995 -117.375872 0.0 0.4
33.085217 -117.381676 0.0 0.4
33.103418 -117.39223799999999 0.0 0.4
33.114931 -117.399147 0.0 0.4
33.125003 -117.405192 0.0 0.4
33.142790999999995 -117.415481 0.0 0.4
33.169162 -117.430734 0.0 0.4
33.17953 -117.437426 0.0 0.4
33.192641 -117.449536 0.0 0.4
33.212494 -117.467871 0.0 0.4
33.230221 -117.48759799999999 0.0 0.4
33.241366 -117.500001 0.0 0.4
33.250034 -117.50773699999999 0.0 0.4
33.268872 -117.520999 0.0 0.4
33.294418 -117.549601 0.0 0.4
33.312301999999995 -117.571531 0.0 0.4
33.321754999999996 -117.588769 0.0 0.4
33.333991999999995 -117.611081 0.0 0.4
33.340485 -117.62292 0.0 0.4
33.346157 -117.63156599999999 0.0 0.4
33.35574 -117.641171 0.0 0.4
33.363634999999995 -117.64786 0.0 0.4
33.368193999999995 -117.658018 0.0 0.4
33.375031 -117.666181 0.0 0.4
33.382984 -117.67805899999999 0.0 0.4
33.389792 -117.687937 0.0 0.4
33.401413999999995 -117.703631 0.0 0.4
33.408777 -117.713571 0.0 0.4
33.407436 -117.725719 0.0 0.4
33.410118 -117.741409 0.0 0.4
33.418974999999996 -117.750887 0.0 0.4
33.431539 -117.76514 0.0 0.4
33.440236999999996 -117.772342 0.0 0.4
33.450655999999995 -117.78147 0.0 0.4
33.459899 -117.789369 0.0 0.4
33.469781999999995 -117.793262 0.0 0.4
33.476616 -117.804418 0.0 0.4
33.486784 -117.81455 0.0 0.4
33.494253 -117.822844 0.0 0.4
33.499437 -117.834202 0.0 0.4
33.504118 -117.843842 0.0 0.4
33.514368999999995 -117.863394 0.0 0.4
33.51977 -117.873695 0.0 0.4
33.528106 -117.89075700000001 0.0 0.4
33.535371 -117.905627 0.0 0.4
33.543295 -117.921852 0.0 0.4
33.549254 -117.934046 0.0 0.4
33.559785 -117.949569 0.0 0.4
33.565835 -117.958488 0.0 0.4
33.576229 -117.973807 0.0 0.4
33.581736 -117.982614 0.0 0.4
33.589717 -117.995376 0.0 0.4
33.594629 -118.004996 0.0 0.4
33.599486999999996 -118.015323 0.0 0.4
33.604676 -118.024968 0.0 0.4
33.614903999999996 -118.042008 0.0 0.4
33.62502 -118.05612099999999 0.0 0.4
33.634547999999995 -118.068502 0.0 0.4
33.644369 -118.082331 0.0 0.4
33.653650999999996 -118.096473 0.0 0.4
33.668777999999996 -118.107478 0.0 0.4
33.688063 -118.12000499999999 0.0 0.4
33.697139 -118.1259 0.0 0.4
33.694083 -118.147806 0.0 0.4
33.691562999999995 -118.16583 0.0 0.4
33.691189 -118.175975 0.0 0.4
33.690593 -118.192111 0.0 0.4
33.690595 -118.217377 0.0 0.4
33.690595 -118.237008 0.0 0.4
33.68154 -118.247226 0.0 0.4
33.663429 -118.274239 0.0 0.4
33.661772 -118.293399 0.0 0.4
33.659546999999996 -118.319135 0.0 0.4
33.661907 -118.33512 0.0 0.4
33.663427 -118.345415 0.0 0.4
33.672109 -118.363176 0.0 0.4
33.678953 -118.377171 0.0 0.4
33.686712 -118.385931 0.0 0.4
33.701266 -118.428637 0.0 0.4
33.725524 -118.466962 0.0 0.4
33.735714 -118.473702 0.0 0.4
33.748686 -118.48228399999999 0.0 0.4
33.779865 -118.487768 0.0 0.4
33.79753 -118.485276 0.0 0.4
33.81599 -118.471807 0.0 0.4
33.827503 -118.45706200000001 0.0 0.4
33.836020999999995 -118.446904 0.0 0.4
33.84876 -118.447254 0.0 0.4
33.861001 -118.45537999999999 0.0 0.4
33.885577999999995 -118.47380000000001 0.0 0.4
33.899239 -118.484869 0.0 0.4
33.916152 -118.498868 0.0 0.4
33.928052 -118.50647599999999 0.0 0.4
33.938958 -118.513605 0.0 0.4
33.94874 -118.520563 0.0 0.4
33.961794 -118.533474 0.0 0.4
33.971636 -118.54156499999999 0.0 0.4
33.97997 -118.548417 0.0 0.4
33.987249 -118.556864 0.0 0.4
33.988712 -118.569238 0.0 0.4
33.987300000000005 -118.58097599999999 0.0 0.4
33.988065 -118.594079 0.0 0.4
33.986283 -118.604389 0.0 0.4
33.986413 -118.615958 0.0 0.4
33.98646 -118.62631999999999 0.0 0.4
33.985735999999996 -118.639736 0.0 0.4
33.985116 -118.650161 0.0 0.4
33.982147 -118.66138699999999 0.0 0.4
33.979914 -118.672412 0.0 0.4
33.979220999999995 -118.684008 0.0 0.4
33.978567999999996 -118.696696 0.0 0.4
33.978063999999996 -118.709586 0.0 0.4
33.979411999999996 -118.722605 0.0 0.4
33.977035 -118.735528 0.0 0.4
33.975556 -118.745959 0.0 0.4
33.967791999999996 -118.754411 0.0 0.4
33.963609 -118.764278 0.0 0.4
33.95751 -118.77393000000001 0.0 0.4
33.95143 -118.786528 0.0 0.4
33.948212 -118.797728 0.0 0.4
33.946905 -118.809827 0.0 0.4
33.948189 -118.820932 0.0 0.4
33.952382 -118.834761 0.0 0.4
33.959334 -118.84776099999999 0.0 0.4
33.96597 -118.856846 0.0 0.4
33.97302 -118.863997 0.0 0.4
33.980641999999996 -118.870993 0.0 0.4
33.984969 -118.88139699999999 0.0 0.4
33.987429999999996 -118.892262 0.0 0.4
33.988482999999995 -118.902229 0.0 0.4
33.990424 -118.91543 0.0 0.4
33.990998999999995 -118.92620099999999 0.0 0.4
33.991451999999995 -118.940438 0.0 0.4
33.992858 -118.95172099999999 0.0 0.4
33.996753999999996 -118.964029 0.0 0.4
33.998806 -118.979975 0.0 0.4
34.007467 -119.000421 0.0 0.4
34.014919 -119.027407 0.0 0.4
34.019389 -119.057767 0.0 0.4
34.029823 -119.11679699999999 0.0 0.4
34.040253 -119.158963 0.0 0.4
34.062491 -119.217993 0.0 0.4
34.074343999999996 -119.226928 0.0 0.4
34.083065 -119.233501 0.0 0.4
34.094995 -119.24249499999999 0.0 0.4
34.106201 -119.250942 0.0 0.4
34.115218 -119.261105 0.0 0.4
34.125004 -119.271198 0.0 0.4
34.140805 -119.285743 0.0 0.4
34.160316 -119.297569 0.0 0.4
34.174246 -119.303875 0.0 0.4
34.187481 -119.310182 0.0 0.4
34.198893999999996 -119.315225 0.0 0.4
34.226906 -119.328654 0.0 0.4
34.23653 -119.334462 0.0 0.4
34.240139 -119.350726 0.0 0.4
34.245013 -119.364126 0.0 0.4
34.24988 -119.375935 0.0 0.4
34.257073999999996 -119.38633300000001 0.0 0.4
34.265357 -119.394946 0.0 0.4
34.273638 -119.41139 0.0 0.4
34.277781 -119.42862 0.0 0.4
34.284684999999996 -119.448982 0.0 0.4
34.293659999999996 -119.466995 0.0 0.4
34.306779 -119.484224 0.0 0.4
34.326921999999996 -119.500953 0.0 0.4
34.33085 -119.510797 0.0 0.4
34.336069 -119.51947200000001 0.0 0.4
34.33877 -119.530301 0.0 0.4
34.343381 -119.546017 0.0 0.4
34.347035 -119.560669 0.0 0.4
34.353816 -119.574545 0.0 0.4
34.36166 -119.584795 0.0 0.4
34.363654 -119.60206099999999 0.0 0.4
34.36741 -119.612338 0.0 0.4
34.36674 -119.622496 0.0 0.4
34.365725999999995 -119.636239 0.0 0.4
34.366707999999996 -119.651357 0.0 0.4
34.360068 -119.659359 0.0 0.4
34.348206999999995 -119.679633 0.0 0.4
34.344094999999996 -119.689314 0.0 0.4
34.337323999999995 -119.707593 0.0 0.4
34.336635 -119.718622 0.0 0.4
34.339695999999996 -119.732023 0.0 0.4
34.346846 -119.750318 0.0 0.4
34.35291 -119.763574 0.0 0.4
34.357572999999995 -119.777331 0.0 0.4
34.360853999999996 -119.78754599999999 0.0 0.4
34.365331 -119.797067 0.0 0.4
34.362728 -119.810348 0.0 0.4
34.357047 -119.823148 0.0 0.4
34.354318 -119.837921 0.0 0.4
34.354237999999995 -119.853696 0.0 0.4
34.357186 -119.865898 0.0 0.4
34.355641 -119.87597 0.0 0.4
34.357457 -119.891521 0.0 0.4
34.364371 -119.90541999999999 0.0 0.4
34.371817 -119.91563099999999 0.0 0.4
34.374995 -119.927899 0.0 0.4
34.383185999999995 -119.952335 0.0 0.4
34.39949 -120.000972 0.0 0.4
34.404115 -120.014585 0.0 0.4
34.409343 -120.024356 0.0 0.4
34.409948 -120.036136 0.0 0.4
34.411682 -120.048079 0.0 0.4
34.40962 -120.063282 0.0 0.4
34.411116 -120.076435 0.0 0.4
34.409286 -120.09067 0.0 0.4
34.412891 -120.10830899999999 0.0 0.4
34.416709 -120.120947 0.0 0.4
34.42051 -120.131183 0.0 0.4
34.422301 -120.142739 0.0 0.4
34.421358999999995 -120.154525 0.0 0.4
34.420336999999996 -120.170159 0.0 0.4
34.420497999999995 -120.180452 0.0 0.4
34.419988 -120.191754 0.0 0.4
34.422208 -120.202828 0.0 0.4
34.42129 -120.21587 0.0 0.4
34.418743 -120.227807 0.0 0.4
34.417456 -120.24060399999999 0.0 0.4
34.417913999999996 -120.250982 0.0 0.4
34.41768 -120.264735 0.0 0.4
34.416298 -120.280222 0.0 0.4
34.416532 -120.290404 0.0 0.4
34.413212 -120.30632299999999 0.0 0.4
34.411575 -120.31698 0.0 0.4
34.409217999999996 -120.332863 0.0 0.4
34.408432 -120.346851 0.0 0.4
34.407847 -120.360393 0.0 0.4
34.406672 -120.375989 0.0 0.4
34.405653 -120.386922 0.0 0.4
34.401018 -120.397982 0.0 0.4
34.398652999999996 -120.408528 0.0 0.4
34.396744999999996 -120.42603199999999 0.0 0.4
34.393178999999996 -120.436246 0.0 0.4
34.391183999999996 -120.450998 0.0 0.4
34.392479 -120.462128 0.0 0.4
34.396663 -120.475218 0.0 0.4
34.398278 -120.488091 0.0 0.4
34.403135999999996 -120.50099900000001 0.0 0.4
34.412048 -120.514162 0.0 0.4
34.419505 -120.523646 0.0 0.4
34.428877 -120.53018900000001 0.0 0.4
34.439521 -120.535572 0.0 0.4
34.452695 -120.535664 0.0 0.4
34.460221 -120.544586 0.0 0.4
34.47101 -120.553105 0.0 0.4
34.482617999999995 -120.558303 0.0 0.4
34.49028 -120.566622 0.0 0.4
34.496632 -120.58151 0.0 0.4
34.504072 -120.594334 0.0 0.4
34.501909999999995 -120.609481 0.0 0.4
34.502753 -120.619498 0.0 0.4
34.502687 -120.632575 0.0 0.4
34.504853 -120.645437 0.0 0.4
34.508598 -120.656058 0.0 0.4
34.514804999999996 -120.665846 0.0 0.4
34.521277999999995 -120.67572200000001 0.0 0.4
34.527131 -120.684529 0.0 0.4
34.536085 -120.692354 0.0 0.4
34.545788 -120.70150100000001 0.0 0.4
34.554898 -120.707951 0.0 0.4
34.566429 -120.712182 0.0 0.4
34.577545 -120.71315 0.0 0.4
34.588415 -120.710894 0.0 0.4
34.600045 -120.70739499999999 0.0 0.4
34.613182 -120.707841 0.0 0.4
34.624983 -120.703836 0.0 0.4
34.635276 -120.696913 0.0 0.4
34.645023 -120.68648 0.0 0.4
34.663772 -120.677911 0.0 0.4
34.676660999999996 -120.672515 0.0 0.4
34.688155 -120.668364 0.0 0.4
34.69943 -120.66584499999999 0.0 0.4
34.705878 -120.673561 0.0 0.4
34.713916999999995 -120.680568 0.0 0.4
34.723337 -120.687475 0.0 0.4
34.735757 -120.697137 0.0 0.4
34.745576 -120.701434 0.0 0.4
34.757492 -120.702342 0.0 0.4
34.770861 -120.699795 0.0 0.4
34.779855999999995 -120.694638 0.0 0.4
34.79444 -120.688432 0.0 0.4
34.803657 -120.68442 0.0 0.4
34.813811 -120.680791 0.0 0.4
34.838623999999996 -120.673281 0.0 0.4
34.844526 -120.684098 0.0 0.4
34.854585 -120.6956 0.0 0.4
34.858149 -120.704948 0.0 0.4
34.865255999999995 -120.715954 0.0 0.4
34.873703 -120.72412 0.0 0.4
34.882926999999995 -120.729095 0.0 0.4
34.892599 -120.732972 0.0 0.4
34.904751 -120.73432700000001 0.0 0.4
34.918081 -120.730188 0.0 0.4
34.928238 -120.728331 0.0 0.4
34.938257 -120.72811 0.0 0.4
34.949670999999995 -120.724256 0.0 0.4
34.959976999999995 -120.717925 0.0 0.4
34.971568 -120.712437 0.0 0.4
34.984778 -120.70801 0.0 0.4
34.999975 -120.702795 0.0 0.4
35.017967 -120.697407 0.0 0.4
35.028839 -120.694715 0.0 0.4
35.043133999999995 -120.69342499999999 0.0 0.4
35.060356 -120.691656 0.0 0.4
35.074859 -120.689058 0.0 0.4
35.087164 -120.68919 0.0 0.4
35.098828 -120.689606 0.0 0.4
35.102423 -120.701673 0.0 0.4
35.10798 -120.715374 0.0 0.4
35.113576 -120.725503 0.0 0.4
35.10964 -120.738496 0.0 0.4
35.109432999999996 -120.75101 0.0 0.4
35.11047 -120.765173 0.0 0.4
35.111978 -120.782921 0.0 0.4
35.116577 -120.800411 0.0 0.4
35.124977 -120.814596 0.0 0.4
35.131295 -120.825312 0.0 0.4
35.134654 -120.83942 0.0 0.4
35.142812 -120.856926 0.0 0.4
35.153709 -120.871703 0.0 0.4
35.161635 -120.880498 0.0 0.4
35.171343 -120.896839 0.0 0.4
35.177226 -120.905349 0.0 0.4
35.187377999999995 -120.91779199999999 0.0 0.4
35.199433 -120.927919 0.0 0.4
35.208047 -120.937349 0.0 0.4
35.221019999999996 -120.949032 0.0 0.4
35.235348 -120.956721 0.0 0.4
35.249975 -120.961253 0.0 0.4
35.260807 -120.96038899999999 0.0 0.4
35.27167 -120.957104 0.0 0.4
35.284834 -120.953333 0.0 0.4
35.295457999999996 -120.948159 0.0 0.4
35.306753 -120.94076 0.0 0.4
35.315687 -120.936229 0.0 0.4
35.330711 -120.928602 0.0 0.4
35.343418 -120.924911 0.0 0.4
35.354276999999996 -120.925745 0.0 0.4
35.367063 -120.929486 0.0 0.4
35.378057999999996 -120.930938 0.0 0.4
35.389745999999995 -120.931015 0.0 0.4
35.394470999999996 -120.95040399999999 0.0 0.4
35.399587 -120.968066 0.0 0.4
35.407635 -120.984111 0.0 0.4
35.409864 -120.994865 0.0 0.4
35.409503 -121.005555 0.0 0.4
35.412561 -121.022317 0.0 0.4
35.417775 -121.03697 0.0 0.4
35.425055 -121.047907 0.0 0.4
35.433385 -121.056646 0.0 0.4
35.442554 -121.06512599999999 0.0 0.4
35.449568 -121.07380599999999 0.0 0.4
35.455642999999995 -121.082954 0.0 0.4
35.466671999999996 -121.092238 0.0 0.4
35.481322 -121.111208 0.0 0.4
35.490604 -121.118171 0.0 0.4
35.495609 -121.128266 0.0 0.4
35.506375 -121.140497 0.0 0.4
35.514953999999996 -121.149524 0.0 0.4
35.529438 -121.159587 0.0 0.4
35.545612 -121.168401 0.0 0.4
35.561254999999996 -121.177756 0.0 0.4
35.568242 -121.186643 0.0 0.4
35.58369 -121.201555 0.0 0.4
35.586874 -121.220123 0.0 0.4
35.594038999999995 -121.231811 0.0 0.4
35.600363 -121.246589 0.0 0.4
35.601756 -121.25981 0.0 0.4
35.606479 -121.270416 0.0 0.4
35.608436 -121.286036 0.0 0.4
35.611923 -121.295999 0.0 0.4
35.617095 -121.30998 0.0 0.4
35.624969 -121.323512 0.0 0.4
35.642427999999995 -121.33964499999999 0.0 0.4
35.655964 -121.345602 0.0 0.4
35.669204 -121.353377 0.0 0.4
35.680419 -121.366362 0.0 0.4
35.690377999999995 -121.371197 0.0 0.4
35.700509 -121.37604 0.0 0.4
35.711534 -121.378732 0.0 0.4
35.722519 -121.37917999999999 0.0 0.4
35.733688 -121.385629 0.0 0.4
35.743888 -121.391715 0.0 0.4
35.763401 -121.39346 0.0 0.4
35.775503 -121.413833 0.0 0.4
35.785905 -121.428496 0.0 0.4
35.796655 -121.438176 0.0 0.4
35.804572 -121.445306 0.0 0.4
35.817713 -121.456097 0.0 0.4
35.829353999999995 -121.481606 0.0 0.4
35.842745 -121.501047 0.0 0.4
35.8634 -121.519192 0.0 0.4
35.874963 -121.52546699999999 0.0 0.4
35.884797999999996 -121.532011 0.0 0.4
35.90166 -121.541828 0.0 0.4
35.92836 -121.554917 0.0 0.4
35.943818 -121.561461 0.0 0.4
35.959274 -121.589277 0.0 0.4
35.964894 -121.605639 0.0 0.4
35.969108999999996 -121.62036499999999 0.0 0.4
35.978944999999996 -121.631818 0.0 0.4
35.998616999999996 -121.64818 0.0 0.4
36.021097999999995 -121.657997 0.0 0.4
36.039365 -121.664541 0.0 0.4
36.064661 -121.674359 0.0 0.4
36.08293 -121.69072 0.0 0.4
36.1026 -121.708718 0.0 0.4
36.124963 -121.72517500000001 0.0 0.4
36.133098 -121.734049 0.0 0.4
36.144965 -121.746061 0.0 0.4
36.151086 -121.755827 0.0 0.4
36.15727 -121.763955 0.0 0.4
36.162442 -121.773419 0.0 0.4
36.168468 -121.787967 0.0 0.4
36.173873 -121.796894 0.0 0.4
36.17928 -121.806235 0.0 0.4
36.181672 -121.817388 0.0 0.4
36.184595 -121.831681 0.0 0.4
36.188234 -121.841539 0.0 0.4
36.195291999999995 -121.854142 0.0 0.4
36.201829 -121.865136 0.0 0.4
36.208006999999995 -121.876067 0.0 0.4
36.2143 -121.884849 0.0 0.4
36.221785 -121.89153 0.0 0.4
36.232385 -121.898029 0.0 0.4
36.241475 -121.90366 0.0 0.4
36.248756 -121.911267 0.0 0.4
36.255052 -121.920361 0.0 0.4
36.259183 -121.929709 0.0 0.4
36.265958999999995 -121.939228 0.0 0.4
36.273779999999995 -121.948599 0.0 0.4
36.283328 -121.956363 0.0 0.4
36.293324 -121.96188699999999 0.0 0.4
36.304141 -121.96421699999999 0.0 0.4
36.315438 -121.964222 0.0 0.4
36.327343 -121.964814 0.0 0.4
36.337953999999996 -121.968142 0.0 0.4
36.34786 -121.969593 0.0 0.4
36.357831 -121.971877 0.0 0.4
36.367945 -121.971998 0.0 0.4
36.378561999999995 -121.971808 0.0 0.4
36.389866 -121.974406 0.0 0.4
36.40013 -121.977246 0.0 0.4
36.410893 -121.980257 0.0 0.4
36.42087 -121.981428 0.0 0.4
36.429705999999996 -121.98997 0.0 0.4
36.438631 -121.99601200000001 0.0 0.4
36.448118 -121.999433 0.0 0.4
36.458428 -122.000819 0.0 0.4
36.470515999999996 -122.005233 0.0 0.4
36.483895 -122.013333 0.0 0.4
36.499962 -122.018313 0.0 0.4
36.51197 -122.022701 0.0 0.4
36.522227 -122.022707 0.0 0.4
36.535266 -122.018944 0.0 0.4
36.545086 -122.025261 0.0 0.4
36.55469 -122.033508 0.0 0.4
36.564651999999995 -122.039654 0.0 0.4
36.575828 -122.04343399999999 0.0 0.4
36.586225999999996 -122.044319 0.0 0.4
36.596627 -122.042748 0.0 0.4
36.60568 -122.036877 0.0 0.4
36.614238 -122.029863 0.0 0.4
36.621656 -122.022057 0.0 0.4
36.632039999999996 -122.01741799999999 0.0 0.4
36.639945999999995 -122.011019 0.0 0.4
36.647704 -122.001124 0.0 0.4
36.749908 -122.03118 0.0 0.4
36.799631999999995 -122.045947 0.0 0.4
36.8196 -122.051878 0.0 0.4
36.837598 -122.057223 0.0 0.4
36.847276 -122.060098 0.0 0.4
36.874953 -122.06831700000001 0.0 0.4
36.891874 -122.072197 0.0 0.4
36.910176 -122.076393 0.0 0.4
36.915514 -122.100059 0.0 0.4
36.92076 -122.116694 0.0 0.4
36.925337999999996 -122.130569 0.0 0.4
36.93299 -122.148521 0.0 0.4
36.937450999999996 -122.158986 0.0 0.4
36.942681 -122.172024 0.0 0.4
36.950251 -122.188009 0.0 0.4
36.961605999999996 -122.209322 0.0 0.4
36.969011 -122.222099 0.0 0.4
36.974474 -122.231523 0.0 0.4
36.984241 -122.248341 0.0 0.4
36.993452 -122.261049 0.0 0.4
37.009415 -122.269943 0.0 0.4
37.024834 -122.276375 0.0 0.4
37.03209 -122.290313 0.0 0.4
37.043881 -122.303179 0.0 0.4
37.054764 -122.31389899999999 0.0 0.4
37.053858 -122.326714 0.0 0.4
37.055672 -122.348208 0.0 0.4
37.058392999999995 -122.360003 0.0 0.4
37.06202 -122.369651 0.0 0.4
37.071481 -122.381709 0.0 0.4
37.080974 -122.389421 0.0 0.4
37.093741 -122.395358 0.0 0.4
37.107036 -122.397386 0.0 0.4
37.114455 -122.405063 0.0 0.4
37.121791 -122.413362 0.0 0.4
37.131882 -122.419757 0.0 0.4
37.137755 -122.428467 0.0 0.4
37.144664 -122.439341 0.0 0.4
37.158245 -122.451513 0.0 0.4
37.169779 -122.45865 0.0 0.4
37.181855999999996 -122.46591 0.0 0.4
37.19348 -122.468572 0.0 0.4
37.207305 -122.471583 0.0 0.4
37.221682 -122.479071 0.0 0.4
37.234739999999995 -122.483142 0.0 0.4
37.249944 -122.484046 0.0 0.4
37.271088 -122.481774 0.0 0.4
37.294152 -122.476094 0.0 0.4
37.308782 -122.472915 0.0 0.4
37.327377999999996 -122.468878 0.0 0.4
37.34124 -122.465869 0.0 0.4
37.358537999999996 -122.471549 0.0 0.4
37.374942 -122.480307 0.0 0.4
37.388328 -122.487454 0.0 0.4
37.401761 -122.496676 0.0 0.4
37.411206 -122.503083 0.0 0.4
37.42118 -122.507234 0.0 0.4
37.431400000000004 -122.509351 0.0 0.4
37.441554 -122.509889 0.0 0.4
37.446096 -122.527596 0.0 0.4
37.450738 -122.537338 0.0 0.4
37.457857 -122.54699600000001 0.0 0.4
37.469865999999996 -122.559524 0.0 0.4
37.479214 -122.568095 0.0 0.4
37.489182 -122.572777 0.0 0.4
37.499943 -122.574963 0.0 0.4
37.52838 -122.57784 0.0 0.4
37.545874999999995 -122.57956300000001 0.0 0.4
37.555676 -122.583774 0.0 0.4
37.573636 -122.587608 0.0 0.4
37.58477 -122.58747199999999 0.0 0.4
37.597032 -122.584816 0.0 0.4
37.609804 -122.58017 0.0 0.4
37.621083 -122.575433 0.0 0.4
37.630376 -122.571401 0.0 0.4
37.641799 -122.56779399999999 0.0 0.4
37.653987 -122.569182 0.0 0.4
37.665333 -122.57047399999999 0.0 0.4
37.692844 -122.57360800000001 0.0 0.4
37.705321 -122.575029 0.0 0.4
37.733988 -122.578294 0.0 0.4
37.748079 -122.57990000000001 0.0 0.4
37.760203 -122.581281 0.0 0.4
37.771266 -122.583293 0.0 0.4
37.789362 -122.588174 0.0 0.4
37.802482999999995 -122.600236 0.0 0.4
37.815224 -122.612285 0.0 0.4
37.821638 -122.626091 0.0 0.4
37.830085 -122.641685 0.0 0.4
37.835820999999996 -122.65561 0.0 0.4
37.841726 -122.667425 0.0 0.4
37.848228999999996 -122.675305 0.0 0.4
37.845006 -122.691987 0.0 0.4
37.844296 -122.704679 0.0 0.4
37.845625 -122.715845 0.0 0.4
37.85006 -122.730666 0.0 0.4
37.855174 -122.740258 0.0 0.4
37.857348 -122.751098 0.0 0.4
37.861858999999995 -122.760192 0.0 0.4
37.870847 -122.773706 0.0 0.4
37.880334999999995 -122.78229 0.0 0.4
37.891027 -122.788221 0.0 0.4
37.897078 -122.80034 0.0 0.4
37.901084 -122.814134 0.0 0.4
37.907092999999996 -122.825371 0.0 0.4
37.913415 -122.833226 0.0 0.4
37.923317 -122.842134 0.0 0.4
37.937478 -122.84786199999999 0.0 0.4
37.947634 -122.854574 0.0 0.4
37.955269 -122.862503 0.0 0.4
37.96248 -122.872722 0.0 0.4
37.968876 -122.882555 0.0 0.4
37.974686 -122.892764 0.0 0.4
37.970574 -122.905489 0.0 0.4
37.960784 -122.912527 0.0 0.4
37.950626 -122.926207 0.0 0.4
37.944443 -122.937969 0.0 0.4
37.941092999999995 -122.953224 0.0 0.4
37.940267 -122.968073 0.0 0.4
37.940536 -122.984735 0.0 0.4
37.941358 -123.001109 0.0 0.4
37.942065 -123.02250699999999 0.0 0.4
37.945465 -123.041121 0.0 0.4
37.949162 -123.052209 0.0 0.4
37.958669 -123.067965 0.0 0.4
37.971937 -123.07939 0.0 0.4
37.983366 -123.08388 0.0 0.4
37.995385 -123.085102 0.0 0.4
38.008433 -123.08512999999999 0.0 0.4
38.018971 -123.08120000000001 0.0 0.4
38.027198999999996 -123.074701 0.0 0.4
38.034019 -123.06725399999999 0.0 0.4
38.124922999999995 -123.023699 0.0 0.4
38.149132 -123.014817 0.0 0.4
38.158172 -123.02306 0.0 0.4
38.172458 -123.030483 0.0 0.4
38.182967999999995 -123.032917 0.0 0.4
38.192491 -123.037897 0.0 0.4
38.204926 -123.04582500000001 0.0 0.4
38.214286 -123.049617 0.0 0.4
38.249918 -123.08863 0.0 0.4
38.261358 -123.10096300000001 0.0 0.4
38.267263 -123.110969 0.0 0.4
38.277103 -123.119591 0.0 0.4
38.287284 -123.126115 0.0 0.4
38.296262999999996 -123.134523 0.0 0.4
38.311338 -123.141329 0.0 0.4
38.327453999999996 -123.141001 0.0 0.4
38.337188 -123.13832099999999 0.0 0.4
38.350605 -123.140012 0.0 0.4
38.360222 -123.148978 0.0 0.4
38.368396 -123.155743 0.0 0.4
38.377741 -123.160931 0.0 0.4
38.387298 -123.164195 0.0 0.4
38.394079 -123.171711 0.0 0.4
38.400681999999996 -123.18503799999999 0.0 0.4
38.407481 -123.193371 0.0 0.4
38.419675999999995 -123.201896 0.0 0.4
38.430817 -123.211382 0.0 0.4
38.439879 -123.218752 0.0 0.4
38.444227999999995 -123.228013 0.0 0.4
38.450427999999995 -123.236391 0.0 0.4
38.451898 -123.249604 0.0 0.4
38.457569 -123.269188 0.0 0.4
38.463460999999995 -123.280298 0.0 0.4
38.46758 -123.28968499999999 0.0 0.4
38.478681 -123.306742 0.0 0.4
38.488638 -123.317345 0.0 0.4
38.498613999999996 -123.32381 0.0 0.4
38.503323 -123.339655 0.0 0.4
38.510202 -123.360929 0.0 0.4
38.518415999999995 -123.36855800000001 0.0 0.4
38.526809 -123.37612 0.0 0.4
38.536674999999995 -123.384286 0.0 0.4
38.546152 -123.3891 0.0 0.4
38.562818 -123.404998 0.0 0.4
38.571522 -123.41417 0.0 0.4
38.582844 -123.425389 0.0 0.4
38.591671999999996 -123.43048999999999 0.0 0.4
38.606291999999996 -123.448391 0.0 0.4
38.614788 -123.456159 0.0 0.4
38.624913 -123.462496 0.0 0.4
38.638297 -123.470379 0.0 0.4
38.650427 -123.487286 0.0 0.4
38.660661999999995 -123.49508399999999 0.0 0.4
38.670522 -123.50112 0.0 0.4
38.68089 -123.51058 0.0 0.4
38.687515 -123.52301 0.0 0.4
38.693421 -123.531889 0.0 0.4
38.700134999999996 -123.549463 0.0 0.4
38.709021 -123.566089 0.0 0.4
38.717583 -123.57800499999999 0.0 0.4
38.728075 -123.586915 0.0 0.4
38.740227 -123.591962 0.0 0.4
38.748565 -123.607061 0.0 0.4
38.754646 -123.626123 0.0 0.4
38.764393999999996 -123.641253 0.0 0.4
38.774967 -123.65265099999999 0.0 0.4
38.784258 -123.66003599999999 0.0 0.4
38.797014999999995 -123.682698 0.0 0.4
38.809419 -123.691926 0.0 0.4
38.817724 -123.706514 0.0 0.4
38.827920999999996 -123.717807 0.0 0.4
38.844117 -123.7253 0.0 0.4
38.857441 -123.737921 0.0 0.4
38.867391999999995 -123.75112899999999 0.0 0.4
38.87491 -123.76203 0.0 0.4
38.893727999999996 -123.78467599999999 0.0 0.4
38.912065999999996 -123.792035 0.0 0.4
38.927467 -123.798451 0.0 0.4
38.940456999999995 -123.806505 0.0 0.4
38.961219 -123.80986 0.0 0.4
38.977042 -123.806068 0.0 0.4
38.989863 -123.797217 0.0 0.4
38.999869 -123.785468 0.0 0.4
39.005018 -123.77660900000001 0.0 0.4
39.00869 -123.763148 0.0 0.4
39.019307999999995 -123.761387 0.0 0.4
39.030623999999996 -123.760926 0.0 0.4
39.041091 -123.761965 0.0 0.4
39.050286 -123.768343 0.0 0.4
39.063185 -123.77264199999999 0.0 0.4
39.072744 -123.779501 0.0 0.4
39.085604 -123.78458 0.0 0.4
39.096053999999995 -123.788472 0.0 0.4
39.106792 -123.7947 0.0 0.4
39.115914 -123.80160599999999 0.0 0.4
39.124902999999996 -123.806333 0.0 0.4
39.137811 -123.808635 0.0 0.4
39.146867 -123.814333 0.0 0.4
39.157731999999996 -123.821234 0.0 0.4
39.167055 -123.827157 0.0 0.4
39.176536999999996 -123.834081 0.0 0.4
39.187335 -123.840771 0.0 0.4
39.198254 -123.845471 0.0 0.4
39.211828 -123.847143 0.0 0.4
39.222062 -123.849189 0.0 0.4
39.233875 -123.851784 0.0 0.4
39.243474 -123.856855 0.0 0.4
39.254763 -123.86341 0.0 0.4
39.266757 -123.867365 0.0 0.4
39.280657999999995 -123.870212 0.0 0.4
39.290448 -123.876128 0.0 0.4
39.301383 -123.879278 0.0 0.4
39.319078 -123.881034 0.0 0.4
39.332283 -123.890125 0.0 0.4
39.348349 -123.894936 0.0 0.4
39.360274 -123.894994 0.0 0.4
39.374893 -123.89680899999999 0.0 0.4
39.386843 -123.892889 0.0 0.4
39.398333 -123.891541 0.0 0.4
39.409762 -123.892323 0.0 0.4
39.419421 -123.88851199999999 0.0 0.4
39.430088 -123.888187 0.0 0.4
39.443939 -123.88889499999999 0.0 0.4
39.458244 -123.885027 0.0 0.4
39.467732999999996 -123.881131 0.0 0.4
39.478987 -123.876128 0.0 0.4
39.490356 -123.87537 0.0 0.4
39.502386 -123.87251499999999 0.0 0.4
39.511268 -123.863573 0.0 0.4
39.514849 -123.852648 0.0 0.4
39.523876 -123.84722 0.0 0.4
39.533258 -123.842331 0.0 0.4
39.543259 -123.837006 0.0 0.4
39.554916 -123.83841100000001 0.0 0.4
39.566063 -123.84358399999999 0.0 0.4
39.578289999999996 -123.84938700000001 0.0 0.4
39.592371 -123.852516 0.0 0.4
39.603549 -123.853427 0.0 0.4
39.614599 -123.853083 0.0 0.4
39.624880999999995 -123.851862 0.0 0.4
39.637705 -123.851854 0.0 0.4
39.650003 -123.854308 0.0 0.4
39.661533999999996 -123.856536 0.0 0.4
39.672312 -123.857325 0.0 0.4
39.68069 -123.867444 0.0 0.4
39.686102999999996 -123.876131 0.0 0.4
39.694648 -123.88533699999999 0.0 0.4
39.704784 -123.893216 0.0 0.4
39.718407 -123.897271 0.0 0.4
39.731378 -123.89923 0.0 0.4
39.743775 -123.901617 0.0 0.4
39.757083 -123.90401800000001 0.0 0.4
39.768319999999996 -123.902641 0.0 0.4
39.780466 -123.90097 0.0 0.4
39.79461 -123.90854999999999 0.0 0.4
39.802237999999996 -123.915221 0.0 0.4
39.807902999999996 -123.923958 0.0 0.4
39.814944 -123.938591 0.0 0.4
39.822613 -123.949187 0.0 0.4
39.831739999999996 -123.957497 0.0 0.4
39.840211 -123.963275 0.0 0.4
39.849247 -123.970063 0.0 0.4
39.857983999999995 -123.975978 0.0 0.4
39.868249999999996 -123.979433 0.0 0.4
39.877824 -123.985171 0.0 0.4
39.886171999999995 -124.001136 0.0 0.4
39.893749 -124.009637 0.0 0.4
39.907401 -124.016198 0.0 0.4
39.915664 -124.02346299999999 0.0 0.4
39.931073 -124.035355 0.0 0.4
39.94096 -124.047685 0.0 0.4
39.951114 -124.057047 0.0 0.4
39.961549999999995 -124.068213 0.0 0.4
39.972263 -124.078596 0.0 0.4
39.975018 -124.096383 0.0 0.4
39.978845 -124.108581 0.0 0.4
39.988735999999996 -124.122772 0.0 0.4
39.999865 -124.13325499999999 0.0 0.4
40.010971 -124.141086 0.0 0.4
40.024170999999996 -124.145333 0.0 0.4
40.034698 -124.145214 0.0 0.4
40.04764 -124.144312 0.0 0.4
40.063544 -124.153762 0.0 0.4
40.070381999999995 -124.168923 0.0 0.4
40.075603 -124.186269 0.0 0.4
40.081021 -124.203288 0.0 0.4
40.086447 -124.217953 0.0 0.4
40.093382 -124.23120399999999 0.0 0.4
40.102911 -124.239964 0.0 0.4
40.1109 -124.247238 0.0 0.4
40.119037 -124.25530599999999 0.0 0.4
40.133649999999996 -124.272099 0.0 0.4
40.136205 -124.283039 0.0 0.4
40.142353 -124.294326 0.0 0.4
40.153607 -124.309928 0.0 0.4
40.16019 -124.321872 0.0 0.4
40.167175 -124.33368899999999 0.0 0.4
40.178255 -124.34825599999999 0.0 0.4
40.186783 -124.359905 0.0 0.4
40.193228 -124.368675 0.0 0.4
40.200525999999996 -124.376159 0.0 0.4
40.206050999999995 -124.385311 0.0 0.4
40.218005 -124.403151 0.0 0.4
40.225274999999996 -124.41102599999999 0.0 0.4
40.237102 -124.421287 0.0 0.4
40.249857999999996 -124.426725 0.0 0.4
40.266915 -124.42914999999999 0.0 0.4
40.284104 -124.428027 0.0 0.4
40.296963999999996 -124.424619 0.0 0.4
40.308816 -124.419499 0.0 0.4
40.322579999999995 -124.420213 0.0 0.4
40.331607 -124.425439 0.0 0.4
40.344395999999996 -124.428038 0.0 0.4
40.357588 -124.427744 0.0 0.4
40.367622999999995 -124.432711 0.0 0.4
40.37423 -124.442505 0.0 0.4
40.383319 -124.450003 0.0 0.4
40.401644999999995 -124.463471 0.0 0.4
40.412819999999996 -124.47243499999999 0.0 0.4
40.422101999999995 -124.478625 0.0 0.4
40.435763 -124.481367 0.0 0.4
40.452636 -124.479158 0.0 0.4
40.465927 -124.470646 0.0 0.4
40.47311 -124.463248 0.0 0.4
40.484047 -124.455952 0.0 0.4
40.497977 -124.45258 0.0 0.4
40.515609999999995 -124.451874 0.0 0.4
40.529709 -124.447677 0.0 0.4
40.548648 -124.434816 0.0 0.4
40.562084999999996 -124.427191 0.0 0.4
40.577127 -124.419831 0.0 0.4
40.597021999999996 -124.412003 0.0 0.4
40.61317 -124.403367 0.0 0.4
40.624849 -124.396452 0.0 0.4
40.644873 -124.38409 0.0 0.4
40.657329 -124.376173 0.0 0.4
40.669706 -124.368878 0.0 0.4
40.680963 -124.360802 0.0 0.4
40.693491 -124.352814 0.0 0.4
40.708832 -124.3429 0.0 0.4
40.718982 -124.334114 0.0 0.4
40.727723999999995 -124.327425 0.0 0.4
40.738876999999995 -124.31995 0.0 0.4
40.749846 -124.31144499999999 0.0 0.4
40.768481 -124.29933299999999 0.0 0.4
40.780963 -124.29699 0.0 0.4
40.795897 -124.28658 0.0 0.4
40.810795 -124.272302 0.0 0.4
40.820077999999995 -124.265778 0.0 0.4
40.83316 -124.256931 0.0 0.4
40.846964 -124.246315 0.0 0.4
40.861326999999996 -124.23763 0.0 0.4
40.874846 -124.230473 0.0 0.4
40.88359 -124.22549699999999 0.0 0.4
40.906403999999995 -124.214964 0.0 0.4
40.917505999999996 -124.210622 0.0 0.4
40.932078 -124.204832 0.0 0.4
40.950528999999996 -124.197619 0.0 0.4
40.961703 -124.194502 0.0 0.4
40.974047999999996 -124.189793 0.0 0.4
40.987289 -124.186191 0.0 0.4
40.999846 -124.182895 0.0 0.4
41.006302 -124.194139 0.0 0.4
41.012113 -124.203224 0.0 0.4
41.020531 -124.21042 0.0 0.4
41.030305 -124.214628 0.0 0.4
41.039027999999995 -124.222268 0.0 0.4
41.049015 -124.22820999999999 0.0 0.4
41.061330999999996 -124.230798 0.0 0.4
41.071684 -124.23616200000001 0.0 0.4
41.08145 -124.239356 0.0 0.4
41.090098 -124.246117 0.0 0.4
41.100842 -124.25001499999999 0.0 0.4
41.111295999999996 -124.250582 0.0 0.4
41.121908 -124.249681 0.0 0.4
41.132531 -124.252343 0.0 0.4
41.142675 -124.250147 0.0 0.4
41.152817 -124.247236 0.0 0.4
41.162208 -124.241389 0.0 0.4
41.169506 -124.233282 0.0 0.4
41.174951 -124.22456 0.0 0.4
41.180051 -124.213521 0.0 0.4
41.183437 -124.203116 0.0 0.4
41.191700000000004 -124.193524 0.0 0.4
41.201404 -124.190652 0.0 0.4
41.214228 -124.186065 0.0 0.4
41.225437 -124.181486 0.0 0.4
41.235403999999996 -124.17727099999999 0.0 0.4
41.246356 -124.175457 0.0 0.4
41.257047 -124.17435 0.0 0.4
41.268473 -124.17024 0.0 0.4
41.277927999999996 -124.16599099999999 0.0 0.4
41.289293 -124.160704 0.0 0.4
41.291629 -124.171741 0.0 0.4
41.291242 -124.182841 0.0 0.4
41.292435 -124.194064 0.0 0.4
41.295572 -124.20492 0.0 0.4
41.300318999999995 -124.215055 0.0 0.4
41.305561999999995 -124.22367299999999 0.0 0.4
41.312312999999996 -124.231393 0.0 0.4
41.3203 -124.237502 0.0 0.4
41.330732 -124.24163899999999 0.0 0.4
41.341989999999996 -124.242293 0.0 0.4
41.3528 -124.240363 0.0 0.4
41.362693 -124.235805 0.0 0.4
41.370595 -124.229159 0.0 0.4
41.378298 -124.21922 0.0 0.4
41.383423 -124.209689 0.0 0.4
41.387195 -124.197803 0.0 0.4
41.389554 -124.185301 0.0 0.4
41.390057 -124.170896 0.0 0.4
41.388315999999996 -124.157623 0.0 0.4
41.385005 -124.1461 0.0 0.4
41.392416 -124.138639 0.0 0.4
41.402874 -124.136905 0.0 0.4
41.414274999999996 -124.135697 0.0 0.4
41.42762 -124.134206 0.0 0.4
41.438832 -124.135632 0.0 0.4
41.456551 -124.136782 0.0 0.4
34.063139 -119.468064 0.0 0.4
34.066435 -119.451261 0.0 0.4
34.067716 -119.437318 0.0 0.4
34.067692 -119.42373 0.0 0.4
34.066789 -119.409352 0.0 0.4
34.063792 -119.397006 0.0 0.4
34.068666 -119.375947 0.0 0.4
34.070808 -119.356388 0.0 0.4
34.068964 -119.342462 0.0 0.4
34.065064 -119.330926 0.0 0.4
34.060611 -119.321146 0.0 0.4
34.054387999999996 -119.31208699999999 0.0 0.4
34.036583 -119.297642 0.0 0.4
34.020151999999996 -119.29311200000001 0.0 0.4
34.000005 -119.296472 0.0 0.4
33.986539 -119.304086 0.0 0.4
33.974899 -119.318443 0.0 0.4
33.967721 -119.332794 0.0 0.4
33.964453999999996 -119.351856 0.0 0.4
33.958762 -119.362829 0.0 0.4
33.954903 -119.375947 0.0 0.4
33.953269999999996 -119.389397 0.0 0.4
33.953784999999996 -119.402928 0.0 0.4
33.953770999999996 -119.416997 0.0 0.4
33.955905 -119.432961 0.0 0.4
33.963308 -119.45447899999999 0.0 0.4
33.967425999999996 -119.465191 0.0 0.4
33.977720999999995 -119.485323 0.0 0.4
33.976344999999995 -119.496954 0.0 0.4
33.967331 -119.505761 0.0 0.4
33.954924999999996 -119.523312 0.0 0.4
33.949874 -119.532825 0.0 0.4
33.944953 -119.550467 0.0 0.4
33.944955 -119.56329099999999 0.0 0.4
33.93967 -119.581586 0.0 0.4
33.938082 -119.595945 0.0 0.4
33.937199 -119.610368 0.0 0.4
33.936036 -119.625957 0.0 0.4
33.938277 -119.63673 0.0 0.4
33.932812 -119.647423 0.0 0.4
33.928338 -119.66116099999999 0.0 0.4
33.920583 -119.675749 0.0 0.4
33.915639 -119.687596 0.0 0.4
33.910388 -119.707491 0.0 0.4
33.909632 -119.718826 0.0 0.4
33.910274 -119.731419 0.0 0.4
33.912619 -119.741344 0.0 0.4
33.910798 -119.758558 0.0 0.4
33.912414 -119.772829 0.0 0.4
33.909983 -119.783652 0.0 0.4
33.906343 -119.79700199999999 0.0 0.4
33.901323999999995 -119.810224 0.0 0.4
33.89939 -119.823208 0.0 0.4
33.900788 -119.83442 0.0 0.4
33.904225 -119.847437 0.0 0.4
33.910835999999996 -119.861952 0.0 0.4
33.921383999999996 -119.87595999999999 0.0 0.4
33.930803 -119.890694 0.0 0.4
33.939674 -119.904762 0.0 0.4
33.923898 -119.911023 0.0 0.4
33.914353999999996 -119.91893 0.0 0.4
33.905471 -119.928799 0.0 0.4
33.898643 -119.93919 0.0 0.4
33.894376 -119.950294 0.0 0.4
33.89244 -119.962681 0.0 0.4
33.892317 -119.980842 0.0 0.4
33.885248 -120.00095999999999 0.0 0.4
33.875147999999996 -120.015411 0.0 0.4
33.866512 -120.02781 0.0 0.4
33.864319 -120.042532 0.0 0.4
33.859643999999996 -120.058444 0.0 0.4
33.85649 -120.07065 0.0 0.4
33.850505999999996 -120.080106 0.0 0.4
33.846319 -120.09045499999999 0.0 0.4
33.842396 -120.104088 0.0 0.4
33.84158 -120.117266 0.0 0.4
33.843198 -120.131204 0.0 0.4
33.847961999999995 -120.149551 0.0 0.4
33.855641 -120.165511 0.0 0.4
33.861545 -120.176946 0.0 0.4
33.86636 -120.188216 0.0 0.4
33.875001999999995 -120.199514 0.0 0.4
33.880784 -120.214953 0.0 0.4
33.892329 -120.229634 0.0 0.4
33.900138 -120.236375 0.0 0.4
33.906694 -120.247524 0.0 0.4
33.911673 -120.25639 0.0 0.4
33.918915999999996 -120.264495 0.0 0.4
33.929577 -120.273096 0.0 0.4
33.943362 -120.277705 0.0 0.4
33.953939 -120.280033 0.0 0.4
33.962237 -120.291872 0.0 0.4
33.966406 -120.308198 0.0 0.4
33.966729 -120.327035 0.0 0.4
33.963494 -120.346874 0.0 0.4
33.961394999999996 -120.35863 0.0 0.4
33.962917 -120.37598 0.0 0.4
33.967427 -120.395636 0.0 0.4
33.973107 -120.405687 0.0 0.4
33.975773 -120.41876500000001 0.0 0.4
33.974703 -120.432181 0.0 0.4
33.977373 -120.446192 0.0 0.4
33.976116 -120.46677700000001 0.0 0.4
33.980261999999996 -120.480766 0.0 0.4
33.991199 -120.497726 0.0 0.4
33.999995999999996 -120.506202 0.0 0.4
34.01408 -120.518784 0.0 0.4
34.032993999999995 -120.525852 0.0 0.4
34.051133 -120.523387 0.0 0.4
34.052955 -120.535556 0.0 0.4
34.057286 -120.550051 0.0 0.4
34.062376 -120.55938499999999 0.0 0.4
34.075966 -120.573808 0.0 0.4
34.091488 -120.581548 0.0 0.4
34.107517 -120.582264 0.0 0.4
34.118590999999995 -120.579054 0.0 0.4
34.13025 -120.572509 0.0 0.4
34.140664 -120.560998 0.0 0.4
34.146415999999995 -120.548701 0.0 0.4
34.150344 -120.538118 0.0 0.4
34.152026 -120.526861 0.0 0.4
34.152798 -120.516039 0.0 0.4
34.150523 -120.50099399999999 0.0 0.4
34.145075999999996 -120.48691099999999 0.0 0.4
34.138180999999996 -120.47730899999999 0.0 0.4
34.139292 -120.465295 0.0 0.4
34.145762999999995 -120.45701199999999 0.0 0.4
34.154486999999996 -120.441002 0.0 0.4
34.159253 -120.426603 0.0 0.4
34.160078 -120.411031 0.0 0.4
34.156707 -120.39194499999999 0.0 0.4
34.152423999999996 -120.375984 0.0 0.4
34.148779999999995 -120.361978 0.0 0.4
34.14145 -120.35049000000001 0.0 0.4
34.131502 -120.342712 0.0 0.4
34.121687 -120.338562 0.0 0.4
34.116048 -120.327864 0.0 0.4
34.109505999999996 -120.311711 0.0 0.4
34.104116 -120.297787 0.0 0.4
34.09475 -120.284651 0.0 0.4
34.081799 -120.27428499999999 0.0 0.4
34.069131999999996 -120.266386 0.0 0.4
34.062207 -120.257873 0.0 0.4
34.059826 -120.242674 0.0 0.4
34.06114 -120.230998 0.0 0.4
34.061217 -120.216543 0.0 0.4
34.060219 -120.206113 0.0 0.4
34.058721 -120.194114 0.0 0.4
34.06622 -120.185461 0.0 0.4
34.073318 -120.171128 0.0 0.4
34.075697 -120.159007 0.0 0.4
34.077739 -120.145235 0.0 0.4
34.07881 -120.135006 0.0 0.4
34.078942 -120.120132 0.0 0.4
34.076122 -120.108899 0.0 0.4
34.076626 -120.098642 0.0 0.4
34.084198 -120.085854 0.0 0.4
34.088446999999995 -120.07100000000001 0.0 0.4
34.090348999999996 -120.05286699999999 0.0 0.4
34.090026 -120.036186 0.0 0.4
34.087717999999995 -120.019503 0.0 0.4
34.080427 -120.00447199999999 0.0 0.4
34.064868 -119.991643 0.0 0.4
34.080239 -119.985442 0.0 0.4
34.096743 -119.974386 0.0 0.4
34.108074 -119.969178 0.0 0.4
34.117556 -119.958651 0.0 0.4
34.124998999999995 -119.947835 0.0 0.4
34.128658 -119.936155 0.0 0.4
34.129989 -119.919989 0.0 0.4
34.129355 -119.905575 0.0 0.4
34.125772 -119.894178 0.0 0.4
34.126083 -119.87987799999999 0.0 0.4
34.125001999999995 -119.86882800000001 0.0 0.4
34.120957 -119.852087 0.0 0.4
34.120194999999995 -119.837957 0.0 0.4
34.11341 -119.811568 0.0 0.4
34.108762999999996 -119.798126 0.0 0.4
34.109083 -119.783006 0.0 0.4
34.111943 -119.769032 0.0 0.4
34.111716 -119.750982 0.0 0.4
34.107338999999996 -119.73675399999999 0.0 0.4
34.10209 -119.725973 0.0 0.4
34.100663 -119.709463 0.0 0.4
34.094854 -119.693007 0.0 0.4
34.086504 -119.678954 0.0 0.4
34.080897 -119.670148 0.0 0.4
34.073989 -119.65935400000001 0.0 0.4
34.080055 -119.645169 0.0 0.4
34.086732 -119.635229 0.0 0.4
34.092697 -119.625969 0.0 0.4
34.099432 -119.614268 0.0 0.4
34.104006999999996 -119.599892 0.0 0.4
34.105879 -119.583461 0.0 0.4
34.108809 -119.565522 0.0 0.4
34.107783 -119.548251 0.0 0.4
34.105413 -119.538419 0.0 0.4
34.101199 -119.528938 0.0 0.4
34.09346 -119.512106 0.0 0.4
34.085840999999995 -119.500955 0.0 0.4
34.079195 -119.488752 0.0 0.4
34.071826 -119.477308 0.0 0.4
34.063139 -119.468064 0.0 0.4
33.485937 -118.668203 0.0 0.4
33.500025 -118.66371 0.0 0.4
33.510818 -118.65573499999999 0.0 0.4
33.518209999999996 -118.647859 0.0 0.4
33.524026 -118.638404 0.0 0.4
33.528977999999995 -118.625916 0.0 0.4
33.53185 -118.612158 0.0 0.4
33.532320999999996 -118.599756 0.0 0.4
33.531977999999995 -118.589719 0.0 0.4
33.52841 -118.579144 0.0 0.4
33.529482 -118.567188 0.0 0.4
33.529207 -118.555025 0.0 0.4
33.531261 -118.538937 0.0 0.4
33.530153 -118.523236 0.0 0.4
33.526916 -118.512385 0.0 0.4
33.522667999999996 -118.502614 0.0 0.4
33.515726 -118.493335 0.0 0.4
33.516059 -118.482617 0.0 0.4
33.512999 -118.46896100000001 0.0 0.4
33.506875 -118.456825 0.0 0.4
33.500025 -118.44755 0.0 0.4
33.489443 -118.436835 0.0 0.4
33.487161 -118.427095 0.0 0.4
33.480778 -118.411872 0.0 0.4
33.476714 -118.395127 0.0 0.4
33.47157 -118.377982 0.0 0.4
33.464922 -118.359393 0.0 0.4
33.457817999999996 -118.35091800000001 0.0 0.4
33.448043999999996 -118.332773 0.0 0.4
33.441983 -118.324653 0.0 0.4
33.434137 -118.316351 0.0 0.4
33.425137 -118.310947 0.0 0.4
33.409717 -118.307128 0.0 0.4
33.397593 -118.294666 0.0 0.4
33.389842 -118.28581 0.0 0.4
33.380742999999995 -118.27721 0.0 0.4
33.375023999999996 -118.268177 0.0 0.4
33.364131 -118.25771399999999 0.0 0.4
33.353397 -118.251379 0.0 0.4
33.338341 -118.245102 0.0 0.4
33.323023 -118.241286 0.0 0.4
33.303112999999996 -118.242701 0.0 0.4
33.291061 -118.24594 0.0 0.4
33.280465 -118.250903 0.0 0.4
33.272504999999995 -118.25917799999999 0.0 0.4
33.265679999999996 -118.269178 0.0 0.4
33.259091999999995 -118.280703 0.0 0.4
33.254078 -118.292458 0.0 0.4
33.251005 -118.302837 0.0 0.4
33.249137999999995 -118.313773 0.0 0.4
33.248083 -118.32799299999999 0.0 0.4
33.250029999999995 -118.341467 0.0 0.4
33.255074 -118.363311 0.0 0.4
33.260073999999996 -118.375908 0.0 0.4
33.265358 -118.385589 0.0 0.4
33.267936999999996 -118.402557 0.0 0.4
33.265963 -118.427519 0.0 0.4
33.267018 -118.437654 0.0 0.4
33.269019 -118.455072 0.0 0.4
33.272891 -118.471459 0.0 0.4
33.276905 -118.486688 0.0 0.4
33.28407 -118.500914 0.0 0.4
33.289659 -118.510386 0.0 0.4
33.29665 -118.51803699999999 0.0 0.4
33.315176 -118.534885 0.0 0.4
33.325088 -118.540849 0.0 0.4
33.34048 -118.547476 0.0 0.4
33.350646999999995 -118.549606 0.0 0.4
33.36161 -118.550966 0.0 0.4
33.375028 -118.549609 0.0 0.4
33.381029999999996 -118.563631 0.0 0.4
33.390872 -118.59108 0.0 0.4
33.398294 -118.60722799999999 0.0 0.4
33.406191 -118.618574 0.0 0.4
33.414265 -118.625917 0.0 0.4
33.423203 -118.630734 0.0 0.4
33.434323 -118.642913 0.0 0.4
33.44531 -118.655057 0.0 0.4
33.456317 -118.66175 0.0 0.4
33.467334 -118.665919 0.0 0.4
33.477489 -118.667602 0.0 0.4
33.039726 -118.678204 0.0 0.4
33.057966 -118.670782 0.0 0.4
33.066846 -118.663846 0.0 0.4
33.074951999999996 -118.654363 0.0 0.4
33.081882 -118.641301 0.0 0.4
33.085664 -118.625917 0.0 0.4
33.08632 -118.608342 0.0 0.4
33.087111 -118.589533 0.0 0.4
33.086242999999996 -118.578337 0.0 0.4
33.082219 -118.564923 0.0 0.4
33.078632999999996 -118.552627 0.0 0.4
33.073788 -118.542103 0.0 0.4
33.059972 -118.523727 0.0 0.4
33.049889 -118.514966 0.0 0.4
33.041567 -118.50927300000001 0.0 0.4
33.030586 -118.500911 0.0 0.4
33.017922999999996 -118.491132 0.0 0.4
33.008176 -118.487137 0.0 0.4
33.000033 -118.479952 0.0 0.4
32.989123 -118.471187 0.0 0.4
32.975254 -118.460182 0.0 0.4
32.963698 -118.45030299999999 0.0 0.4
32.953207 -118.434403 0.0 0.4
32.946483 -118.423338 0.0 0.4
32.938617 -118.413951 0.0 0.4
32.931792 -118.406043 0.0 0.4
32.922548 -118.396935 0.0 0.4
32.915082999999996 -118.386436 0.0 0.4
32.909596 -118.377616 0.0 0.4
32.900117 -118.36251899999999 0.0 0.4
32.889680999999996 -118.350307 0.0 0.4
32.879748 -118.337457 0.0 0.4
32.871732 -118.325711 0.0 0.4
32.863765 -118.31739 0.0 0.4
32.853465 -118.30489 0.0 0.4
32.845093999999996 -118.29724999999999 0.0 0.4
32.829383 -118.289894 0.0 0.4
32.81615 -118.288946 0.0 0.4
32.803804 -118.292813 0.0 0.4
32.794257 -118.298469 0.0 0.4
32.780825 -118.312797 0.0 0.4
32.773514 -118.323819 0.0 0.4
32.767061999999996 -118.343192 0.0 0.4
32.765806999999995 -118.353494 0.0 0.4
32.767075999999996 -118.364273 0.0 0.4
32.769394 -118.375907 0.0 0.4
32.763559 -118.38534899999999 0.0 0.4
32.757149999999996 -118.395901 0.0 0.4
32.751914 -118.408322 0.0 0.4
32.75004 -118.419799 0.0 0.4
32.75004 -118.436538 0.0 0.4
32.753136999999995 -118.44748 0.0 0.4
32.757695 -118.459021 0.0 0.4
32.762594 -118.468374 0.0 0.4
32.770621 -118.477926 0.0 0.4
32.778619 -118.484377 0.0 0.4
32.785502 -118.494211 0.0 0.4
32.794553 -118.50474299999999 0.0 0.4
32.799571 -118.515813 0.0 0.4
32.804724 -118.52481399999999 0.0 0.4
32.810581 -118.53509 0.0 0.4
32.820681 -118.546726 0.0 0.4
32.828797 -118.553186 0.0 0.4
32.843478999999995 -118.559454 0.0 0.4
32.854555999999995 -118.567353 0.0 0.4
32.865733 -118.57505499999999 0.0 0.4
32.875036 -118.584431 0.0 0.4
32.883834 -118.591141 0.0 0.4
32.897861999999996 -118.600859 0.0 0.4
32.908539999999995 -118.605289 0.0 0.4
32.920974 -118.60668 0.0 0.4
32.932811 -118.614688 0.0 0.4
32.941434 -118.622117 0.0 0.4
32.95031 -118.627566 0.0 0.4
32.962213999999996 -118.633873 0.0 0.4
32.972445 -118.637099 0.0 0.4
32.982611 -118.640486 0.0 0.4
32.992843 -118.643433 0.0 0.4
33.000034 -118.670173 0.0 0.4
33.012143 -118.674843 0.0 0.4
33.026356 -118.678551 0.0 0.4
33.039726 -118.678204 0.0 0.4
33.280713 -119.636068 0.0 0.4
33.299337 -119.629076 0.0 0.4
33.309252 -119.621653 0.0 0.4
33.318228999999995 -119.609295 0.0 0.4
33.323276 -119.599222 0.0 0.4
33.326971 -119.588154 0.0 0.4
33.328277 -119.574907 0.0 0.4
33.329327 -119.55972299999999 0.0 0.4
33.332789999999996 -119.549396 0.0 0.4
33.33482 -119.53817 0.0 0.4
33.334862 -119.525313 0.0 0.4
33.330996999999996 -119.508552 0.0 0.4
33.327154 -119.49512 0.0 0.4
33.316828 -119.471305 0.0 0.4
33.305741999999995 -119.443273 0.0 0.4
33.301031 -119.429996 0.0 0.4
33.289508999999995 -119.41337 0.0 0.4
33.280066999999995 -119.399906 0.0 0.4
33.274375 -119.390983 0.0 0.4
33.267632 -119.37973 0.0 0.4
33.255778 -119.369083 0.0 0.4
33.245221 -119.36212499999999 0.0 0.4
33.234873 -119.36013299999999 0.0 0.4
33.221452 -119.360702 0.0 0.4
33.208512 -119.36540099999999 0.0 0.4
33.197628 -119.37196399999999 0.0 0.4
33.189475 -119.38146499999999 0.0 0.4
33.180836 -119.394536 0.0 0.4
33.166987 -119.433717 0.0 0.4
33.16527 -119.44496699999999 0.0 0.4
33.164606 -119.46835899999999 0.0 0.4
33.163669999999996 -119.478745 0.0 0.4
33.166601 -119.489445 0.0 0.4
33.167387999999995 -119.500939 0.0 0.4
33.167755 -119.512001 0.0 0.4
33.170885 -119.522858 0.0 0.4
33.176471 -119.541256 0.0 0.4
33.180613 -119.55154 0.0 0.4
33.18248 -119.562237 0.0 0.4
33.186484 -119.574192 0.0 0.4
33.195530999999995 -119.58725799999999 0.0 0.4
33.20324 -119.600259 0.0 0.4
33.212733 -119.611471 0.0 0.4
33.222482 -119.61823799999999 0.0 0.4
33.23247 -119.625188 0.0 0.4
33.244974 -119.631283 0.0 0.4
33.255493 -119.631045 0.0 0.4
33.265442 -119.634719 0.0 0.4
33.280713 -119.636068 0.0 0.4
37.775726999999996 -123.173825 0.0 0.4
37.792365 -123.169107 0.0 0.4
37.802002 -123.16093599999999 0.0 0.4
37.811951 -123.147209 0.0 0.4
37.819676 -123.132272 0.0 0.4
37.823057999999996 -123.118289 0.0 0.4
37.822542 -123.108256 0.0 0.4
37.821877 -123.095261 0.0 0.4
37.818151 -123.081646 0.0 0.4
37.813829999999996 -123.070494 0.0 0.4
37.799816 -123.048817 0.0 0.4
37.788880999999996 -123.038726 0.0 0.4
37.778375 -123.033841 0.0 0.4
37.776069 -123.01697 0.0 0.4
37.773523999999995 -123.006154 0.0 0.4
37.769131 -122.99509 0.0 0.4
37.758916 -122.98142899999999 0.0 0.4
37.749929 -122.974061 0.0 0.4
37.744281 -122.964099 0.0 0.4
37.736827 -122.95464 0.0 0.4
37.725314 -122.945523 0.0 0.4
37.71535 -122.939711 0.0 0.4
37.702459 -122.935865 0.0 0.4
37.69093 -122.937339 0.0 0.4
37.67658 -122.941364 0.0 0.4
37.663377 -122.949068 0.0 0.4
37.651984 -122.96300600000001 0.0 0.4
37.646581 -122.973012 0.0 0.4
37.641783 -122.986747 0.0 0.4
37.63993 -123.000912 0.0 0.4
37.641506 -123.011605 0.0 0.4
37.645221 -123.027153 0.0 0.4
37.650328 -123.040696 0.0 0.4
37.658648 -123.05358 0.0 0.4
37.667316 -123.063578 0.0 0.4
37.682583 -123.07306299999999 0.0 0.4
37.692324 -123.077155 0.0 0.4
37.70075 -123.086057 0.0 0.4
37.711872 -123.0918 0.0 0.4
37.712648 -123.10492099999999 0.0 0.4
37.714045 -123.115575 0.0 0.4
37.71673 -123.126114 0.0 0.4
37.72616 -123.14149499999999 0.0 0.4
37.73784 -123.156757 0.0 0.4
37.74993 -123.166699 0.0 0.4
37.763600000000004 -123.172926 0.0 0.4
37.775726999999996 -123.173825 0.0 0.4
33.5056 -119.117174 0.0 0.4
33.515471 -119.111656 0.0 0.4
33.522888 -119.10421099999999 0.0 0.4
33.530296 -119.090493 0.0 0.4
33.535148 -119.076497 0.0 0.4
33.536712 -119.06616199999999 0.0 0.4
33.536761 -119.05394 0.0 0.4
33.538622 -119.041394 0.0 0.4
33.540116 -119.030737 0.0 0.4
33.539186 -119.01735 0.0 0.4
33.535895 -119.000932 0.0 0.4
33.530288999999996 -118.990046 0.0 0.4
33.520649999999996 -118.9791 0.0 0.4
33.510655 -118.971007 0.0 0.4
33.500023 -118.96601799999999 0.0 0.4
33.485205 -118.962759 0.0 0.4
33.473301 -118.962728 0.0 0.4
33.457915 -118.966765 0.0 0.4
33.443169999999995 -118.97268 0.0 0.4
33.431106 -118.978481 0.0 0.4
33.423441 -118.988726 0.0 0.4
33.418493 -119.000931 0.0 0.4
33.415053 -119.017999 0.0 0.4
33.41222 -119.039631 0.0 0.4
33.411024 -119.053071 0.0 0.4
33.412546 -119.064122 0.0 0.4
33.416765 -119.07851099999999 0.0 0.4
33.426871999999996 -119.094128 0.0 0.4
33.435241999999995 -119.100761 0.0 0.4
33.445012 -119.106154 0.0 0.4
33.456323 -119.108802 0.0 0.4
33.468942 -119.109085 0.0 0.4
33.480070999999995 -119.109202 0.0 0.4
33.491187 -119.107909 0.0 0.4
33.500022 -119.118949 0.0 0.4
