40.222646999999995 -109.050949 0.0 0.4
40.232827 -109.050975 0.0 0.4
40.243105 -109.050973 0.0 0.4
40.253755999999996 -109.050951 0.0 0.4
40.266180999999996 -109.05102 0.0 0.4
40.278566999999995 -109.051002 0.0 0.4
40.289584 -109.050973 0.0 0.4
40.300258 -109.05094 0.0 0.4
40.310573 -109.050918 0.0 0.4
40.321458 -109.05090799999999 0.0 0.4
40.334624999999996 -109.050892 0.0 0.4
40.349796999999995 -109.05088 0.0 0.4
40.363124 -109.050866 0.0 0.4
40.374967 -109.050801 0.0 0.4
40.390108999999995 -109.050835 0.0 0.4
40.403827 -109.05086 0.0 0.4
40.414591 -109.050883 0.0 0.4
40.428183 -109.05091 0.0 0.4
40.440551 -109.051215 0.0 0.4
40.453495 -109.051096 0.0 0.4
40.470960999999996 -109.05085199999999 0.0 0.4
40.48402 -109.050687 0.0 0.4
40.495058 -109.05054 0.0 0.4
40.507796 -109.050374 0.0 0.4
40.519538999999995 -109.050231 0.0 0.4
40.531563 -109.050012 0.0 0.4
40.543310999999996 -109.049618 0.0 0.4
40.560427 -109.049003 0.0 0.4
40.57651 -109.048212 0.0 0.4
40.587812 -109.048067 0.0 0.4
40.59786 -109.048021 0.0 0.4
40.609879 -109.047767 0.0 0.4
40.621111 -109.047949 0.0 0.4
40.631248 -109.048123 0.0 0.4
40.653602 -109.048629 0.0 0.4
40.665780999999996 -109.048506 0.0 0.4
40.684385 -109.048993 0.0 0.4
40.694702 -109.049008 0.0 0.4
40.710305999999996 -109.049071 0.0 0.4
40.751433 -109.048786 0.0 0.4
40.771538 -109.04870700000001 0.0 0.4
40.782694 -109.048733 0.0 0.4
40.798032 -109.048632 0.0 0.4
40.810865 -109.048546 0.0 0.4
40.821075 -109.048479 0.0 0.4
40.832083999999995 -109.048509 0.0 0.4
40.842369 -109.048819 0.0 0.4
40.854836 -109.048859 0.0 0.4
40.864892999999995 -109.048871 0.0 0.4
40.883644 -109.048891 0.0 0.4
40.893665999999996 -109.049041 0.0 0.4
40.908646 -109.049277 0.0 0.4
40.920376999999995 -109.049358 0.0 0.4
40.94273 -109.049539 0.0 0.4
40.958853 -109.049662 0.0 0.4
40.972854 -109.04977 0.0 0.4
40.984558 -109.04986099999999 0.0 0.4
40.994907999999995 -109.049942 0.0 0.4
41.00051 -109.031339 0.0 0.4
41.000477 -109.020809 0.0 0.4
41.000527999999996 -109.00840099999999 0.0 0.4
41.000544999999995 -108.997164 0.0 0.4
41.000502999999995 -108.986637 0.0 0.4
41.000462 -108.976469 0.0 0.4
41.000420999999996 -108.965952 0.0 0.4
41.000358 -108.95032499999999 0.0 0.4
41.000305999999995 -108.937396 0.0 0.4
41.000249 -108.92335299999999 0.0 0.4
41.000206999999996 -108.912941 0.0 0.4
41.000126 -108.892299 0.0 0.4
41.000150999999995 -108.877402 0.0 0.4
41.000133999999996 -108.86274399999999 0.0 0.4
41.000097 -108.850521 0.0 0.4
41.000133 -108.838545 0.0 0.4
41.000146 -108.827541 0.0 0.4
41.000105 -108.817489 0.0 0.4
41.000181 -108.803863 0.0 0.4
41.000201 -108.792444 0.0 0.4
41.000118 -108.781302 0.0 0.4
41.000139999999995 -108.768323 0.0 0.4
41.000159 -108.757869 0.0 0.4
41.000135 -108.745944 0.0 0.4
41.000074 -108.734531 0.0 0.4
41.000084 -108.721091 0.0 0.4
41.000091999999995 -108.710378 0.0 0.4
41.000101 -108.699599 0.0 0.4
41.00011 -108.687541 0.0 0.4
41.000119 -108.676398 0.0 0.4
41.000135 -108.657704 0.0 0.4
41.000144 -108.647248 0.0 0.4
41.000152 -108.636272 0.0 0.4
40.99998 -108.626161 0.0 0.4
40.999962 -108.616007 0.0 0.4
40.99996 -108.605171 0.0 0.4
40.999963 -108.581138 0.0 0.4
40.99996 -108.570198 0.0 0.4
40.999660999999996 -108.558505 0.0 0.4
40.999642 -108.548006 0.0 0.4
40.999697 -108.53632999999999 0.0 0.4
40.999595 -108.526135 0.0 0.4
41.000006 -108.513386 0.0 0.4
41.000081 -108.502883 0.0 0.4
41.000104 -108.490329 0.0 0.4
41.000094999999995 -108.477512 0.0 0.4
41.000085 -108.465715 0.0 0.4
41.000074999999995 -108.453839 0.0 0.4
41.000063 -108.439872 0.0 0.4
41.000054999999996 -108.429254 0.0 0.4
41.000039 -108.408522 0.0 0.4
41.000028 -108.393685 0.0 0.4
41.000018 -108.382716 0.0 0.4
41.000018999999995 -108.36819 0.0 0.4
41.000029999999995 -108.354218 0.0 0.4
41.000043999999995 -108.334209 0.0 0.4
41.000054 -108.322202 0.0 0.4
41.000063999999995 -108.310195 0.0 0.4
41.000073 -108.299749 0.0 0.4
41.000091 -108.287904 0.0 0.4
41.000093 -108.277037 0.0 0.4
41.000105 -108.261517 0.0 0.4
41.000113 -108.251277 0.0 0.4
41.000353 -108.238409 0.0 0.4
41.000336 -108.224868 0.0 0.4
41.000341 -108.212194 0.0 0.4
41.000426999999995 -108.202007 0.0 0.4
41.00042 -108.188528 0.0 0.4
41.000609999999995 -108.173683 0.0 0.4
41.000901999999996 -108.152799 0.0 0.4
41.001183 -108.133029 0.0 0.4
41.001197999999995 -108.122619 0.0 0.4
41.001315999999996 -108.112287 0.0 0.4
41.001362 -108.102149 0.0 0.4
41.001233 -108.089508 0.0 0.4
41.001764 -108.07294 0.0 0.4
41.001992 -108.052753 0.0 0.4
41.002064 -108.040233 0.0 0.4
41.002064 -108.030024 0.0 0.4
41.002019 -108.02000699999999 0.0 0.4
41.001912999999995 -108.00999 0.0 0.4
41.001861999999996 -107.993221 0.0 0.4
41.001962 -107.977858 0.0 0.4
41.002007 -107.963669 0.0 0.4
41.001999 -107.953318 0.0 0.4
41.002004 -107.942103 0.0 0.4
41.002008 -107.930746 0.0 0.4
41.00203 -107.919333 0.0 0.4
41.002041999999996 -107.907917 0.0 0.4
41.002004 -107.89672 0.0 0.4
41.002019 -107.884484 0.0 0.4
41.001957 -107.869173 0.0 0.4
41.001936 -107.857016 0.0 0.4
41.001929 -107.846515 0.0 0.4
41.00195 -107.814911 0.0 0.4
41.001939 -107.804251 0.0 0.4
41.001962 -107.791987 0.0 0.4
41.001933 -107.781891 0.0 0.4
41.001946 -107.771863 0.0 0.4
41.001957 -107.760183 0.0 0.4
41.001982 -107.748654 0.0 0.4
41.002038999999996 -107.73736099999999 0.0 0.4
41.002109 -107.723999 0.0 0.4
41.002133 -107.71369 0.0 0.4
41.002144 -107.702662 0.0 0.4
41.002159999999996 -107.69141 0.0 0.4
41.002154 -107.678586 0.0 0.4
41.002131999999996 -107.662644 0.0 0.4
41.002126 -107.643019 0.0 0.4
41.002123 -107.630646 0.0 0.4
41.002153 -107.613399 0.0 0.4
41.002251 -107.573624 0.0 0.4
41.002271 -107.558587 0.0 0.4
41.002296 -107.540999 0.0 0.4
41.002356999999996 -107.526728 0.0 0.4
41.002351 -107.511024 0.0 0.4
41.002348999999995 -107.500697 0.0 0.4
41.002597 -107.48371 0.0 0.4
41.002694 -107.472102 0.0 0.4
41.002731999999995 -107.461322 0.0 0.4
41.002756 -107.451101 0.0 0.4
41.002798 -107.439435 0.0 0.4
41.002841 -107.427875 0.0 0.4
41.002945 -107.403683 0.0 0.4
41.002993 -107.393494 0.0 0.4
41.003032 -107.383141 0.0 0.4
41.003066 -107.369508 0.0 0.4
41.003053 -107.35937799999999 0.0 0.4
41.002970999999995 -107.344969 0.0 0.4
41.002941 -107.329484 0.0 0.4
41.002922 -107.319361 0.0 0.4
41.002941 -107.307923 0.0 0.4
41.002916 -107.295852 0.0 0.4
41.002842 -107.278339 0.0 0.4
41.002841 -107.261424 0.0 0.4
41.002880999999995 -107.250612 0.0 0.4
41.002804 -107.240131 0.0 0.4
41.002834 -107.226583 0.0 0.4
41.002834 -107.216571 0.0 0.4
41.002899 -107.206524 0.0 0.4
41.002922 -107.194975 0.0 0.4
41.00295 -107.17869 0.0 0.4
41.002970999999995 -107.16608 0.0 0.4
41.003001 -107.150413 0.0 0.4
41.003028 -107.13941 0.0 0.4
41.003054999999996 -107.125614 0.0 0.4
41.003091 -107.114234 0.0 0.4
41.003118 -107.103019 0.0 0.4
41.003242 -107.092243 0.0 0.4
41.00327 -107.079008 0.0 0.4
41.003295 -107.067412 0.0 0.4
41.003327 -107.050181 0.0 0.4
41.003350999999995 -107.038303 0.0 0.4
41.003378 -107.025125 0.0 0.4
41.003409999999995 -107.00880000000001 0.0 0.4
41.003434999999996 -106.997528 0.0 0.4
41.003387 -106.980037 0.0 0.4
41.003344999999996 -106.966608 0.0 0.4
41.003237999999996 -106.93755 0.0 0.4
41.003153999999995 -106.916605 0.0 0.4
41.003097 -106.902205 0.0 0.4
41.003043 -106.887944 0.0 0.4
41.002995999999996 -106.8756 0.0 0.4
41.002663 -106.857773 0.0 0.4
41.002666 -106.845127 0.0 0.4
41.002669999999995 -106.834463 0.0 0.4
41.002674999999996 -106.81639799999999 0.0 0.4
41.00268 -106.794433 0.0 0.4
41.002680999999995 -106.776573 0.0 0.4
41.002680999999995 -106.76483 0.0 0.4
41.002694999999996 -106.752846 0.0 0.4
41.002652 -106.74169 0.0 0.4
41.002561 -106.72288 0.0 0.4
41.002455 -106.700898 0.0 0.4
41.00239 -106.687518 0.0 0.4
41.002265 -106.660175 0.0 0.4
41.002213999999995 -106.648938 0.0 0.4
41.002154 -106.63563 0.0 0.4
41.002109999999995 -106.625592 0.0 0.4
41.002123999999995 -106.601638 0.0 0.4
41.002112 -106.587543 0.0 0.4
41.002083999999996 -106.576194 0.0 0.4
41.001971999999995 -106.531882 0.0 0.4
41.001953 -106.519817 0.0 0.4
41.001895 -106.500588 0.0 0.4
41.00214 -106.49051299999999 0.0 0.4
41.002139 -106.479013 0.0 0.4
41.002117999999996 -106.455715 0.0 0.4
41.001987 -106.441332 0.0 0.4
41.001726 -106.43129 0.0 0.4
41.001366999999995 -106.411104 0.0 0.4
41.001097 -106.398637 0.0 0.4
41.001126 -106.387598 0.0 0.4
41.00072 -106.375567 0.0 0.4
41.000138 -106.358825 0.0 0.4
40.999637 -106.346414 0.0 0.4
40.999275 -106.326456 0.0 0.4
40.998923 -106.314218 0.0 0.4
40.998819 -106.30304699999999 0.0 0.4
40.998639 -106.283598 0.0 0.4
40.998506 -106.271246 0.0 0.4
40.998283 -106.250377 0.0 0.4
40.998128 -106.240294 0.0 0.4
40.997915 -106.22866 0.0 0.4
40.997737 -106.218013 0.0 0.4
40.997662999999996 -106.205262 0.0 0.4
40.997578 -106.195192 0.0 0.4
40.997569 -106.184418 0.0 0.4
40.997530999999995 -106.17064 0.0 0.4
40.997504 -106.159753 0.0 0.4
40.997344 -106.13857 0.0 0.4
40.997329 -106.128302 0.0 0.4
40.997232 -106.115004 0.0 0.4
40.997223999999996 -106.103439 0.0 0.4
40.997212 -106.088733 0.0 0.4
40.99711 -106.075457 0.0 0.4
40.996998999999995 -106.061181 0.0 0.4
40.997035 -106.050975 0.0 0.4
40.997076 -106.039701 0.0 0.4
40.997167 -106.024637 0.0 0.4
40.997198999999995 -106.014046 0.0 0.4
40.997245 -106.003404 0.0 0.4
40.997206999999996 -105.977373 0.0 0.4
40.997177 -105.95700000000001 0.0 0.4
40.99714 -105.93206 0.0 0.4
40.997091 -105.899713 0.0 0.4
40.997060999999995 -105.87772 0.0 0.4
40.997031 -105.863493 0.0 0.4
40.997042 -105.846805 0.0 0.4
40.997023999999996 -105.83018 0.0 0.4
40.997004 -105.81906 0.0 0.4
40.996984999999995 -105.80614 0.0 0.4
40.996961 -105.79328699999999 0.0 0.4
40.996928 -105.77055 0.0 0.4
40.996896 -105.750552 0.0 0.4
40.996857999999996 -105.729905 0.0 0.4
40.996927 -105.714745 0.0 0.4
40.996955 -105.704366 0.0 0.4
40.99699 -105.693826 0.0 0.4
40.997046 -105.683227 0.0 0.4
40.99707 -105.672742 0.0 0.4
40.997088 -105.661716 0.0 0.4
40.997108 -105.649529 0.0 0.4
40.997132 -105.635858 0.0 0.4
40.99715 -105.625474 0.0 0.4
40.997191 -105.61377 0.0 0.4
40.997233 -105.601389 0.0 0.4
40.997274 -105.58967 0.0 0.4
40.997309 -105.579577 0.0 0.4
40.997346 -105.56928 0.0 0.4
40.997386999999996 -105.558052 0.0 0.4
40.997436 -105.546908 0.0 0.4
40.997473 -105.536545 0.0 0.4
40.997512 -105.524973 0.0 0.4
40.997557 -105.51156 0.0 0.4
40.997595 -105.500547 0.0 0.4
40.997616 -105.48979 0.0 0.4
40.997643 -105.478329 0.0 0.4
40.997654999999995 -105.467717 0.0 0.4
40.997678 -105.451968 0.0 0.4
40.997749999999996 -105.440747 0.0 0.4
40.997765 -105.429922 0.0 0.4
40.997799 -105.41556 0.0 0.4
40.997831 -105.40043299999999 0.0 0.4
40.997862999999995 -105.385636 0.0 0.4
40.997887 -105.375542 0.0 0.4
40.997873999999996 -105.36355 0.0 0.4
40.997948 -105.34427 0.0 0.4
40.998028 -105.323451 0.0 0.4
40.998061 -105.312825 0.0 0.4
40.998115 -105.29530199999999 0.0 0.4
40.998183999999995 -105.281115 0.0 0.4
40.998183999999995 -105.270185 0.0 0.4
40.998191 -105.256527 0.0 0.4
40.998432 -105.242649 0.0 0.4
40.998416 -105.231493 0.0 0.4
40.998391999999996 -105.214343 0.0 0.4
40.998366 -105.195291 0.0 0.4
40.998348 -105.182505 0.0 0.4
40.998332 -105.171118 0.0 0.4
40.998318 -105.160736 0.0 0.4
40.998255 -105.146016 0.0 0.4
40.998264 -105.135149 0.0 0.4
40.998298 -105.113195 0.0 0.4
40.998312999999996 -105.102929 0.0 0.4
40.998334 -105.084176 0.0 0.4
40.998297 -105.071913 0.0 0.4
40.998293 -105.052663 0.0 0.4
40.998290999999995 -105.041701 0.0 0.4
40.998287 -105.026303 0.0 0.4
40.998284999999996 -105.013366 0.0 0.4
40.998276 -105.000526 0.0 0.4
40.998253999999996 -104.98839 0.0 0.4
40.998236 -104.978294 0.0 0.4
40.998211999999995 -104.966735 0.0 0.4
40.998222 -104.956698 0.0 0.4
40.998213 -104.943371 0.0 0.4
40.998205999999996 -104.932251 0.0 0.4
40.998199 -104.920161 0.0 0.4
40.998193 -104.909439 0.0 0.4
40.998200000000004 -104.89934099999999 0.0 0.4
40.998188 -104.885829 0.0 0.4
40.998281999999996 -104.875524 0.0 0.4
40.998180999999995 -104.863199 0.0 0.4
40.998754 -104.8408 0.0 0.4
40.999023 -104.830164 0.0 0.4
40.999196999999995 -104.81831 0.0 0.4
40.999457 -104.797867 0.0 0.4
40.999769 -104.778847 0.0 0.4
40.999956 -104.761994 0.0 0.4
40.999981999999996 -104.751848 0.0 0.4
41.000170999999995 -104.739354 0.0 0.4
41.000378999999995 -104.723343 0.0 0.4
41.000578999999995 -104.706951 0.0 0.4
41.000710999999995 -104.696059 0.0 0.4
41.000873 -104.68285 0.0 0.4
41.001042999999996 -104.66667699999999 0.0 0.4
41.001137 -104.656581 0.0 0.4
41.001355 -104.633284 0.0 0.4
41.001411 -104.623121 0.0 0.4
41.00147 -104.604685 0.0 0.4
41.001528 -104.587038 0.0 0.4
41.001552 -104.570719 0.0 0.4
41.001535 -104.550284 0.0 0.4
41.001563999999995 -104.540169 0.0 0.4
41.001602 -104.527729 0.0 0.4
41.001663 -104.51701800000001 0.0 0.4
41.001694 -104.505712 0.0 0.4
41.001688 -104.494621 0.0 0.4
41.001539 -104.473549 0.0 0.4
41.001489 -104.45584 0.0 0.4
41.001473999999995 -104.44238 0.0 0.4
41.001459 -104.426009 0.0 0.4
41.001498 -104.390518 0.0 0.4
41.001523 -104.375511 0.0 0.4
41.001492999999996 -104.358829 0.0 0.4
41.001534 -104.3461 0.0 0.4
41.001643 -104.314663 0.0 0.4
41.001717 -104.296415 0.0 0.4
41.001695 -104.276867 0.0 0.4
41.001678999999996 -104.257569 0.0 0.4
41.001619 -104.245063 0.0 0.4
41.001619 -104.234247 0.0 0.4
41.001618 -104.223289 0.0 0.4
41.001633 -104.212454 0.0 0.4
41.00166 -104.197151 0.0 0.4
41.001731 -104.183566 0.0 0.4
41.00177 -104.173436 0.0 0.4
41.001568999999996 -104.162579 0.0 0.4
41.001625 -104.146996 0.0 0.4
41.001691 -104.129024 0.0 0.4
41.001559 -104.108436 0.0 0.4
41.001559 -104.089772 0.0 0.4
41.001785 -104.067016 0.0 0.4
41.001615 -104.054077 0.0 0.4
41.001501999999995 -104.04105 0.0 0.4
41.001886999999996 -104.023383 0.0 0.4
41.001683 -104.011008 0.0 0.4
41.001781 -104.000503 0.0 0.4
41.001725 -103.987899 0.0 0.4
41.001666 -103.972642 0.0 0.4
41.00166 -103.953525 0.0 0.4
41.001692999999996 -103.942174 0.0 0.4
41.001813999999996 -103.931992 0.0 0.4
41.001715 -103.920168 0.0 0.4
41.001653 -103.908451 0.0 0.4
41.001675999999996 -103.897627 0.0 0.4
41.001722 -103.886206 0.0 0.4
41.001726999999995 -103.875002 0.0 0.4
41.001746999999995 -103.859374 0.0 0.4
41.001683 -103.842737 0.0 0.4
41.001735 -103.811523 0.0 0.4
41.001765 -103.796086 0.0 0.4
41.001601 -103.784304 0.0 0.4
41.001484 -103.770311 0.0 0.4
41.001501 -103.759602 0.0 0.4
41.001567 -103.749378 0.0 0.4
41.001598 -103.73405 0.0 0.4
41.001624 -103.722953 0.0 0.4
41.001688 -103.711755 0.0 0.4
41.001734 -103.700908 0.0 0.4
41.001774999999995 -103.689892 0.0 0.4
41.001627 -103.679775 0.0 0.4
41.001442 -103.669054 0.0 0.4
41.00152 -103.657737 0.0 0.4
41.001574999999995 -103.646515 0.0 0.4
41.001649 -103.636282 0.0 0.4
41.001542 -103.625494 0.0 0.4
41.001702 -103.615288 0.0 0.4
41.001718 -103.59513 0.0 0.4
41.001732 -103.579846 0.0 0.4
41.001625 -103.560329 0.0 0.4
41.001526 -103.548771 0.0 0.4
41.001444 -103.538116 0.0 0.4
41.001495999999996 -103.526495 0.0 0.4
41.001734 -103.50047 0.0 0.4
41.001914 -103.486697 0.0 0.4
41.001875 -103.469785 0.0 0.4
41.001818 -103.459054 0.0 0.4
41.00176 -103.447943 0.0 0.4
41.001929 -103.432404 0.0 0.4
41.002007 -103.421975 0.0 0.4
41.002103 -103.408033 0.0 0.4
41.002558 -103.396989 0.0 0.4
41.002313 -103.38538199999999 0.0 0.4
41.001846 -103.365314 0.0 0.4
41.001838 -103.353653 0.0 0.4
41.001826 -103.334092 0.0 0.4
41.001819999999995 -103.323871 0.0 0.4
41.001912 -103.306245 0.0 0.4
41.002013999999996 -103.287047 0.0 0.4
41.002047999999995 -103.276871 0.0 0.4
41.001776 -103.250483 0.0 0.4
41.002024 -103.236283 0.0 0.4
41.002012 -103.219415 0.0 0.4
41.002165999999995 -103.200745 0.0 0.4
41.002108 -103.179665 0.0 0.4
41.002083999999996 -103.165265 0.0 0.4
41.002221999999996 -103.153364 0.0 0.4
41.002241999999995 -103.137213 0.0 0.4
41.002158 -103.125489 0.0 0.4
41.002342 -103.115004 0.0 0.4
41.002316 -103.097009 0.0 0.4
41.002305 -103.086629 0.0 0.4
41.00237 -103.059626 0.0 0.4
41.002345999999996 -103.044957 0.0 0.4
41.002427 -103.021421 0.0 0.4
41.002486 -103.002088 0.0 0.4
41.002272 -102.982714 0.0 0.4
41.002176999999996 -102.965702 0.0 0.4
41.002159 -102.955106 0.0 0.4
41.002303 -102.944829 0.0 0.4
41.00224 -102.9286 0.0 0.4
41.002313 -102.906358 0.0 0.4
41.002314 -102.887281 0.0 0.4
41.002333 -102.875551 0.0 0.4
41.002078 -102.861014 0.0 0.4
41.002320999999995 -102.849261 0.0 0.4
41.00235 -102.830303 0.0 0.4
41.002317 -102.792815 0.0 0.4
41.002418999999996 -102.773561 0.0 0.4
41.002359999999996 -102.754586 0.0 0.4
41.002292 -102.744311 0.0 0.4
41.002188 -102.729722 0.0 0.4
41.002199 -102.714902 0.0 0.4
41.002288 -102.692405 0.0 0.4
41.00232 -102.670885 0.0 0.4
41.002328 -102.659782 0.0 0.4
41.002336 -102.649657 0.0 0.4
41.002345999999996 -102.636728 0.0 0.4
41.002354 -102.625468 0.0 0.4
41.002474 -102.606929 0.0 0.4
41.002311 -102.582079 0.0 0.4
41.002356999999996 -102.56656 0.0 0.4
41.002244999999995 -102.54371 0.0 0.4
41.002278 -102.527852 0.0 0.4
41.002300000000005 -102.517666 0.0 0.4
41.002334 -102.502907 0.0 0.4
41.002435 -102.489047 0.0 0.4
41.002435 -102.478879 0.0 0.4
41.00242 -102.468424 0.0 0.4
41.002447 -102.43065 0.0 0.4
41.002447 -102.411735 0.0 0.4
41.002443 -102.396274 0.0 0.4
41.002447 -102.385624 0.0 0.4
41.002404 -102.37531 0.0 0.4
41.002427 -102.364084 0.0 0.4
41.002189 -102.344872 0.0 0.4
41.002198 -102.332655 0.0 0.4
41.002207999999996 -102.319012 0.0 0.4
41.002207 -102.293112 0.0 0.4
41.002272999999995 -102.277863 0.0 0.4
41.002423 -102.267523 0.0 0.4
41.002402 -102.256439 0.0 0.4
41.00235 -102.240748 0.0 0.4
41.002274 -102.229011 0.0 0.4
41.002462 -102.21220000000001 0.0 0.4
41.00235 -102.197411 0.0 0.4
41.002435999999996 -102.183555 0.0 0.4
41.002438 -102.171012 0.0 0.4
41.002444 -102.154569 0.0 0.4
41.002457 -102.1391 0.0 0.4
41.002465 -102.128611 0.0 0.4
41.002386 -102.108111 0.0 0.4
41.002389 -102.094223 0.0 0.4
41.002415 -102.075395 0.0 0.4
41.002376999999996 -102.065286 0.0 0.4
41.002361 -102.052518 0.0 0.4
40.992011 -102.051563 0.0 0.4
40.978987 -102.051556 0.0 0.4
40.968109 -102.051553 0.0 0.4
40.956117 -102.051554 0.0 0.4
40.945890999999996 -102.051575 0.0 0.4
40.93338 -102.051544 0.0 0.4
40.922986 -102.051544 0.0 0.4
40.909838 -102.051545 0.0 0.4
40.898953 -102.051531 0.0 0.4
40.887648999999996 -102.051526 0.0 0.4
40.877545999999995 -102.051531 0.0 0.4
40.867004 -102.051509 0.0 0.4
40.853949 -102.051502 0.0 0.4
40.843810999999995 -102.051482 0.0 0.4
40.832657 -102.051483 0.0 0.4
40.822143 -102.05145 0.0 0.4
40.810719999999996 -102.051446 0.0 0.4
40.800044 -102.051445 0.0 0.4
40.789350999999996 -102.051451 0.0 0.4
40.77906 -102.051429 0.0 0.4
40.767734999999995 -102.05139199999999 0.0 0.4
40.756586 -102.051446 0.0 0.4
40.746531 -102.051433 0.0 0.4
40.733916 -102.051442 0.0 0.4
40.723839999999996 -102.051444 0.0 0.4
40.711659999999995 -102.051465 0.0 0.4
40.701544 -102.051468 0.0 0.4
40.690583 -102.051463 0.0 0.4
40.679973 -102.05146 0.0 0.4
40.669857 -102.051452 0.0 0.4
40.659155999999996 -102.05148 0.0 0.4
40.649032999999996 -102.051487 0.0 0.4
40.638137 -102.051496 0.0 0.4
40.627779 -102.051477 0.0 0.4
40.617309999999996 -102.051495 0.0 0.4
40.606651 -102.051504 0.0 0.4
40.593657 -102.051507 0.0 0.4
40.583106 -102.051511 0.0 0.4
40.572907 -102.051493 0.0 0.4
40.559042999999996 -102.051499 0.0 0.4
40.54839 -102.051515 0.0 0.4
40.538272 -102.05159 0.0 0.4
40.528214999999996 -102.051528 0.0 0.4
40.500023 -102.051554 0.0 0.4
40.488458 -102.05131 0.0 0.4
40.465508 -102.051509 0.0 0.4
40.45503 -102.051484 0.0 0.4
40.442811999999996 -102.051469 0.0 0.4
40.418441 -102.051529 0.0 0.4
40.397404 -102.051484 0.0 0.4
40.375119 -102.051554 0.0 0.4
40.360068999999996 -102.051798 0.0 0.4
40.349213 -102.051586 0.0 0.4
40.338381 -102.051309 0.0 0.4
40.322491 -102.05138 0.0 0.4
40.312207 -102.051449 0.0 0.4
40.300492999999996 -102.051499 0.0 0.4
40.282092999999996 -102.051598 0.0 0.4
40.267044 -102.051634 0.0 0.4
40.253648999999996 -102.051668 0.0 0.4
40.242565 -102.051726 0.0 0.4
40.232385 -102.05157 0.0 0.4
40.218643 -102.051836 0.0 0.4
40.205687 -102.051919 0.0 0.4
40.191618999999996 -102.051833 0.0 0.4
40.178872999999996 -102.051653 0.0 0.4
40.162602 -102.051911 0.0 0.4
40.149443 -102.051743 0.0 0.4
40.134381 -102.051903 0.0 0.4
40.112175 -102.051826 0.0 0.4
40.088529 -102.051858 0.0 0.4
40.070218 -102.051832 0.0 0.4
40.039621 -102.051791 0.0 0.4
40.026395 -102.051774 0.0 0.4
40.015260999999995 -102.05176 0.0 0.4
40.003077999999995 -102.051744 0.0 0.4
39.985411 -102.051721 0.0 0.4
39.973647 -102.051709 0.0 0.4
39.96131 -102.051665 0.0 0.4
39.951035999999995 -102.051628 0.0 0.4
39.924754 -102.051533 0.0 0.4
39.912548 -102.051489 0.0 0.4
39.893561 -102.051441 0.0 0.4
39.876993999999996 -102.051366 0.0 0.4
39.861891 -102.051468 0.0 0.4
39.849804999999996 -102.051569 0.0 0.4
39.833315 -102.051318 0.0 0.4
39.819013999999996 -102.051254 0.0 0.4
39.804649999999995 -102.051191 0.0 0.4
39.790295 -102.051128 0.0 0.4
39.764828 -102.051023 0.0 0.4
39.751022999999996 -102.050956 0.0 0.4
39.723194 -102.050682 0.0 0.4
39.707539 -102.050745 0.0 0.4
39.69694 -102.050695 0.0 0.4
39.676566 -102.050598 0.0 0.4
39.661119 -102.050508 0.0 0.4
39.650757999999996 -102.050159 0.0 0.4
39.633465 -102.050283 0.0 0.4
39.620672 -102.050276 0.0 0.4
39.606144 -102.050188 0.0 0.4
39.593817 -102.050043 0.0 0.4
39.574058 -102.049806 0.0 0.4
39.562349999999995 -102.049755 0.0 0.4
39.548952 -102.04964 0.0 0.4
39.538895 -102.049552 0.0 0.4
39.521757 -102.049616 0.0 0.4
39.506191 -102.049565 0.0 0.4
39.495666 -102.049676 0.0 0.4
39.485062 -102.049503 0.0 0.4
39.471461999999995 -102.049341 0.0 0.4
39.443239 -102.049455 0.0 0.4
39.423333 -102.049364 0.0 0.4
39.409681 -102.04908 0.0 0.4
39.394064 -102.049179 0.0 0.4
39.375616 -102.049202 0.0 0.4
39.365323 -102.048978 0.0 0.4
39.351692 -102.048886 0.0 0.4
39.339855 -102.048772 0.0 0.4
39.32984 -102.048681 0.0 0.4
39.317333 -102.048586 0.0 0.4
39.307088 -102.048563 0.0 0.4
39.274139 -102.04822 0.0 0.4
39.253122 -102.047901 0.0 0.4
39.243047 -102.048017 0.0 0.4
39.22029 -102.047751 0.0 0.4
39.198665999999996 -102.047618 0.0 0.4
39.14828 -102.047306 0.0 0.4
39.13702 -102.04725 0.0 0.4
39.125001999999995 -102.047105 0.0 0.4
39.107047 -102.046927 0.0 0.4
39.075627 -102.046741 0.0 0.4
39.061375 -102.046656 0.0 0.4
39.047038 -102.046571 0.0 0.4
39.032768 -102.046486 0.0 0.4
39.017959 -102.046398 0.0 0.4
39.000004 -102.046282 0.0 0.4
38.981775999999996 -102.046046 0.0 0.4
38.938725 -102.045868 0.0 0.4
38.917221999999995 -102.04576 0.0 0.4
38.886261 -102.04560000000001 0.0 0.4
38.875007 -102.045458 0.0 0.4
38.858197 -102.045369 0.0 0.4
38.842785 -102.045409 0.0 0.4
38.830804 -102.045399 0.0 0.4
38.813666 -102.045473 0.0 0.4
38.799462999999996 -102.045334 0.0 0.4
38.783352 -102.045385 0.0 0.4
38.770105 -102.045356 0.0 0.4
38.755528 -102.045287 0.0 0.4
38.742217 -102.045395 0.0 0.4
38.726288 -102.045315 0.0 0.4
38.704519999999995 -102.04521 0.0 0.4
38.688742 -102.045157 0.0 0.4
38.675221 -102.04516 0.0 0.4
38.663891 -102.045138 0.0 0.4
38.651776999999996 -102.04511 0.0 0.4
38.63917 -102.045113 0.0 0.4
38.625783999999996 -102.044981 0.0 0.4
38.615339999999996 -102.044792 0.0 0.4
38.602453 -102.045074 0.0 0.4
38.59162 -102.045253 0.0 0.4
38.577141999999995 -102.04517799999999 0.0 0.4
38.567122 -102.044956 0.0 0.4
38.534309 -102.04491 0.0 0.4
38.523886999999995 -102.045003 0.0 0.4
38.513684 -102.045034 0.0 0.4
38.503049 -102.045015 0.0 0.4
38.492044 -102.045001 0.0 0.4
38.472314999999995 -102.045008 0.0 0.4
38.461892999999996 -102.044996 0.0 0.4
38.451378999999996 -102.044915 0.0 0.4
38.441345999999996 -102.044728 0.0 0.4
38.427952 -102.044977 0.0 0.4
38.404272 -102.044825 0.0 0.4
38.3938 -102.044925 0.0 0.4
38.356184 -102.044676 0.0 0.4
38.312324 -102.044612 0.0 0.4
38.29841 -102.044541 0.0 0.4
38.28776 -102.044599 0.0 0.4
38.277054 -102.044525 0.0 0.4
38.265032 -102.044472 0.0 0.4
38.25029 -102.044795 0.0 0.4
38.23905 -102.044486 0.0 0.4
38.227193 -102.044457 0.0 0.4
38.217193 -102.04442 0.0 0.4
38.204415 -102.044357 0.0 0.4
38.193591 -102.044319 0.0 0.4
38.181498999999995 -102.044298 0.0 0.4
38.169667 -102.044376 0.0 0.4
38.158874 -102.044406 0.0 0.4
38.146194 -102.044407 0.0 0.4
38.13444 -102.044287 0.0 0.4
38.112946 -102.044258 0.0 0.4
38.075055 -102.044429 0.0 0.4
38.062795 -102.044519 0.0 0.4
38.048048 -102.044624 0.0 0.4
38.035954 -102.044662 0.0 0.4
38.024653 -102.044581 0.0 0.4
38.004861999999996 -102.044552 0.0 0.4
37.984575 -102.044515 0.0 0.4
37.951035999999995 -102.044114 0.0 0.4
37.928233 -102.043846 0.0 0.4
37.914004 -102.043692 0.0 0.4
37.897107 -102.043472 0.0 0.4
37.886874 -102.043339 0.0 0.4
37.87502 -102.043185 0.0 0.4
37.853379 -102.043174 0.0 0.4
37.843269 -102.043143 0.0 0.4
37.832758999999996 -102.04301 0.0 0.4
37.818473 -102.042903 0.0 0.4
37.807082 -102.042861 0.0 0.4
37.790454 -102.042696 0.0 0.4
37.779406 -102.042489 0.0 0.4
37.767306 -102.042341 0.0 0.4
37.750031 -102.042195 0.0 0.4
37.738541 -102.042155 0.0 0.4
37.723976 -102.041878 0.0 0.4
37.696698999999995 -102.041626 0.0 0.4
37.683285 -102.041695 0.0 0.4
37.665983 -102.041693 0.0 0.4
37.654495 -102.041582 0.0 0.4
37.644282 -102.041585 0.0 0.4
37.625014 -102.041593 0.0 0.4
37.607867999999996 -102.041618 0.0 0.4
37.579046999999996 -102.041932 0.0 0.4
37.557977 -102.041894 0.0 0.4
37.542457 -102.041898 0.0 0.4
37.528844 -102.041965 0.0 0.4
37.512386 -102.041835 0.0 0.4
37.499977 -102.041784 0.0 0.4
37.489934 -102.041801 0.0 0.4
37.478349 -102.041794 0.0 0.4
37.468001 -102.041776 0.0 0.4
37.457899 -102.041808 0.0 0.4
37.447601 -102.04161 0.0 0.4
37.434855 -102.041755 0.0 0.4
37.410472999999996 -102.041817 0.0 0.4
37.38919 -102.041642 0.0 0.4
37.375021 -102.041522 0.0 0.4
37.35283 -102.042089 0.0 0.4
37.341592999999996 -102.041913 0.0 0.4
37.323918 -102.041902 0.0 0.4
37.309346 -102.041863 0.0 0.4
37.29765 -102.041829 0.0 0.4
37.28603 -102.041868 0.0 0.4
37.274142999999995 -102.041988 0.0 0.4
37.258164 -102.041963 0.0 0.4
37.228263 -102.042174 0.0 0.4
37.214168 -102.041965 0.0 0.4
37.199583 -102.041972 0.0 0.4
37.185429 -102.042025 0.0 0.4
37.163151 -102.041991 0.0 0.4
37.149175 -102.04193 0.0 0.4
37.137367999999995 -102.041812 0.0 0.4
37.126726999999995 -102.04196400000001 0.0 0.4
37.113566999999996 -102.041934 0.0 0.4
37.090925 -102.04204 0.0 0.4
37.075292999999995 -102.042053 0.0 0.4
37.065135 -102.042066 0.0 0.4
37.047343999999995 -102.042086 0.0 0.4
37.035083 -102.04192 0.0 0.4
37.024783 -102.042048 0.0 0.4
37.010509 -102.042055 0.0 0.4
36.999179 -102.04199 0.0 0.4
36.993068 -102.051802 0.0 0.4
36.993109 -102.072985 0.0 0.4
36.993234 -102.084723 0.0 0.4
36.993286 -102.108038 0.0 0.4
36.993347 -102.125452 0.0 0.4
36.993397 -102.136451 0.0 0.4
36.993449999999996 -102.148331 0.0 0.4
36.993567999999996 -102.175115 0.0 0.4
36.993626 -102.188764 0.0 0.4
36.99373 -102.208316 0.0 0.4
36.993863999999995 -102.221199 0.0 0.4
36.994012 -102.235136 0.0 0.4
36.994198 -102.248477 0.0 0.4
36.994388 -102.260789 0.0 0.4
36.994174 -102.28374 0.0 0.4
36.994248999999996 -102.299327 0.0 0.4
36.994347999999995 -102.325155 0.0 0.4
36.994409 -102.343713 0.0 0.4
36.994506 -102.355288 0.0 0.4
36.994578 -102.367262 0.0 0.4
36.994776 -102.38858 0.0 0.4
36.994792 -102.402316 0.0 0.4
36.994827 -102.434251 0.0 0.4
36.994744 -102.44629 0.0 0.4
36.994841 -102.470246 0.0 0.4
36.994938999999995 -102.494445 0.0 0.4
36.994870999999996 -102.524683 0.0 0.4
36.994890999999996 -102.539013 0.0 0.4
36.995134 -102.57091 0.0 0.4
36.995111 -102.592895 0.0 0.4
36.995036 -102.625471 0.0 0.4
36.995055 -102.635675 0.0 0.4
36.995047 -102.651431 0.0 0.4
36.995270999999995 -102.662122 0.0 0.4
36.995199 -102.683371 0.0 0.4
36.995149 -102.698142 0.0 0.4
36.996496 -102.721686 0.0 0.4
36.997689 -102.74206 0.0 0.4
36.998340999999996 -102.752141 0.0 0.4
36.998854 -102.773239 0.0 0.4
36.999133 -102.784708 0.0 0.4
36.999773999999995 -102.815074 0.0 0.4
36.999731 -102.829465 0.0 0.4
36.9996 -102.841921 0.0 0.4
36.999590999999995 -102.86545 0.0 0.4
36.999628 -102.875481 0.0 0.4
36.999511 -102.886687 0.0 0.4
36.999338 -102.903224 0.0 0.4
36.999137 -102.92246 0.0 0.4
36.998992 -102.936272 0.0 0.4
36.998719 -102.964494 0.0 0.4
36.998613 -102.975555 0.0 0.4
36.998571 -102.985807 0.0 0.4
36.999725 -102.997849 0.0 0.4
37.000077999999995 -103.037445 0.0 0.4
37.000146 -103.063832 0.0 0.4
37.000189999999996 -103.085948 0.0 0.4
37.000194 -103.100244 0.0 0.4
37.000173 -103.116775 0.0 0.4
37.000138 -103.127569 0.0 0.4
37.000053 -103.144057 0.0 0.4
37.000019 -103.156002 0.0 0.4
36.999943 -103.177521 0.0 0.4
36.999887 -103.188226 0.0 0.4
36.999825 -103.2005 0.0 0.4
36.999742999999995 -103.216871 0.0 0.4
36.999629999999996 -103.239641 0.0 0.4
36.999613 -103.251637 0.0 0.4
36.999592 -103.269377 0.0 0.4
36.999559999999995 -103.298321 0.0 0.4
36.99949 -103.324578 0.0 0.4
36.999435999999996 -103.342962 0.0 0.4
36.999446 -103.36934 0.0 0.4
36.999431 -103.379736 0.0 0.4
36.999396 -103.392707 0.0 0.4
36.999347 -103.408135 0.0 0.4
36.999269 -103.425684 0.0 0.4
36.999223 -103.436473 0.0 0.4
36.999192 -103.454175 0.0 0.4
36.999165999999995 -103.466836 0.0 0.4
36.999158 -103.4782 0.0 0.4
36.999133 -103.489773 0.0 0.4
36.999097 -103.500084 0.0 0.4
36.999038 -103.510935 0.0 0.4
36.998965 -103.523979 0.0 0.4
36.998926999999995 -103.537871 0.0 0.4
36.998877 -103.549398 0.0 0.4
36.998833 -103.560191 0.0 0.4
36.998799 -103.57321 0.0 0.4
36.998714 -103.599376 0.0 0.4
36.998677 -103.612071 0.0 0.4
36.998629 -103.624856 0.0 0.4
36.998509999999996 -103.639111 0.0 0.4
36.998353 -103.666037 0.0 0.4
36.998295999999996 -103.67621 0.0 0.4
36.998219 -103.689313 0.0 0.4
36.998134 -103.702832 0.0 0.4
36.998049 -103.721757 0.0 0.4
36.998008 -103.733233 0.0 0.4
36.997811999999996 -103.755222 0.0 0.4
36.997695 -103.767642 0.0 0.4
36.997572999999996 -103.77983 0.0 0.4
36.997431 -103.796642 0.0 0.4
36.997353 -103.809022 0.0 0.4
36.997262 -103.824394 0.0 0.4
36.9972 -103.84055 0.0 0.4
36.997177 -103.852676 0.0 0.4
36.997175 -103.865158 0.0 0.4
36.99707 -103.877112 0.0 0.4
36.996867 -103.900515 0.0 0.4
36.996731 -103.91849 0.0 0.4
36.996617 -103.936722 0.0 0.4
36.996499 -103.956974 0.0 0.4
36.996424999999995 -103.967353 0.0 0.4
36.996218 -103.99345 0.0 0.4
36.996137 -104.004661 0.0 0.4
36.996007 -104.040332 0.0 0.4
36.995931999999996 -104.051004 0.0 0.4
36.995839 -104.06435 0.0 0.4
36.995673 -104.087825 0.0 0.4
36.995574 -104.10189 0.0 0.4
36.995481999999996 -104.115031 0.0 0.4
36.995411 -104.125176 0.0 0.4
36.995306 -104.135828 0.0 0.4
36.99526 -104.146069 0.0 0.4
36.995196 -104.160218 0.0 0.4
36.995115 -104.171813 0.0 0.4
36.994979 -104.188779 0.0 0.4
36.99489 -104.199288 0.0 0.4
36.994794 -104.210835 0.0 0.4
36.994803 -104.225685 0.0 0.4
36.994724 -104.238095 0.0 0.4
36.994644 -104.250536 0.0 0.4
36.994465999999996 -104.265684 0.0 0.4
36.994316 -104.278532 0.0 0.4
36.994158 -104.292012 0.0 0.4
36.994022 -104.304152 0.0 0.4
36.993912 -104.31718599999999 0.0 0.4
36.993701 -104.330849 0.0 0.4
36.993524 -104.343172 0.0 0.4
36.993486 -104.357489 0.0 0.4
36.993448 -104.367833 0.0 0.4
36.993508 -104.386261 0.0 0.4
36.993486 -104.400432 0.0 0.4
36.993594 -104.413528 0.0 0.4
36.993750999999996 -104.429821 0.0 0.4
36.993725 -104.44295 0.0 0.4
36.993834 -104.461977 0.0 0.4
36.993852 -104.473699 0.0 0.4
36.993865 -104.48499 0.0 0.4
36.993877999999995 -104.496962 0.0 0.4
36.993798 -104.511332 0.0 0.4
36.993803 -104.522388 0.0 0.4
36.993953 -104.535161 0.0 0.4
36.993823 -104.563273 0.0 0.4
36.994118 -104.574754 0.0 0.4
36.994097 -104.586568 0.0 0.4
36.99411 -104.597551 0.0 0.4
36.994124 -104.612677 0.0 0.4
36.994327 -104.622723 0.0 0.4
36.993549 -104.634157 0.0 0.4
36.993379 -104.644997 0.0 0.4
36.993411 -104.660405 0.0 0.4
36.993438999999995 -104.673769 0.0 0.4
36.993454 -104.685014 0.0 0.4
36.993457 -104.697167 0.0 0.4
36.993497 -104.707454 0.0 0.4
36.993446 -104.732225 0.0 0.4
36.993524 -104.749912 0.0 0.4
36.993500999999995 -104.763115 0.0 0.4
36.993468 -104.781156 0.0 0.4
36.993438 -104.798199 0.0 0.4
36.993418 -104.80922699999999 0.0 0.4
36.993386 -104.82736 0.0 0.4
36.993362999999995 -104.840358 0.0 0.4
36.993338 -104.853342 0.0 0.4
36.993303999999995 -104.871437 0.0 0.4
36.993274 -104.883527 0.0 0.4
36.993297 -104.89548 0.0 0.4
36.993296 -104.926914 0.0 0.4
36.99329 -104.941624 0.0 0.4
36.993262 -105.000551 0.0 0.4
36.993003 -105.014429 0.0 0.4
36.992805 -105.025051 0.0 0.4
36.992985 -105.036003 0.0 0.4
36.99353 -105.049385 0.0 0.4
36.993822 -105.06358 0.0 0.4
36.994147999999996 -105.075423 0.0 0.4
36.994582 -105.089846 0.0 0.4
36.994949999999996 -105.103345 0.0 0.4
36.995394999999995 -105.119635 0.0 0.4
36.995191999999996 -105.130437 0.0 0.4
36.995241 -105.151321 0.0 0.4
36.995291 -105.162051 0.0 0.4
36.99527 -105.172613 0.0 0.4
36.995225999999995 -105.193329 0.0 0.4
36.995204 -105.204232 0.0 0.4
36.995169 -105.220613 0.0 0.4
36.995028 -105.250546 0.0 0.4
36.995051 -105.260997 0.0 0.4
36.995073999999995 -105.277264 0.0 0.4
36.995132 -105.307915 0.0 0.4
36.99519 -105.334074 0.0 0.4
36.995222 -105.357242 0.0 0.4
36.995279 -105.383847 0.0 0.4
36.995298999999996 -105.40223 0.0 0.4
36.995337 -105.419669 0.0 0.4
36.99537 -105.438501 0.0 0.4
36.995391 -105.450419 0.0 0.4
36.995416 -105.463775 0.0 0.4
36.995438 -105.476529 0.0 0.4
36.995456 -105.486663 0.0 0.4
36.99548 -105.499057 0.0 0.4
36.995503 -105.510923 0.0 0.4
36.995521 -105.52232599999999 0.0 0.4
36.99554 -105.533046 0.0 0.4
36.995567 -105.547929 0.0 0.4
36.995605999999995 -105.569159 0.0 0.4
36.995625 -105.579577 0.0 0.4
36.995646 -105.591411 0.0 0.4
36.995667999999995 -105.603758 0.0 0.4
36.995689 -105.614913 0.0 0.4
36.995788999999995 -105.627606 0.0 0.4
36.995891 -105.645661 0.0 0.4
36.995914 -105.660595 0.0 0.4
36.995895 -105.681858 0.0 0.4
36.995858999999996 -105.692157 0.0 0.4
36.995908 -105.705826 0.0 0.4
36.995849 -105.716471 0.0 0.4
36.995784 -105.73173 0.0 0.4
36.995694 -105.75057 0.0 0.4
36.995732 -105.76153 0.0 0.4
36.995685 -105.774683 0.0 0.4
36.995681999999995 -105.785173 0.0 0.4
36.995613999999996 -105.80101 0.0 0.4
36.995595 -105.823274 0.0 0.4
36.995585 -105.843662 0.0 0.4
36.995564 -105.871751 0.0 0.4
36.995591 -105.883618 0.0 0.4
36.995553 -105.898846 0.0 0.4
36.99545 -105.928867 0.0 0.4
36.995408999999995 -105.945906 0.0 0.4
36.995416 -105.965879 0.0 0.4
36.995346 -105.983606 0.0 0.4
36.995301 -105.99657 0.0 0.4
36.995262 -106.008745 0.0 0.4
36.995203 -106.02507 0.0 0.4
36.995131 -106.037284 0.0 0.4
36.995132 -106.049021 0.0 0.4
36.995079 -106.066683 0.0 0.4
36.995042999999995 -106.077851 0.0 0.4
36.994989 -106.091884 0.0 0.4
36.994893 -106.110656 0.0 0.4
36.994844 -106.124345 0.0 0.4
36.994827 -106.13438 0.0 0.4
36.994811999999996 -106.149688 0.0 0.4
36.994769999999995 -106.16380000000001 0.0 0.4
36.994675 -106.17933 0.0 0.4
36.994506 -106.201193 0.0 0.4
36.994353 -106.219014 0.0 0.4
36.994279999999996 -106.234507 0.0 0.4
36.994240999999995 -106.246167 0.0 0.4
36.994206999999996 -106.262033 0.0 0.4
36.994174 -106.272827 0.0 0.4
36.994141 -106.28348 0.0 0.4
36.994074999999995 -106.297992 0.0 0.4
36.994063 -106.308642 0.0 0.4
36.994021 -106.322472 0.0 0.4
36.993981 -106.335005 0.0 0.4
36.993950999999996 -106.345218 0.0 0.4
36.993919 -106.355599 0.0 0.4
36.993888 -106.365612 0.0 0.4
36.993832 -106.383741 0.0 0.4
36.993777 -106.401828 0.0 0.4
36.993744 -106.412053 0.0 0.4
36.993703 -106.425672 0.0 0.4
36.993665 -106.438003 0.0 0.4
36.993611 -106.455601 0.0 0.4
36.993556 -106.473647 0.0 0.4
36.993522999999996 -106.484415 0.0 0.4
36.993482 -106.497338 0.0 0.4
36.993446 -106.509272 0.0 0.4
36.993399 -106.524525 0.0 0.4
36.993368 -106.534877 0.0 0.4
36.993338 -106.544936 0.0 0.4
36.993291 -106.559545 0.0 0.4
36.99326 -106.569763 0.0 0.4
36.993226 -106.580909 0.0 0.4
36.99317 -106.599037 0.0 0.4
36.993117999999996 -106.616028 0.0 0.4
36.993075999999995 -106.629366 0.0 0.4
36.993036 -106.642636 0.0 0.4
36.993003 -106.653299 0.0 0.4
36.992951999999995 -106.669728 0.0 0.4
36.992914 -106.682207 0.0 0.4
36.992835 -106.707668 0.0 0.4
36.992748 -106.717909 0.0 0.4
36.992658999999996 -106.728058 0.0 0.4
36.992557999999995 -106.739529 0.0 0.4
36.992464999999996 -106.750038 0.0 0.4
36.992487 -106.760409 0.0 0.4
36.992519 -106.772093 0.0 0.4
36.992503 -106.787488 0.0 0.4
36.992486 -106.79757 0.0 0.4
36.992481999999995 -106.808151 0.0 0.4
36.992458 -106.826129 0.0 0.4
36.992506 -106.841407 0.0 0.4
36.992515 -106.85352 0.0 0.4
36.992509999999996 -106.86445 0.0 0.4
36.996970999999995 -106.874182 0.0 0.4
37.000108999999995 -106.895789 0.0 0.4
37.000108999999995 -106.9063 0.0 0.4
37.000108999999995 -106.918631 0.0 0.4
37.000108999999995 -106.932163 0.0 0.4
37.0001 -106.950471 0.0 0.4
37.000091 -106.963598 0.0 0.4
37.000085999999996 -106.974907 0.0 0.4
37.000083 -106.985514 0.0 0.4
37.00008 -106.997759 0.0 0.4
37.000071999999996 -107.014435 0.0 0.4
37.000060999999995 -107.027354 0.0 0.4
37.000048 -107.039596 0.0 0.4
37.000037 -107.05755 0.0 0.4
37.000032999999995 -107.075666 0.0 0.4
37.000031 -107.093389 0.0 0.4
37.000037999999996 -107.107243 0.0 0.4
37.000045 -107.130166 0.0 0.4
37.000045 -107.141462 0.0 0.4
37.000040999999996 -107.156768 0.0 0.4
37.000031 -107.18296 0.0 0.4
37.000026999999996 -107.196889 0.0 0.4
37.000025 -107.212756 0.0 0.4
37.000021 -107.237029 0.0 0.4
37.00002 -107.247575 0.0 0.4
37.000021 -107.263993 0.0 0.4
37.000009999999996 -107.287174 0.0 0.4
37.000015999999995 -107.31001 0.0 0.4
37.000036 -107.322571 0.0 0.4
37.000067 -107.333768 0.0 0.4
37.0001 -107.346784 0.0 0.4
37.000126 -107.358751 0.0 0.4
37.000186 -107.376841 0.0 0.4
37.000233 -107.394861 0.0 0.4
37.000203 -107.410837 0.0 0.4
37.000223 -107.421223 0.0 0.4
37.000217 -107.43213 0.0 0.4
37.000202 -107.442262 0.0 0.4
37.000181999999995 -107.452839 0.0 0.4
37.000150999999995 -107.468686 0.0 0.4
37.000125 -107.48048 0.0 0.4
37.000093 -107.49504 0.0 0.4
37.000071999999996 -107.507435 0.0 0.4
37.000054999999996 -107.519955 0.0 0.4
37.000032999999995 -107.534211 0.0 0.4
37.000015999999995 -107.55349 0.0 0.4
37.000004 -107.567275 0.0 0.4
36.999989 -107.581549 0.0 0.4
36.999981999999996 -107.592197 0.0 0.4
36.999973 -107.60223 0.0 0.4
36.999956999999995 -107.61380199999999 0.0 0.4
36.999924 -107.635528 0.0 0.4
36.999922 -107.648917 0.0 0.4
36.999922999999995 -107.661693 0.0 0.4
36.999959 -107.69139799999999 0.0 0.4
36.999992999999996 -107.711893 0.0 0.4
37.000009999999996 -107.725448 0.0 0.4
37.000049 -107.756934 0.0 0.4
37.000056 -107.779839 0.0 0.4
37.000008 -107.79382 0.0 0.4
36.999795 -107.844669 0.0 0.4
36.999753999999996 -107.858014 0.0 0.4
36.999728999999995 -107.868453 0.0 0.4
36.999703 -107.885139 0.0 0.4
36.999696 -107.91629 0.0 0.4
36.999691 -107.937132 0.0 0.4
36.999786 -107.959333 0.0 0.4
36.99986 -107.983935 0.0 0.4
36.999839 -107.995551 0.0 0.4
36.999801999999995 -108.011134 0.0 0.4
36.999763 -108.027713 0.0 0.4
36.999739 -108.037842 0.0 0.4
36.999703 -108.060919 0.0 0.4
36.999722999999996 -108.081864 0.0 0.4
36.999735 -108.109625 0.0 0.4
36.999728 -108.124523 0.0 0.4
36.999724 -108.139442 0.0 0.4
36.999714 -108.16915900000001 0.0 0.4
36.999714 -108.184438 0.0 0.4
36.999725999999995 -108.196446 0.0 0.4
36.999699 -108.211344 0.0 0.4
36.999725 -108.232518 0.0 0.4
36.999711 -108.249629 0.0 0.4
36.999719999999996 -108.267513 0.0 0.4
36.999732 -108.287397 0.0 0.4
36.999721 -108.29762 0.0 0.4
36.999734 -108.315304 0.0 0.4
36.999689 -108.332609 0.0 0.4
36.999651 -108.35237599999999 0.0 0.4
36.999606 -108.375173 0.0 0.4
36.999584999999996 -108.388106 0.0 0.4
36.999569 -108.398175 0.0 0.4
36.999538 -108.421831 0.0 0.4
36.999488 -108.438597 0.0 0.4
36.999483999999995 -108.450109 0.0 0.4
36.99946 -108.466008 0.0 0.4
36.999424999999995 -108.483264 0.0 0.4
36.999410999999995 -108.496289 0.0 0.4
36.999373999999996 -108.521691 0.0 0.4
36.999351 -108.535336 0.0 0.4
36.99932 -108.550278 0.0 0.4
36.999262 -108.561121 0.0 0.4
36.999282 -108.573844 0.0 0.4
36.999252999999996 -108.58592 0.0 0.4
36.999227 -108.59765 0.0 0.4
36.999190999999996 -108.614283 0.0 0.4
36.999168999999995 -108.62475 0.0 0.4
36.99915 -108.634857 0.0 0.4
36.999123 -108.646006 0.0 0.4
36.999099 -108.656923 0.0 0.4
36.999046 -108.681941 0.0 0.4
36.99893 -108.720458 0.0 0.4
36.998863 -108.73275 0.0 0.4
36.99884 -108.748822 0.0 0.4
36.998838 -108.758847 0.0 0.4
36.998841999999996 -108.769846 0.0 0.4
36.998847 -108.79140000000001 0.0 0.4
36.998847999999995 -108.801683 0.0 0.4
36.998853 -108.815942 0.0 0.4
36.998858999999996 -108.83583899999999 0.0 0.4
36.998866 -108.854038 0.0 0.4
36.998872 -108.865258 0.0 0.4
36.998839 -108.875317 0.0 0.4
36.998843 -108.885483 0.0 0.4
36.998853 -108.8978 0.0 0.4
36.998864 -108.916575 0.0 0.4
36.998872 -108.929002 0.0 0.4
36.998886 -108.93942200000001 0.0 0.4
36.998889 -108.950115 0.0 0.4
36.998917 -108.96063 0.0 0.4
36.998926 -108.980091 0.0 0.4
36.998931999999996 -108.993093 0.0 0.4
36.998942 -109.003695 0.0 0.4
36.998964 -109.02826400000001 0.0 0.4
36.998974 -109.043792 0.0 0.4
37.010472 -109.045169 0.0 0.4
37.021979 -109.045183 0.0 0.4
37.033532 -109.045187 0.0 0.4
37.045269 -109.04520000000001 0.0 0.4
37.06537 -109.045175 0.0 0.4
37.076744999999995 -109.045046 0.0 0.4
37.088319999999996 -109.045052 0.0 0.4
37.118691999999996 -109.045081 0.0 0.4
37.132124 -109.045217 0.0 0.4
37.149953 -109.0454 0.0 0.4
37.17941 -109.045774 0.0 0.4
37.19693 -109.045912 0.0 0.4
37.208379 -109.04555 0.0 0.4
37.219739 -109.045404 0.0 0.4
37.236287 -109.04547099999999 0.0 0.4
37.249342999999996 -109.045539 0.0 0.4
37.268246999999995 -109.045639 0.0 0.4
37.282848 -109.045728 0.0 0.4
37.293414999999996 -109.045796 0.0 0.4
37.311350999999995 -109.045809 0.0 0.4
37.326753 -109.045776 0.0 0.4
37.359722999999995 -109.04563999999999 0.0 0.4
37.394946999999995 -109.045299 0.0 0.4
37.40623 -109.045184 0.0 0.4
37.416432 -109.044981 0.0 0.4
37.427048 -109.044744 0.0 0.4
37.438114 -109.044479 0.0 0.4
37.449044 -109.044245 0.0 0.4
37.469035 -109.043777 0.0 0.4
37.480671 -109.043477 0.0 0.4
37.49341 -109.043126 0.0 0.4
37.511355 -109.042683 0.0 0.4
37.53011 -109.04223999999999 0.0 0.4
37.541342 -109.041957 0.0 0.4
37.552206 -109.041722 0.0 0.4
37.563066 -109.041596 0.0 0.4
37.574956 -109.041899 0.0 0.4
37.58701 -109.041982 0.0 0.4
37.604476 -109.04192499999999 0.0 0.4
37.616763 -109.041898 0.0 0.4
37.627372 -109.041878 0.0 0.4
37.649654 -109.04187999999999 0.0 0.4
37.662673 -109.0419 0.0 0.4
37.679589 -109.041881 0.0 0.4
37.711178 -109.04193599999999 0.0 0.4
37.725699 -109.041986 0.0 0.4
37.740254 -109.042029 0.0 0.4
37.754453999999996 -109.042028 0.0 0.4
37.770724 -109.042013 0.0 0.4
37.787583 -109.04195 0.0 0.4
37.804345 -109.041966 0.0 0.4
37.815824 -109.041972 0.0 0.4
37.8265 -109.041944 0.0 0.4
37.837185 -109.041988 0.0 0.4
37.858745 -109.04202599999999 0.0 0.4
37.872935999999996 -109.042003 0.0 0.4
37.907691 -109.042027 0.0 0.4
37.923409 -109.042046 0.0 0.4
37.939192999999996 -109.042128 0.0 0.4
37.954918 -109.042504 0.0 0.4
37.96604 -109.042775 0.0 0.4
37.978169 -109.042925 0.0 0.4
37.996939 -109.042912 0.0 0.4
38.011046 -109.042857 0.0 0.4
38.025907 -109.042867 0.0 0.4
38.036175 -109.042866 0.0 0.4
38.047698 -109.04238 0.0 0.4
38.058012999999995 -109.042178 0.0 0.4
38.068872 -109.042069 0.0 0.4
38.079557 -109.041979 0.0 0.4
38.092072 -109.042508 0.0 0.4
38.102734999999996 -109.042586 0.0 0.4
38.126571 -109.04265 0.0 0.4
38.136744 -109.042628 0.0 0.4
38.153028 -109.042583 0.0 0.4
38.166267999999995 -109.042835 0.0 0.4
38.187017 -109.04615 0.0 0.4
38.198401 -109.047918 0.0 0.4
38.210913 -109.049907 0.0 0.4
38.221356 -109.051584 0.0 0.4
38.234144 -109.053587 0.0 0.4
38.245388999999996 -109.055361 0.0 0.4
38.270153 -109.059312 0.0 0.4
38.290205 -109.060153 0.0 0.4
38.307226 -109.060163 0.0 0.4
38.31867 -109.060185 0.0 0.4
38.33197 -109.060174 0.0 0.4
38.344908 -109.06018 0.0 0.4
38.356245 -109.060148 0.0 0.4
38.374542999999996 -109.06015 0.0 0.4
38.3881 -109.06017 0.0 0.4
38.398163 -109.06014 0.0 0.4
38.408545 -109.060114 0.0 0.4
38.418597 -109.06008 0.0 0.4
38.428688 -109.06005 0.0 0.4
38.446377 -109.060075 0.0 0.4
38.458155999999995 -109.06015 0.0 0.4
38.468993999999995 -109.060055 0.0 0.4
38.481528 -109.059999 0.0 0.4
38.492849 -109.06004 0.0 0.4
38.503155 -109.060152 0.0 0.4
38.514109 -109.060041 0.0 0.4
38.525065 -109.060057 0.0 0.4
38.535908 -109.060006 0.0 0.4
38.546766 -109.059993 0.0 0.4
38.557627 -109.059981 0.0 0.4
38.568872 -109.059939 0.0 0.4
38.579395 -109.059856 0.0 0.4
38.590694 -109.059809 0.0 0.4
38.601078 -109.059766 0.0 0.4
38.611914 -109.05972 0.0 0.4
38.622789999999995 -109.059706 0.0 0.4
38.633604999999996 -109.059731 0.0 0.4
38.645142 -109.059696 0.0 0.4
38.666844999999995 -109.05968899999999 0.0 0.4
38.68134 -109.059749 0.0 0.4
38.692212 -109.059772 0.0 0.4
38.703083 -109.059804 0.0 0.4
38.713963 -109.05982399999999 0.0 0.4
38.724865 -109.05960999999999 0.0 0.4
38.7367 -109.059318 0.0 0.4
38.74875 -109.059065 0.0 0.4
38.765783 -109.058478 0.0 0.4
38.776758 -109.05808999999999 0.0 0.4
38.790274 -109.057619 0.0 0.4
38.801161 -109.057211 0.0 0.4
38.812000000000005 -109.056748 0.0 0.4
38.822849 -109.056286 0.0 0.4
38.833704999999995 -109.055822 0.0 0.4
38.844387999999995 -109.055365 0.0 0.4
38.855292 -109.054899 0.0 0.4
38.866288 -109.054429 0.0 0.4
38.877161 -109.054022 0.0 0.4
38.888034999999995 -109.053921 0.0 0.4
38.898123999999996 -109.053827 0.0 0.4
38.908353999999996 -109.053724 0.0 0.4
38.918831999999995 -109.053611 0.0 0.4
38.934605 -109.05344099999999 0.0 0.4
38.945239 -109.053311 0.0 0.4
38.97624 -109.052937 0.0 0.4
38.990717 -109.052748 0.0 0.4
39.007984 -109.052561 0.0 0.4
39.019574999999996 -109.052446 0.0 0.4
39.033556999999995 -109.052315 0.0 0.4
39.065647 -109.05202 0.0 0.4
39.079466 -109.051861 0.0 0.4
39.094339 -109.051748 0.0 0.4
39.105097 -109.051666 0.0 0.4
39.115949 -109.051483 0.0 0.4
39.126096 -109.051373 0.0 0.4
39.142603 -109.051166 0.0 0.4
39.15331 -109.051223 0.0 0.4
39.163683999999996 -109.051245 0.0 0.4
39.186613 -109.051318 0.0 0.4
39.206665 -109.051157 0.0 0.4
39.227126 -109.05103 0.0 0.4
39.237263 -109.051035 0.0 0.4
39.28662 -109.051098 0.0 0.4
39.307325999999996 -109.051099 0.0 0.4
39.330962 -109.051029 0.0 0.4
39.346615 -109.051018 0.0 0.4
39.357319 -109.05076700000001 0.0 0.4
39.371182 -109.05081799999999 0.0 0.4
39.382639999999995 -109.050895 0.0 0.4
39.395969 -109.05095 0.0 0.4
39.415299 -109.051028 0.0 0.4
39.426448 -109.051075 0.0 0.4
39.444466 -109.051147 0.0 0.4
39.461954999999996 -109.051153 0.0 0.4
39.485710999999995 -109.051178 0.0 0.4
39.497738999999996 -109.051226 0.0 0.4
39.508241999999996 -109.051329 0.0 0.4
39.518775 -109.051403 0.0 0.4
39.529377 -109.051442 0.0 0.4
39.540984 -109.051445 0.0 0.4
39.555839999999996 -109.051427 0.0 0.4
39.567254 -109.05141 0.0 0.4
39.58247 -109.051441 0.0 0.4
39.598561 -109.05134 0.0 0.4
39.613009 -109.051278 0.0 0.4
39.624974 -109.051263 0.0 0.4
39.635835 -109.051235 0.0 0.4
39.64741 -109.051199 0.0 0.4
39.660241 -109.051226 0.0 0.4
39.670457999999996 -109.051295 0.0 0.4
39.685829999999996 -109.05127 0.0 0.4
39.702366 -109.05120000000001 0.0 0.4
39.720442 -109.051134 0.0 0.4
39.737460999999996 -109.051097 0.0 0.4
39.749849999999995 -109.051053 0.0 0.4
39.766529999999996 -109.051035 0.0 0.4
39.787842999999995 -109.051053 0.0 0.4
39.798883 -109.051028 0.0 0.4
39.809143 -109.050997 0.0 0.4
39.820654 -109.050957 0.0 0.4
39.832817999999996 -109.050706 0.0 0.4
39.847857 -109.050374 0.0 0.4
39.85826 -109.050353 0.0 0.4
39.868383 -109.050384 0.0 0.4
39.882241 -109.050421 0.0 0.4
39.898644 -109.05049700000001 0.0 0.4
39.912957999999996 -109.050529 0.0 0.4
39.930056 -109.050579 0.0 0.4
39.940605 -109.050623 0.0 0.4
39.956976 -109.050685 0.0 0.4
39.968185 -109.050784 0.0 0.4
39.980894 -109.050886 0.0 0.4
39.991358999999996 -109.050989 0.0 0.4
40.008238 -109.051157 0.0 0.4
40.024462 -109.050999 0.0 0.4
40.034881 -109.050883 0.0 0.4
40.046486 -109.050996 0.0 0.4
40.058716 -109.050922 0.0 0.4
40.068734 -109.050838 0.0 0.4
40.079663 -109.050788 0.0 0.4
40.090159 -109.050768 0.0 0.4
40.103769 -109.050883 0.0 0.4
40.114194999999995 -109.050925 0.0 0.4
40.124385 -109.050939 0.0 0.4
40.134533 -109.050954 0.0 0.4
40.144596 -109.050961 0.0 0.4
40.158724 -109.05097 0.0 0.4
40.168988999999996 -109.050957 0.0 0.4
40.17932 -109.050933 0.0 0.4
40.189799 -109.050902 0.0 0.4
40.203776999999995 -109.050944 0.0 0.4
40.218700999999996 -109.050956 0.0 0.4
