41.666723 -73.51808 0.0 0.4
41.684295 -73.51697899999999 0.0 0.4
41.694969 -73.516125 0.0 0.4
41.705836999999995 -73.515067 0.0 0.4
41.718131 -73.513888 0.0 0.4
41.728515 -73.512971 0.0 0.4
41.738794999999996 -73.512114 0.0 0.4
41.7489 -73.511513 0.0 0.4
41.764769 -73.51041599999999 0.0 0.4
41.78283 -73.50878 0.0 0.4
41.793907999999995 -73.507712 0.0 0.4
41.814535 -73.505881 0.0 0.4
41.834112999999995 -73.504307 0.0 0.4
41.858331 -73.501937 0.0 0.4
41.868333 -73.50094399999999 0.0 0.4
41.878879 -73.49978399999999 0.0 0.4
41.890122 -73.498573 0.0 0.4
41.906526 -73.49731899999999 0.0 0.4
41.918155 -73.496755 0.0 0.4
41.942721999999996 -73.494591 0.0 0.4
41.953109999999995 -73.49346899999999 0.0 0.4
41.963366 -73.49255699999999 0.0 0.4
41.974216999999996 -73.491675 0.0 0.4
41.987215 -73.49064 0.0 0.4
42.000091999999995 -73.489615 0.0 0.4
42.011661 -73.489126 0.0 0.4
42.021754 -73.48866799999999 0.0 0.4
42.033966 -73.488072 0.0 0.4
42.045719999999996 -73.48750299999999 0.0 0.4
42.049914 -73.46759 0.0 0.4
42.050298999999995 -73.44773599999999 0.0 0.4
42.050511 -73.436758 0.0 0.4
42.050426 -73.42616799999999 0.0 0.4
42.050115 -73.41293 0.0 0.4
42.049797999999996 -73.400106 0.0 0.4
42.049406 -73.383838 0.0 0.4
42.048961 -73.365346 0.0 0.4
42.048477 -73.34564499999999 0.0 0.4
42.047972 -73.32833699999999 0.0 0.4
42.047678 -73.318238 0.0 0.4
42.047289 -73.305402 0.0 0.4
42.046979 -73.295299 0.0 0.4
42.04627 -73.272379 0.0 0.4
42.045935 -73.261679 0.0 0.4
42.045587 -73.250417 0.0 0.4
42.045106 -73.234966 0.0 0.4
42.044802 -73.223975 0.0 0.4
42.044308 -73.205478 0.0 0.4
42.043999 -73.19444 0.0 0.4
42.0437 -73.183346 0.0 0.4
42.043389 -73.17212099999999 0.0 0.4
42.042887 -73.154003 0.0 0.4
42.042379 -73.13537 0.0 0.4
42.041902 -73.119931 0.0 0.4
42.041405 -73.10395199999999 0.0 0.4
42.041072 -73.093457 0.0 0.4
42.040551 -73.076578 0.0 0.4
42.040209999999995 -73.06578999999999 0.0 0.4
42.039930999999996 -73.05578899999999 0.0 0.4
42.039584 -73.045541 0.0 0.4
42.039072999999995 -73.024678 0.0 0.4
42.038827999999995 -73.01116499999999 0.0 0.4
42.038557999999995 -72.996513 0.0 0.4
42.038332 -72.984192 0.0 0.4
42.038168999999996 -72.966222 0.0 0.4
42.038077 -72.948754 0.0 0.4
42.037991999999996 -72.932311 0.0 0.4
42.037929999999996 -72.921035 0.0 0.4
42.03781 -72.897938 0.0 0.4
42.037729 -72.882852 0.0 0.4
42.037487 -72.87230199999999 0.0 0.4
42.037492 -72.861398 0.0 0.4
42.037276 -72.84752 0.0 0.4
42.037079999999996 -72.834966 0.0 0.4
42.036912 -72.824353 0.0 0.4
42.036744 -72.813784 0.0 0.4
42.010771 -72.815958 0.0 0.4
41.999525 -72.81689899999999 0.0 0.4
42.00015 -72.794866 0.0 0.4
42.001252 -72.784904 0.0 0.4
42.002385 -72.77469099999999 0.0 0.4
42.007871 -72.76625299999999 0.0 0.4
42.015225 -72.759315 0.0 0.4
42.024732 -72.75578 0.0 0.4
42.034762 -72.75627 0.0 0.4
42.036491 -72.727212 0.0 0.4
42.036539999999995 -72.717136 0.0 0.4
42.036943 -72.703987 0.0 0.4
42.036178 -72.6877 0.0 0.4
42.035362 -72.67553 0.0 0.4
42.034259999999996 -72.663237 0.0 0.4
42.03272 -72.64719699999999 0.0 0.4
42.031932999999995 -72.63697599999999 0.0 0.4
42.031279999999995 -72.618123 0.0 0.4
42.031082999999995 -72.607978 0.0 0.4
42.025037999999995 -72.598441 0.0 0.4
42.024837 -72.58732499999999 0.0 0.4
42.028416 -72.575869 0.0 0.4
42.030978999999995 -72.565382 0.0 0.4
42.032243 -72.553077 0.0 0.4
42.03347 -72.54164899999999 0.0 0.4
42.034577999999996 -72.531549 0.0 0.4
42.034473 -72.520118 0.0 0.4
42.034375999999995 -72.509233 0.0 0.4
42.03422 -72.492806 0.0 0.4
42.034268999999995 -72.479759 0.0 0.4
42.034318 -72.46955899999999 0.0 0.4
42.034324999999995 -72.45828999999999 0.0 0.4
42.033981 -72.441491 0.0 0.4
42.033702999999996 -72.428131 0.0 0.4
42.03347 -72.416795 0.0 0.4
42.033097999999995 -72.398788 0.0 0.4
42.032892 -72.38596 0.0 0.4
42.03273 -72.370232 0.0 0.4
42.032571999999995 -72.355036 0.0 0.4
42.032160999999995 -72.338849 0.0 0.4
42.03205 -72.324816 0.0 0.4
42.031921 -72.308534 0.0 0.4
42.031786 -72.291561 0.0 0.4
42.031689 -72.279814 0.0 0.4
42.031552 -72.26211599999999 0.0 0.4
42.031451 -72.248964 0.0 0.4
42.031302 -72.23226799999999 0.0 0.4
42.031113999999995 -72.212578 0.0 0.4
42.031048 -72.202024 0.0 0.4
42.030924999999996 -72.188007 0.0 0.4
42.030812999999995 -72.17541299999999 0.0 0.4
42.030586 -72.150086 0.0 0.4
42.030266999999995 -72.13684099999999 0.0 0.4
42.029837 -72.12613499999999 0.0 0.4
42.029308 -72.113046 0.0 0.4
42.028893 -72.10276499999999 0.0 0.4
42.028368 -72.089879 0.0 0.4
42.027688 -72.073127 0.0 0.4
42.02755 -72.062516 0.0 0.4
42.027426999999996 -72.04844299999999 0.0 0.4
42.027305999999996 -72.03481099999999 0.0 0.4
42.027207999999995 -72.02376799999999 0.0 0.4
42.027091999999996 -72.01049499999999 0.0 0.4
42.026993999999995 -71.999481 0.0 0.4
42.026894 -71.988935 0.0 0.4
42.026629 -71.978782 0.0 0.4
42.02637 -71.968521 0.0 0.4
42.026092 -71.95831299999999 0.0 0.4
42.025771999999996 -71.946531 0.0 0.4
42.025287 -71.92889199999999 0.0 0.4
42.024955999999996 -71.916826 0.0 0.4
42.024584 -71.903251 0.0 0.4
42.024468999999996 -71.89155 0.0 0.4
42.024345 -71.879725 0.0 0.4
42.024207 -71.866309 0.0 0.4
42.024097 -71.85561899999999 0.0 0.4
42.023979999999995 -71.84433 0.0 0.4
42.023865 -71.833469 0.0 0.4
42.023759 -71.823413 0.0 0.4
42.023602 -71.808661 0.0 0.4
42.016608999999995 -71.799825 0.0 0.4
42.004218 -71.799195 0.0 0.4
41.989097 -71.79881499999999 0.0 0.4
41.976969 -71.79864599999999 0.0 0.4
41.963710999999996 -71.79840999999999 0.0 0.4
41.951465 -71.798058 0.0 0.4
41.941004 -71.798005 0.0 0.4
41.928644999999996 -71.797778 0.0 0.4
41.917445 -71.797355 0.0 0.4
41.906897 -71.79690000000001 0.0 0.4
41.895288 -71.796522 0.0 0.4
41.880621999999995 -71.79595599999999 0.0 0.4
41.868618 -71.795428 0.0 0.4
41.854409 -71.79468 0.0 0.4
41.843033 -71.794237 0.0 0.4
41.832834 -71.793796 0.0 0.4
41.8218 -71.79330999999999 0.0 0.4
41.810981999999996 -71.792867 0.0 0.4
41.800053 -71.79236399999999 0.0 0.4
41.789767999999995 -71.79193599999999 0.0 0.4
41.779396999999996 -71.791477 0.0 0.4
41.753865999999995 -71.79064699999999 0.0 0.4
41.742934999999996 -71.790103 0.0 0.4
41.731556 -71.789768 0.0 0.4
41.721354 -71.789592 0.0 0.4
41.711137 -71.789244 0.0 0.4
41.700739 -71.788887 0.0 0.4
41.690464 -71.78854 0.0 0.4
41.672647 -71.787938 0.0 0.4
41.662196 -71.787498 0.0 0.4
41.646584999999995 -71.787488 0.0 0.4
41.636455999999995 -71.78777699999999 0.0 0.4
41.62486 -71.788108 0.0 0.4
41.613848 -71.78855399999999 0.0 0.4
41.603521 -71.78904399999999 0.0 0.4
41.593402999999995 -71.789501 0.0 0.4
41.583366 -71.789937 0.0 0.4
41.572976 -71.790391 0.0 0.4
41.562416 -71.79088399999999 0.0 0.4
41.552060999999995 -71.791173 0.0 0.4
41.541481 -71.791583 0.0 0.4
41.530457 -71.792053 0.0 0.4
41.519771999999996 -71.792485 0.0 0.4
41.50889 -71.79298899999999 0.0 0.4
41.498506 -71.793533 0.0 0.4
41.487902 -71.794052 0.0 0.4
41.476855 -71.794679 0.0 0.4
41.4653 -71.795337 0.0 0.4
41.451516 -71.796296 0.0 0.4
41.441521 -71.796708 0.0 0.4
41.431363999999995 -71.79707599999999 0.0 0.4
41.418751 -71.79765499999999 0.0 0.4
41.417187999999996 -71.807754 0.0 0.4
41.419852 -71.818088 0.0 0.4
41.414491999999996 -71.827218 0.0 0.4
41.412482999999995 -71.83789 0.0 0.4
41.403241 -71.841726 0.0 0.4
41.392686 -71.839987 0.0 0.4
41.385498999999996 -71.832872 0.0 0.4
41.375309 -71.83269899999999 0.0 0.4
41.366285999999995 -71.837034 0.0 0.4
41.355103 -71.83676799999999 0.0 0.4
41.347525999999995 -71.830169 0.0 0.4
41.336960999999995 -71.835245 0.0 0.4
41.330729999999996 -71.844611 0.0 0.4
41.323085 -71.85417699999999 0.0 0.4
41.31953 -71.864582 0.0 0.4
41.321867999999995 -71.874513 0.0 0.4
41.326498 -71.883921 0.0 0.4
41.325454 -71.894325 0.0 0.4
41.316046 -71.900301 0.0 0.4
41.306933 -71.90558399999999 0.0 0.4
41.307047 -71.916895 0.0 0.4
41.310387 -71.929451 0.0 0.4
41.308229 -71.939804 0.0 0.4
41.304699 -71.956746 0.0 0.4
41.301671 -71.971278 0.0 0.4
41.298487 -71.986561 0.0 0.4
41.295794 -71.99948599999999 0.0 0.4
41.291438 -72.016012 0.0 0.4
41.286522 -72.028196 0.0 0.4
41.279091 -72.044592 0.0 0.4
41.274603 -72.054493 0.0 0.4
41.269987 -72.064678 0.0 0.4
41.2648 -72.076126 0.0 0.4
41.261103 -72.087368 0.0 0.4
41.258331999999996 -72.101012 0.0 0.4
41.255351999999995 -72.11567099999999 0.0 0.4
41.251411 -72.13506799999999 0.0 0.4
41.248498999999995 -72.150346 0.0 0.4
41.243415999999996 -72.17840000000001 0.0 0.4
41.240733999999996 -72.193207 0.0 0.4
41.238744 -72.204188 0.0 0.4
41.235808 -72.220393 0.0 0.4
41.23173 -72.242901 0.0 0.4
41.227421 -72.26593299999999 0.0 0.4
41.218108 -72.315072 0.0 0.4
41.215004 -72.331453 0.0 0.4
41.212533 -72.344489 0.0 0.4
41.205135999999996 -72.38351899999999 0.0 0.4
41.202670999999995 -72.396529 0.0 0.4
41.199165 -72.41502299999999 0.0 0.4
41.196092 -72.431243 0.0 0.4
41.190658 -72.459908 0.0 0.4
41.188584 -72.470854 0.0 0.4
41.185578 -72.486715 0.0 0.4
41.179724 -72.51760399999999 0.0 0.4
41.177774 -72.527901 0.0 0.4
41.173238 -72.551563 0.0 0.4
41.168703 -72.575225 0.0 0.4
41.161778 -72.611352 0.0 0.4
41.159437 -72.62356199999999 0.0 0.4
41.154854 -72.64747799999999 0.0 0.4
41.148179999999996 -72.68229199999999 0.0 0.4
41.145942 -72.693972 0.0 0.4
41.139488 -72.72759599999999 0.0 0.4
41.137389 -72.73853199999999 0.0 0.4
41.135304999999995 -72.749393 0.0 0.4
41.128367 -72.78589699999999 0.0 0.4
41.126326 -72.79664199999999 0.0 0.4
41.12414 -72.80805699999999 0.0 0.4
41.121272999999995 -72.822885 0.0 0.4
41.117509 -72.842345 0.0 0.4
41.114498 -72.857917 0.0 0.4
41.110454999999995 -72.878822 0.0 0.4
41.108041 -72.891302 0.0 0.4
41.105289 -72.905531 0.0 0.4
41.101703 -72.92408 0.0 0.4
41.093692 -72.965499 0.0 0.4
41.091023 -72.979306 0.0 0.4
41.08789 -72.995498 0.0 0.4
41.082212999999996 -73.019528 0.0 0.4
41.079646 -73.030008 0.0 0.4
41.075615 -73.046463 0.0 0.4
41.071025 -73.0652 0.0 0.4
41.061285 -73.104957 0.0 0.4
41.058039 -73.11820999999999 0.0 0.4
41.052309 -73.141594 0.0 0.4
41.048573999999995 -73.15684399999999 0.0 0.4
41.044934 -73.171703 0.0 0.4
41.042308 -73.18242699999999 0.0 0.4
41.037396 -73.202035 0.0 0.4
41.034414999999996 -73.213914 0.0 0.4
41.030984 -73.227588 0.0 0.4
41.028493999999995 -73.238213 0.0 0.4
41.026233 -73.247968 0.0 0.4
41.023711 -73.261288 0.0 0.4
41.021556 -73.27301899999999 0.0 0.4
41.018527999999996 -73.288203 0.0 0.4
41.013675 -73.312189 0.0 0.4
41.004214 -73.35896699999999 0.0 0.4
41.001059999999995 -73.37456 0.0 0.4
40.99881 -73.384952 0.0 0.4
40.996147 -73.398054 0.0 0.4
40.990793 -73.423452 0.0 0.4
40.988541 -73.434135 0.0 0.4
40.986218 -73.445155 0.0 0.4
40.983836 -73.45645999999999 0.0 0.4
40.977157999999996 -73.48814 0.0 0.4
40.974745 -73.49956499999999 0.0 0.4
40.971987 -73.51286499999999 0.0 0.4
40.969339999999995 -73.525626 0.0 0.4
40.966139 -73.54090599999999 0.0 0.4
40.963857999999995 -73.551778 0.0 0.4
40.961718999999995 -73.561971 0.0 0.4
40.959258 -73.573697 0.0 0.4
40.957096 -73.584002 0.0 0.4
40.954141 -73.597976 0.0 0.4
40.951901 -73.60833699999999 0.0 0.4
40.976428999999996 -73.646209 0.0 0.4
40.984201 -73.656368 0.0 0.4
40.993975 -73.659486 0.0 0.4
41.004017999999995 -73.65855499999999 0.0 0.4
41.014465 -73.65686699999999 0.0 0.4
41.021943 -73.66385799999999 0.0 0.4
41.029948 -73.670275 0.0 0.4
41.037982 -73.676485 0.0 0.4
41.048839 -73.685718 0.0 0.4
41.057142999999996 -73.692346 0.0 0.4
41.068188 -73.701555 0.0 0.4
41.079302999999996 -73.710393 0.0 0.4
41.087790999999996 -73.717063 0.0 0.4
41.096464999999995 -73.724777 0.0 0.4
41.107244 -73.713765 0.0 0.4
41.111795 -73.703619 0.0 0.4
41.118496 -73.68947399999999 0.0 0.4
41.123419999999996 -73.679022 0.0 0.4
41.127643 -73.669934 0.0 0.4
41.131996 -73.660573 0.0 0.4
41.13944 -73.64420799999999 0.0 0.4
41.143547999999996 -73.635014 0.0 0.4
41.147777999999995 -73.62576299999999 0.0 0.4
41.152170999999996 -73.615749 0.0 0.4
41.156468 -73.606178 0.0 0.4
41.160786 -73.59711 0.0 0.4
41.165054 -73.587287 0.0 0.4
41.169554 -73.577359 0.0 0.4
41.174161 -73.567312 0.0 0.4
41.178481999999995 -73.557841 0.0 0.4
41.186595 -73.54005 0.0 0.4
41.191674 -73.529107 0.0 0.4
41.197325 -73.517068 0.0 0.4
41.203312 -73.503958 0.0 0.4
41.207336 -73.494613 0.0 0.4
41.211543 -73.485343 0.0 0.4
41.223588 -73.491407 0.0 0.4
41.232763 -73.49889 0.0 0.4
41.242117 -73.506491 0.0 0.4
41.250028 -73.512895 0.0 0.4
41.262684 -73.52341799999999 0.0 0.4
41.27836 -73.536677 0.0 0.4
41.286577 -73.543555 0.0 0.4
41.295421 -73.550962 0.0 0.4
41.305389999999996 -73.54968699999999 0.0 0.4
41.316745999999995 -73.54948 0.0 0.4
41.329800999999996 -73.548626 0.0 0.4
41.342836 -73.547123 0.0 0.4
41.354842999999995 -73.54597 0.0 0.4
41.365758 -73.544806 0.0 0.4
41.376258 -73.543471 0.0 0.4
41.386418 -73.54280899999999 0.0 0.4
41.403799 -73.541519 0.0 0.4
41.414539 -73.540086 0.0 0.4
41.425112 -73.538743 0.0 0.4
41.435493 -73.537509 0.0 0.4
41.446065999999995 -73.536406 0.0 0.4
41.45607 -73.535836 0.0 0.4
41.466194 -73.535069 0.0 0.4
41.476579 -73.534201 0.0 0.4
41.490071 -73.53325 0.0 0.4
41.500060999999995 -73.532504 0.0 0.4
41.515319 -73.531128 0.0 0.4
41.525309 -73.530234 0.0 0.4
41.535629 -73.529313 0.0 0.4
41.549951 -73.527692 0.0 0.4
41.568540999999996 -73.526097 0.0 0.4
41.584046 -73.524751 0.0 0.4
41.607831999999995 -73.522324 0.0 0.4
41.619772999999995 -73.521041 0.0 0.4
41.637806999999995 -73.520178 0.0 0.4
41.649578 -73.519374 0.0 0.4
41.666125 -73.51814499999999 0.0 0.4
