38.934349999999995 -77.119751 0.0 0.4
38.940723 -77.111918 0.0 0.4
38.947905 -77.102515 0.0 0.4
38.954059 -77.094329 0.0 0.4
38.960777 -77.085731 0.0 0.4
38.967178 -77.07755999999999 0.0 0.4
38.973396 -77.06958 0.0 0.4
38.979728 -77.061477 0.0 0.4
38.986274 -77.053043 0.0 0.4
38.992509999999996 -77.04486299999999 0.0 0.4
38.99039 -77.03408 0.0 0.4
38.983833 -77.025733 0.0 0.4
38.977333 -77.017242 0.0 0.4
38.971095999999996 -77.009418 0.0 0.4
38.964951 -77.001498 0.0 0.4
38.958528 -76.993276 0.0 0.4
38.95185 -76.98474399999999 0.0 0.4
38.943822999999995 -76.97448 0.0 0.4
38.937340999999996 -76.96618 0.0 0.4
38.930845999999995 -76.957882 0.0 0.4
38.9242 -76.949219 0.0 0.4
38.918079 -76.94129699999999 0.0 0.4
38.911764 -76.933508 0.0 0.4
38.905319 -76.925282 0.0 0.4
38.899127 -76.91738699999999 0.0 0.4
38.892852 -76.909393 0.0 0.4
38.886634 -76.917379 0.0 0.4
38.880204 -76.925611 0.0 0.4
38.873971999999995 -76.93363599999999 0.0 0.4
38.867765 -76.94160099999999 0.0 0.4
38.861556 -76.949562 0.0 0.4
38.855198 -76.957736 0.0 0.4
38.848986 -76.965698 0.0 0.4
38.842825999999995 -76.973599 0.0 0.4
38.836602 -76.981577 0.0 0.4
38.830196 -76.98977599999999 0.0 0.4
38.823797 -76.99803899999999 0.0 0.4
38.817057999999996 -77.006481 0.0 0.4
38.809359 -77.01634 0.0 0.4
38.803112999999996 -77.024334 0.0 0.4
38.794373 -77.035519 0.0 0.4
38.805088 -77.03823899999999 0.0 0.4
38.815089 -77.037594 0.0 0.4
38.825066 -77.038665 0.0 0.4
38.833526 -77.044056 0.0 0.4
38.839586 -77.03608899999999 0.0 0.4
38.848856 -77.03229 0.0 0.4
38.85856 -77.034753 0.0 0.4
38.867847999999995 -77.03851 0.0 0.4
38.875277 -77.04523499999999 0.0 0.4
38.879768999999996 -77.054203 0.0 0.4
38.885802 -77.06221099999999 0.0 0.4
38.895103999999996 -77.06610599999999 0.0 0.4
38.901281999999995 -77.07397499999999 0.0 0.4
38.902525 -77.083925 0.0 0.4
38.905839 -77.093363 0.0 0.4
38.911575 -77.101574 0.0 0.4
38.920002 -77.106991 0.0 0.4
38.926714 -77.114406 0.0 0.4
