39.296819 -75.760074 0.0 0.4
39.307185 -75.760911 0.0 0.4
39.331066 -75.762841 0.0 0.4
39.344682 -75.763938 0.0 0.4
39.35941 -75.765126 0.0 0.4
39.373892999999995 -75.76629799999999 0.0 0.4
39.384071 -75.76711999999999 0.0 0.4
39.403144999999995 -75.768664 0.0 0.4
39.416001 -75.769688 0.0 0.4
39.431892 -75.770977 0.0 0.4
39.443236999999996 -75.771903 0.0 0.4
39.460302999999996 -75.77328 0.0 0.4
39.471767 -75.774203 0.0 0.4
39.484337 -75.775227 0.0 0.4
39.494347999999995 -75.776037 0.0 0.4
39.506032999999995 -75.77698699999999 0.0 0.4
39.518836 -75.778026 0.0 0.4
39.532412 -75.779127 0.0 0.4
39.546195 -75.780242 0.0 0.4
39.562433999999996 -75.781556 0.0 0.4
39.577073 -75.782742 0.0 0.4
39.588820999999996 -75.78369599999999 0.0 0.4
39.604780999999996 -75.784994 0.0 0.4
39.620529 -75.786276 0.0 0.4
39.630904 -75.787121 0.0 0.4
39.643142 -75.788112 0.0 0.4
39.653639 -75.788871 0.0 0.4
39.664569 -75.788922 0.0 0.4
39.676221999999996 -75.78859899999999 0.0 0.4
39.687259 -75.788589 0.0 0.4
39.699825 -75.788592 0.0 0.4
39.715745 -75.788595 0.0 0.4
39.722198999999996 -75.778904 0.0 0.4
39.728913999999996 -75.770797 0.0 0.4
39.7378 -75.76618599999999 0.0 0.4
39.746849999999995 -75.760674 0.0 0.4
39.755354 -75.754682 0.0 0.4
39.763200000000005 -75.748386 0.0 0.4
39.770644 -75.741658 0.0 0.4
39.777777 -75.73443499999999 0.0 0.4
39.784725 -75.726573 0.0 0.4
39.791222 -75.718367 0.0 0.4
39.797053 -75.710179 0.0 0.4
39.802465999999995 -75.701762 0.0 0.4
39.807657999999996 -75.692791 0.0 0.4
39.812284 -75.683894 0.0 0.4
39.816609 -75.674611 0.0 0.4
39.820505 -75.665228 0.0 0.4
39.824007 -75.655714 0.0 0.4
39.827087 -75.646187 0.0 0.4
39.829961 -75.63595 0.0 0.4
39.832308 -75.62612399999999 0.0 0.4
39.83433 -75.6162 0.0 0.4
39.836003999999996 -75.60631099999999 0.0 0.4
39.837357999999995 -75.596313 0.0 0.4
39.838386 -75.586277 0.0 0.4
39.839078 -75.576239 0.0 0.4
39.839452 -75.566127 0.0 0.4
39.839495 -75.556071 0.0 0.4
39.839206999999995 -75.545883 0.0 0.4
39.8386 -75.535861 0.0 0.4
39.837664 -75.52585499999999 0.0 0.4
39.836413 -75.51593199999999 0.0 0.4
39.834814 -75.505903 0.0 0.4
39.832898 -75.49602 0.0 0.4
39.830604 -75.486029 0.0 0.4
39.827615 -75.475353 0.0 0.4
39.824735 -75.465598 0.0 0.4
39.821431 -75.456097 0.0 0.4
39.817805 -75.446771 0.0 0.4
39.813775 -75.437456 0.0 0.4
39.809414 -75.42834599999999 0.0 0.4
39.804 -75.418705 0.0 0.4
39.797084999999996 -75.406617 0.0 0.4
39.788402 -75.42676999999999 0.0 0.4
39.784897 -75.43656 0.0 0.4
39.779453 -75.445235 0.0 0.4
39.769231999999995 -75.45221599999999 0.0 0.4
39.76356 -75.46167 0.0 0.4
39.750795 -75.466235 0.0 0.4
39.741706 -75.470547 0.0 0.4
39.732986 -75.475521 0.0 0.4
39.723022 -75.476715 0.0 0.4
39.713684 -75.48033199999999 0.0 0.4
39.711929 -75.49057499999999 0.0 0.4
39.703016999999996 -75.495271 0.0 0.4
39.698271 -75.504104 0.0 0.4
39.689606999999995 -75.50936399999999 0.0 0.4
39.679569 -75.51004 0.0 0.4
39.670094 -75.513463 0.0 0.4
39.662408 -75.51991 0.0 0.4
39.654665 -75.526567 0.0 0.4
39.647515 -75.533587 0.0 0.4
39.643812 -75.543077 0.0 0.4
39.636925 -75.550519 0.0 0.4
39.630494999999996 -75.558272 0.0 0.4
39.620143999999996 -75.55918 0.0 0.4
39.610316 -75.556952 0.0 0.4
39.601298 -75.551643 0.0 0.4
39.595532999999996 -75.543346 0.0 0.4
39.590409 -75.53446199999999 0.0 0.4
39.58416 -75.526141 0.0 0.4
39.581598 -75.516374 0.0 0.4
39.5717 -75.51224599999999 0.0 0.4
39.561434999999996 -75.51567399999999 0.0 0.4
39.552914 -75.52136399999999 0.0 0.4
39.545919999999995 -75.529292 0.0 0.4
39.535585999999995 -75.52824799999999 0.0 0.4
39.525559 -75.526889 0.0 0.4
39.515530999999996 -75.52758899999999 0.0 0.4
39.505373 -75.530141 0.0 0.4
39.496981999999996 -75.53793399999999 0.0 0.4
39.495806 -75.55909 0.0 0.4
39.48329 -75.56356199999999 0.0 0.4
39.460378 -75.560903 0.0 0.4
39.451321 -75.555465 0.0 0.4
39.441389 -75.544022 0.0 0.4
39.432697999999995 -75.534007 0.0 0.4
39.425571 -75.525742 0.0 0.4
39.415591 -75.514127 0.0 0.4
39.404802 -75.50157399999999 0.0 0.4
39.392844 -75.48764 0.0 0.4
39.382003999999995 -75.476856 0.0 0.4
39.373748 -75.46999799999999 0.0 0.4
39.36768 -75.461961 0.0 0.4
39.360447 -75.452075 0.0 0.4
39.354023 -75.44351 0.0 0.4
39.342469 -75.43006 0.0 0.4
39.333884 -75.42007 0.0 0.4
39.325632999999996 -75.410417 0.0 0.4
39.318286 -75.40182 0.0 0.4
39.309948999999996 -75.39196199999999 0.0 0.4
39.300844999999995 -75.38113 0.0 0.4
39.292573 -75.37104099999999 0.0 0.4
39.27751 -75.352648 0.0 0.4
39.270092999999996 -75.34360199999999 0.0 0.4
39.262541999999996 -75.334459 0.0 0.4
39.253264 -75.32328799999999 0.0 0.4
39.245307 -75.316223 0.0 0.4
39.229279999999996 -75.30366099999999 0.0 0.4
39.218685 -75.2954 0.0 0.4
39.202462 -75.282795 0.0 0.4
39.192833 -75.275316 0.0 0.4
39.183606999999995 -75.268153 0.0 0.4
39.172215 -75.259311 0.0 0.4
39.158944999999996 -75.249017 0.0 0.4
39.144729999999996 -75.239203 0.0 0.4
39.126736 -75.226593 0.0 0.4
39.117368 -75.22006 0.0 0.4
39.108557 -75.213594 0.0 0.4
39.086389 -75.19715099999999 0.0 0.4
39.076679 -75.189292 0.0 0.4
39.067398 -75.179779 0.0 0.4
39.058422 -75.17072499999999 0.0 0.4
39.045006 -75.162053 0.0 0.4
39.011486999999995 -75.142827 0.0 0.4
38.997572 -75.134653 0.0 0.4
38.987417 -75.128993 0.0 0.4
38.962271 -75.11465 0.0 0.4
38.911393 -75.085458 0.0 0.4
38.894434 -75.075728 0.0 0.4
38.878976 -75.06696 0.0 0.4
38.869059 -75.06110000000001 0.0 0.4
38.853246999999996 -75.052041 0.0 0.4
38.842254 -75.045744 0.0 0.4
38.814274 -75.029713 0.0 0.4
38.801721 -75.022521 0.0 0.4
38.79053 -75.016109 0.0 0.4
38.777575999999996 -75.01521 0.0 0.4
38.767573 -75.013154 0.0 0.4
38.756147 -75.013268 0.0 0.4
38.745036 -75.014212 0.0 0.4
38.734003 -75.01243 0.0 0.4
38.719908 -75.009861 0.0 0.4
38.70245 -75.006726 0.0 0.4
38.692223 -75.004637 0.0 0.4
38.679677 -75.0027 0.0 0.4
38.666235 -75.00274499999999 0.0 0.4
38.655211 -75.002595 0.0 0.4
38.640623 -75.002181 0.0 0.4
38.630534999999995 -75.00107899999999 0.0 0.4
38.616572999999995 -74.99472899999999 0.0 0.4
38.595844 -74.99230299999999 0.0 0.4
38.577366999999995 -74.98966899999999 0.0 0.4
38.560946 -74.98884199999999 0.0 0.4
38.549785 -74.98776099999999 0.0 0.4
38.539164 -74.986251 0.0 0.4
38.528171 -74.985171 0.0 0.4
38.509929 -74.984386 0.0 0.4
38.497094 -74.9842 0.0 0.4
38.486837 -74.984664 0.0 0.4
38.473850999999996 -74.985128 0.0 0.4
38.451632 -74.986282 0.0 0.4
38.451178 -74.998375 0.0 0.4
38.451158 -75.009545 0.0 0.4
38.4512 -75.02462 0.0 0.4
38.451239 -75.039306 0.0 0.4
38.45125 -75.050247 0.0 0.4
38.451243999999996 -75.061801 0.0 0.4
38.45128 -75.072092 0.0 0.4
38.451315 -75.082611 0.0 0.4
38.451217 -75.09697299999999 0.0 0.4
38.451209 -75.107832 0.0 0.4
38.451195999999996 -75.120192 0.0 0.4
38.451183 -75.13233799999999 0.0 0.4
38.451178 -75.14340399999999 0.0 0.4
38.451186 -75.15407499999999 0.0 0.4
38.451198999999995 -75.172829 0.0 0.4
38.451205 -75.18471699999999 0.0 0.4
38.451211 -75.195461 0.0 0.4
38.451215 -75.20637599999999 0.0 0.4
38.451218999999995 -75.217469 0.0 0.4
38.451221 -75.230732 0.0 0.4
38.451384 -75.252864 0.0 0.4
38.451463 -75.26327599999999 0.0 0.4
38.451555 -75.275486 0.0 0.4
38.451659 -75.289095 0.0 0.4
38.451834 -75.312969 0.0 0.4
38.451966 -75.331475 0.0 0.4
38.452089 -75.349203 0.0 0.4
38.452202 -75.366062 0.0 0.4
38.452134 -75.377809 0.0 0.4
38.452124 -75.393712 0.0 0.4
38.452377 -75.40864599999999 0.0 0.4
38.452571 -75.418666 0.0 0.4
38.452793 -75.430306 0.0 0.4
38.45304 -75.443027 0.0 0.4
38.453252 -75.454329 0.0 0.4
38.453629 -75.47424 0.0 0.4
38.453863999999996 -75.486966 0.0 0.4
38.454057999999996 -75.497181 0.0 0.4
38.454284 -75.50939799999999 0.0 0.4
38.454612 -75.521479 0.0 0.4
38.454944999999995 -75.533804 0.0 0.4
38.455321 -75.54777299999999 0.0 0.4
38.455572 -75.55798 0.0 0.4
38.455884 -75.56881299999999 0.0 0.4
38.456133 -75.57987 0.0 0.4
38.456489 -75.591574 0.0 0.4
38.456761 -75.601871 0.0 0.4
38.457277999999995 -75.616046 0.0 0.4
38.457809 -75.630673 0.0 0.4
38.458361 -75.645873 0.0 0.4
38.458963 -75.662571 0.0 0.4
38.459376 -75.674054 0.0 0.4
38.459862 -75.687553 0.0 0.4
38.469242 -75.694389 0.0 0.4
38.489087 -75.695945 0.0 0.4
38.503584 -75.697081 0.0 0.4
38.514677 -75.697955 0.0 0.4
38.52744 -75.698953 0.0 0.4
38.542618999999995 -75.700147 0.0 0.4
38.553515999999995 -75.701002 0.0 0.4
38.565329999999996 -75.701931 0.0 0.4
38.576054 -75.70277399999999 0.0 0.4
38.590529 -75.70391099999999 0.0 0.4
38.602817 -75.70487899999999 0.0 0.4
38.613543 -75.705724 0.0 0.4
38.625921999999996 -75.7067 0.0 0.4
38.642727 -75.708024 0.0 0.4
38.659518999999996 -75.70934799999999 0.0 0.4
38.677181 -75.710726 0.0 0.4
38.688047 -75.711584 0.0 0.4
38.701164 -75.71261299999999 0.0 0.4
38.718191 -75.713959 0.0 0.4
38.731421999999995 -75.715001 0.0 0.4
38.750274999999995 -75.716493 0.0 0.4
38.764533 -75.71762 0.0 0.4
38.778988999999996 -75.718764 0.0 0.4
38.790395 -75.719673 0.0 0.4
38.801815999999995 -75.720582 0.0 0.4
38.813963 -75.721547 0.0 0.4
38.824258 -75.72236 0.0 0.4
38.83448 -75.723162 0.0 0.4
38.846703 -75.724126 0.0 0.4
38.860129 -75.725188 0.0 0.4
38.877843999999996 -75.72660599999999 0.0 0.4
38.888641 -75.727464 0.0 0.4
38.900476999999995 -75.728403 0.0 0.4
38.918655 -75.729841 0.0 0.4
38.933088999999995 -75.730994 0.0 0.4
38.952484999999996 -75.732534 0.0 0.4
38.965596 -75.73358 0.0 0.4
38.975972 -75.734403 0.0 0.4
38.993193 -75.735773 0.0 0.4
39.011254 -75.737211 0.0 0.4
39.023497 -75.738188 0.0 0.4
39.034619 -75.739076 0.0 0.4
39.052147999999995 -75.740478 0.0 0.4
39.070628 -75.741951 0.0 0.4
39.082586 -75.742905 0.0 0.4
39.098507 -75.744174 0.0 0.4
39.110656 -75.745147 0.0 0.4
39.122794999999996 -75.746118 0.0 0.4
39.133744 -75.74699199999999 0.0 0.4
39.146347999999996 -75.748004 0.0 0.4
39.156393 -75.748815 0.0 0.4
39.170876 -75.74996999999999 0.0 0.4
39.181439999999995 -75.750818 0.0 0.4
39.196759 -75.752044 0.0 0.4
39.213026 -75.753338 0.0 0.4
39.224759 -75.754277 0.0 0.4
39.243345 -75.755785 0.0 0.4
39.257785999999996 -75.756947 0.0 0.4
39.272337 -75.758118 0.0 0.4
39.286829999999995 -75.75927399999999 0.0 0.4
39.296819 -75.760074 0.0 0.4
