30.226955999999998 -86.39963999999999 0.0 0.4
30.22881 -86.41086 0.0 0.4
30.23047 -86.42604999999999 0.0 0.4
30.23231 -86.4456 0.0 0.4
30.233 -86.45924 0.0 0.4
30.23302 -86.47621 0.0 0.4
30.232319999999998 -86.48821 0.0 0.4
30.23137 -86.50175999999999 0.0 0.4
30.231209999999997 -86.51532999999999 0.0 0.4
30.23189 -86.52805 0.0 0.4
30.23338 -86.54066999999999 0.0 0.4
30.23567 -86.55314 0.0 0.4
30.23933 -86.56734999999999 0.0 0.4
30.24072 -86.57918 0.0 0.4
30.24282 -86.5913 0.0 0.4
30.243409999999997 -86.60179 0.0 0.4
30.244339999999998 -86.61229 0.0 0.4
30.245379999999997 -86.62254 0.0 0.4
30.24629 -86.63841 0.0 0.4
30.24605 -86.65026999999999 0.0 0.4
30.2455 -86.66645 0.0 0.4
30.24515 -86.67687 0.0 0.4
30.244819999999997 -86.68764999999999 0.0 0.4
30.244100000000003 -86.70018 0.0 0.4
30.24363 -86.71347999999999 0.0 0.4
30.24253 -86.72706 0.0 0.4
30.241300000000003 -86.74217 0.0 0.4
30.24025 -86.75236 0.0 0.4
30.237409999999997 -86.77725 0.0 0.4
30.23594 -86.79011 0.0 0.4
30.234949999999998 -86.80337399999999 0.0 0.4
30.23301 -86.81803 0.0 0.4
30.231109999999997 -86.83169 0.0 0.4
30.227919999999997 -86.85560000000001 0.0 0.4
30.22441 -86.87763 0.0 0.4
30.2226 -86.88891 0.0 0.4
30.220029999999998 -86.90236999999999 0.0 0.4
30.217637 -86.91833 0.0 0.4
30.215500000000002 -86.92872 0.0 0.4
30.21201 -86.94711 0.0 0.4
30.21023 -86.95823 0.0 0.4
30.20734 -86.97590000000001 0.0 0.4
30.202569999999998 -87.00298 0.0 0.4
30.19801 -87.02814 0.0 0.4
30.195800000000002 -87.03882 0.0 0.4
30.192400000000003 -87.05642 0.0 0.4
30.18835 -87.07829 0.0 0.4
30.18309 -87.10663 0.0 0.4
30.18059 -87.12004 0.0 0.4
30.17853 -87.13360999999999 0.0 0.4
30.176009999999998 -87.15538 0.0 0.4
30.173409999999997 -87.17260999999999 0.0 0.4
30.170209999999997 -87.19985 0.0 0.4
30.16752 -87.22594 0.0 0.4
30.166500000000003 -87.24055 0.0 0.4
30.165779999999998 -87.25099 0.0 0.4
30.165319999999998 -87.26185 0.0 0.4
30.16535 -87.27457 0.0 0.4
30.16611 -87.28562 0.0 0.4
30.1673 -87.29594999999999 0.0 0.4
30.1658 -87.31564 0.0 0.4
30.16283 -87.32897 0.0 0.4
30.1586 -87.34617999999999 0.0 0.4
30.155929999999998 -87.35646 0.0 0.4
30.15357 -87.36686999999999 0.0 0.4
30.150979999999997 -87.38011999999999 0.0 0.4
30.14897 -87.3926 0.0 0.4
30.1446 -87.42257 0.0 0.4
30.142329999999998 -87.43477999999999 0.0 0.4
30.13958 -87.44852999999999 0.0 0.4
30.137529999999998 -87.4586 0.0 0.4
30.134719999999998 -87.47473 0.0 0.4
30.13095 -87.49325999999999 0.0 0.4
30.12847 -87.50358 0.0 0.4
30.126269999999998 -87.51438 0.0 0.4
30.15776 -87.51835 0.0 0.4
30.20133 -87.51834 0.0 0.4
30.229505999999997 -87.518346 0.0 0.4
30.240119 -87.51840399999999 0.0 0.4
30.250201999999998 -87.51845999999999 0.0 0.4
30.267657999999997 -87.51838099999999 0.0 0.4
30.278648999999998 -87.51833099999999 0.0 0.4
30.285801 -87.51048 0.0 0.4
30.287905 -87.50000299999999 0.0 0.4
30.300200999999998 -87.452378 0.0 0.4
30.3111 -87.45007799999999 0.0 0.4
30.308200000000003 -87.460278 0.0 0.4
30.3079 -87.47067899999999 0.0 0.4
30.306600999999997 -87.480879 0.0 0.4
30.304900999999997 -87.49127899999999 0.0 0.4
30.306901 -87.50168 0.0 0.4
30.319395999999998 -87.505943 0.0 0.4
30.328957 -87.49998 0.0 0.4
30.331100000000003 -87.48997899999999 0.0 0.4
30.331200000000003 -87.479479 0.0 0.4
30.3323 -87.46947899999999 0.0 0.4
30.3363 -87.45997799999999 0.0 0.4
30.343498999999998 -87.452978 0.0 0.4
30.353399 -87.451178 0.0 0.4
30.363398999999998 -87.451878 0.0 0.4
30.372298999999998 -87.446578 0.0 0.4
30.379897999999997 -87.43937799999999 0.0 0.4
30.389798 -87.44107799999999 0.0 0.4
30.397498 -87.43427799999999 0.0 0.4
30.406498 -87.42957799999999 0.0 0.4
30.410197999999998 -87.420177 0.0 0.4
30.408797999999997 -87.409577 0.0 0.4
30.413197999999998 -87.400477 0.0 0.4
30.419196999999997 -87.390576 0.0 0.4
30.423796999999997 -87.380876 0.0 0.4
30.43049 -87.371169 0.0 0.4
30.440479999999997 -87.366939 0.0 0.4
30.448465 -87.37497599999999 0.0 0.4
30.450397 -87.385176 0.0 0.4
30.450996999999997 -87.395377 0.0 0.4
30.453697 -87.405277 0.0 0.4
30.457296 -87.414677 0.0 0.4
30.463596 -87.42267799999999 0.0 0.4
30.471096 -87.429778 0.0 0.4
30.479896 -87.435278 0.0 0.4
30.487796 -87.428778 0.0 0.4
30.498095 -87.43087799999999 0.0 0.4
30.505357 -87.43826899999999 0.0 0.4
30.509925 -87.44717299999999 0.0 0.4
30.520379 -87.44641299999999 0.0 0.4
30.529761999999998 -87.442619 0.0 0.4
30.53999 -87.440027 0.0 0.4
30.54871 -87.43503899999999 0.0 0.4
30.555044 -87.427002 0.0 0.4
30.561327 -87.419214 0.0 0.4
30.570974 -87.416288 0.0 0.4
30.579044 -87.41005 0.0 0.4
30.589274999999997 -87.40771699999999 0.0 0.4
30.599168 -87.405395 0.0 0.4
30.606537999999997 -87.398409 0.0 0.4
30.615903 -87.394736 0.0 0.4
30.626117999999998 -87.393734 0.0 0.4
30.636069 -87.395212 0.0 0.4
30.646569999999997 -87.395303 0.0 0.4
30.656216999999998 -87.398389 0.0 0.4
30.665529 -87.403087 0.0 0.4
30.675145999999998 -87.406474 0.0 0.4
30.678725999999997 -87.416124 0.0 0.4
30.68327 -87.42542 0.0 0.4
30.688198 -87.43468 0.0 0.4
30.693915999999998 -87.44333999999999 0.0 0.4
30.698190999999998 -87.45261599999999 0.0 0.4
30.700314 -87.46267 0.0 0.4
30.70544 -87.471761 0.0 0.4
30.71128 -87.480182 0.0 0.4
30.71838 -87.487315 0.0 0.4
30.720114 -87.49734 0.0 0.4
30.7253 -87.506028 0.0 0.4
30.733767999999998 -87.511928 0.0 0.4
30.737579999999998 -87.521593 0.0 0.4
30.742932999999997 -87.530307 0.0 0.4
30.752094 -87.535302 0.0 0.4
30.762082 -87.536855 0.0 0.4
30.769565999999998 -87.54351 0.0 0.4
30.779389 -87.54543199999999 0.0 0.4
30.786647 -87.55259 0.0 0.4
30.792301 -87.560875 0.0 0.4
30.799595999999998 -87.567872 0.0 0.4
30.806313999999997 -87.575552 0.0 0.4
30.812768 -87.58319499999999 0.0 0.4
30.815998999999998 -87.59272899999999 0.0 0.4
30.822723999999997 -87.601041 0.0 0.4
30.831203 -87.60637299999999 0.0 0.4
30.835030999999997 -87.61570999999999 0.0 0.4
30.843207999999997 -87.621684 0.0 0.4
30.852694 -87.625918 0.0 0.4
30.861800000000002 -87.63026699999999 0.0 0.4
30.871678 -87.632387 0.0 0.4
30.880799 -87.628146 0.0 0.4
30.887272 -87.62034 0.0 0.4
30.8972 -87.62180599999999 0.0 0.4
30.904134 -87.61441099999999 0.0 0.4
30.914002 -87.611712 0.0 0.4
30.923294 -87.607506 0.0 0.4
30.932349 -87.603082 0.0 0.4
30.940573999999998 -87.596863 0.0 0.4
30.950128999999997 -87.593836 0.0 0.4
30.959723 -87.590041 0.0 0.4
30.969936999999998 -87.59118699999999 0.0 0.4
30.979941999999998 -87.592237 0.0 0.4
30.989103999999998 -87.596792 0.0 0.4
30.997619 -87.585889 0.0 0.4
30.997546 -87.57077199999999 0.0 0.4
30.99758 -87.56047799999999 0.0 0.4
30.997567 -87.55039599999999 0.0 0.4
30.997747999999998 -87.53366799999999 0.0 0.4
30.997591999999997 -87.52014299999999 0.0 0.4
30.997636999999997 -87.50773099999999 0.0 0.4
30.997947 -87.496516 0.0 0.4
30.998051999999998 -87.48610099999999 0.0 0.4
30.997867 -87.476081 0.0 0.4
30.997984 -87.465637 0.0 0.4
30.997864999999997 -87.45480599999999 0.0 0.4
30.997894 -87.444599 0.0 0.4
30.997819999999997 -87.434316 0.0 0.4
30.998058999999998 -87.415297 0.0 0.4
30.99804 -87.404476 0.0 0.4
30.998013999999998 -87.39187299999999 0.0 0.4
30.997988999999997 -87.381518 0.0 0.4
30.998341999999997 -87.370631 0.0 0.4
30.997836 -87.360607 0.0 0.4
30.998269999999998 -87.347894 0.0 0.4
30.998217999999998 -87.337795 0.0 0.4
30.997844999999998 -87.327114 0.0 0.4
30.997833 -87.317095 0.0 0.4
30.998191 -87.30403 0.0 0.4
30.998351999999997 -87.290995 0.0 0.4
30.99831 -87.278178 0.0 0.4
30.997767 -87.26665899999999 0.0 0.4
30.997897 -87.255836 0.0 0.4
30.996724999999998 -87.241558 0.0 0.4
30.996802 -87.22973999999999 0.0 0.4
30.997396 -87.21817899999999 0.0 0.4
30.997806999999998 -87.20623499999999 0.0 0.4
30.998251999999997 -87.193398 0.0 0.4
30.998511999999998 -87.183326 0.0 0.4
30.998797999999997 -87.172507 0.0 0.4
30.999105999999998 -87.160789 0.0 0.4
30.999322 -87.150594 0.0 0.4
30.999294 -87.135798 0.0 0.4
30.998803 -87.124969 0.0 0.4
30.999349 -87.1054 0.0 0.4
30.999261999999998 -87.08988599999999 0.0 0.4
30.999184 -87.07610799999999 0.0 0.4
30.999191 -87.06406299999999 0.0 0.4
30.999131 -87.053679 0.0 0.4
30.999184999999997 -87.042791 0.0 0.4
30.999171999999998 -87.030748 0.0 0.4
30.99936 -87.019858 0.0 0.4
30.999323999999998 -87.009743 0.0 0.4
30.998676 -86.998545 0.0 0.4
30.998514999999998 -86.987597 0.0 0.4
30.998292 -86.971116 0.0 0.4
30.998144 -86.960477 0.0 0.4
30.997927999999998 -86.944464 0.0 0.4
30.997761999999998 -86.932159 0.0 0.4
30.997683 -86.91962099999999 0.0 0.4
30.997591 -86.90669299999999 0.0 0.4
30.997746 -86.890722 0.0 0.4
30.997622999999997 -86.880489 0.0 0.4
30.997593 -86.86720000000001 0.0 0.4
30.997525999999997 -86.85476799999999 0.0 0.4
30.997443999999998 -86.840561 0.0 0.4
30.997401 -86.830497 0.0 0.4
30.997284999999998 -86.81902699999999 0.0 0.4
30.997182 -86.808768 0.0 0.4
30.997076 -86.79648 0.0 0.4
30.996982 -86.785873 0.0 0.4
30.996858999999997 -86.772435 0.0 0.4
30.996709 -86.75526699999999 0.0 0.4
30.99629 -86.74524 0.0 0.4
30.996418 -86.73274599999999 0.0 0.4
30.996333 -86.720142 0.0 0.4
30.995051999999998 -86.70819 0.0 0.4
30.994591999999997 -86.696822 0.0 0.4
30.994563999999997 -86.68489799999999 0.0 0.4
30.994687 -86.674195 0.0 0.4
30.994642 -86.65883 0.0 0.4
30.994664 -86.648532 0.0 0.4
30.994822 -86.637171 0.0 0.4
30.99487 -86.62500399999999 0.0 0.4
30.994932 -86.608184 0.0 0.4
30.994943 -86.597966 0.0 0.4
30.99496 -86.584058 0.0 0.4
30.995044 -86.57073 0.0 0.4
30.99485 -86.55516999999999 0.0 0.4
30.994284999999998 -86.542819 0.0 0.4
30.993654999999997 -86.52916599999999 0.0 0.4
30.993672 -86.513424 0.0 0.4
30.993342 -86.500016 0.0 0.4
30.993574 -86.488603 0.0 0.4
30.993679 -86.477943 0.0 0.4
30.993911999999998 -86.466408 0.0 0.4
30.993937 -86.455496 0.0 0.4
30.993955 -86.438497 0.0 0.4
30.994061 -86.42598 0.0 0.4
30.994072 -86.415099 0.0 0.4
30.994418999999997 -86.405098 0.0 0.4
30.994429 -86.39376399999999 0.0 0.4
30.994290999999997 -86.37907 0.0 0.4
30.994522999999997 -86.36854799999999 0.0 0.4
30.994418999999997 -86.356561 0.0 0.4
30.994367999999998 -86.34289299999999 0.0 0.4
30.994287 -86.33228199999999 0.0 0.4
30.99419 -86.317469 0.0 0.4
30.994016 -86.306612 0.0 0.4
30.99375 -86.296459 0.0 0.4
30.993805 -86.274805 0.0 0.4
30.993824999999998 -86.26039 0.0 0.4
30.994132999999998 -86.249944 0.0 0.4
30.99437 -86.23833499999999 0.0 0.4
30.994134 -86.22809099999999 0.0 0.4
30.994090999999997 -86.21769599999999 0.0 0.4
30.994069999999997 -86.206289 0.0 0.4
30.994038 -86.195548 0.0 0.4
30.994007999999997 -86.180818 0.0 0.4
30.993802 -86.170763 0.0 0.4
30.99356 -86.158153 0.0 0.4
30.993437999999998 -86.145476 0.0 0.4
30.993315 -86.132722 0.0 0.4
30.992884 -86.12154 0.0 0.4
30.992904 -86.104316 0.0 0.4
30.992894 -86.091521 0.0 0.4
30.992880999999997 -86.078648 0.0 0.4
30.992865 -86.06625199999999 0.0 0.4
30.993392 -86.056255 0.0 0.4
30.993329 -86.036667 0.0 0.4
30.99327 -86.02421199999999 0.0 0.4
30.993184999999997 -86.007057 0.0 0.4
30.992942 -85.98687799999999 0.0 0.4
30.993039999999997 -85.96593999999999 0.0 0.4
30.993135 -85.950887 0.0 0.4
30.993202999999998 -85.94011599999999 0.0 0.4
30.993288999999997 -85.92646599999999 0.0 0.4
30.993384 -85.911429 0.0 0.4
30.993461999999997 -85.899337 0.0 0.4
30.993513 -85.887822 0.0 0.4
30.993617999999998 -85.87493099999999 0.0 0.4
30.993897999999998 -85.856589 0.0 0.4
30.994045999999997 -85.839986 0.0 0.4
30.994138999999997 -85.82879299999999 0.0 0.4
30.994270999999998 -85.81362299999999 0.0 0.4
30.994384 -85.801075 0.0 0.4
30.994570999999997 -85.779979 0.0 0.4
30.994667 -85.76900499999999 0.0 0.4
30.994774999999997 -85.756892 0.0 0.4
30.995326 -85.74162799999999 0.0 0.4
30.995404999999998 -85.727091 0.0 0.4
30.995457 -85.714505 0.0 0.4
30.995573 -85.692207 0.0 0.4
30.995611999999998 -85.681555 0.0 0.4
30.995649 -85.670971 0.0 0.4
30.995728 -85.659818 0.0 0.4
30.995796 -85.64752399999999 0.0 0.4
30.995855 -85.636938 0.0 0.4
30.995922999999998 -85.624933 0.0 0.4
30.995994 -85.61403299999999 0.0 0.4
30.996056 -85.603265 0.0 0.4
30.996153999999997 -85.586237 0.0 0.4
30.996229999999997 -85.57605699999999 0.0 0.4
30.996295999999997 -85.56270099999999 0.0 0.4
30.996392999999998 -85.552438 0.0 0.4
30.996527999999998 -85.53825499999999 0.0 0.4
30.996703999999998 -85.527172 0.0 0.4
30.996783999999998 -85.51558 0.0 0.4
30.996865 -85.50440499999999 0.0 0.4
30.996989 -85.49371599999999 0.0 0.4
30.997169 -85.480649 0.0 0.4
30.997327 -85.470514 0.0 0.4
30.997465 -85.460343 0.0 0.4
30.997622 -85.448695 0.0 0.4
30.997771 -85.437784 0.0 0.4
30.997968 -85.423255 0.0 0.4
30.998161999999997 -85.412526 0.0 0.4
30.998367 -85.398819 0.0 0.4
30.998621 -85.383763 0.0 0.4
30.998756 -85.37302299999999 0.0 0.4
30.999025 -85.34968099999999 0.0 0.4
30.999204 -85.337864 0.0 0.4
30.999364 -85.327169 0.0 0.4
30.999540999999997 -85.31473799999999 0.0 0.4
30.99971 -85.30383599999999 0.0 0.4
30.999886 -85.292519 0.0 0.4
31.000124999999997 -85.279991 0.0 0.4
31.000251 -85.26971999999999 0.0 0.4
31.000542 -85.25778 0.0 0.4
31.000884 -85.24363199999999 0.0 0.4
31.000884 -85.23174499999999 0.0 0.4
31.000819 -85.21614199999999 0.0 0.4
31.000811 -85.20535199999999 0.0 0.4
31.000884 -85.192831 0.0 0.4
31.000926 -85.178344 0.0 0.4
31.000957999999997 -85.167874 0.0 0.4
31.000867999999997 -85.156972 0.0 0.4
31.000722 -85.146709 0.0 0.4
31.000826999999997 -85.131765 0.0 0.4
31.000754999999998 -85.12148499999999 0.0 0.4
31.000781 -85.110047 0.0 0.4
31.000754999999998 -85.098987 0.0 0.4
31.000778999999998 -85.088746 0.0 0.4
31.000707 -85.075007 0.0 0.4
31.000612999999998 -85.064787 0.0 0.4
31.000579 -85.052345 0.0 0.4
31.000584999999997 -85.041068 0.0 0.4
31.000647999999998 -85.030931 0.0 0.4
31.000681 -85.019982 0.0 0.4
31.000683 -85.007577 0.0 0.4
30.991747999999998 -85.00300299999999 0.0 0.4
30.981557 -85.00528899999999 0.0 0.4
30.972172999999998 -85.001576 0.0 0.4
30.969686 -84.99152699999999 0.0 0.4
30.964941 -84.98213 0.0 0.4
30.954686 -84.979627 0.0 0.4
30.944585999999997 -84.982627 0.0 0.4
30.934286999999998 -84.982627 0.0 0.4
30.929668 -84.97318899999999 0.0 0.4
30.920302999999997 -84.968634 0.0 0.4
30.912287 -84.961426 0.0 0.4
30.904987 -84.954325 0.0 0.4
30.896186999999998 -84.94862499999999 0.0 0.4
30.887988 -84.941925 0.0 0.4
30.880588 -84.934924 0.0 0.4
30.871488 -84.939324 0.0 0.4
30.864288 -84.932324 0.0 0.4
30.854194 -84.93475 0.0 0.4
30.847289 -84.927424 0.0 0.4
30.838305 -84.932041 0.0 0.4
30.829238 -84.936388 0.0 0.4
30.818489 -84.936824 0.0 0.4
30.810247999999998 -84.93077799999999 0.0 0.4
30.79939 -84.928623 0.0 0.4
30.789458999999997 -84.926186 0.0 0.4
30.781157999999998 -84.920363 0.0 0.4
30.771089999999997 -84.918323 0.0 0.4
30.761191 -84.915022 0.0 0.4
30.751191 -84.91112199999999 0.0 0.4
30.751890999999997 -84.901122 0.0 0.4
30.746591 -84.892422 0.0 0.4
30.738391 -84.88622099999999 0.0 0.4
30.730190999999998 -84.880021 0.0 0.4
30.723782999999997 -84.871318 0.0 0.4
30.713202 -84.86549 0.0 0.4
30.711187 -84.85539899999999 0.0 0.4
30.711005999999998 -84.843668 0.0 0.4
30.710403999999997 -84.83056599999999 0.0 0.4
30.709713999999998 -84.815855 0.0 0.4
30.709058 -84.802538 0.0 0.4
30.708423 -84.790066 0.0 0.4
30.707745 -84.77562499999999 0.0 0.4
30.707188 -84.76415399999999 0.0 0.4
30.706698999999997 -84.754154 0.0 0.4
30.706279 -84.743697 0.0 0.4
30.705624999999998 -84.728036 0.0 0.4
30.705202 -84.71789199999999 0.0 0.4
30.704756 -84.707212 0.0 0.4
30.704245999999998 -84.695003 0.0 0.4
30.703712 -84.682577 0.0 0.4
30.703153999999998 -84.67036499999999 0.0 0.4
30.702675 -84.659812 0.0 0.4
30.702037999999998 -84.64596 0.0 0.4
30.701058 -84.628694 0.0 0.4
30.700400000000002 -84.616433 0.0 0.4
30.699868 -84.60644099999999 0.0 0.4
30.699312 -84.593869 0.0 0.4
30.698776 -84.581672 0.0 0.4
30.698227 -84.569587 0.0 0.4
30.697495999999997 -84.554058 0.0 0.4
30.696990999999997 -84.543311 0.0 0.4
30.696499 -84.533249 0.0 0.4
30.695532 -84.516919 0.0 0.4
30.694910999999998 -84.505665 0.0 0.4
30.694232999999997 -84.49469599999999 0.0 0.4
30.693568 -84.484658 0.0 0.4
30.692792999999998 -84.474409 0.0 0.4
30.692355 -84.460218 0.0 0.4
30.692017 -84.449255 0.0 0.4
30.691744999999997 -84.43699 0.0 0.4
30.691394 -84.420707 0.0 0.4
30.690991 -84.409219 0.0 0.4
30.690613 -84.398431 0.0 0.4
30.690257 -84.38826399999999 0.0 0.4
30.689792999999998 -84.374894 0.0 0.4
30.689007 -84.359867 0.0 0.4
30.688221 -84.344797 0.0 0.4
30.687662999999997 -84.334046 0.0 0.4
30.686795 -84.317402 0.0 0.4
30.686221999999997 -84.304718 0.0 0.4
30.685536 -84.288037 0.0 0.4
30.684848 -84.268507 0.0 0.4
30.684306 -84.25442799999999 0.0 0.4
30.682845999999998 -84.22393199999999 0.0 0.4
30.682226999999997 -84.21134599999999 0.0 0.4
30.681390999999998 -84.194682 0.0 0.4
30.680462 -84.17532299999999 0.0 0.4
30.679498 -84.155211 0.0 0.4
30.678950999999998 -84.143807 0.0 0.4
30.678471 -84.133814 0.0 0.4
30.677591999999997 -84.118524 0.0 0.4
30.676819 -84.107699 0.0 0.4
30.67618 -84.09266699999999 0.0 0.4
30.675455 -84.072739 0.0 0.4
30.674857 -84.061667 0.0 0.4
30.674371999999998 -84.051605 0.0 0.4
30.673765 -84.03997 0.0 0.4
30.673102999999998 -84.02577199999999 0.0 0.4
30.67251 -84.01458699999999 0.0 0.4
30.671929 -84.003833 0.0 0.4
30.671208 -83.991219 0.0 0.4
30.670513 -83.97833299999999 0.0 0.4
30.670033999999998 -83.96799899999999 0.0 0.4
30.669324999999997 -83.95446 0.0 0.4
30.668788 -83.943659 0.0 0.4
30.668271999999998 -83.932549 0.0 0.4
30.667707 -83.921341 0.0 0.4
30.666922 -83.90612 0.0 0.4
30.666476999999997 -83.89607199999999 0.0 0.4
30.665982999999997 -83.88439199999999 0.0 0.4
30.665459 -83.873831 0.0 0.4
30.664771 -83.861918 0.0 0.4
30.663819 -83.849756 0.0 0.4
30.663394999999998 -83.83955499999999 0.0 0.4
30.662782 -83.827412 0.0 0.4
30.66226 -83.81711 0.0 0.4
30.661633 -83.80651399999999 0.0 0.4
30.661105 -83.795907 0.0 0.4
30.660332 -83.78157 0.0 0.4
30.659703 -83.76893799999999 0.0 0.4
30.659094 -83.757126 0.0 0.4
30.658457 -83.745178 0.0 0.4
30.657676 -83.73088899999999 0.0 0.4
30.657103 -83.72041999999999 0.0 0.4
30.656492999999998 -83.708297 0.0 0.4
30.655856999999997 -83.69752299999999 0.0 0.4
30.655371 -83.686726 0.0 0.4
30.654909 -83.676735 0.0 0.4
30.65366 -83.655524 0.0 0.4
30.65289 -83.642242 0.0 0.4
30.652275 -83.631687 0.0 0.4
30.651545 -83.617199 0.0 0.4
30.650684 -83.600189 0.0 0.4
30.650128 -83.589024 0.0 0.4
30.649500999999997 -83.576411 0.0 0.4
30.648978 -83.565878 0.0 0.4
30.648353 -83.553294 0.0 0.4
30.647536 -83.536872 0.0 0.4
30.646780999999997 -83.52170799999999 0.0 0.4
30.646176999999998 -83.51003299999999 0.0 0.4
30.645674 -83.49992499999999 0.0 0.4
30.644928 -83.489868 0.0 0.4
30.644154 -83.479312 0.0 0.4
30.643549 -83.468817 0.0 0.4
30.642924999999998 -83.457865 0.0 0.4
30.642039999999998 -83.44027 0.0 0.4
30.641433 -83.430212 0.0 0.4
30.639985 -83.404102 0.0 0.4
30.639405999999997 -83.393284 0.0 0.4
30.638809 -83.38165599999999 0.0 0.4
30.638008 -83.368535 0.0 0.4
30.63739 -83.358192 0.0 0.4
30.636747999999997 -83.347759 0.0 0.4
30.635782 -83.33160199999999 0.0 0.4
30.6351 -83.32009 0.0 0.4
30.634438 -83.309704 0.0 0.4
30.633412 -83.29160399999999 0.0 0.4
30.632614999999998 -83.278649 0.0 0.4
30.63187 -83.266513 0.0 0.4
30.631238 -83.256221 0.0 0.4
30.629628999999998 -83.22910399999999 0.0 0.4
30.627868 -83.198342 0.0 0.4
30.627330999999998 -83.187116 0.0 0.4
30.626685 -83.176069 0.0 0.4
30.626039 -83.16594099999999 0.0 0.4
30.625345999999997 -83.15554499999999 0.0 0.4
30.624215 -83.140012 0.0 0.4
30.623257 -83.124864 0.0 0.4
30.621888 -83.09825099999999 0.0 0.4
30.621205999999997 -83.08594599999999 0.0 0.4
30.620558 -83.07441 0.0 0.4
30.619711 -83.05971199999999 0.0 0.4
30.618447 -83.038696 0.0 0.4
30.617569 -83.025294 0.0 0.4
30.616484 -83.005443 0.0 0.4
30.615731 -82.99142499999999 0.0 0.4
30.614877999999997 -82.976829 0.0 0.4
30.613878 -82.959002 0.0 0.4
30.612772 -82.940379 0.0 0.4
30.611727 -82.923632 0.0 0.4
30.609572 -82.88708299999999 0.0 0.4
30.608867 -82.87485699999999 0.0 0.4
30.606451 -82.83368 0.0 0.4
30.605624 -82.820612 0.0 0.4
30.604702 -82.806022 0.0 0.4
30.602231 -82.76687299999999 0.0 0.4
30.601156 -82.749854 0.0 0.4
30.600227 -82.728273 0.0 0.4
30.598827 -82.707377 0.0 0.4
30.597734 -82.689539 0.0 0.4
30.596919 -82.675096 0.0 0.4
30.596152 -82.66110499999999 0.0 0.4
30.595568 -82.650346 0.0 0.4
30.594849999999997 -82.63716199999999 0.0 0.4
30.59431 -82.62708099999999 0.0 0.4
30.593277999999998 -82.60860000000001 0.0 0.4
30.59267 -82.598096 0.0 0.4
30.591683 -82.585393 0.0 0.4
30.590868999999998 -82.57220199999999 0.0 0.4
30.590184999999998 -82.559844 0.0 0.4
30.589672999999998 -82.54952899999999 0.0 0.4
30.588818999999997 -82.5363 0.0 0.4
30.588244999999997 -82.52534899999999 0.0 0.4
30.587087 -82.506464 0.0 0.4
30.586489999999998 -82.495802 0.0 0.4
30.585514999999997 -82.48046 0.0 0.4
30.584877 -82.46951399999999 0.0 0.4
30.584251 -82.459533 0.0 0.4
30.583547999999997 -82.447716 0.0 0.4
30.582535999999998 -82.431724 0.0 0.4
30.581767 -82.418914 0.0 0.4
30.580990999999997 -82.406928 0.0 0.4
30.5804 -82.39684299999999 0.0 0.4
30.579708999999998 -82.385939 0.0 0.4
30.579041 -82.37559499999999 0.0 0.4
30.578377999999997 -82.36465199999999 0.0 0.4
30.576921 -82.342094 0.0 0.4
30.575702999999997 -82.32230299999999 0.0 0.4
30.574800999999997 -82.309173 0.0 0.4
30.573977 -82.296217 0.0 0.4
30.57319 -82.28414599999999 0.0 0.4
30.571786 -82.26338299999999 0.0 0.4
30.570898999999997 -82.249856 0.0 0.4
30.570169999999997 -82.239418 0.0 0.4
30.569571999999997 -82.22940899999999 0.0 0.4
30.568555999999997 -82.214677 0.0 0.4
30.565067 -82.22408999999999 0.0 0.4
30.558552 -82.23172699999999 0.0 0.4
30.548755 -82.23443499999999 0.0 0.4
30.540305999999998 -82.239966 0.0 0.4
30.531007 -82.23599 0.0 0.4
30.522752999999998 -82.230103 0.0 0.4
30.512870999999997 -82.22818 0.0 0.4
30.505606999999998 -82.221276 0.0 0.4
30.500549 -82.212632 0.0 0.4
30.492632999999998 -82.20640499999999 0.0 0.4
30.483262999999997 -82.202647 0.0 0.4
30.473260999999997 -82.20293199999999 0.0 0.4
30.463684999999998 -82.206049 0.0 0.4
30.453826 -82.204276 0.0 0.4
30.443804 -82.204313 0.0 0.4
30.434393999999998 -82.207877 0.0 0.4
30.424559 -82.21005 0.0 0.4
30.414631999999997 -82.20823399999999 0.0 0.4
30.405455999999997 -82.20388 0.0 0.4
30.395733999999997 -82.201503 0.0 0.4
30.389017 -82.194015 0.0 0.4
30.379064999999997 -82.192786 0.0 0.4
30.37504 -82.183594 0.0 0.4
30.367092 -82.17727099999999 0.0 0.4
30.359372999999998 -82.17067 0.0 0.4
30.358304999999998 -82.16066099999999 0.0 0.4
30.361376 -82.15101399999999 0.0 0.4
30.363982999999998 -82.141345 0.0 0.4
30.363405999999998 -82.131125 0.0 0.4
30.365268999999998 -82.121264 0.0 0.4
30.367556999999998 -82.111521 0.0 0.4
30.36664 -82.101559 0.0 0.4
30.360802999999997 -82.09335999999999 0.0 0.4
30.360333999999998 -82.08331799999999 0.0 0.4
30.361335999999998 -82.073287 0.0 0.4
30.358580999999997 -82.063484 0.0 0.4
30.361421999999997 -82.053856 0.0 0.4
30.366307 -82.04511699999999 0.0 0.4
30.373897999999997 -82.03748399999999 0.0 0.4
30.383944 -82.037217 0.0 0.4
30.393638 -82.040149 0.0 0.4
30.402983 -82.044197 0.0 0.4
30.41305 -82.043358 0.0 0.4
30.419511999999997 -82.035484 0.0 0.4
30.429522 -82.035095 0.0 0.4
30.439707 -82.03482799999999 0.0 0.4
30.447252 -82.028145 0.0 0.4
30.456978 -82.025757 0.0 0.4
30.467005999999998 -82.023675 0.0 0.4
30.474868999999998 -82.017112 0.0 0.4
30.484934 -82.015918 0.0 0.4
30.495039 -82.015686 0.0 0.4
30.505347999999998 -82.016505 0.0 0.4
30.51531 -82.015243 0.0 0.4
30.525147999999998 -82.017921 0.0 0.4
30.535270999999998 -82.017433 0.0 0.4
30.544864999999998 -82.013858 0.0 0.4
30.553963 -82.009597 0.0 0.4
30.563291999999997 -82.005691 0.0 0.4
30.573255 -82.006647 0.0 0.4
30.583036999999997 -82.008957 0.0 0.4
30.592267 -82.012993 0.0 0.4
30.602093 -82.015962 0.0 0.4
30.606287 -82.025238 0.0 0.4
30.61664 -82.027328 0.0 0.4
30.625722 -82.032916 0.0 0.4
30.633827 -82.03887499999999 0.0 0.4
30.646725 -82.040886 0.0 0.4
30.65419 -82.04795 0.0 0.4
30.664178999999997 -82.047037 0.0 0.4
30.673755999999997 -82.049966 0.0 0.4
30.683393 -82.047111 0.0 0.4
30.691924999999998 -82.04137399999999 0.0 0.4
30.701846999999997 -82.039718 0.0 0.4
30.712797 -82.036732 0.0 0.4
30.723574 -82.039367 0.0 0.4
30.733231999999997 -82.042625 0.0 0.4
30.742849 -82.039543 0.0 0.4
30.75351 -82.037291 0.0 0.4
30.750966 -82.027598 0.0 0.4
30.75473 -82.01829699999999 0.0 0.4
30.762600000000003 -82.011375 0.0 0.4
30.771970999999997 -82.01516 0.0 0.4
30.780079999999998 -82.02145399999999 0.0 0.4
30.789588 -82.017595 0.0 0.4
30.792879 -82.00807999999999 0.0 0.4
30.788311 -81.998863 0.0 0.4
30.781163 -81.989644 0.0 0.4
30.776608 -81.979025 0.0 0.4
30.783247 -81.97151199999999 0.0 0.4
30.792686999999997 -81.96791 0.0 0.4
30.800791 -81.961692 0.0 0.4
30.811947 -81.96346199999999 0.0 0.4
30.821396999999997 -81.95940399999999 0.0 0.4
30.827712 -81.94987499999999 0.0 0.4
30.827147 -81.93957499999999 0.0 0.4
30.820431 -81.931556 0.0 0.4
30.816837 -81.921936 0.0 0.4
30.816125 -81.910916 0.0 0.4
30.825554999999998 -81.90727 0.0 0.4
30.826248 -81.897194 0.0 0.4
30.818077 -81.891189 0.0 0.4
30.810163 -81.88465099999999 0.0 0.4
30.800282 -81.882667 0.0 0.4
30.798251999999998 -81.871894 0.0 0.4
30.794193 -81.861961 0.0 0.4
30.794563 -81.851951 0.0 0.4
30.791619999999998 -81.84227 0.0 0.4
30.789015 -81.831779 0.0 0.4
30.788652 -81.82164 0.0 0.4
30.790198999999998 -81.81169899999999 0.0 0.4
30.786932 -81.801979 0.0 0.4
30.784122 -81.792091 0.0 0.4
30.775796999999997 -81.78575099999999 0.0 0.4
30.766073 -81.782585 0.0 0.4
30.763635999999998 -81.772345 0.0 0.4
30.773481999999998 -81.77035599999999 0.0 0.4
30.774680999999998 -81.760378 0.0 0.4
30.768 -81.752785 0.0 0.4
30.765628999999997 -81.742012 0.0 0.4
30.756747999999998 -81.736915 0.0 0.4
30.748852 -81.730194 0.0 0.4
30.744808 -81.72034599999999 0.0 0.4
30.747835 -81.710304 0.0 0.4
30.746185999999998 -81.700064 0.0 0.4
30.742366999999998 -81.690292 0.0 0.4
30.741600000000002 -81.68009099999999 0.0 0.4
30.740374 -81.66998199999999 0.0 0.4
30.744816 -81.679031 0.0 0.4
30.751552 -81.67135499999999 0.0 0.4
30.753814 -81.661542 0.0 0.4
30.743831999999998 -81.663253 0.0 0.4
30.743914999999998 -81.653189 0.0 0.4
30.73386 -81.65401399999999 0.0 0.4
30.727921 -81.644477 0.0 0.4
30.733926999999998 -81.636383 0.0 0.4
30.736439999999998 -81.626114 0.0 0.4
30.726805 -81.62262799999999 0.0 0.4
30.721918 -81.613731 0.0 0.4
30.72798 -81.605262 0.0 0.4
30.723121 -81.596515 0.0 0.4
30.723685999999997 -81.58524299999999 0.0 0.4
30.722701999999998 -81.575233 0.0 0.4
30.718587999999997 -81.565963 0.0 0.4
30.712882999999998 -81.557451 0.0 0.4
30.718303 -81.54890499999999 0.0 0.4
30.710061999999997 -81.541595 0.0 0.4
30.716994 -81.53429799999999 0.0 0.4
30.723391999999997 -81.526245 0.0 0.4
30.722641 -81.515914 0.0 0.4
30.723145 -81.50590799999999 0.0 0.4
30.724985999999998 -81.49586699999999 0.0 0.4
30.725492 -81.485427 0.0 0.4
30.716295 -81.477218 0.0 0.4
30.711257999999997 -81.465398 0.0 0.4
30.709872999999998 -81.454842 0.0 0.4
30.709637999999998 -81.444823 0.0 0.4
30.708862 -81.43409 0.0 0.4
30.709583 -81.409809 0.0 0.4
30.712434 -81.39934099999999 0.0 0.4
30.712414 -81.380876 0.0 0.4
30.712408 -81.36613799999999 0.0 0.4
30.712435 -81.351795 0.0 0.4
30.701438 -81.346389 0.0 0.4
30.690576999999998 -81.34925899999999 0.0 0.4
30.680149 -81.354939 0.0 0.4
30.671331 -81.362842 0.0 0.4
30.662778999999997 -81.373398 0.0 0.4
30.650651 -81.37567899999999 0.0 0.4
30.640525999999998 -81.377933 0.0 0.4
30.627345 -81.380867 0.0 0.4
30.615913 -81.382015 0.0 0.4
30.604699 -81.382335 0.0 0.4
30.583579 -81.382015 0.0 0.4
30.567712 -81.38066099999999 0.0 0.4
30.544459999999997 -81.377674 0.0 0.4
30.532757999999998 -81.375002 0.0 0.4
30.522945 -81.36965 0.0 0.4
30.510144 -81.364255 0.0 0.4
30.501503999999997 -81.35879299999999 0.0 0.4
30.482118999999997 -81.352445 0.0 0.4
30.462667 -81.35343999999999 0.0 0.4
30.449731999999997 -81.354348 0.0 0.4
30.438231 -81.338657 0.0 0.4
30.424735 -81.324877 0.0 0.4
30.407721 -81.316897 0.0 0.4
30.396112 -81.31725999999999 0.0 0.4
30.381615999999998 -81.32073299999999 0.0 0.4
30.372232 -81.325282 0.0 0.4
30.362385999999997 -81.33359899999999 0.0 0.4
30.342408 -81.33538 0.0 0.4
30.324457 -81.334175 0.0 0.4
30.307284 -81.331874 0.0 0.4
30.288570999999997 -81.32806599999999 0.0 0.4
30.252938999999998 -81.317928 0.0 0.4
30.236116 -81.315985 0.0 0.4
30.180619999999998 -81.300479 0.0 0.4
30.125244 -81.285314 0.0 0.4
30.031961 -81.26279099999999 0.0 0.4
30.000245 -81.255134 0.0 0.4
29.982885 -81.249793 0.0 0.4
29.972046 -81.24574299999999 0.0 0.4
29.962445 -81.242155 0.0 0.4
29.947906 -81.237031 0.0 0.4
29.937381 -81.23257199999999 0.0 0.4
29.929116999999998 -81.226839 0.0 0.4
29.911946999999998 -81.220866 0.0 0.4
29.901218999999998 -81.218031 0.0 0.4
29.890963 -81.214927 0.0 0.4
29.875611 -81.20938 0.0 0.4
29.86301 -81.207629 0.0 0.4
29.847986 -81.206276 0.0 0.4
29.835382 -81.20617 0.0 0.4
29.822433 -81.20517699999999 0.0 0.4
29.811511999999997 -81.20043299999999 0.0 0.4
29.801157 -81.1992 0.0 0.4
29.787038 -81.195088 0.0 0.4
29.768155999999998 -81.189221 0.0 0.4
29.753449 -81.18310799999999 0.0 0.4
29.739335999999998 -81.175794 0.0 0.4
29.728748 -81.170124 0.0 0.4
29.717489999999998 -81.16563 0.0 0.4
29.707466999999998 -81.163696 0.0 0.4
29.696286999999998 -81.160258 0.0 0.4
29.685198999999997 -81.155587 0.0 0.4
29.673237999999998 -81.151541 0.0 0.4
29.663031999999998 -81.14774899999999 0.0 0.4
29.651636999999997 -81.14265999999999 0.0 0.4
29.642037 -81.138863 0.0 0.4
29.632267 -81.134723 0.0 0.4
29.621043 -81.130388 0.0 0.4
29.609226999999997 -81.12522799999999 0.0 0.4
29.596729999999997 -81.11981399999999 0.0 0.4
29.58533 -81.11403399999999 0.0 0.4
29.573960999999997 -81.108716 0.0 0.4
29.562658 -81.103709 0.0 0.4
29.551696999999997 -81.097509 0.0 0.4
29.541103999999997 -81.091773 0.0 0.4
29.528862 -81.08518699999999 0.0 0.4
29.518366999999998 -81.080186 0.0 0.4
29.509099 -81.075926 0.0 0.4
29.499997999999998 -81.071587 0.0 0.4
29.482733 -81.063954 0.0 0.4
29.469312 -81.058021 0.0 0.4
29.458171 -81.053096 0.0 0.4
29.441996999999997 -81.045947 0.0 0.4
29.414392 -81.03702799999999 0.0 0.4
29.360183 -81.010995 0.0 0.4
29.342114 -81.002318 0.0 0.4
29.329193999999998 -80.995887 0.0 0.4
29.314753999999997 -80.988551 0.0 0.4
29.303597999999997 -80.982883 0.0 0.4
29.292375999999997 -80.977183 0.0 0.4
29.283016 -80.972428 0.0 0.4
29.266157999999997 -80.96386299999999 0.0 0.4
29.255701 -80.95855 0.0 0.4
29.24505 -80.95367399999999 0.0 0.4
29.229792999999997 -80.947491 0.0 0.4
29.215819 -80.941828 0.0 0.4
29.182367 -80.926279 0.0 0.4
29.171249999999997 -80.921019 0.0 0.4
29.144706 -80.906836 0.0 0.4
29.106430999999997 -80.875322 0.0 0.4
29.096932 -80.868678 0.0 0.4
29.088244 -80.862777 0.0 0.4
29.067095 -80.848413 0.0 0.4
29.058695999999998 -80.842815 0.0 0.4
29.046625 -80.834936 0.0 0.4
29.032895 -80.825974 0.0 0.4
29.013375999999997 -80.813233 0.0 0.4
29.003776 -80.806966 0.0 0.4
28.994069999999997 -80.800631 0.0 0.4
28.977237 -80.789643 0.0 0.4
28.947632 -80.770318 0.0 0.4
28.937763999999998 -80.763877 0.0 0.4
28.927362 -80.756813 0.0 0.4
28.917426 -80.750001 0.0 0.4
28.907887 -80.743664 0.0 0.4
28.88629 -80.729334 0.0 0.4
28.876133 -80.72258699999999 0.0 0.4
28.858117 -80.71015899999999 0.0 0.4
28.832794 -80.69264799999999 0.0 0.4
28.80747 -80.675135 0.0 0.4
28.790588 -80.663461 0.0 0.4
28.750268 -80.635573 0.0 0.4
28.735305 -80.62477 0.0 0.4
28.719433 -80.611465 0.0 0.4
28.625272 -80.536485 0.0 0.4
28.614524 -80.52684599999999 0.0 0.4
28.598785999999997 -80.51914099999999 0.0 0.4
28.587715 -80.515062 0.0 0.4
28.575232999999997 -80.511346 0.0 0.4
28.562776999999997 -80.508145 0.0 0.4
28.545288 -80.504941 0.0 0.4
28.533960999999998 -80.500001 0.0 0.4
28.508239 -80.48660799999999 0.0 0.4
28.492451 -80.478054 0.0 0.4
28.472329 -80.47055399999999 0.0 0.4
28.453097 -80.46938999999999 0.0 0.4
28.44341 -80.472338 0.0 0.4
28.434127999999998 -80.47622299999999 0.0 0.4
28.418352 -80.487674 0.0 0.4
28.409543 -80.499771 0.0 0.4
28.393912999999998 -80.516415 0.0 0.4
28.379579999999997 -80.52248999999999 0.0 0.4
28.369843999999997 -80.525082 0.0 0.4
28.358912 -80.527992 0.0 0.4
28.34769 -80.53097799999999 0.0 0.4
28.335703 -80.53417 0.0 0.4
28.322979 -80.53610499999999 0.0 0.4
28.31129 -80.537883 0.0 0.4
28.300663999999998 -80.53949899999999 0.0 0.4
28.289685 -80.541169 0.0 0.4
28.271948 -80.543868 0.0 0.4
28.260278999999997 -80.54111999999999 0.0 0.4
28.234173 -80.53417 0.0 0.4
28.213462 -80.529631 0.0 0.4
28.203656 -80.527481 0.0 0.4
28.187139 -80.52386 0.0 0.4
28.174682999999998 -80.521129 0.0 0.4
28.160542 -80.518029 0.0 0.4
28.150575 -80.515844 0.0 0.4
28.139409999999998 -80.513397 0.0 0.4
28.120662 -80.509287 0.0 0.4
28.099833999999998 -80.50472099999999 0.0 0.4
28.087044 -80.501918 0.0 0.4
28.07726 -80.49977299999999 0.0 0.4
28.062745 -80.492599 0.0 0.4
28.048475999999997 -80.485041 0.0 0.4
28.038800000000002 -80.47992099999999 0.0 0.4
28.026871 -80.474086 0.0 0.4
28.005305999999997 -80.463101 0.0 0.4
27.995016999999997 -80.457662 0.0 0.4
27.97918 -80.44902599999999 0.0 0.4
27.963673 -80.440741 0.0 0.4
27.941481999999997 -80.429011 0.0 0.4
27.923171 -80.418368 0.0 0.4
27.913687 -80.412902 0.0 0.4
27.901494999999997 -80.40601699999999 0.0 0.4
27.891467 -80.39943799999999 0.0 0.4
27.879887 -80.39403 0.0 0.4
27.868181999999997 -80.388471 0.0 0.4
27.85899 -80.383894 0.0 0.4
27.848827 -80.37886 0.0 0.4
27.839004 -80.37393 0.0 0.4
27.827113999999998 -80.36756199999999 0.0 0.4
27.792195999999997 -80.349575 0.0 0.4
27.77702 -80.341866 0.0 0.4
27.76492 -80.334999 0.0 0.4
27.750306 -80.328113 0.0 0.4
27.739127999999997 -80.324347 0.0 0.4
27.724864 -80.319542 0.0 0.4
27.710276999999998 -80.31477199999999 0.0 0.4
27.700032 -80.311422 0.0 0.4
27.687901999999998 -80.307605 0.0 0.4
27.673762999999997 -80.303338 0.0 0.4
27.662094 -80.298868 0.0 0.4
27.644793999999997 -80.29525699999999 0.0 0.4
27.62531 -80.284903 0.0 0.4
27.61472 -80.279443 0.0 0.4
27.598371 -80.274833 0.0 0.4
27.586707999999998 -80.272064 0.0 0.4
27.572903 -80.268546 0.0 0.4
27.557427999999998 -80.263751 0.0 0.4
27.537878 -80.25621799999999 0.0 0.4
27.527386999999997 -80.25245 0.0 0.4
27.513354999999997 -80.245862 0.0 0.4
27.504891999999998 -80.24000199999999 0.0 0.4
27.494721 -80.23313 0.0 0.4
27.482789 -80.229001 0.0 0.4
27.463116 -80.22796199999999 0.0 0.4
27.446956999999998 -80.22239499999999 0.0 0.4
27.436723999999998 -80.218231 0.0 0.4
27.424719 -80.213346 0.0 0.4
27.409896 -80.206042 0.0 0.4
27.397691 -80.20002699999999 0.0 0.4
27.380912 -80.19175899999999 0.0 0.4
27.352691999999998 -80.17912 0.0 0.4
27.330586999999998 -80.16946399999999 0.0 0.4
27.285276 -80.14844 0.0 0.4
27.262878999999998 -80.138049 0.0 0.4
27.251666999999998 -80.132848 0.0 0.4
27.241388999999998 -80.127898 0.0 0.4
27.220793 -80.11644199999999 0.0 0.4
27.211558 -80.11069499999999 0.0 0.4
27.192165 -80.10075599999999 0.0 0.4
27.18064 -80.095411 0.0 0.4
27.164583999999998 -80.094155 0.0 0.4
27.125328999999997 -80.080955 0.0 0.4
27.109817 -80.07332799999999 0.0 0.4
27.091603 -80.063385 0.0 0.4
27.064465 -80.05338499999999 0.0 0.4
27.029853 -80.039102 0.0 0.4
27.008633999999997 -80.033267 0.0 0.4
26.970392 -80.02275399999999 0.0 0.4
26.943845 -80.01488599999999 0.0 0.4
26.911177 -80.005203 0.0 0.4
26.892816999999997 -79.99976099999999 0.0 0.4
26.88223 -79.996596 0.0 0.4
26.866374 -79.991917 0.0 0.4
26.853009999999998 -79.98973 0.0 0.4
26.836633 -79.985314 0.0 0.4
26.814223 -79.979334 0.0 0.4
26.80025 -79.975425 0.0 0.4
26.786027999999998 -79.974857 0.0 0.4
26.77481 -79.97488 0.0 0.4
26.756294999999998 -79.97712899999999 0.0 0.4
26.740226999999997 -79.979024 0.0 0.4
26.726709 -79.979153 0.0 0.4
26.716078 -79.977582 0.0 0.4
26.702598 -79.974728 0.0 0.4
26.692089 -79.975721 0.0 0.4
26.677464 -79.979736 0.0 0.4
26.663629999999998 -79.980879 0.0 0.4
26.650273 -79.981303 0.0 0.4
26.638309999999997 -79.98117599999999 0.0 0.4
26.625345 -79.981297 0.0 0.4
26.604844 -79.980676 0.0 0.4
26.594624 -79.980722 0.0 0.4
26.584028 -79.981681 0.0 0.4
26.569246999999997 -79.98247599999999 0.0 0.4
26.553786 -79.98510999999999 0.0 0.4
26.537035 -79.98631 0.0 0.4
26.527264 -79.98854299999999 0.0 0.4
26.510005 -79.99293999999999 0.0 0.4
26.496064999999998 -79.995567 0.0 0.4
26.483708 -79.99692999999999 0.0 0.4
26.471142 -79.99976199999999 0.0 0.4
26.454531 -80.00253 0.0 0.4
26.432809 -80.006149 0.0 0.4
26.391126999999997 -80.01100000000001 0.0 0.4
26.362236 -80.01436199999999 0.0 0.4
26.350983 -80.014612 0.0 0.4
26.336456 -80.014933 0.0 0.4
26.320956 -80.015276 0.0 0.4
26.28878 -80.02208 0.0 0.4
26.27847 -80.02288 0.0 0.4
26.26558 -80.02373 0.0 0.4
26.25517 -80.02448 0.0 0.4
26.244519999999998 -80.02570999999999 0.0 0.4
26.23416 -80.02951999999999 0.0 0.4
26.223609999999997 -80.0318 0.0 0.4
26.213729999999998 -80.03466999999999 0.0 0.4
26.20348 -80.03645 0.0 0.4
26.19144 -80.03753999999999 0.0 0.4
26.18141 -80.03815999999999 0.0 0.4
26.17079 -80.04138999999999 0.0 0.4
26.16 -80.04261 0.0 0.4
26.143449999999998 -80.04572 0.0 0.4
26.132949999999997 -80.04720999999999 0.0 0.4
26.122519999999998 -80.04784 0.0 0.4
26.11038 -80.04861 0.0 0.4
26.10013 -80.04957 0.0 0.4
26.09011 -80.04954 0.0 0.4
26.080109999999998 -80.05176999999999 0.0 0.4
26.06437 -80.05525999999999 0.0 0.4
26.053539999999998 -80.05588 0.0 0.4
26.041700000000002 -80.05735 0.0 0.4
26.02993 -80.05825999999999 0.0 0.4
26.01575 -80.05930000000001 0.0 0.4
26.0032 -80.06027 0.0 0.4
25.99295 -80.06088 0.0 0.4
25.98197 -80.06214 0.0 0.4
25.97178 -80.06303 0.0 0.4
25.96052 -80.06303 0.0 0.4
25.94907 -80.06340999999999 0.0 0.4
25.93894 -80.06385 0.0 0.4
25.92757 -80.06303 0.0 0.4
25.91761 -80.06469 0.0 0.4
25.9063 -80.06388 0.0 0.4
25.89537 -80.0644 0.0 0.4
25.88515 -80.06545 0.0 0.4
25.874579999999998 -80.06473 0.0 0.4
25.863889999999998 -80.06411 0.0 0.4
25.853749999999998 -80.06287999999999 0.0 0.4
25.84337 -80.06339 0.0 0.4
25.83201 -80.06441 0.0 0.4
25.82037 -80.06512 0.0 0.4
25.80978 -80.06649 0.0 0.4
25.79939 -80.06748 0.0 0.4
25.78915 -80.07047 0.0 0.4
25.77928 -80.07262 0.0 0.4
25.768539999999998 -80.06979 0.0 0.4
25.7585 -80.06933 0.0 0.4
25.74858 -80.07110999999999 0.0 0.4
25.738329999999998 -80.07551 0.0 0.4
25.72993 -80.08158999999999 0.0 0.4
25.72111 -80.09178 0.0 0.4
25.70986 -80.09284 0.0 0.4
25.6995 -80.09373 0.0 0.4
25.68942 -80.09658 0.0 0.4
25.67946 -80.09813 0.0 0.4
25.668419999999998 -80.09787 0.0 0.4
25.657314 -80.100145 0.0 0.4
25.64613 -80.104 0.0 0.4
25.60663 -80.10777 0.0 0.4
25.59461 -80.10476 0.0 0.4
25.58438 -80.10477999999999 0.0 0.4
25.57394 -80.10381 0.0 0.4
25.56187 -80.104 0.0 0.4
25.55024 -80.10732999999999 0.0 0.4
25.540301 -80.111673 0.0 0.4
25.52978 -80.11469 0.0 0.4
25.519009999999998 -80.11032999999999 0.0 0.4
25.51098 -80.10307999999999 0.0 0.4
25.50192 -80.09787 0.0 0.4
25.489089999999997 -80.09431 0.0 0.4
25.475669999999997 -80.09456 0.0 0.4
25.463089999999998 -80.09837999999999 0.0 0.4
25.452109999999998 -80.10540999999999 0.0 0.4
25.44355 -80.11458999999999 0.0 0.4
25.437759999999997 -80.12437 0.0 0.4
25.433819999999997 -80.13537 0.0 0.4
25.42503 -80.14213 0.0 0.4
25.415239999999997 -80.14726 0.0 0.4
25.405279999999998 -80.14917 0.0 0.4
25.39466 -80.15290999999999 0.0 0.4
25.38573 -80.1581 0.0 0.4
25.37762 -80.16454999999999 0.0 0.4
25.370919999999998 -80.17244 0.0 0.4
25.36045 -80.17908 0.0 0.4
25.349529999999998 -80.18369 0.0 0.4
25.33851 -80.18531999999999 0.0 0.4
25.328149999999997 -80.18939 0.0 0.4
25.31943 -80.19533 0.0 0.4
25.31044 -80.20141 0.0 0.4
25.30274 -80.20809 0.0 0.4
25.29517 -80.21506 0.0 0.4
25.28727 -80.22191 0.0 0.4
25.27732 -80.22760000000001 0.0 0.4
25.267519999999998 -80.23313 0.0 0.4
25.25819 -80.23734 0.0 0.4
25.249689999999998 -80.24324 0.0 0.4
25.24139 -80.25036999999999 0.0 0.4
25.23334 -80.25765 0.0 0.4
25.224159999999998 -80.26253 0.0 0.4
25.214409999999997 -80.26729 0.0 0.4
25.2058 -80.2737 0.0 0.4
25.195639999999997 -80.28 0.0 0.4
25.187369999999998 -80.28591999999999 0.0 0.4
25.17672 -80.29200999999999 0.0 0.4
25.16434 -80.29500999999999 0.0 0.4
25.153084999999997 -80.299497 0.0 0.4
25.141889 -80.305286 0.0 0.4
25.130371 -80.312648 0.0 0.4
25.121351999999998 -80.318331 0.0 0.4
25.108767999999998 -80.327068 0.0 0.4
25.099202 -80.333321 0.0 0.4
25.0884 -80.341864 0.0 0.4
25.080413999999998 -80.349364 0.0 0.4
25.072902 -80.35777999999999 0.0 0.4
25.065293 -80.370751 0.0 0.4
25.059981999999998 -80.381315 0.0 0.4
25.053217999999998 -80.39026899999999 0.0 0.4
25.042946999999998 -80.390964 0.0 0.4
25.031164999999998 -80.394905 0.0 0.4
25.019685 -80.402551 0.0 0.4
25.010232 -80.412545 0.0 0.4
25.003641 -80.424146 0.0 0.4
25.000002 -80.435115 0.0 0.4
24.985674 -80.440179 0.0 0.4
24.973422 -80.445522 0.0 0.4
24.963697999999997 -80.45336499999999 0.0 0.4
24.955937 -80.462886 0.0 0.4
24.948428 -80.478081 0.0 0.4
24.94379 -80.496388 0.0 0.4
24.941442 -80.50823 0.0 0.4
24.933384999999998 -80.518254 0.0 0.4
24.923534 -80.525284 0.0 0.4
24.912733 -80.538164 0.0 0.4
24.906226999999998 -80.549846 0.0 0.4
24.902265999999997 -80.559145 0.0 0.4
24.897468999999997 -80.569949 0.0 0.4
24.890287999999998 -80.581516 0.0 0.4
24.883989999999997 -80.58966199999999 0.0 0.4
24.874999 -80.59675899999999 0.0 0.4
24.86826 -80.606152 0.0 0.4
24.860077999999998 -80.614582 0.0 0.4
24.850900000000003 -80.624782 0.0 0.4
24.838434 -80.640428 0.0 0.4
24.831402999999998 -80.65234199999999 0.0 0.4
24.825996999999997 -80.669544 0.0 0.4
24.820769 -80.680888 0.0 0.4
24.812625 -80.696379 0.0 0.4
24.804688 -80.708811 0.0 0.4
24.799685 -80.71945099999999 0.0 0.4
24.794893 -80.731156 0.0 0.4
24.788878 -80.745115 0.0 0.4
24.776152999999997 -80.756475 0.0 0.4
24.765957999999998 -80.771081 0.0 0.4
24.76126 -80.78337499999999 0.0 0.4
24.759324 -80.801369 0.0 0.4
24.761211 -80.812466 0.0 0.4
24.755177 -80.824114 0.0 0.4
24.750002 -80.83703899999999 0.0 0.4
24.748763999999998 -80.84978799999999 0.0 0.4
24.739662 -80.86135399999999 0.0 0.4
24.729135 -80.87499299999999 0.0 0.4
24.719683999999997 -80.88695799999999 0.0 0.4
24.714703 -80.900787 0.0 0.4
24.713022 -80.912988 0.0 0.4
24.708987999999998 -80.92378699999999 0.0 0.4
24.702202999999997 -80.933922 0.0 0.4
24.69623 -80.94525999999999 0.0 0.4
24.692836 -80.95711299999999 0.0 0.4
24.685916 -80.96735799999999 0.0 0.4
24.681428 -80.977767 0.0 0.4
24.673824 -80.98922 0.0 0.4
24.668912 -80.999792 0.0 0.4
24.666909 -81.011642 0.0 0.4
24.665349 -81.02208 0.0 0.4
24.654567999999998 -81.03011099999999 0.0 0.4
24.646527 -81.038634 0.0 0.4
24.64024 -81.047648 0.0 0.4
24.635863999999998 -81.059736 0.0 0.4
24.633415 -81.076246 0.0 0.4
24.632922999999998 -81.087226 0.0 0.4
24.633523 -81.102341 0.0 0.4
24.635679 -81.120618 0.0 0.4
24.638522 -81.130222 0.0 0.4
24.643064 -81.140851 0.0 0.4
24.644882 -81.15194 0.0 0.4
24.638344 -81.161981 0.0 0.4
24.633528 -81.172635 0.0 0.4
24.631276999999997 -81.18351899999999 0.0 0.4
24.630654999999997 -81.193787 0.0 0.4
24.631186 -81.204259 0.0 0.4
24.625422 -81.212566 0.0 0.4
24.61987 -81.225324 0.0 0.4
24.617158999999997 -81.23664 0.0 0.4
24.610519999999998 -81.24529 0.0 0.4
24.60363 -81.25447899999999 0.0 0.4
24.599234 -81.26462599999999 0.0 0.4
24.596617 -81.275924 0.0 0.4
24.595885 -81.28743 0.0 0.4
24.59463 -81.298008 0.0 0.4
24.591386 -81.310188 0.0 0.4
24.586938 -81.327523 0.0 0.4
24.58476 -81.337608 0.0 0.4
24.580257 -81.34930299999999 0.0 0.4
24.574479 -81.364457 0.0 0.4
24.571488 -81.37480099999999 0.0 0.4
24.569933 -81.385432 0.0 0.4
24.569758999999998 -81.39883499999999 0.0 0.4
24.569598 -81.41100899999999 0.0 0.4
24.568389 -81.42431499999999 0.0 0.4
24.560934 -81.43716599999999 0.0 0.4
24.555526 -81.451608 0.0 0.4
24.552854 -81.465088 0.0 0.4
24.554681 -81.479792 0.0 0.4
24.559037 -81.490509 0.0 0.4
24.561911 -81.501893 0.0 0.4
24.564757 -81.51461499999999 0.0 0.4
24.553279 -81.527852 0.0 0.4
24.540069 -81.522005 0.0 0.4
24.528658999999998 -81.519126 0.0 0.4
24.517248 -81.519086 0.0 0.4
24.507382999999997 -81.52179199999999 0.0 0.4
24.5 -81.528779 0.0 0.4
24.488455 -81.53777199999999 0.0 0.4
24.478030999999998 -81.551446 0.0 0.4
24.472777999999998 -81.56495699999999 0.0 0.4
24.471000999999998 -81.575346 0.0 0.4
24.471093999999997 -81.585826 0.0 0.4
24.461063 -81.596837 0.0 0.4
24.454307999999997 -81.610259 0.0 0.4
24.452109 -81.62005099999999 0.0 0.4
24.451145999999998 -81.63242199999999 0.0 0.4
24.445769 -81.643951 0.0 0.4
24.443714999999997 -81.65413199999999 0.0 0.4
24.440072999999998 -81.666279 0.0 0.4
24.439104999999998 -81.677419 0.0 0.4
24.435277 -81.68717699999999 0.0 0.4
24.432313999999998 -81.697199 0.0 0.4
24.429733 -81.71183099999999 0.0 0.4
24.430619999999998 -81.72864899999999 0.0 0.4
24.434032 -81.740748 0.0 0.4
24.438454 -81.749811 0.0 0.4
24.449643 -81.76286999999999 0.0 0.4
24.463238 -81.77020499999999 0.0 0.4
24.472735 -81.773685 0.0 0.4
24.486644 -81.773698 0.0 0.4
24.496872 -81.77080699999999 0.0 0.4
24.495026 -81.783838 0.0 0.4
24.478699 -81.78330799999999 0.0 0.4
24.460926999999998 -81.781807 0.0 0.4
24.439481999999998 -81.788985 0.0 0.4
24.427139999999998 -81.800697 0.0 0.4
24.417638999999998 -81.81352199999999 0.0 0.4
24.412516 -81.825481 0.0 0.4
24.407612999999998 -81.84104599999999 0.0 0.4
24.404719 -81.85930599999999 0.0 0.4
24.403143999999998 -81.874813 0.0 0.4
24.40457 -81.889275 0.0 0.4
24.400871 -81.902974 0.0 0.4
24.396307999999998 -81.92055599999999 0.0 0.4
24.396919 -81.934811 0.0 0.4
24.399348 -81.946441 0.0 0.4
24.405227 -81.95843699999999 0.0 0.4
24.411959 -81.96731799999999 0.0 0.4
24.420821999999998 -81.974468 0.0 0.4
24.431656 -81.97976799999999 0.0 0.4
24.445448 -81.98205399999999 0.0 0.4
24.456967 -81.980925 0.0 0.4
24.46799 -81.97671 0.0 0.4
24.473305999999997 -81.986396 0.0 0.4
24.475429 -81.99649199999999 0.0 0.4
24.476139999999997 -82.013803 0.0 0.4
24.48136 -82.031626 0.0 0.4
24.489375 -82.044065 0.0 0.4
24.496844 -82.051074 0.0 0.4
24.506228999999998 -82.055224 0.0 0.4
24.516842999999998 -82.060227 0.0 0.4
24.517671 -82.07233099999999 0.0 0.4
24.506124 -82.087586 0.0 0.4
24.499997999999998 -82.10033299999999 0.0 0.4
24.49878 -82.11043 0.0 0.4
24.497239999999998 -82.12172 0.0 0.4
24.497159999999997 -82.13185 0.0 0.4
24.49747 -82.14282999999999 0.0 0.4
24.496100000000002 -82.1541 0.0 0.4
24.49699 -82.16605 0.0 0.4
24.499409999999997 -82.1768 0.0 0.4
24.502789999999997 -82.18704 0.0 0.4
24.50778 -82.19608 0.0 0.4
24.514300000000002 -82.20421999999999 0.0 0.4
24.52263 -82.21130000000001 0.0 0.4
24.53417 -82.21728 0.0 0.4
24.54525 -82.22064999999999 0.0 0.4
24.557000000000002 -82.22229 0.0 0.4
24.567729999999997 -82.22158999999999 0.0 0.4
24.57826 -82.21831999999999 0.0 0.4
24.58373 -82.32650000000001 0.0 0.4
24.59753 -82.32328 0.0 0.4
24.6122 -82.31871 0.0 0.4
24.62331 -82.31443 0.0 0.4
24.63704 -82.30808999999999 0.0 0.4
24.65064 -82.30055 0.0 0.4
24.663729999999997 -82.29198 0.0 0.4
24.67624 -82.28242999999999 0.0 0.4
24.688109999999998 -82.27195999999999 0.0 0.4
24.698900000000002 -82.26277 0.0 0.4
24.707649999999997 -82.25376 0.0 0.4
24.71564 -82.24395 0.0 0.4
24.72282 -82.23340999999999 0.0 0.4
24.73029 -82.21991 0.0 0.4
24.73642 -82.20564 0.0 0.4
24.740479999999998 -82.19326 0.0 0.4
24.74353 -82.18052999999999 0.0 0.4
24.74523 -82.17018 0.0 0.4
24.74653 -82.15912999999999 0.0 0.4
24.74757 -82.14681 0.0 0.4
24.74802 -82.13033999999999 0.0 0.4
24.74711 -82.10976 0.0 0.4
24.74578 -82.09749 0.0 0.4
24.743859999999998 -82.0853 0.0 0.4
24.74137 -82.07325 0.0 0.4
24.73714 -82.05743 0.0 0.4
24.73332 -82.0458 0.0 0.4
24.728939999999998 -82.0344 0.0 0.4
24.72888 -82.02202 0.0 0.4
24.73415 -82.01301 0.0 0.4
24.738989999999998 -82.00371 0.0 0.4
24.74338 -81.99414999999999 0.0 0.4
24.74965 -81.97769 0.0 0.4
24.752779999999998 -81.96754 0.0 0.4
24.755409999999998 -81.95723 0.0 0.4
24.75755 -81.94680000000001 0.0 0.4
24.75919 -81.93624 0.0 0.4
24.761029999999998 -81.92548 0.0 0.4
24.76262 -81.91421 0.0 0.4
24.763479999999998 -81.90283 0.0 0.4
24.76772 -81.8862 0.0 0.4
24.77613 -81.87436 0.0 0.4
24.78523 -81.85646 0.0 0.4
24.795209999999997 -81.83627 0.0 0.4
24.80639 -81.81421 0.0 0.4
24.80951 -81.80357 0.0 0.4
24.81371 -81.79099 0.0 0.4
24.815379999999998 -81.77824 0.0 0.4
24.82875 -81.76187999999999 0.0 0.4
24.837500000000002 -81.74649 0.0 0.4
24.84704 -81.72753999999999 0.0 0.4
24.85162 -81.71472 0.0 0.4
24.85783 -81.70079 0.0 0.4
24.86293 -81.69158 0.0 0.4
24.87002 -81.680505 0.0 0.4
24.88067 -81.66510000000001 0.0 0.4
24.88957 -81.64806999999999 0.0 0.4
24.892737999999998 -81.638452 0.0 0.4
24.897219999999997 -81.62159 0.0 0.4
24.906969999999998 -81.6083 0.0 0.4
24.91273 -81.59944 0.0 0.4
24.923759999999998 -81.58131 0.0 0.4
24.93106 -81.56649 0.0 0.4
24.93711 -81.5556 0.0 0.4
24.94595 -81.53551 0.0 0.4
24.95122 -81.52573 0.0 0.4
24.95629 -81.51559 0.0 0.4
24.96072 -81.50496 0.0 0.4
24.96635 -81.48849 0.0 0.4
24.96887 -81.47426 0.0 0.4
24.97102 -81.46211 0.0 0.4
24.97334 -81.44304 0.0 0.4
24.975769999999997 -81.43199 0.0 0.4
24.97737 -81.42145 0.0 0.4
24.978289999999998 -81.41081 0.0 0.4
24.97854 -81.40014 0.0 0.4
24.9781 -81.38946 0.0 0.4
24.976979999999998 -81.37885 0.0 0.4
24.975189999999998 -81.36833999999999 0.0 0.4
24.972739999999998 -81.35801 0.0 0.4
24.9711 -81.3471 0.0 0.4
24.97271 -81.33534 0.0 0.4
24.97338 -81.32347 0.0 0.4
24.97721 -81.31353 0.0 0.4
24.980439999999998 -81.30323 0.0 0.4
24.982989999999997 -81.29270000000001 0.0 0.4
24.98488 -81.28200000000001 0.0 0.4
24.986079999999998 -81.27118 0.0 0.4
24.98659 -81.26030999999999 0.0 0.4
24.98639 -81.24941 0.0 0.4
24.985519999999998 -81.23855999999999 0.0 0.4
24.98394 -81.22780999999999 0.0 0.4
24.9817 -81.21719 0.0 0.4
24.97878 -81.20678 0.0 0.4
24.9752 -81.19662 0.0 0.4
24.97099 -81.18674999999999 0.0 0.4
24.96616 -81.17723 0.0 0.4
24.97638 -81.17479 0.0 0.4
24.98435 -81.18207 0.0 0.4
24.99282 -81.18757 0.0 0.4
24.99936 -81.1953 0.0 0.4
25.005979999999997 -81.20312 0.0 0.4
25.01342 -81.21000000000001 0.0 0.4
25.020889999999998 -81.21808999999999 0.0 0.4
25.02551 -81.22735 0.0 0.4
25.03101 -81.23679 0.0 0.4
25.03709 -81.24577 0.0 0.4
25.04372 -81.25426999999999 0.0 0.4
25.05088 -81.26225 0.0 0.4
25.05892 -81.27001 0.0 0.4
25.06662 -81.27645 0.0 0.4
25.075129999999998 -81.28262 0.0 0.4
25.08401 -81.28811999999999 0.0 0.4
25.09322 -81.29293 0.0 0.4
25.102719999999998 -81.29701 0.0 0.4
25.11244 -81.30037 0.0 0.4
25.12236 -81.30297 0.0 0.4
25.13242 -81.3048 0.0 0.4
25.140739999999997 -81.31054999999999 0.0 0.4
25.14932 -81.31581 0.0 0.4
25.15815 -81.32057999999999 0.0 0.4
25.17024 -81.32612 0.0 0.4
25.18266 -81.33073 0.0 0.4
25.192709999999998 -81.33417999999999 0.0 0.4
25.203000000000003 -81.33774 0.0 0.4
25.2135 -81.34048 0.0 0.4
25.224829999999997 -81.34230000000001 0.0 0.4
25.23713 -81.34295 0.0 0.4
25.249419999999997 -81.34243 0.0 0.4
25.26162 -81.34071999999999 0.0 0.4
25.27365 -81.33785999999999 0.0 0.4
25.285400000000003 -81.33384 0.0 0.4
25.32042 -81.32330999999999 0.0 0.4
25.339494 -81.318163 0.0 0.4
25.35155 -81.31491 0.0 0.4
25.3615 -81.31824999999999 0.0 0.4
25.37388 -81.32172 0.0 0.4
25.386409999999998 -81.32446 0.0 0.4
25.39499 -81.33046 0.0 0.4
25.40196 -81.33785999999999 0.0 0.4
25.40938 -81.34473 0.0 0.4
25.41722 -81.35101999999999 0.0 0.4
25.42755 -81.358 0.0 0.4
25.43839 -81.36395999999999 0.0 0.4
25.44965 -81.36887 0.0 0.4
25.46592 -81.37462 0.0 0.4
25.477639999999997 -81.37856 0.0 0.4
25.48732 -81.38207 0.0 0.4
25.49701 -81.38477 0.0 0.4
25.504389999999997 -81.39197 0.0 0.4
25.51317 -81.39972999999999 0.0 0.4
25.522309999999997 -81.40697 0.0 0.4
25.531779999999998 -81.41368 0.0 0.4
25.541549999999997 -81.41982999999999 0.0 0.4
25.5516 -81.42541 0.0 0.4
25.55548 -81.43563 0.0 0.4
25.559639999999998 -81.44474 0.0 0.4
25.565659999999998 -81.45564 0.0 0.4
25.572519999999997 -81.46592 0.0 0.4
25.58014 -81.47549 0.0 0.4
25.58851 -81.4843 0.0 0.4
25.59754 -81.49228 0.0 0.4
25.60716 -81.49934999999999 0.0 0.4
25.61731 -81.50549 0.0 0.4
25.6279 -81.51062 0.0 0.4
25.638849999999998 -81.51471 0.0 0.4
25.650100000000002 -81.51773999999999 0.0 0.4
25.659689999999998 -81.52642 0.0 0.4
25.6644 -81.53766 0.0 0.4
25.669639999999998 -81.54863 0.0 0.4
25.67538 -81.55927 0.0 0.4
25.68162 -81.56957 0.0 0.4
25.68454 -81.57968 0.0 0.4
25.68021 -81.59119 0.0 0.4
25.6768 -81.60307 0.0 0.4
25.67435 -81.61523 0.0 0.4
25.67287 -81.62759 0.0 0.4
25.672359999999998 -81.64005 0.0 0.4
25.672839999999997 -81.6525 0.0 0.4
25.67223 -81.66469 0.0 0.4
25.67239 -81.67672999999999 0.0 0.4
25.67333 -81.68871999999999 0.0 0.4
25.67501 -81.70062 0.0 0.4
25.677439999999997 -81.71235999999999 0.0 0.4
25.680600000000002 -81.72389 0.0 0.4
25.68449 -81.73513 0.0 0.4
25.689069999999997 -81.74606 0.0 0.4
25.694329999999997 -81.7566 0.0 0.4
25.70025 -81.76671999999999 0.0 0.4
25.706789999999998 -81.77636 0.0 0.4
25.713919999999998 -81.78546999999999 0.0 0.4
25.721619999999998 -81.79401 0.0 0.4
25.72982 -81.80194999999999 0.0 0.4
25.738519999999998 -81.80922 0.0 0.4
25.74765 -81.81582 0.0 0.4
25.75717 -81.82168999999999 0.0 0.4
25.767049999999998 -81.82682 0.0 0.4
25.79451 -81.84201999999999 0.0 0.4
25.802419999999998 -81.84922999999999 0.0 0.4
25.81195 -81.85688999999999 0.0 0.4
25.820500000000003 -81.86413 0.0 0.4
25.82948 -81.8707 0.0 0.4
25.83886 -81.87655 0.0 0.4
25.848589999999998 -81.88167 0.0 0.4
25.85861 -81.88602999999999 0.0 0.4
25.868879999999997 -81.88960999999999 0.0 0.4
25.87762 -81.89582999999999 0.0 0.4
25.88738 -81.90155999999999 0.0 0.4
25.9004 -81.90773 0.0 0.4
25.91022 -81.91136999999999 0.0 0.4
25.92202 -81.91469 0.0 0.4
25.93201 -81.91664 0.0 0.4
25.94426 -81.91799 0.0 0.4
25.95442 -81.91919 0.0 0.4
25.964879999999997 -81.92329 0.0 0.4
25.97484 -81.92730999999999 0.0 0.4
25.98427 -81.93258 0.0 0.4
25.99637 -81.93883 0.0 0.4
26.00574 -81.94328 0.0 0.4
26.015249999999998 -81.94727999999999 0.0 0.4
26.025309999999998 -81.95289 0.0 0.4
26.034779999999998 -81.95756 0.0 0.4
26.045209999999997 -81.96175 0.0 0.4
26.05766 -81.96553999999999 0.0 0.4
26.069589999999998 -81.96802 0.0 0.4
26.08165 -81.96942 0.0 0.4
26.09214 -81.96974999999999 0.0 0.4
26.10287 -81.97053 0.0 0.4
26.116878999999997 -81.972231 0.0 0.4
26.12868 -81.974 0.0 0.4
26.13947 -81.97734 0.0 0.4
26.15023 -81.97973999999999 0.0 0.4
26.161479999999997 -81.98129 0.0 0.4
26.173589999999997 -81.98191 0.0 0.4
26.18572 -81.98264999999999 0.0 0.4
26.20274 -81.98428 0.0 0.4
26.213179999999998 -81.98528999999999 0.0 0.4
26.227249999999998 -81.98795 0.0 0.4
26.23717 -81.99005 0.0 0.4
26.247149999999998 -81.99325 0.0 0.4
26.257749999999998 -81.99598999999999 0.0 0.4
26.276439999999997 -82.00195 0.0 0.4
26.28278 -82.01024 0.0 0.4
26.279059999999998 -82.02221 0.0 0.4
26.276249999999997 -82.03336999999999 0.0 0.4
26.27395 -82.04611 0.0 0.4
26.2725 -82.06039 0.0 0.4
26.271819999999998 -82.07336 0.0 0.4
26.27195 -82.08688 0.0 0.4
26.272489999999998 -82.09817 0.0 0.4
26.27367 -82.11034 0.0 0.4
26.27523 -82.12204 0.0 0.4
26.277849999999997 -82.13470000000001 0.0 0.4
26.28068 -82.14532 0.0 0.4
26.28456 -82.1576 0.0 0.4
26.288459999999997 -82.16932 0.0 0.4
26.29235 -82.17929 0.0 0.4
26.30136 -82.20009 0.0 0.4
26.30663 -82.21076 0.0 0.4
26.312739999999998 -82.22167999999999 0.0 0.4
26.318579999999997 -82.23062 0.0 0.4
26.32559 -82.23993999999999 0.0 0.4
26.335649999999998 -82.25148999999999 0.0 0.4
26.34192 -82.26232 0.0 0.4
26.348129999999998 -82.27223 0.0 0.4
26.354129999999998 -82.28054999999999 0.0 0.4
26.361439999999998 -82.28944 0.0 0.4
26.36854 -82.29724999999999 0.0 0.4
26.37765 -82.30590000000001 0.0 0.4
26.386300000000002 -82.31293 0.0 0.4
26.39507 -82.31948 0.0 0.4
26.40457 -82.3257 0.0 0.4
26.41501 -82.33194999999999 0.0 0.4
26.42465 -82.33691 0.0 0.4
26.439429999999998 -82.34326 0.0 0.4
26.449469999999998 -82.34706 0.0 0.4
26.46053 -82.35011 0.0 0.4
26.49145 -82.35705999999999 0.0 0.4
26.501569999999997 -82.35922 0.0 0.4
26.511129999999998 -82.36560999999999 0.0 0.4
26.519859999999998 -82.37101 0.0 0.4
26.529729999999997 -82.37626 0.0 0.4
26.54026 -82.38101999999999 0.0 0.4
26.54992 -82.3845 0.0 0.4
26.56166 -82.38772 0.0 0.4
26.57309 -82.38998 0.0 0.4
26.58253 -82.39634 0.0 0.4
26.590719999999997 -82.40229 0.0 0.4
26.60118 -82.40872999999999 0.0 0.4
26.61327 -82.41514 0.0 0.4
26.62343 -82.41980000000001 0.0 0.4
26.63428 -82.4244 0.0 0.4
26.64508 -82.42797999999999 0.0 0.4
26.658759999999997 -82.43114 0.0 0.4
26.66904 -82.43257 0.0 0.4
26.68265 -82.43324 0.0 0.4
26.69336 -82.43280999999999 0.0 0.4
26.705029999999997 -82.43155 0.0 0.4
26.71519 -82.43168 0.0 0.4
26.725929999999998 -82.43166 0.0 0.4
26.73615 -82.43157 0.0 0.4
26.74636 -82.43717 0.0 0.4
26.7569 -82.44189 0.0 0.4
26.76777 -82.44727999999999 0.0 0.4
26.77657 -82.45405 0.0 0.4
26.787429 -82.462012 0.0 0.4
26.79719 -82.47032 0.0 0.4
26.80631 -82.47785999999999 0.0 0.4
26.815759999999997 -82.48458 0.0 0.4
26.82932 -82.49436 0.0 0.4
26.83868 -82.50063 0.0 0.4
26.86695 -82.51751999999999 0.0 0.4
26.88198 -82.52699 0.0 0.4
26.892139999999998 -82.53408 0.0 0.4
26.90054 -82.53994 0.0 0.4
26.9098 -82.54579 0.0 0.4
26.925269999999998 -82.55404999999999 0.0 0.4
26.936429999999998 -82.5599 0.0 0.4
26.947314 -82.56585799999999 0.0 0.4
26.958019999999998 -82.5724 0.0 0.4
26.96856 -82.57992999999999 0.0 0.4
26.976989999999997 -82.58595 0.0 0.4
26.98558 -82.59164 0.0 0.4
27.0014 -82.60032 0.0 0.4
27.01186 -82.60485 0.0 0.4
27.023229999999998 -82.60967 0.0 0.4
27.03382 -82.61357 0.0 0.4
27.045 -82.61968 0.0 0.4
27.05471 -82.62460999999999 0.0 0.4
27.0665 -82.62946 0.0 0.4
27.077669999999998 -82.63298999999999 0.0 0.4
27.08773 -82.63530999999999 0.0 0.4
27.098499 -82.64143399999999 0.0 0.4
27.109969999999997 -82.64858 0.0 0.4
27.119709999999998 -82.65337 0.0 0.4
27.12925 -82.65751 0.0 0.4
27.139409999999998 -82.66158 0.0 0.4
27.148519999999998 -82.66732999999999 0.0 0.4
27.157259999999997 -82.67374 0.0 0.4
27.16395 -82.68160999999999 0.0 0.4
27.17121 -82.68986 0.0 0.4
27.17869 -82.69727 0.0 0.4
27.18674 -82.7044 0.0 0.4
27.19485 -82.71090000000001 0.0 0.4
27.20349 -82.71688 0.0 0.4
27.21332 -82.72246 0.0 0.4
27.22334 -82.72711 0.0 0.4
27.233439999999998 -82.73087 0.0 0.4
27.244259999999997 -82.73395 0.0 0.4
27.264519999999997 -82.75168 0.0 0.4
27.27264 -82.75886 0.0 0.4
27.280649999999998 -82.76507 0.0 0.4
27.28904 -82.77156 0.0 0.4
27.301949999999998 -82.78063999999999 0.0 0.4
27.31066 -82.78629 0.0 0.4
27.31795 -82.79552 0.0 0.4
27.328409999999998 -82.80757 0.0 0.4
27.33739 -82.81705 0.0 0.4
27.346149999999998 -82.82494 0.0 0.4
27.355719999999998 -82.8323 0.0 0.4
27.366049999999998 -82.83897999999999 0.0 0.4
27.374879999999997 -82.84376999999999 0.0 0.4
27.384809999999998 -82.84826 0.0 0.4
27.39624 -82.85233 0.0 0.4
27.40727 -82.85533 0.0 0.4
27.41845 -82.8597 0.0 0.4
27.428079999999998 -82.86628 0.0 0.4
27.438489999999998 -82.87612999999999 0.0 0.4
27.448629999999998 -82.88416 0.0 0.4
27.45702 -82.88982 0.0 0.4
27.46654 -82.89528 0.0 0.4
27.47739 -82.90092 0.0 0.4
27.487949999999998 -82.90558999999999 0.0 0.4
27.497989999999998 -82.90865 0.0 0.4
27.50913 -82.91297 0.0 0.4
27.51795 -82.918 0.0 0.4
27.52721 -82.92262 0.0 0.4
27.53899 -82.92733 0.0 0.4
27.55325 -82.93132 0.0 0.4
27.56635 -82.93348 0.0 0.4
27.58065 -82.93473 0.0 0.4
27.591084 -82.935149 0.0 0.4
27.603937 -82.93459899999999 0.0 0.4
27.616529999999997 -82.93284 0.0 0.4
27.63026 -82.929496 0.0 0.4
27.643138999999998 -82.92559 0.0 0.4
27.657709999999998 -82.91986 0.0 0.4
27.66893 -82.91641 0.0 0.4
27.679309999999997 -82.91552 0.0 0.4
27.688889999999997 -82.91920999999999 0.0 0.4
27.69655 -82.92580000000001 0.0 0.4
27.70487 -82.93612999999999 0.0 0.4
27.713739999999998 -82.94633 0.0 0.4
27.72429 -82.95688 0.0 0.4
27.733909999999998 -82.9655 0.0 0.4
27.743389999999998 -82.97267 0.0 0.4
27.754109999999997 -82.97949 0.0 0.4
27.766219999999997 -82.98702999999999 0.0 0.4
27.774739999999998 -82.99226999999999 0.0 0.4
27.7911 -83.00054 0.0 0.4
27.805439999999997 -83.00695 0.0 0.4
27.81564 -83.01044 0.0 0.4
27.83446 -83.01512 0.0 0.4
27.84442 -83.0173 0.0 0.4
27.85446 -83.01874 0.0 0.4
27.871865999999997 -83.02015899999999 0.0 0.4
27.88411 -83.02047 0.0 0.4
27.89592 -83.01979 0.0 0.4
27.90627 -83.01853 0.0 0.4
27.92158 -83.01604999999999 0.0 0.4
27.931649999999998 -83.01440000000001 0.0 0.4
27.949279999999998 -83.01078 0.0 0.4
27.965300000000003 -83.00670000000001 0.0 0.4
27.977600000000002 -83.00322 0.0 0.4
27.98807 -82.99938 0.0 0.4
28.005689999999998 -82.99757 0.0 0.4
28.0162 -82.99929 0.0 0.4
28.02687 -82.99924 0.0 0.4
28.03774 -83.00242 0.0 0.4
28.04873 -83.00562 0.0 0.4
28.06194 -83.00819 0.0 0.4
28.075149999999997 -83.00941 0.0 0.4
28.08657 -83.0095 0.0 0.4
28.09665 -83.0112 0.0 0.4
28.10729 -83.01261 0.0 0.4
28.11817 -83.01316 0.0 0.4
28.12924 -83.0128 0.0 0.4
28.13946 -83.01382 0.0 0.4
28.159329999999997 -83.01717 0.0 0.4
28.17098 -83.01875 0.0 0.4
28.18233 -83.0202 0.0 0.4
28.198909999999998 -83.02205 0.0 0.4
28.21138 -83.02235999999999 0.0 0.4
28.23135 -83.02024999999999 0.0 0.4
28.24645 -83.01697999999999 0.0 0.4
28.25609 -83.01398999999999 0.0 0.4
28.266379999999998 -83.00992 0.0 0.4
28.276049999999998 -83.00519 0.0 0.4
28.28541 -82.99971 0.0 0.4
28.295589999999997 -82.99257999999999 0.0 0.4
28.306089999999998 -82.98380999999999 0.0 0.4
28.315739999999998 -82.97417999999999 0.0 0.4
28.32474 -82.96349 0.0 0.4
28.3317 -82.95378 0.0 0.4
28.33956 -82.94072 0.0 0.4
28.3445 -82.93092 0.0 0.4
28.348779999999998 -82.92096 0.0 0.4
28.35326 -82.91049 0.0 0.4
28.35623 -82.90039 0.0 0.4
28.36517 -82.89493 0.0 0.4
28.3751 -82.89165 0.0 0.4
28.384649999999997 -82.88768999999999 0.0 0.4
28.396089999999997 -82.8832 0.0 0.4
28.406029999999998 -82.88006 0.0 0.4
28.41647 -82.87725999999999 0.0 0.4
28.4269 -82.87572999999999 0.0 0.4
28.43703 -82.87343 0.0 0.4
28.44847 -82.86955999999999 0.0 0.4
28.461479999999998 -82.86404999999999 0.0 0.4
28.47165 -82.85887 0.0 0.4
28.48361 -82.85663 0.0 0.4
28.49485 -82.85795 0.0 0.4
28.507559999999998 -82.85822999999999 0.0 0.4
28.51862 -82.85746999999999 0.0 0.4
28.53275 -82.85549 0.0 0.4
28.54724 -82.85158 0.0 0.4
28.55789 -82.84756 0.0 0.4
28.56873 -82.8424 0.0 0.4
28.581100000000003 -82.84525 0.0 0.4
28.58989 -82.85248 0.0 0.4
28.60101 -82.86018 0.0 0.4
28.615029999999997 -82.86791 0.0 0.4
28.62813 -82.87340999999999 0.0 0.4
28.637749999999997 -82.87648999999999 0.0 0.4
28.65399 -82.87997 0.0 0.4
28.666559999999997 -82.88256 0.0 0.4
28.68229 -82.88738 0.0 0.4
28.693213 -82.889544 0.0 0.4
28.70815 -82.89623 0.0 0.4
28.71754 -82.90196 0.0 0.4
28.727929999999997 -82.90723 0.0 0.4
28.744339999999998 -82.91535999999999 0.0 0.4
28.754209999999997 -82.91944 0.0 0.4
28.767129999999998 -82.9235 0.0 0.4
28.779249999999998 -82.92605999999999 0.0 0.4
28.7924 -82.92754 0.0 0.4
28.804000000000002 -82.92778 0.0 0.4
28.82096 -82.92625 0.0 0.4
28.831139999999998 -82.92426999999999 0.0 0.4
28.84097 -82.92157 0.0 0.4
28.853659999999998 -82.91687 0.0 0.4
28.86433 -82.92133 0.0 0.4
28.87331 -82.92716999999999 0.0 0.4
28.88798 -82.93485 0.0 0.4
28.89773 -82.93881999999999 0.0 0.4
28.9109 -82.94287 0.0 0.4
28.923379999999998 -82.94564 0.0 0.4
28.93477 -82.94688 0.0 0.4
28.946559999999998 -82.94712 0.0 0.4
28.957079999999998 -82.94644 0.0 0.4
28.958129999999997 -82.95870000000001 0.0 0.4
28.95345 -82.97255 0.0 0.4
28.95027 -82.98481 0.0 0.4
28.94782 -82.99792 0.0 0.4
28.94635 -83.01028 0.0 0.4
28.945359999999997 -83.02167 0.0 0.4
28.94502 -83.03237 0.0 0.4
28.945300000000003 -83.04388999999999 0.0 0.4
28.945639999999997 -83.05476 0.0 0.4
28.94539 -83.06484999999999 0.0 0.4
28.94589 -83.07847 0.0 0.4
28.946900000000003 -83.0892 0.0 0.4
28.948249999999998 -83.09960000000001 0.0 0.4
28.950249999999997 -83.11028 0.0 0.4
28.953249999999997 -83.12217 0.0 0.4
28.95752 -83.13532 0.0 0.4
28.964000000000002 -83.15075 0.0 0.4
28.96888 -83.16027 0.0 0.4
28.97806 -83.1755 0.0 0.4
28.98398 -83.18437 0.0 0.4
28.992525999999998 -83.195349 0.0 0.4
29.002229999999997 -83.20582999999999 0.0 0.4
29.01157 -83.21433999999999 0.0 0.4
29.019489999999998 -83.22055999999999 0.0 0.4
29.030264 -83.227188 0.0 0.4
29.040619999999997 -83.2342 0.0 0.4
29.053800000000003 -83.24273 0.0 0.4
29.063200000000002 -83.24766 0.0 0.4
29.072619999999997 -83.25201 0.0 0.4
29.084889999999998 -83.25702 0.0 0.4
29.09621 -83.26047 0.0 0.4
29.10672 -83.26274 0.0 0.4
29.119149999999998 -83.26431 0.0 0.4
29.1293 -83.26472 0.0 0.4
29.1398 -83.26431 0.0 0.4
29.151449999999997 -83.26286999999999 0.0 0.4
29.159200000000002 -83.26935 0.0 0.4
29.16614 -83.28174 0.0 0.4
29.172929999999997 -83.29198 0.0 0.4
29.18188 -83.30337999999999 0.0 0.4
29.190109999999997 -83.31228 0.0 0.4
29.199389999999998 -83.32086 0.0 0.4
29.20894 -83.32835 0.0 0.4
29.21913 -83.33509 0.0 0.4
29.230069999999998 -83.34106 0.0 0.4
29.241868 -83.346176 0.0 0.4
29.252039999999997 -83.34961 0.0 0.4
29.263019999999997 -83.35231999999999 0.0 0.4
29.273609999999998 -83.35403 0.0 0.4
29.284100000000002 -83.35488 0.0 0.4
29.29335 -83.36124 0.0 0.4
29.29842 -83.37214 0.0 0.4
29.305509999999998 -83.38486999999999 0.0 0.4
29.31327 -83.39735 0.0 0.4
29.320259999999998 -83.40688 0.0 0.4
29.326929999999997 -83.4148 0.0 0.4
29.334439999999997 -83.42262 0.0 0.4
29.34342 -83.43070999999999 0.0 0.4
29.351039999999998 -83.43941 0.0 0.4
29.3549 -83.44883 0.0 0.4
29.36083 -83.46127 0.0 0.4
29.36678 -83.47352 0.0 0.4
29.37321 -83.48673 0.0 0.4
29.378919999999997 -83.49656999999999 0.0 0.4
29.386809999999997 -83.50865 0.0 0.4
29.3934 -83.51731 0.0 0.4
29.40187 -83.52691999999999 0.0 0.4
29.41116 -83.53587999999999 0.0 0.4
29.42135 -83.54419 0.0 0.4
29.43115 -83.5509 0.0 0.4
29.4407 -83.55640000000001 0.0 0.4
29.450039999999998 -83.56087 0.0 0.4
29.462049999999998 -83.56545 0.0 0.4
29.47185 -83.56826 0.0 0.4
29.48179 -83.57030999999999 0.0 0.4
29.492749999999997 -83.57167 0.0 0.4
29.50536 -83.57243 0.0 0.4
29.51731 -83.57376 0.0 0.4
29.52984 -83.57583 0.0 0.4
29.542759999999998 -83.57929 0.0 0.4
29.553359999999998 -83.58113 0.0 0.4
29.563319999999997 -83.58207 0.0 0.4
29.5699 -83.59223 0.0 0.4
29.577109999999998 -83.60181999999999 0.0 0.4
29.584789999999998 -83.61063999999999 0.0 0.4
29.5915 -83.62053999999999 0.0 0.4
29.59501 -83.6312 0.0 0.4
29.59969 -83.64354 0.0 0.4
29.603949999999998 -83.65290999999999 0.0 0.4
29.60998 -83.66418999999999 0.0 0.4
29.617079999999998 -83.67539 0.0 0.4
29.624109999999998 -83.68489 0.0 0.4
29.635089999999998 -83.69731999999999 0.0 0.4
29.64405 -83.70577999999999 0.0 0.4
29.6523 -83.71249 0.0 0.4
29.66178 -83.71941 0.0 0.4
29.67176 -83.72561999999999 0.0 0.4
29.680719999999997 -83.73102 0.0 0.4
29.68921 -83.73662 0.0 0.4
29.698169999999998 -83.74168 0.0 0.4
29.708589999999997 -83.74655 0.0 0.4
29.71896 -83.75039 0.0 0.4
29.72918 -83.75327999999999 0.0 0.4
29.74062 -83.75551 0.0 0.4
29.750619999999998 -83.75679 0.0 0.4
29.76069 -83.76335999999999 0.0 0.4
29.77038 -83.76993999999999 0.0 0.4
29.780739999999998 -83.77579 0.0 0.4
29.790039999999998 -83.7809 0.0 0.4
29.798219999999997 -83.79061 0.0 0.4
29.80444 -83.80035 0.0 0.4
29.81019 -83.81329 0.0 0.4
29.81535 -83.82303 0.0 0.4
29.81996 -83.8327 0.0 0.4
29.82098 -83.84966 0.0 0.4
29.82268 -83.86216 0.0 0.4
29.82536 -83.87523999999999 0.0 0.4
29.82915 -83.8883 0.0 0.4
29.832919999999998 -83.8991 0.0 0.4
29.8369 -83.90866 0.0 0.4
29.841939999999997 -83.919 0.0 0.4
29.847800000000003 -83.92924 0.0 0.4
29.85346 -83.93784 0.0 0.4
29.85946 -83.94586 0.0 0.4
29.866539999999997 -83.9542 0.0 0.4
29.87568 -83.96342 0.0 0.4
29.886419999999998 -83.97264 0.0 0.4
29.892239999999997 -83.98523 0.0 0.4
29.8963 -83.99454 0.0 0.4
29.90081 -84.00478 0.0 0.4
29.90577 -84.01625 0.0 0.4
29.91114 -84.02669 0.0 0.4
29.91818 -84.03828999999999 0.0 0.4
29.92581 -84.0489 0.0 0.4
29.933629999999997 -84.0582 0.0 0.4
29.93937 -84.06772 0.0 0.4
29.93693 -84.07921999999999 0.0 0.4
29.9341 -84.08915999999999 0.0 0.4
29.930049999999998 -84.10141999999999 0.0 0.4
29.927229999999998 -84.11219 0.0 0.4
29.92496 -84.12356 0.0 0.4
29.922919999999998 -84.13956 0.0 0.4
29.92159 -84.15355 0.0 0.4
29.91019 -84.16149 0.0 0.4
29.89746 -84.16346999999999 0.0 0.4
29.88338 -84.16677 0.0 0.4
29.87133 -84.17023999999999 0.0 0.4
29.859969999999997 -84.17469 0.0 0.4
29.849500000000003 -84.17954999999999 0.0 0.4
29.83778 -84.1855 0.0 0.4
29.82818 -84.19143 0.0 0.4
29.816589999999998 -84.19959 0.0 0.4
29.808619999999998 -84.20615 0.0 0.4
29.79847 -84.21594999999999 0.0 0.4
29.78875 -84.22719 0.0 0.4
29.781769999999998 -84.23669 0.0 0.4
29.77621 -84.24517 0.0 0.4
29.76965 -84.25638 0.0 0.4
29.76454 -84.26666999999999 0.0 0.4
29.76005 -84.27732999999999 0.0 0.4
29.755409999999998 -84.29097 0.0 0.4
29.752219999999998 -84.30237 0.0 0.4
29.74946 -84.31488 0.0 0.4
29.74738 -84.32883 0.0 0.4
29.746119999999998 -84.34087 0.0 0.4
29.744139999999998 -84.35538 0.0 0.4
29.743375999999998 -84.365984 0.0 0.4
29.742929999999998 -84.38007999999999 0.0 0.4
29.743229999999997 -84.39126999999999 0.0 0.4
29.744239999999998 -84.40303 0.0 0.4
29.745949999999997 -84.41469 0.0 0.4
29.738159999999997 -84.42504 0.0 0.4
29.727739999999997 -84.43222 0.0 0.4
29.71814 -84.44008 0.0 0.4
29.70992 -84.44774 0.0 0.4
29.700719999999997 -84.45747 0.0 0.4
29.69204 -84.46835999999999 0.0 0.4
29.68557 -84.47784999999999 0.0 0.4
29.678 -84.49103 0.0 0.4
29.671809999999997 -84.50419 0.0 0.4
29.667019999999997 -84.51576999999999 0.0 0.4
29.66293 -84.5257 0.0 0.4
29.65746 -84.53854 0.0 0.4
29.65324 -84.54847 0.0 0.4
29.648529999999997 -84.56128 0.0 0.4
29.64526 -84.57181 0.0 0.4
29.64198 -84.58418999999999 0.0 0.4
29.636529999999997 -84.59331 0.0 0.4
29.629749999999998 -84.60074 0.0 0.4
29.619339999999998 -84.61282 0.0 0.4
29.607029999999998 -84.62769 0.0 0.4
29.594279999999998 -84.64202999999999 0.0 0.4
29.587049999999998 -84.65074 0.0 0.4
29.58064 -84.65943 0.0 0.4
29.574959999999997 -84.66775 0.0 0.4
29.56948 -84.67690999999999 0.0 0.4
29.56404 -84.68673 0.0 0.4
29.55716 -84.70057 0.0 0.4
29.552059999999997 -84.71055 0.0 0.4
29.546609999999998 -84.72274 0.0 0.4
29.54292 -84.73207 0.0 0.4
29.533659999999998 -84.75854 0.0 0.4
29.53079 -84.76813 0.0 0.4
29.526809999999998 -84.78385999999999 0.0 0.4
29.52205 -84.79732 0.0 0.4
29.516949999999998 -84.80703 0.0 0.4
29.510389999999997 -84.81895999999999 0.0 0.4
29.50074 -84.8365 0.0 0.4
29.49436 -84.84817 0.0 0.4
29.48932 -84.85767 0.0 0.4
29.48362 -84.86755 0.0 0.4
29.47827 -84.87841 0.0 0.4
29.4737 -84.88946 0.0 0.4
29.46982 -84.90062999999999 0.0 0.4
29.466109999999997 -84.91427999999999 0.0 0.4
29.46082 -84.93176 0.0 0.4
29.45761 -84.94229 0.0 0.4
29.45298 -84.95926 0.0 0.4
29.44754 -84.97773 0.0 0.4
29.444329999999997 -84.99015 0.0 0.4
29.441679999999998 -85.00077999999999 0.0 0.4
29.4384 -85.0198 0.0 0.4
29.43702 -85.03036999999999 0.0 0.4
29.436069999999997 -85.04478 0.0 0.4
29.43622 -85.06031999999999 0.0 0.4
29.43698 -85.07043 0.0 0.4
29.43853 -85.08211 0.0 0.4
29.44166 -85.09684 0.0 0.4
29.445259999999998 -85.1092 0.0 0.4
29.448739999999997 -85.11896 0.0 0.4
29.45328 -85.12957 0.0 0.4
29.46059 -85.14363 0.0 0.4
29.46701 -85.15391 0.0 0.4
29.473229999999997 -85.16252999999999 0.0 0.4
29.483269999999997 -85.17447 0.0 0.4
29.487109999999998 -85.18406999999999 0.0 0.4
29.49102 -85.19606999999999 0.0 0.4
29.49558 -85.20799 0.0 0.4
29.50041 -85.21879 0.0 0.4
29.50633 -85.23037 0.0 0.4
29.512169999999998 -85.24074 0.0 0.4
29.519669999999998 -85.25231 0.0 0.4
29.52459 -85.26177 0.0 0.4
29.51936 -85.27337 0.0 0.4
29.51506 -85.28501 0.0 0.4
29.511300000000002 -85.29776 0.0 0.4
29.508889999999997 -85.30839 0.0 0.4
29.506829999999997 -85.32101 0.0 0.4
29.5055 -85.33543 0.0 0.4
29.505209999999998 -85.34849 0.0 0.4
29.505589999999998 -85.35865 0.0 0.4
29.507009999999998 -85.37285 0.0 0.4
29.50905 -85.38454999999999 0.0 0.4
29.511779999999998 -85.39596999999999 0.0 0.4
29.51493 -85.40638 0.0 0.4
29.51933 -85.41823 0.0 0.4
29.523519999999998 -85.42806999999999 0.0 0.4
29.53006 -85.44089 0.0 0.4
29.53785 -85.45334 0.0 0.4
29.54439 -85.46213 0.0 0.4
29.551409999999997 -85.47088 0.0 0.4
29.561049999999998 -85.48114 0.0 0.4
29.56817 -85.48819 0.0 0.4
29.576079999999997 -85.49506 0.0 0.4
29.583879999999997 -85.50138 0.0 0.4
29.59294 -85.50845 0.0 0.4
29.61017 -85.52060999999999 0.0 0.4
29.618689999999997 -85.5262 0.0 0.4
29.62823 -85.53199 0.0 0.4
29.647019999999998 -85.54160999999999 0.0 0.4
29.67158 -85.55203999999999 0.0 0.4
29.68435 -85.55731999999999 0.0 0.4
29.69613 -85.56188999999999 0.0 0.4
29.71532 -85.56842999999999 0.0 0.4
29.72822 -85.57236999999999 0.0 0.4
29.744049999999998 -85.57667 0.0 0.4
29.7574 -85.57988999999999 0.0 0.4
29.78101 -85.58480999999999 0.0 0.4
29.79091 -85.58648 0.0 0.4
29.80266 -85.58800000000001 0.0 0.4
29.813129999999997 -85.58897999999999 0.0 0.4
29.824779999999997 -85.58958 0.0 0.4
29.835759999999997 -85.58968999999999 0.0 0.4
29.842889999999997 -85.59877 0.0 0.4
29.848219999999998 -85.60826999999999 0.0 0.4
29.854589999999998 -85.61804 0.0 0.4
29.86115 -85.62728 0.0 0.4
29.874859999999998 -85.64457 0.0 0.4
29.88983 -85.66217999999999 0.0 0.4
29.89764 -85.67066 0.0 0.4
29.905739999999998 -85.67951 0.0 0.4
29.926289999999998 -85.70082 0.0 0.4
29.934600000000003 -85.70864999999999 0.0 0.4
29.939059999999998 -85.7183 0.0 0.4
29.942529999999998 -85.72811999999999 0.0 0.4
29.946849999999998 -85.73929 0.0 0.4
29.955256 -85.758459 0.0 0.4
29.959600000000002 -85.76834 0.0 0.4
29.9659 -85.78148999999999 0.0 0.4
29.97083 -85.79074 0.0 0.4
29.977559999999997 -85.80251 0.0 0.4
29.98305 -85.81148999999999 0.0 0.4
29.989639999999998 -85.82132 0.0 0.4
29.995369999999998 -85.8304 0.0 0.4
30.00414 -85.8434 0.0 0.4
30.014419999999998 -85.85652999999999 0.0 0.4
30.02236 -85.86504 0.0 0.4
30.03079 -85.87286 0.0 0.4
30.03824 -85.88298999999999 0.0 0.4
30.045289999999998 -85.8935 0.0 0.4
30.051879999999997 -85.90520000000001 0.0 0.4
30.05745 -85.91457 0.0 0.4
30.064079999999997 -85.92613 0.0 0.4
30.07002 -85.93679 0.0 0.4
30.07517 -85.94662 0.0 0.4
30.08084 -85.95685 0.0 0.4
30.08582 -85.96596 0.0 0.4
30.090919999999997 -85.97592999999999 0.0 0.4
30.10327 -86.000123 0.0 0.4
30.10785 -86.0096 0.0 0.4
30.11317 -86.02138 0.0 0.4
30.11751 -86.03130999999999 0.0 0.4
30.123459999999998 -86.04576 0.0 0.4
30.12831 -86.05756 0.0 0.4
30.135189999999998 -86.07406999999999 0.0 0.4
30.139799 -86.0864 0.0 0.4
30.14754 -86.10745999999999 0.0 0.4
30.15409 -86.12568 0.0 0.4
30.15777 -86.13588999999999 0.0 0.4
30.16291 -86.1498 0.0 0.4
30.16997 -86.1738 0.0 0.4
30.17356 -86.18500999999999 0.0 0.4
30.17992 -86.20549 0.0 0.4
30.18356 -86.21806 0.0 0.4
30.188119999999998 -86.23241 0.0 0.4
30.195339999999998 -86.25801 0.0 0.4
30.198639999999997 -86.26988999999999 0.0 0.4
30.20209 -86.28108 0.0 0.4
30.20496 -86.29119 0.0 0.4
30.209400000000002 -86.30637999999999 0.0 0.4
30.211679999999998 -86.31667999999999 0.0 0.4
30.2147 -86.32822999999999 0.0 0.4
30.21841 -86.34465999999999 0.0 0.4
30.220319999999997 -86.35562999999999 0.0 0.4
30.22194 -86.36605 0.0 0.4
30.2237 -86.37593 0.0 0.4
30.225469999999998 -86.38770000000001 0.0 0.4
30.226955999999998 -86.39963999999999 0.0 0.4
24.629489 -83.108738 0.0 0.4
24.642554 -83.107106 0.0 0.4
24.657985999999998 -83.103521 0.0 0.4
24.670529 -83.099195 0.0 0.4
24.682678 -83.093687 0.0 0.4
24.692051 -83.088453 0.0 0.4
24.706080999999998 -83.078795 0.0 0.4
24.719834 -83.066756 0.0 0.4
24.73273 -83.05238299999999 0.0 0.4
24.74091 -83.041107 0.0 0.4
24.746793 -83.031555 0.0 0.4
24.754824 -83.02065999999999 0.0 0.4
24.764505999999997 -83.004768 0.0 0.4
24.771378 -82.990738 0.0 0.4
24.776052999999997 -82.979064 0.0 0.4
24.781648999999998 -82.960967 0.0 0.4
24.784962999999998 -82.945456 0.0 0.4
24.786718 -82.93285999999999 0.0 0.4
24.787665999999998 -82.920157 0.0 0.4
24.794446 -82.893408 0.0 0.4
24.798088999999997 -82.86888599999999 0.0 0.4
24.798755 -82.85025499999999 0.0 0.4
24.798204 -82.837834 0.0 0.4
24.799397 -82.824398 0.0 0.4
24.80041 -82.81005499999999 0.0 0.4
24.799906999999997 -82.789928 0.0 0.4
24.798173 -82.775669 0.0 0.4
24.793848999999998 -82.75609899999999 0.0 0.4
24.788434 -82.739893 0.0 0.4
24.780202 -82.72189499999999 0.0 0.4
24.773121999999997 -82.709779 0.0 0.4
24.763396999999998 -82.69620599999999 0.0 0.4
24.748513 -82.67997799999999 0.0 0.4
24.731710999999997 -82.66618299999999 0.0 0.4
24.713314999999998 -82.655082 0.0 0.4
24.688634999999998 -82.645331 0.0 0.4
24.670614999999998 -82.64137099999999 0.0 0.4
24.654913999999998 -82.63991399999999 0.0 0.4
24.641782 -82.640074 0.0 0.4
24.628712 -82.641492 0.0 0.4
24.615807 -82.64414699999999 0.0 0.4
24.605663999999997 -82.64714599999999 0.0 0.4
24.593297 -82.651983 0.0 0.4
24.583709 -82.65668199999999 0.0 0.4
24.583754 -82.793775 0.0 0.4
24.583761 -82.816272 0.0 0.4
24.583765 -82.828181 0.0 0.4
24.574462999999998 -82.837316 0.0 0.4
24.567601999999997 -82.848495 0.0 0.4
24.562984999999998 -82.863604 0.0 0.4
24.563378 -82.88505099999999 0.0 0.4
24.566665999999998 -82.895867 0.0 0.4
24.575972999999998 -82.91412199999999 0.0 0.4
24.569841999999998 -82.932628 0.0 0.4
24.568928 -82.943287 0.0 0.4
24.57146 -82.960264 0.0 0.4
24.575848 -82.97085899999999 0.0 0.4
24.583765 -82.982005 0.0 0.4
24.583917 -82.999742 0.0 0.4
24.476981 -82.999876 0.0 0.4
24.482319999999998 -83.01404699999999 0.0 0.4
24.489739 -83.02926 0.0 0.4
24.498572 -83.043551 0.0 0.4
24.505194 -83.05248499999999 0.0 0.4
24.516161 -83.064883 0.0 0.4
24.526166 -83.074213 0.0 0.4
24.536873 -83.08256 0.0 0.4
24.548206 -83.089854 0.0 0.4
24.564951999999998 -83.098193 0.0 0.4
24.579963 -83.103527 0.0 0.4
24.59021 -83.106113 0.0 0.4
24.611086 -83.108914 0.0 0.4
24.629489 -83.108738 0.0 0.4
