33.901719 -85.38658099999999 0.0 0.4
33.913031 -85.388784 0.0 0.4
33.927059 -85.39154099999999 0.0 0.4
33.939735999999996 -85.394035 0.0 0.4
33.950209 -85.396096 0.0 0.4
33.960243 -85.398072 0.0 0.4
33.982469 -85.402447 0.0 0.4
33.994779 -85.40487 0.0 0.4
34.015132 -85.409211 0.0 0.4
34.031756 -85.41242 0.0 0.4
34.049379 -85.415814 0.0 0.4
34.059961 -85.417852 0.0 0.4
34.072278 -85.420232 0.0 0.4
34.08333 -85.422328 0.0 0.4
34.106198 -85.426666 0.0 0.4
34.125096 -85.42947 0.0 0.4
34.13951 -85.432475 0.0 0.4
34.158077 -85.436382 0.0 0.4
34.168938 -85.438559 0.0 0.4
34.186637 -85.442109 0.0 0.4
34.197666999999996 -85.444305 0.0 0.4
34.210018 -85.446715 0.0 0.4
34.234283 -85.451601 0.0 0.4
34.24516 -85.453818 0.0 0.4
34.257574 -85.45638 0.0 0.4
34.267571 -85.45852699999999 0.0 0.4
34.282452 -85.46139099999999 0.0 0.4
34.293028 -85.463548 0.0 0.4
34.304269999999995 -85.465862 0.0 0.4
34.314341999999996 -85.467801 0.0 0.4
34.328053 -85.470415 0.0 0.4
34.344547999999996 -85.474024 0.0 0.4
34.363679999999995 -85.478134 0.0 0.4
34.375088999999996 -85.480527 0.0 0.4
34.392938 -85.484369 0.0 0.4
34.402915 -85.486547 0.0 0.4
34.412789 -85.488683 0.0 0.4
34.425934999999996 -85.4916 0.0 0.4
34.440435 -85.494844 0.0 0.4
34.450427999999995 -85.497089 0.0 0.4
34.462119 -85.49971699999999 0.0 0.4
34.472936 -85.50205 0.0 0.4
34.484358 -85.50450099999999 0.0 0.4
34.494690999999996 -85.506767 0.0 0.4
34.505252 -85.50912199999999 0.0 0.4
34.516104999999996 -85.511504 0.0 0.4
34.526274 -85.514124 0.0 0.4
34.536439 -85.51596099999999 0.0 0.4
34.547093 -85.51807099999999 0.0 0.4
34.556883 -85.520226 0.0 0.4
34.569798999999996 -85.523083 0.0 0.4
34.581970999999996 -85.525775 0.0 0.4
34.606893 -85.530796 0.0 0.4
34.622377 -85.533802 0.0 0.4
34.635191 -85.53654399999999 0.0 0.4
34.647891 -85.53933099999999 0.0 0.4
34.659929999999996 -85.541956 0.0 0.4
34.67763 -85.54583099999999 0.0 0.4
34.689261 -85.548377 0.0 0.4
34.699963 -85.550709 0.0 0.4
34.71021 -85.552891 0.0 0.4
34.730571999999995 -85.557248 0.0 0.4
34.749587999999996 -85.56131099999999 0.0 0.4
34.762682999999996 -85.563935 0.0 0.4
34.774144 -85.566226 0.0 0.4
34.805889 -85.57257 0.0 0.4
34.820724 -85.575535 0.0 0.4
34.834598 -85.578216 0.0 0.4
34.846446 -85.58048199999999 0.0 0.4
34.859525999999995 -85.582983 0.0 0.4
34.870902 -85.585129 0.0 0.4
34.881333999999995 -85.58702699999999 0.0 0.4
34.891877 -85.589103 0.0 0.4
34.903179 -85.591145 0.0 0.4
34.913467 -85.592985 0.0 0.4
34.924171 -85.595163 0.0 0.4
34.941494999999996 -85.598225 0.0 0.4
34.951766 -85.599385 0.0 0.4
34.963847 -85.601507 0.0 0.4
34.977055 -85.603826 0.0 0.4
34.984558 -85.59594299999999 0.0 0.4
34.984291999999996 -85.575559 0.0 0.4
34.984066999999996 -85.55819699999999 0.0 0.4
34.983832 -85.540129 0.0 0.4
34.983624999999996 -85.524221 0.0 0.4
34.983498 -85.514202 0.0 0.4
34.983366 -85.503294 0.0 0.4
34.983134 -85.488862 0.0 0.4
34.983039999999995 -85.476263 0.0 0.4
34.982971 -85.465901 0.0 0.4
34.983005999999996 -85.453205 0.0 0.4
34.982969 -85.437072 0.0 0.4
34.982927 -85.426817 0.0 0.4
34.982988 -85.415544 0.0 0.4
34.98296 -85.402171 0.0 0.4
34.982965 -85.39164099999999 0.0 0.4
34.983035 -85.379718 0.0 0.4
34.983211 -85.369126 0.0 0.4
34.983503 -85.358554 0.0 0.4
34.983596999999996 -85.34837 0.0 0.4
34.983934999999995 -85.334925 0.0 0.4
34.98409 -85.32448099999999 0.0 0.4
34.984262 -85.31421 0.0 0.4
34.984469 -85.30142099999999 0.0 0.4
34.984775 -85.289856 0.0 0.4
34.984947 -85.278241 0.0 0.4
34.985164 -85.267251 0.0 0.4
34.985152 -85.257021 0.0 0.4
34.985348 -85.24663199999999 0.0 0.4
34.985818 -85.236069 0.0 0.4
34.985496999999995 -85.22539599999999 0.0 0.4
34.985675 -85.212391 0.0 0.4
34.985864 -85.201675 0.0 0.4
34.985896 -85.19142 0.0 0.4
34.986075 -85.18088 0.0 0.4
34.986073999999995 -85.166506 0.0 0.4
34.986284 -85.155064 0.0 0.4
34.986357 -85.14460799999999 0.0 0.4
34.986489 -85.13347 0.0 0.4
34.986509 -85.12300499999999 0.0 0.4
34.986554 -85.11262099999999 0.0 0.4
34.986571 -85.102105 0.0 0.4
34.986641 -85.086109 0.0 0.4
34.986641999999996 -85.069283 0.0 0.4
34.986685 -85.05919899999999 0.0 0.4
34.986827999999996 -85.04777399999999 0.0 0.4
34.986987 -85.03769199999999 0.0 0.4
34.987083 -85.02574 0.0 0.4
34.987296 -85.012924 0.0 0.4
34.987474999999996 -85.001207 0.0 0.4
34.987609 -84.986646 0.0 0.4
34.987680999999995 -84.97406 0.0 0.4
34.98775 -84.96240399999999 0.0 0.4
34.987924 -84.951583 0.0 0.4
34.987893 -84.94156799999999 0.0 0.4
34.987902999999996 -84.93086 0.0 0.4
34.987905999999995 -84.920029 0.0 0.4
34.987866 -84.909302 0.0 0.4
34.988166 -84.894193 0.0 0.4
34.987873 -84.88411599999999 0.0 0.4
34.987828 -84.86504599999999 0.0 0.4
34.987753999999995 -84.852853 0.0 0.4
34.987947999999996 -84.83574399999999 0.0 0.4
34.987883 -84.824646 0.0 0.4
34.987637 -84.811833 0.0 0.4
34.987680999999995 -84.797831 0.0 0.4
34.987807 -84.784204 0.0 0.4
34.98798 -84.76548799999999 0.0 0.4
34.988123 -84.750029 0.0 0.4
34.987833 -84.738644 0.0 0.4
34.988124 -84.728191 0.0 0.4
34.988081 -84.718108 0.0 0.4
34.988113999999996 -84.70741 0.0 0.4
34.988149 -84.69498899999999 0.0 0.4
34.988182 -84.683392 0.0 0.4
34.988109 -84.67316799999999 0.0 0.4
34.988092 -84.659858 0.0 0.4
34.988034 -84.642366 0.0 0.4
34.987998999999995 -84.63141999999999 0.0 0.4
34.988326 -84.618155 0.0 0.4
34.988316999999995 -84.606032 0.0 0.4
34.988292 -84.59562299999999 0.0 0.4
34.988315 -84.585574 0.0 0.4
34.988279 -84.575497 0.0 0.4
34.988265 -84.560239 0.0 0.4
34.988186999999996 -84.549686 0.0 0.4
34.988141999999996 -84.536352 0.0 0.4
34.988091 -84.521384 0.0 0.4
34.988022 -84.51106 0.0 0.4
34.988043 -84.500214 0.0 0.4
34.988167 -84.488389 0.0 0.4
34.988118 -84.46667699999999 0.0 0.4
34.988118 -84.455255 0.0 0.4
34.988106 -84.44519 0.0 0.4
34.98809 -84.434862 0.0 0.4
34.988065999999996 -84.419831 0.0 0.4
34.988047 -84.408569 0.0 0.4
34.988034 -84.398427 0.0 0.4
34.988014 -84.38791599999999 0.0 0.4
34.987986 -84.377382 0.0 0.4
34.988258 -84.367351 0.0 0.4
34.988245 -84.35570899999999 0.0 0.4
34.988275 -84.34544799999999 0.0 0.4
34.988381 -84.33272099999999 0.0 0.4
34.988408 -84.32186899999999 0.0 0.4
34.988422 -84.311649 0.0 0.4
34.988431999999996 -84.30116 0.0 0.4
34.988431 -84.291055 0.0 0.4
34.988439 -84.28063 0.0 0.4
34.988451 -84.269696 0.0 0.4
34.988448 -84.259121 0.0 0.4
34.988417999999996 -84.24852899999999 0.0 0.4
34.988026 -84.23823399999999 0.0 0.4
34.987905 -84.226998 0.0 0.4
34.987877 -84.216968 0.0 0.4
34.987851 -84.206364 0.0 0.4
34.987803 -84.196219 0.0 0.4
34.987762 -84.185902 0.0 0.4
34.987731 -84.175236 0.0 0.4
34.987671999999996 -84.165089 0.0 0.4
34.987637 -84.15507 0.0 0.4
34.987601999999995 -84.144887 0.0 0.4
34.98755 -84.134732 0.0 0.4
34.987556 -84.124212 0.0 0.4
34.987493 -84.113748 0.0 0.4
34.987452 -84.103498 0.0 0.4
34.987411 -84.092266 0.0 0.4
34.987372 -84.082116 0.0 0.4
34.987325 -84.071524 0.0 0.4
34.987238999999995 -84.06034799999999 0.0 0.4
34.98717 -84.04997 0.0 0.4
34.987097 -84.039732 0.0 0.4
34.987037 -84.029636 0.0 0.4
34.987068 -84.019052 0.0 0.4
34.98714 -84.008844 0.0 0.4
34.987238999999995 -83.988191 0.0 0.4
34.987327 -83.976438 0.0 0.4
34.987348 -83.96631099999999 0.0 0.4
34.987339 -83.956305 0.0 0.4
34.987446 -83.946247 0.0 0.4
34.987553999999996 -83.935763 0.0 0.4
34.987351 -83.92373099999999 0.0 0.4
34.987176 -83.91337 0.0 0.4
34.987097 -83.903263 0.0 0.4
34.987158 -83.89305 0.0 0.4
34.987252999999995 -83.882966 0.0 0.4
34.98733 -83.872559 0.0 0.4
34.987334 -83.862201 0.0 0.4
34.987333 -83.85109299999999 0.0 0.4
34.987339999999996 -83.840482 0.0 0.4
34.987341 -83.82979 0.0 0.4
34.987339999999996 -83.819428 0.0 0.4
34.987544 -83.809195 0.0 0.4
34.98758 -83.79869099999999 0.0 0.4
34.987595999999996 -83.788539 0.0 0.4
34.987623 -83.77734 0.0 0.4
34.987708 -83.766425 0.0 0.4
34.987787 -83.756303 0.0 0.4
34.9878 -83.74600199999999 0.0 0.4
34.987702999999996 -83.735722 0.0 0.4
34.987604 -83.72560299999999 0.0 0.4
34.98747 -83.714501 0.0 0.4
34.987347 -83.704408 0.0 0.4
34.987207999999995 -83.693895 0.0 0.4
34.987057 -83.683562 0.0 0.4
34.986982 -83.673177 0.0 0.4
34.986881 -83.662977 0.0 0.4
34.98682 -83.652124 0.0 0.4
34.986764 -83.640503 0.0 0.4
34.986686999999996 -83.630336 0.0 0.4
34.986669 -83.61995 0.0 0.4
34.992142 -83.61043699999999 0.0 0.4
34.992166999999995 -83.600267 0.0 0.4
34.992225999999995 -83.589743 0.0 0.4
34.99229 -83.577458 0.0 0.4
34.992357999999996 -83.567336 0.0 0.4
34.992379 -83.556743 0.0 0.4
34.992428 -83.54643 0.0 0.4
34.992534 -83.536383 0.0 0.4
34.992639 -83.526337 0.0 0.4
34.992768 -83.514752 0.0 0.4
34.992864 -83.504595 0.0 0.4
34.993030999999995 -83.49445999999999 0.0 0.4
34.993269999999995 -83.484303 0.0 0.4
34.993449999999996 -83.473252 0.0 0.4
34.993614 -83.462553 0.0 0.4
34.993772 -83.45232399999999 0.0 0.4
34.993938 -83.44180899999999 0.0 0.4
34.9941 -83.431434 0.0 0.4
34.994275 -83.42020000000001 0.0 0.4
34.994451 -83.40885399999999 0.0 0.4
34.994623 -83.397674 0.0 0.4
34.994796 -83.386324 0.0 0.4
34.99496 -83.375518 0.0 0.4
34.995232 -83.363432 0.0 0.4
34.99546 -83.353358 0.0 0.4
34.995588 -83.34244199999999 0.0 0.4
34.995712 -83.331988 0.0 0.4
34.995900999999996 -83.321854 0.0 0.4
34.996085 -83.31168 0.0 0.4
34.996235999999996 -83.30161799999999 0.0 0.4
34.996612 -83.288935 0.0 0.4
34.996874 -83.27891799999999 0.0 0.4
34.997206999999996 -83.26763799999999 0.0 0.4
34.99752 -83.25722499999999 0.0 0.4
34.997817999999995 -83.247147 0.0 0.4
34.998112 -83.235908 0.0 0.4
34.998397 -83.22514799999999 0.0 0.4
34.998667999999995 -83.21464 0.0 0.4
34.998978 -83.202595 0.0 0.4
34.999261 -83.191553 0.0 0.4
34.99953 -83.181001 0.0 0.4
34.999845 -83.168632 0.0 0.4
35.000119999999995 -83.15775699999999 0.0 0.4
35.000423999999995 -83.14571099999999 0.0 0.4
35.000735999999996 -83.13333 0.0 0.4
35.001045999999995 -83.120949 0.0 0.4
35.001303 -83.11061 0.0 0.4
34.995815 -83.102249 0.0 0.4
34.985825 -83.104233 0.0 0.4
34.979552999999996 -83.112045 0.0 0.4
34.97014 -83.11859 0.0 0.4
34.960308 -83.115929 0.0 0.4
34.950424 -83.11400599999999 0.0 0.4
34.954558999999996 -83.123238 0.0 0.4
34.944161 -83.12289 0.0 0.4
34.937959 -83.11397699999999 0.0 0.4
34.936039 -83.12387799999999 0.0 0.4
34.930329 -83.132359 0.0 0.4
34.924717 -83.140877 0.0 0.4
34.928506 -83.15073799999999 0.0 0.4
34.92123 -83.15770499999999 0.0 0.4
34.919554999999995 -83.167733 0.0 0.4
34.911392 -83.173637 0.0 0.4
34.904334999999996 -83.180962 0.0 0.4
34.897568 -83.188881 0.0 0.4
34.891266 -83.196754 0.0 0.4
34.883083 -83.202614 0.0 0.4
34.88261 -83.212891 0.0 0.4
34.878724 -83.22223699999999 0.0 0.4
34.877849999999995 -83.23220099999999 0.0 0.4
34.877808 -83.242599 0.0 0.4
34.871097999999996 -83.235123 0.0 0.4
34.866437 -83.244282 0.0 0.4
34.856533 -83.246361 0.0 0.4
34.849173 -83.253829 0.0 0.4
34.849059 -83.26432199999999 0.0 0.4
34.840579999999996 -83.270479 0.0 0.4
34.830051 -83.26724999999999 0.0 0.4
34.819714 -83.269626 0.0 0.4
34.818844 -83.28025799999999 0.0 0.4
34.824646 -83.288422 0.0 0.4
34.816359999999996 -83.294029 0.0 0.4
34.817589 -83.304131 0.0 0.4
34.808426 -83.299477 0.0 0.4
34.801356999999996 -83.307632 0.0 0.4
34.794993999999996 -83.316467 0.0 0.4
34.788575 -83.324203 0.0 0.4
34.778919 -83.32122799999999 0.0 0.4
34.768837 -83.320419 0.0 0.4
34.758742999999996 -83.319301 0.0 0.4
34.751357999999996 -83.326202 0.0 0.4
34.744932 -83.33417299999999 0.0 0.4
34.738361 -83.342094 0.0 0.4
34.732689 -83.350426 0.0 0.4
34.722477999999995 -83.35319799999999 0.0 0.4
34.712641 -83.351006 0.0 0.4
34.703520999999995 -83.346779 0.0 0.4
34.694065 -83.343391 0.0 0.4
34.683856999999996 -83.34171099999999 0.0 0.4
34.681312999999996 -83.331604 0.0 0.4
34.677543 -83.321463 0.0 0.4
34.669036999999996 -83.3155 0.0 0.4
34.669561 -83.30464099999999 0.0 0.4
34.660596 -83.29898299999999 0.0 0.4
34.653396 -83.29168299999999 0.0 0.4
34.649696 -83.282082 0.0 0.4
34.643096 -83.274282 0.0 0.4
34.640592 -83.263937 0.0 0.4
34.637096 -83.254481 0.0 0.4
34.629716 -83.247385 0.0 0.4
34.620497 -83.242381 0.0 0.4
34.613096999999996 -83.23468 0.0 0.4
34.610310999999996 -83.224674 0.0 0.4
34.610904999999995 -83.211598 0.0 0.4
34.608796999999996 -83.20097899999999 0.0 0.4
34.604954 -83.191745 0.0 0.4
34.607397999999996 -83.18167799999999 0.0 0.4
34.607797999999995 -83.171678 0.0 0.4
34.603998 -83.16237699999999 0.0 0.4
34.598797999999995 -83.17097799999999 0.0 0.4
34.590398 -83.16447699999999 0.0 0.4
34.588198 -83.154577 0.0 0.4
34.578998999999996 -83.158677 0.0 0.4
34.575998999999996 -83.148977 0.0 0.4
34.569299 -83.140776 0.0 0.4
34.560399 -83.135976 0.0 0.4
34.561599 -83.125776 0.0 0.4
34.552338 -83.121894 0.0 0.4
34.549385 -83.11231599999999 0.0 0.4
34.541171999999996 -83.10620999999999 0.0 0.4
34.531967 -83.101669 0.0 0.4
34.532233999999995 -83.09073599999999 0.0 0.4
34.526986 -83.080438 0.0 0.4
34.518513 -83.08584599999999 0.0 0.4
34.5103 -83.077743 0.0 0.4
34.502804 -83.07051799999999 0.0 0.4
34.503189 -83.059799 0.0 0.4
34.495326 -83.05286 0.0 0.4
34.489899 -83.04426699999999 0.0 0.4
34.484003 -83.035155 0.0 0.4
34.482169999999996 -83.02474099999999 0.0 0.4
34.477819 -83.015489 0.0 0.4
34.4727 -82.999847 0.0 0.4
34.479258 -82.992232 0.0 0.4
34.482681 -82.98092799999999 0.0 0.4
34.481197 -82.97095 0.0 0.4
34.482095 -82.960781 0.0 0.4
34.479811 -82.95094499999999 0.0 0.4
34.485911 -82.942858 0.0 0.4
34.48597 -82.93262399999999 0.0 0.4
34.481919 -82.923129 0.0 0.4
34.484969 -82.913484 0.0 0.4
34.486428 -82.903369 0.0 0.4
34.481981999999995 -82.894105 0.0 0.4
34.47826 -82.884768 0.0 0.4
34.469 -82.88064399999999 0.0 0.4
34.462795 -82.872751 0.0 0.4
34.45897 -82.863343 0.0 0.4
34.44887 -82.858761 0.0 0.4
34.439112 -82.855014 0.0 0.4
34.428818 -82.854011 0.0 0.4
34.420846 -82.847917 0.0 0.4
34.410264 -82.846599 0.0 0.4
34.399122999999996 -82.84149099999999 0.0 0.4
34.388656999999995 -82.84040999999999 0.0 0.4
34.375088 -82.835488 0.0 0.4
34.364309999999996 -82.833742 0.0 0.4
34.359634 -82.824079 0.0 0.4
34.353908 -82.815641 0.0 0.4
34.348217999999996 -82.807313 0.0 0.4
34.342368 -82.79916 0.0 0.4
34.334491 -82.792823 0.0 0.4
34.32441 -82.79136299999999 0.0 0.4
34.314814999999996 -82.78851999999999 0.0 0.4
34.305721 -82.784049 0.0 0.4
34.296014 -82.780327 0.0 0.4
34.288509 -82.773095 0.0 0.4
34.281788 -82.765182 0.0 0.4
34.276558 -82.756126 0.0 0.4
34.269152 -82.74923199999999 0.0 0.4
34.259081 -82.746299 0.0 0.4
34.249054 -82.743156 0.0 0.4
34.236236999999996 -82.743141 0.0 0.4
34.225925 -82.744354 0.0 0.4
34.21488 -82.741779 0.0 0.4
34.203737 -82.73825599999999 0.0 0.4
34.194519 -82.73254399999999 0.0 0.4
34.183067 -82.73198699999999 0.0 0.4
34.172889999999995 -82.728111 0.0 0.4
34.164471 -82.72261 0.0 0.4
34.154277 -82.718773 0.0 0.4
34.145834 -82.711957 0.0 0.4
34.140212 -82.702049 0.0 0.4
34.138293 -82.69038599999999 0.0 0.4
34.132655 -82.679723 0.0 0.4
34.125333 -82.671869 0.0 0.4
34.116219 -82.667641 0.0 0.4
34.107872 -82.661934 0.0 0.4
34.100944 -82.65465499999999 0.0 0.4
34.096187 -82.645545 0.0 0.4
34.087329 -82.640169 0.0 0.4
34.078609 -82.64525499999999 0.0 0.4
34.068894 -82.641488 0.0 0.4
34.065532 -82.63192 0.0 0.4
34.059574 -82.623886 0.0 0.4
34.050762 -82.618584 0.0 0.4
34.04298 -82.61136599999999 0.0 0.4
34.035408 -82.603348 0.0 0.4
34.029666999999996 -82.594734 0.0 0.4
34.019146 -82.59567299999999 0.0 0.4
34.009515 -82.592306 0.0 0.4
33.999767999999996 -82.58855199999999 0.0 0.4
33.994023 -82.57885 0.0 0.4
33.983323 -82.580597 0.0 0.4
33.974416 -82.575059 0.0 0.4
33.96776 -82.567521 0.0 0.4
33.957719 -82.565576 0.0 0.4
33.948592999999995 -82.55923399999999 0.0 0.4
33.942555 -82.55030699999999 0.0 0.4
33.941553 -82.539763 0.0 0.4
33.943821 -82.52933 0.0 0.4
33.940332999999995 -82.519038 0.0 0.4
33.934018 -82.510007 0.0 0.4
33.926048 -82.50358399999999 0.0 0.4
33.916568 -82.497743 0.0 0.4
33.907683999999996 -82.48953399999999 0.0 0.4
33.901897 -82.480111 0.0 0.4
33.892838 -82.46991299999999 0.0 0.4
33.887572 -82.46124999999999 0.0 0.4
33.880918 -82.453772 0.0 0.4
33.876367 -82.443767 0.0 0.4
33.869006999999996 -82.433503 0.0 0.4
33.863757 -82.42280799999999 0.0 0.4
33.865828 -82.411172 0.0 0.4
33.863343 -82.40051799999999 0.0 0.4
33.857361 -82.390993 0.0 0.4
33.852545 -82.38201099999999 0.0 0.4
33.845751 -82.374417 0.0 0.4
33.841146 -82.36522099999999 0.0 0.4
33.837693 -82.355419 0.0 0.4
33.832374 -82.344365 0.0 0.4
33.826339 -82.336331 0.0 0.4
33.821658 -82.327242 0.0 0.4
33.815128 -82.31938699999999 0.0 0.4
33.807486 -82.3129 0.0 0.4
33.803263 -82.303454 0.0 0.4
33.793166 -82.298864 0.0 0.4
33.782613 -82.296944 0.0 0.4
33.780487 -82.286624 0.0 0.4
33.773575 -82.27901 0.0 0.4
33.767955 -82.270528 0.0 0.4
33.761669999999995 -82.262559 0.0 0.4
33.757549 -82.253042 0.0 0.4
33.746347 -82.246161 0.0 0.4
33.736891 -82.241699 0.0 0.4
33.727184 -82.239272 0.0 0.4
33.714622999999996 -82.23577999999999 0.0 0.4
33.70438 -82.2354 0.0 0.4
33.695873 -82.229903 0.0 0.4
33.688306 -82.221719 0.0 0.4
33.677211 -82.21316499999999 0.0 0.4
33.66688 -82.206608 0.0 0.4
33.658733999999995 -82.199736 0.0 0.4
33.648590999999996 -82.20118099999999 0.0 0.4
33.638725 -82.19890000000001 0.0 0.4
33.629338 -82.195259 0.0 0.4
33.620881 -82.186155 0.0 0.4
33.614443 -82.177517 0.0 0.4
33.611761 -82.16642399999999 0.0 0.4
33.608888 -82.156776 0.0 0.4
33.599748 -82.150278 0.0 0.4
33.593818 -82.141756 0.0 0.4
33.590202999999995 -82.13192599999999 0.0 0.4
33.593686 -82.122129 0.0 0.4
33.596741 -82.111727 0.0 0.4
33.591526 -82.10281599999999 0.0 0.4
33.582741999999996 -82.094128 0.0 0.4
33.579177 -82.080259 0.0 0.4
33.575829999999996 -82.069903 0.0 0.4
33.569013999999996 -82.06071899999999 0.0 0.4
33.564876999999996 -82.05109 0.0 0.4
33.554662 -82.037375 0.0 0.4
33.545814 -82.031519 0.0 0.4
33.539335 -82.023338 0.0 0.4
33.533152 -82.015016 0.0 0.4
33.524519999999995 -82.00829499999999 0.0 0.4
33.518035 -82.00053799999999 0.0 0.4
33.509335 -81.995038 0.0 0.4
33.500062 -81.99041 0.0 0.4
33.490035999999996 -81.98933799999999 0.0 0.4
33.484035999999996 -81.980637 0.0 0.4
33.480636 -81.96703699999999 0.0 0.4
33.476936 -81.957437 0.0 0.4
33.471779999999995 -81.946534 0.0 0.4
33.468708 -81.935799 0.0 0.4
33.462937 -81.92633599999999 0.0 0.4
33.452478 -81.92104599999999 0.0 0.4
33.443498 -81.914812 0.0 0.4
33.433113999999996 -81.916236 0.0 0.4
33.430267 -81.926982 0.0 0.4
33.420318 -81.925923 0.0 0.4
33.41612 -81.916331 0.0 0.4
33.411663 -81.925822 0.0 0.4
33.406796 -81.934766 0.0 0.4
33.407962 -81.944893 0.0 0.4
33.39993 -81.938108 0.0 0.4
33.390028 -81.93319699999999 0.0 0.4
33.380223 -81.93091 0.0 0.4
33.37214 -81.924937 0.0 0.4
33.368876 -81.934495 0.0 0.4
33.37204 -81.944637 0.0 0.4
33.362041 -81.942537 0.0 0.4
33.355393 -81.934693 0.0 0.4
33.346441 -81.940237 0.0 0.4
33.343941 -81.930337 0.0 0.4
33.340841999999995 -81.91953699999999 0.0 0.4
33.347159999999995 -81.91149399999999 0.0 0.4
33.338542 -81.916637 0.0 0.4
33.329142 -81.911237 0.0 0.4
33.319142 -81.912137 0.0 0.4
33.326642 -81.905137 0.0 0.4
33.321642 -81.89553699999999 0.0 0.4
33.316943 -81.886637 0.0 0.4
33.307043 -81.883437 0.0 0.4
33.309343 -81.873536 0.0 0.4
33.306443 -81.863936 0.0 0.4
33.310506 -81.85449 0.0 0.4
33.304843 -81.846036 0.0 0.4
33.299644 -81.854936 0.0 0.4
33.292544 -81.86213599999999 0.0 0.4
33.284444 -81.856236 0.0 0.4
33.284346 -81.84605499999999 0.0 0.4
33.275537 -81.840828 0.0 0.4
33.267244999999996 -81.835236 0.0 0.4
33.266745 -81.84558299999999 0.0 0.4
33.257213 -81.842539 0.0 0.4
33.252068 -81.851804 0.0 0.4
33.242945999999996 -81.847336 0.0 0.4
33.238346 -81.837936 0.0 0.4
33.231845 -81.830336 0.0 0.4
33.227046 -81.820936 0.0 0.4
33.223546999999996 -81.811036 0.0 0.4
33.213746 -81.807936 0.0 0.4
33.211506 -81.79767199999999 0.0 0.4
33.208146 -81.78763599999999 0.0 0.4
33.211346999999996 -81.777535 0.0 0.4
33.221147 -81.780135 0.0 0.4
33.218147 -81.770235 0.0 0.4
33.209348 -81.76523499999999 0.0 0.4
33.200848 -81.759635 0.0 0.4
33.190447999999996 -81.760235 0.0 0.4
33.183548 -81.767635 0.0 0.4
33.173148999999995 -81.767735 0.0 0.4
33.163348 -81.763835 0.0 0.4
33.154649 -81.75803499999999 0.0 0.4
33.14765 -81.75073499999999 0.0 0.4
33.14085 -81.742435 0.0 0.4
33.135849 -81.733734 0.0 0.4
33.129450999999996 -81.724334 0.0 0.4
33.123650999999995 -81.716034 0.0 0.4
33.11645 -81.704634 0.0 0.4
33.115750999999996 -81.694434 0.0 0.4
33.112851 -81.684333 0.0 0.4
33.109451 -81.67483299999999 0.0 0.4
33.105852 -81.665133 0.0 0.4
33.101452 -81.655633 0.0 0.4
33.095352 -81.647533 0.0 0.4
33.092951 -81.637633 0.0 0.4
33.094352 -81.627532 0.0 0.4
33.095698 -81.617256 0.0 0.4
33.089022 -81.60828599999999 0.0 0.4
33.082944999999995 -81.598417 0.0 0.4
33.073473 -81.602212 0.0 0.4
33.06991 -81.59264499999999 0.0 0.4
33.06496 -81.583103 0.0 0.4
33.057457 -81.575425 0.0 0.4
33.054344 -81.564968 0.0 0.4
33.044508 -81.558613 0.0 0.4
33.047866 -81.547767 0.0 0.4
33.040726 -81.54012 0.0 0.4
33.040811999999995 -81.529142 0.0 0.4
33.030836 -81.522742 0.0 0.4
33.028169999999996 -81.512249 0.0 0.4
33.01751 -81.50822 0.0 0.4
33.012099 -81.499584 0.0 0.4
33.001954999999995 -81.50063 0.0 0.4
32.997824 -81.491197 0.0 0.4
32.988295 -81.49599599999999 0.0 0.4
32.977562 -81.49549499999999 0.0 0.4
32.966319999999996 -81.49901799999999 0.0 0.4
32.969367999999996 -81.508839 0.0 0.4
32.958542 -81.51015199999999 0.0 0.4
32.949382 -81.505448 0.0 0.4
32.939546 -81.502347 0.0 0.4
32.931596 -81.495092 0.0 0.4
32.925266 -81.487128 0.0 0.4
32.914772 -81.487049 0.0 0.4
32.906867 -81.480189 0.0 0.4
32.897157 -81.476365 0.0 0.4
32.900346 -81.466679 0.0 0.4
32.889944 -81.466078 0.0 0.4
32.887962 -81.476396 0.0 0.4
32.87764 -81.475918 0.0 0.4
32.881063999999995 -81.465938 0.0 0.4
32.873956 -81.458411 0.0 0.4
32.865995999999996 -81.45196 0.0 0.4
32.855154 -81.455947 0.0 0.4
32.846038 -81.46072199999999 0.0 0.4
32.849126 -81.449396 0.0 0.4
32.84113 -81.44035699999999 0.0 0.4
32.841895 -81.430122 0.0 0.4
32.835178 -81.42161399999999 0.0 0.4
32.828246 -81.429943 0.0 0.4
32.821466 -81.42195199999999 0.0 0.4
32.810513 -81.423772 0.0 0.4
32.800832 -81.428292 0.0 0.4
32.794857 -81.419879 0.0 0.4
32.787613 -81.427667 0.0 0.4
32.778512 -81.42333099999999 0.0 0.4
32.771484 -81.431513 0.0 0.4
32.768239 -81.421168 0.0 0.4
32.763866 -81.412093 0.0 0.4
32.753726 -81.410215 0.0 0.4
32.750166 -81.41973999999999 0.0 0.4
32.749409 -81.408501 0.0 0.4
32.739247 -81.411698 0.0 0.4
32.731755 -81.41865299999999 0.0 0.4
32.723255 -81.412414 0.0 0.4
32.712857 -81.41556299999999 0.0 0.4
32.710037 -81.425927 0.0 0.4
32.700705 -81.422045 0.0 0.4
32.694947 -81.413372 0.0 0.4
32.687359 -81.406188 0.0 0.4
32.678429 -81.40097399999999 0.0 0.4
32.668901999999996 -81.40427799999999 0.0 0.4
32.661378 -81.397154 0.0 0.4
32.66156 -81.4073 0.0 0.4
32.656307 -81.398314 0.0 0.4
32.645764 -81.400027 0.0 0.4
32.642016 -81.409858 0.0 0.4
32.631737 -81.407271 0.0 0.4
32.636907 -81.41599099999999 0.0 0.4
32.626654 -81.41625499999999 0.0 0.4
32.61773 -81.411222 0.0 0.4
32.610602 -81.403883 0.0 0.4
32.6041 -81.395572 0.0 0.4
32.595416 -81.38920499999999 0.0 0.4
32.589523 -81.380645 0.0 0.4
32.591495 -81.370513 0.0 0.4
32.583736 -81.36393699999999 0.0 0.4
32.58012 -81.354354 0.0 0.4
32.570431 -81.351714 0.0 0.4
32.565773 -81.34016299999999 0.0 0.4
32.562098999999996 -81.33035199999999 0.0 0.4
32.559562 -81.319602 0.0 0.4
32.561211 -81.30657099999999 0.0 0.4
32.562224 -81.296256 0.0 0.4
32.555912 -81.288344 0.0 0.4
32.552839999999996 -81.27875 0.0 0.4
32.543531 -81.274858 0.0 0.4
32.533167999999996 -81.27364 0.0 0.4
32.526953999999996 -81.26567399999999 0.0 0.4
32.520556 -81.25608799999999 0.0 0.4
32.51927 -81.245999 0.0 0.4
32.518546 -81.235457 0.0 0.4
32.50884 -81.238799 0.0 0.4
32.500081 -81.233955 0.0 0.4
32.493055999999996 -81.22664999999999 0.0 0.4
32.485623 -81.21958599999999 0.0 0.4
32.478994 -81.211914 0.0 0.4
32.472167999999996 -81.204579 0.0 0.4
32.46597 -81.196186 0.0 0.4
32.456297 -81.193092 0.0 0.4
32.451082 -81.201703 0.0 0.4
32.441212 -81.199966 0.0 0.4
32.435437 -81.208165 0.0 0.4
32.425942 -81.205011 0.0 0.4
32.416826 -81.19921099999999 0.0 0.4
32.409304999999996 -81.192308 0.0 0.4
32.401232 -81.186347 0.0 0.4
32.394239 -81.179193 0.0 0.4
32.384177 -81.17866 0.0 0.4
32.374826999999996 -81.175072 0.0 0.4
32.367562 -81.168055 0.0 0.4
32.357509 -81.165528 0.0 0.4
32.349029 -81.160215 0.0 0.4
32.341343 -81.15378799999999 0.0 0.4
32.348828 -81.147148 0.0 0.4
32.34438 -81.138082 0.0 0.4
32.339960999999995 -81.129089 0.0 0.4
32.331323999999995 -81.134728 0.0 0.4
32.321922 -81.13111099999999 0.0 0.4
32.311791 -81.130186 0.0 0.4
32.305447 -81.12228499999999 0.0 0.4
32.295409 -81.123937 0.0 0.4
32.286266999999995 -81.11983 0.0 0.4
32.276806 -81.12320199999999 0.0 0.4
32.272397999999995 -81.132221 0.0 0.4
32.271448 -81.142185 0.0 0.4
32.26238 -81.146677 0.0 0.4
32.252324 -81.146093 0.0 0.4
32.246442 -81.1551 0.0 0.4
32.236705 -81.1528 0.0 0.4
32.230658 -81.14444999999999 0.0 0.4
32.223056 -81.151028 0.0 0.4
32.220397999999996 -81.14101 0.0 0.4
32.212066 -81.13507 0.0 0.4
32.206148 -81.126592 0.0 0.4
32.196165 -81.122278 0.0 0.4
32.186675 -81.118042 0.0 0.4
32.176575 -81.117892 0.0 0.4
32.170615999999995 -81.12614599999999 0.0 0.4
32.159399 -81.122135 0.0 0.4
32.152018999999996 -81.11429799999999 0.0 0.4
32.142137 -81.119131 0.0 0.4
32.131912 -81.118752 0.0 0.4
32.119805 -81.11722499999999 0.0 0.4
32.111944 -81.110902 0.0 0.4
32.111407 -81.10003999999999 0.0 0.4
32.107976 -81.090266 0.0 0.4
32.098551 -81.08173599999999 0.0 0.4
32.088651 -81.059732 0.0 0.4
32.086939 -81.048497 0.0 0.4
32.084106 -81.038589 0.0 0.4
32.087514 -81.027889 0.0 0.4
32.094327 -81.02002399999999 0.0 0.4
32.101742 -81.012444 0.0 0.4
32.10055 -80.99984099999999 0.0 0.4
32.084116 -80.986845 0.0 0.4
32.074633 -80.971915 0.0 0.4
32.072854 -80.959569 0.0 0.4
32.061484 -80.94503999999999 0.0 0.4
32.041939 -80.925085 0.0 0.4
32.037787 -80.90500999999999 0.0 0.4
32.035461 -80.894272 0.0 0.4
32.039111999999996 -80.883881 0.0 0.4
32.039902 -80.87245899999999 0.0 0.4
32.040915999999996 -80.85722299999999 0.0 0.4
32.038854 -80.841546 0.0 0.4
32.034244 -80.822762 0.0 0.4
32.013124999999995 -80.80036799999999 0.0 0.4
32.002674999999996 -80.79070399999999 0.0 0.4
31.995953999999998 -80.78296 0.0 0.4
31.985751999999998 -80.78623999999999 0.0 0.4
31.975613 -80.786682 0.0 0.4
31.964389999999998 -80.789841 0.0 0.4
31.953459 -80.796272 0.0 0.4
31.946130999999998 -80.804054 0.0 0.4
31.939999 -80.814606 0.0 0.4
31.928015 -80.827266 0.0 0.4
31.918861 -80.842522 0.0 0.4
31.910808999999997 -80.855339 0.0 0.4
31.899267 -80.86200000000001 0.0 0.4
31.888057999999997 -80.869598 0.0 0.4
31.875297 -80.879623 0.0 0.4
31.865782 -80.888779 0.0 0.4
31.852805999999998 -80.896988 0.0 0.4
31.845851999999997 -80.904755 0.0 0.4
31.838376999999998 -80.916817 0.0 0.4
31.825279 -80.922134 0.0 0.4
31.816982 -80.928589 0.0 0.4
31.809008 -80.938316 0.0 0.4
31.803048999999998 -80.949631 0.0 0.4
31.800013 -80.959541 0.0 0.4
31.798353 -80.970726 0.0 0.4
31.788223 -80.97309899999999 0.0 0.4
31.774734 -80.981487 0.0 0.4
31.764302999999998 -80.992088 0.0 0.4
31.750294999999998 -80.996937 0.0 0.4
31.741259999999997 -81.002358 0.0 0.4
31.728642999999998 -81.013812 0.0 0.4
31.720226999999998 -81.025824 0.0 0.4
31.714875 -81.056623 0.0 0.4
31.705198 -81.051521 0.0 0.4
31.688633 -81.04978899999999 0.0 0.4
31.666007999999998 -81.059006 0.0 0.4
31.657328 -81.06663499999999 0.0 0.4
31.642405 -81.069633 0.0 0.4
31.625227 -81.065826 0.0 0.4
31.609247 -81.073257 0.0 0.4
31.597946 -81.076683 0.0 0.4
31.586475 -81.079124 0.0 0.4
31.564909 -81.08318299999999 0.0 0.4
31.553086999999998 -81.084648 0.0 0.4
31.542565999999997 -81.085571 0.0 0.4
31.531917999999997 -81.086517 0.0 0.4
31.523169999999997 -81.092361 0.0 0.4
31.517051 -81.100483 0.0 0.4
31.506905 -81.10333299999999 0.0 0.4
31.496631999999998 -81.10714 0.0 0.4
31.487011 -81.114998 0.0 0.4
31.478476999999998 -81.124817 0.0 0.4
31.473042 -81.13615399999999 0.0 0.4
31.466659999999997 -81.145988 0.0 0.4
31.455831999999997 -81.15164899999999 0.0 0.4
31.447021 -81.158318 0.0 0.4
31.437026999999997 -81.16244499999999 0.0 0.4
31.426696999999997 -81.16527599999999 0.0 0.4
31.416679 -81.17237899999999 0.0 0.4
31.408469999999998 -81.179039 0.0 0.4
31.401442999999997 -81.187775 0.0 0.4
31.390552999999997 -81.18171699999999 0.0 0.4
31.382479 -81.175613 0.0 0.4
31.370323 -81.171089 0.0 0.4
31.355299 -81.171982 0.0 0.4
31.339277 -81.177116 0.0 0.4
31.329196999999997 -81.183571 0.0 0.4
31.315519 -81.183624 0.0 0.4
31.301188 -81.184647 0.0 0.4
31.286686 -81.182938 0.0 0.4
31.274161999999997 -81.18263999999999 0.0 0.4
31.250232999999998 -81.18611899999999 0.0 0.4
31.240541 -81.191925 0.0 0.4
31.231869 -81.198746 0.0 0.4
31.220933 -81.205066 0.0 0.4
31.208052 -81.212563 0.0 0.4
31.192971999999997 -81.220261 0.0 0.4
31.183231 -81.225113 0.0 0.4
31.175031999999998 -81.23095699999999 0.0 0.4
31.167289999999998 -81.238159 0.0 0.4
31.160812 -81.24790999999999 0.0 0.4
31.157031999999997 -81.26696799999999 0.0 0.4
31.156741999999998 -81.279625 0.0 0.4
31.155414999999998 -81.29214499999999 0.0 0.4
31.142826 -81.29272499999999 0.0 0.4
31.131156999999998 -81.28987099999999 0.0 0.4
31.116685999999998 -81.28653 0.0 0.4
31.103082999999998 -81.286316 0.0 0.4
31.093494 -81.290199 0.0 0.4
31.080952 -81.297874 0.0 0.4
31.074130999999998 -81.305618 0.0 0.4
31.067852 -81.313637 0.0 0.4
31.062659999999997 -81.326172 0.0 0.4
31.060126999999998 -81.339218 0.0 0.4
31.037121 -81.353416 0.0 0.4
31.01811 -81.344498 0.0 0.4
31.014588999999997 -81.334862 0.0 0.4
31.008809999999997 -81.323944 0.0 0.4
31.001531999999997 -81.314594 0.0 0.4
30.990644 -81.306435 0.0 0.4
30.978913 -81.30435299999999 0.0 0.4
30.962227 -81.307304 0.0 0.4
30.948500000000003 -81.31753499999999 0.0 0.4
30.941736 -81.32560000000001 0.0 0.4
30.935875 -81.334904 0.0 0.4
30.931503 -81.345207 0.0 0.4
30.916732999999997 -81.346237 0.0 0.4
30.905023999999997 -81.347923 0.0 0.4
30.889108999999998 -81.35020399999999 0.0 0.4
30.875237 -81.355431 0.0 0.4
30.863453 -81.359444 0.0 0.4
30.850557 -81.363342 0.0 0.4
30.840439 -81.365997 0.0 0.4
30.825647 -81.37146 0.0 0.4
30.805531 -81.382477 0.0 0.4
30.795959 -81.38851199999999 0.0 0.4
30.78483 -81.393486 0.0 0.4
30.770892999999997 -81.399361 0.0 0.4
30.764666 -81.39130399999999 0.0 0.4
30.760289 -81.380715 0.0 0.4
30.754236 -81.36972 0.0 0.4
30.744314 -81.359146 0.0 0.4
30.730878999999998 -81.351395 0.0 0.4
30.720665 -81.34966299999999 0.0 0.4
30.712408 -81.36613799999999 0.0 0.4
30.712408999999997 -81.37626 0.0 0.4
30.712429 -81.394724 0.0 0.4
30.709583 -81.409809 0.0 0.4
30.709031999999997 -81.424408 0.0 0.4
30.709158 -81.436432 0.0 0.4
30.709418999999997 -81.446991 0.0 0.4
30.710434 -81.459976 0.0 0.4
30.712441 -81.469959 0.0 0.4
30.718918 -81.479629 0.0 0.4
30.726122 -81.487143 0.0 0.4
30.724801999999997 -81.49726 0.0 0.4
30.722938 -81.50722499999999 0.0 0.4
30.722735999999998 -81.51737 0.0 0.4
30.72365 -81.52733599999999 0.0 0.4
30.715887 -81.53411799999999 0.0 0.4
30.711782 -81.543449 0.0 0.4
30.717385999999998 -81.552131 0.0 0.4
30.711696 -81.560441 0.0 0.4
30.718725 -81.56762599999999 0.0 0.4
30.722768 -81.576914 0.0 0.4
30.723702999999997 -81.587234 0.0 0.4
30.718666 -81.596176 0.0 0.4
30.728652999999998 -81.597869 0.0 0.4
30.721922 -81.605712 0.0 0.4
30.722645 -81.617126 0.0 0.4
30.732305999999998 -81.62105199999999 0.0 0.4
30.728088 -81.630432 0.0 0.4
30.731529 -81.63982999999999 0.0 0.4
30.727498999999998 -81.649024 0.0 0.4
30.736922999999997 -81.653137 0.0 0.4
30.742558 -81.661682 0.0 0.4
30.753193 -81.66083499999999 0.0 0.4
30.75159 -81.670782 0.0 0.4
30.750201999999998 -81.68106 0.0 0.4
30.747688 -81.671195 0.0 0.4
30.741519999999998 -81.67942 0.0 0.4
30.742009999999997 -81.689849 0.0 0.4
30.746436 -81.699522 0.0 0.4
30.747950999999997 -81.70968599999999 0.0 0.4
30.744605999999997 -81.71921499999999 0.0 0.4
30.748255 -81.72930099999999 0.0 0.4
30.756235 -81.735359 0.0 0.4
30.764854 -81.7406 0.0 0.4
30.767321 -81.750824 0.0 0.4
30.772363 -81.759534 0.0 0.4
30.776987 -81.76854 0.0 0.4
30.768006999999997 -81.77355899999999 0.0 0.4
30.761395999999998 -81.78141699999999 0.0 0.4
30.770006 -81.786712 0.0 0.4
30.779818 -81.78920699999999 0.0 0.4
30.782943999999997 -81.79926999999999 0.0 0.4
30.789982 -81.806602 0.0 0.4
30.789755999999997 -81.817172 0.0 0.4
30.789209 -81.827613 0.0 0.4
30.787073 -81.837496 0.0 0.4
30.791071 -81.84675 0.0 0.4
30.794262 -81.85645699999999 0.0 0.4
30.793416999999998 -81.866432 0.0 0.4
30.799692 -81.87574699999999 0.0 0.4
30.806248 -81.883438 0.0 0.4
30.814117 -81.889732 0.0 0.4
30.824624999999997 -81.89182199999999 0.0 0.4
30.829465 -81.90068 0.0 0.4
30.819902 -81.90407499999999 0.0 0.4
30.816792 -81.91407699999999 0.0 0.4
30.817902 -81.924095 0.0 0.4
30.820551 -81.93377699999999 0.0 0.4
30.82959 -81.938383 0.0 0.4
30.827544999999997 -81.948394 0.0 0.4
30.821396999999997 -81.95940399999999 0.0 0.4
30.812227 -81.963707 0.0 0.4
30.802167999999998 -81.96238699999999 0.0 0.4
30.792686999999997 -81.96791 0.0 0.4
30.783247 -81.97151199999999 0.0 0.4
30.776608 -81.979025 0.0 0.4
30.780205 -81.988466 0.0 0.4
30.786921999999997 -81.995893 0.0 0.4
30.790456 -82.005264 0.0 0.4
30.791591 -82.015868 0.0 0.4
30.785262999999997 -82.023759 0.0 0.4
30.776559 -82.01844899999999 0.0 0.4
30.766952999999997 -82.01252 0.0 0.4
30.758224 -82.017624 0.0 0.4
30.751842 -82.026055 0.0 0.4
30.754813 -82.03581899999999 0.0 0.4
30.745127 -82.03950499999999 0.0 0.4
30.735079 -82.040382 0.0 0.4
30.725624 -82.04364699999999 0.0 0.4
30.716825999999998 -82.03879599999999 0.0 0.4
30.706757 -82.03609399999999 0.0 0.4
30.698534 -82.042009 0.0 0.4
30.688269 -82.042999 0.0 0.4
30.679119 -82.04804399999999 0.0 0.4
30.668906 -82.048279 0.0 0.4
30.658828 -82.049373 0.0 0.4
30.650381 -82.04390699999999 0.0 0.4
30.640946999999997 -82.038612 0.0 0.4
30.631086 -82.036131 0.0 0.4
30.622452 -82.030937 0.0 0.4
30.61339 -82.02628299999999 0.0 0.4
30.604488 -82.021366 0.0 0.4
30.597051999999998 -82.01423299999999 0.0 0.4
30.587246 -82.011946 0.0 0.4
30.578545 -82.00681999999999 0.0 0.4
30.568365 -82.007254 0.0 0.4
30.55859 -82.010093 0.0 0.4
30.548994999999998 -82.013108 0.0 0.4
30.539225 -82.015739 0.0 0.4
30.529387 -82.01799 0.0 0.4
30.51923 -82.018562 0.0 0.4
30.508367999999997 -82.015472 0.0 0.4
30.498331999999998 -82.015551 0.0 0.4
30.488246999999998 -82.016683 0.0 0.4
30.478286999999998 -82.018698 0.0 0.4
30.468031999999997 -82.02255099999999 0.0 0.4
30.458195 -82.025311 0.0 0.4
30.448095 -82.028167 0.0 0.4
30.440223999999997 -82.034469 0.0 0.4
30.430146999999998 -82.035286 0.0 0.4
30.420032 -82.034065 0.0 0.4
30.415407 -82.043441 0.0 0.4
30.405396999999997 -82.04414899999999 0.0 0.4
30.395674999999997 -82.041231 0.0 0.4
30.38626 -82.03733299999999 0.0 0.4
30.375819999999997 -82.038541 0.0 0.4
30.367672 -82.04448699999999 0.0 0.4
30.362015999999997 -82.052752 0.0 0.4
30.360371999999998 -82.06267799999999 0.0 0.4
30.36141 -82.072668 0.0 0.4
30.359759999999998 -82.082605 0.0 0.4
30.360761999999998 -82.09261699999999 0.0 0.4
30.364106 -82.102091 0.0 0.4
30.367556999999998 -82.111521 0.0 0.4
30.365268999999998 -82.121264 0.0 0.4
30.363405999999998 -82.131125 0.0 0.4
30.364186 -82.14111199999999 0.0 0.4
30.361476 -82.150796 0.0 0.4
30.358304999999998 -82.16066099999999 0.0 0.4
30.359372999999998 -82.17067 0.0 0.4
30.367092 -82.17727099999999 0.0 0.4
30.374896999999997 -82.183604 0.0 0.4
30.379064999999997 -82.192786 0.0 0.4
30.389017 -82.194015 0.0 0.4
30.395733999999997 -82.201503 0.0 0.4
30.405455999999997 -82.20388 0.0 0.4
30.414444999999997 -82.208356 0.0 0.4
30.424312999999998 -82.210004 0.0 0.4
30.434310999999997 -82.20890299999999 0.0 0.4
30.443244999999997 -82.204405 0.0 0.4
30.453263 -82.204242 0.0 0.4
30.463053 -82.206306 0.0 0.4
30.472831 -82.203075 0.0 0.4
30.48285 -82.202815 0.0 0.4
30.492248999999997 -82.206347 0.0 0.4
30.500235 -82.212423 0.0 0.4
30.505381999999997 -82.221006 0.0 0.4
30.512684 -82.227888 0.0 0.4
30.522478 -82.230014 0.0 0.4
30.530797999999997 -82.235793 0.0 0.4
30.53991 -82.240175 0.0 0.4
30.548440999999997 -82.23489699999999 0.0 0.4
30.558131 -82.232233 0.0 0.4
30.564774999999997 -82.22452899999999 0.0 0.4
30.566719 -82.214697 0.0 0.4
30.569454 -82.22766899999999 0.0 0.4
30.570045999999998 -82.237732 0.0 0.4
30.570898999999997 -82.249856 0.0 0.4
30.571769 -82.26310699999999 0.0 0.4
30.572841 -82.277851 0.0 0.4
30.573418999999998 -82.288073 0.0 0.4
30.574182999999998 -82.29923199999999 0.0 0.4
30.575611 -82.320808 0.0 0.4
30.576921 -82.342094 0.0 0.4
30.577886 -82.357111 0.0 0.4
30.578557999999997 -82.367302 0.0 0.4
30.579475 -82.38272099999999 0.0 0.4
30.580226 -82.39402799999999 0.0 0.4
30.580904 -82.40560099999999 0.0 0.4
30.581767 -82.418914 0.0 0.4
30.582535999999998 -82.431724 0.0 0.4
30.583547999999997 -82.447716 0.0 0.4
30.584251 -82.459533 0.0 0.4
30.584877 -82.46951399999999 0.0 0.4
30.585514999999997 -82.48046 0.0 0.4
30.586152 -82.49066499999999 0.0 0.4
30.58691 -82.502876 0.0 0.4
30.587709 -82.517224 0.0 0.4
30.588389 -82.527378 0.0 0.4
30.589000000000002 -82.539565 0.0 0.4
30.589712 -82.5502 0.0 0.4
30.59037 -82.563712 0.0 0.4
30.591386 -82.581017 0.0 0.4
30.592278 -82.59194699999999 0.0 0.4
30.592993 -82.60356999999999 0.0 0.4
30.593981 -82.621093 0.0 0.4
30.594600999999997 -82.63255199999999 0.0 0.4
30.595305999999997 -82.64551999999999 0.0 0.4
30.595900999999998 -82.656469 0.0 0.4
30.596574999999998 -82.66888999999999 0.0 0.4
30.59753 -82.68592799999999 0.0 0.4
30.598188 -82.697816 0.0 0.4
30.600210999999998 -82.727907 0.0 0.4
30.601156 -82.749854 0.0 0.4
30.602231 -82.76687299999999 0.0 0.4
30.604564999999997 -82.803843 0.0 0.4
30.605624 -82.820612 0.0 0.4
30.606451 -82.83368 0.0 0.4
30.608641 -82.868325 0.0 0.4
30.609572 -82.88708299999999 0.0 0.4
30.611722 -82.923535 0.0 0.4
30.612413999999998 -82.935468 0.0 0.4
30.61374 -82.957343 0.0 0.4
30.614877999999997 -82.976829 0.0 0.4
30.615731 -82.99142499999999 0.0 0.4
30.616476 -83.00524899999999 0.0 0.4
30.617466999999998 -83.02243899999999 0.0 0.4
30.618388 -83.037713 0.0 0.4
30.619193 -83.05100399999999 0.0 0.4
30.620039 -83.065223 0.0 0.4
30.621105999999997 -83.084132 0.0 0.4
30.621857 -83.097692 0.0 0.4
30.622927999999998 -83.11713 0.0 0.4
30.623583 -83.13136999999999 0.0 0.4
30.624961 -83.150206 0.0 0.4
30.625757 -83.161368 0.0 0.4
30.62636 -83.171781 0.0 0.4
30.627322999999997 -83.187079 0.0 0.4
30.627865 -83.19829399999999 0.0 0.4
30.629154999999997 -83.220838 0.0 0.4
30.630629 -83.24658199999999 0.0 0.4
30.631757999999998 -83.264703 0.0 0.4
30.632436 -83.275736 0.0 0.4
30.633412 -83.29160399999999 0.0 0.4
30.634300000000003 -83.307378 0.0 0.4
30.635087 -83.319836 0.0 0.4
30.635782 -83.33160199999999 0.0 0.4
30.636407 -83.34204199999999 0.0 0.4
30.637309 -83.356824 0.0 0.4
30.638008 -83.368535 0.0 0.4
30.638679999999997 -83.37946 0.0 0.4
30.639307 -83.39014399999999 0.0 0.4
30.639881 -83.40238099999999 0.0 0.4
30.641004 -83.420839 0.0 0.4
30.641569999999998 -83.43213 0.0 0.4
30.642409999999998 -83.448895 0.0 0.4
30.643081 -83.46060299999999 0.0 0.4
30.643656 -83.470683 0.0 0.4
30.644330999999998 -83.481825 0.0 0.4
30.645324 -83.49519599999999 0.0 0.4
30.646068 -83.50785499999999 0.0 0.4
30.646759999999997 -83.52123 0.0 0.4
30.647536 -83.536872 0.0 0.4
30.648049999999998 -83.547192 0.0 0.4
30.648583 -83.557929 0.0 0.4
30.649348999999997 -83.573369 0.0 0.4
30.649848 -83.58339099999999 0.0 0.4
30.650392999999998 -83.594354 0.0 0.4
30.651258 -83.61171999999999 0.0 0.4
30.65188 -83.62487899999999 0.0 0.4
30.652773999999997 -83.640253 0.0 0.4
30.65366 -83.655524 0.0 0.4
30.654374999999998 -83.667694 0.0 0.4
30.655020999999998 -83.679261 0.0 0.4
30.655561 -83.690876 0.0 0.4
30.656492999999998 -83.708297 0.0 0.4
30.657069999999997 -83.719798 0.0 0.4
30.657676 -83.73088899999999 0.0 0.4
30.65834 -83.74277099999999 0.0 0.4
30.658962 -83.754639 0.0 0.4
30.659606999999998 -83.76693 0.0 0.4
30.660148 -83.777327 0.0 0.4
30.660739999999997 -83.789017 0.0 0.4
30.661486999999997 -83.803575 0.0 0.4
30.662119999999998 -83.81430999999999 0.0 0.4
30.662625 -83.824893 0.0 0.4
30.663394999999998 -83.83955499999999 0.0 0.4
30.663819 -83.849756 0.0 0.4
30.664648 -83.859889 0.0 0.4
30.665449 -83.87370299999999 0.0 0.4
30.665985 -83.883698 0.0 0.4
30.666476999999997 -83.89607199999999 0.0 0.4
30.666922 -83.90612 0.0 0.4
30.667707 -83.921341 0.0 0.4
30.668271999999998 -83.932549 0.0 0.4
30.668743 -83.942751 0.0 0.4
30.669210999999997 -83.952811 0.0 0.4
30.669817 -83.963173 0.0 0.4
30.670294 -83.97373999999999 0.0 0.4
30.670945 -83.98637 0.0 0.4
30.671563 -83.99772999999999 0.0 0.4
30.672182 -84.008507 0.0 0.4
30.672763999999997 -84.019091 0.0 0.4
30.673433 -84.033272 0.0 0.4
30.673959999999997 -84.043864 0.0 0.4
30.674467 -84.05386399999999 0.0 0.4
30.675022 -84.06459 0.0 0.4
30.675804 -84.08375699999999 0.0 0.4
30.676695 -84.10479699999999 0.0 0.4
30.677387 -84.11563699999999 0.0 0.4
30.678338 -84.13101999999999 0.0 0.4
30.678950999999998 -84.143807 0.0 0.4
30.679482999999998 -84.154738 0.0 0.4
30.680462 -84.17532299999999 0.0 0.4
30.681029 -84.18715 0.0 0.4
30.681772 -84.20234599999999 0.0 0.4
30.682495999999997 -84.216867 0.0 0.4
30.684133 -84.250357 0.0 0.4
30.684848 -84.268507 0.0 0.4
30.685243999999997 -84.280914 0.0 0.4
30.686028 -84.30007599999999 0.0 0.4
30.686594999999997 -84.31370299999999 0.0 0.4
30.687661 -84.334009 0.0 0.4
30.688212999999998 -84.34464 0.0 0.4
30.688779999999998 -84.355453 0.0 0.4
30.689396 -84.36728 0.0 0.4
30.689916999999998 -84.37847 0.0 0.4
30.690348 -84.390846 0.0 0.4
30.690731999999997 -84.40182 0.0 0.4
30.69115 -84.41376799999999 0.0 0.4
30.69165 -84.43262399999999 0.0 0.4
30.691993999999998 -84.44850799999999 0.0 0.4
30.692307 -84.458648 0.0 0.4
30.692747999999998 -84.472962 0.0 0.4
30.693479999999997 -84.484139 0.0 0.4
30.694232999999997 -84.49469599999999 0.0 0.4
30.694910999999998 -84.505665 0.0 0.4
30.695532 -84.516919 0.0 0.4
30.69625 -84.52985199999999 0.0 0.4
30.696899 -84.541654 0.0 0.4
30.697495999999997 -84.554058 0.0 0.4
30.698107 -84.567076 0.0 0.4
30.698639999999997 -84.57859499999999 0.0 0.4
30.699195999999997 -84.591191 0.0 0.4
30.699658 -84.60175199999999 0.0 0.4
30.700201 -84.612667 0.0 0.4
30.700741999999998 -84.62301599999999 0.0 0.4
30.701583999999997 -84.63779099999999 0.0 0.4
30.702264999999997 -84.650848 0.0 0.4
30.702855 -84.663755 0.0 0.4
30.703326999999998 -84.674194 0.0 0.4
30.703891 -84.686516 0.0 0.4
30.70443 -84.69941299999999 0.0 0.4
30.705202 -84.71789199999999 0.0 0.4
30.705624999999998 -84.728036 0.0 0.4
30.706108999999998 -84.739543 0.0 0.4
30.706491 -84.749917 0.0 0.4
30.706991 -84.760103 0.0 0.4
30.707523 -84.77099899999999 0.0 0.4
30.708251999999998 -84.786425 0.0 0.4
30.708748 -84.796483 0.0 0.4
30.709473 -84.810677 0.0 0.4
30.709994 -84.821854 0.0 0.4
30.710708 -84.836322 0.0 0.4
30.711147999999998 -84.84713099999999 0.0 0.4
30.711254999999998 -84.857366 0.0 0.4
30.715833999999997 -84.866627 0.0 0.4
30.725775 -84.8735 0.0 0.4
30.731690999999998 -84.882521 0.0 0.4
30.741090999999997 -84.887121 0.0 0.4
30.748390999999998 -84.894222 0.0 0.4
30.751291 -84.904322 0.0 0.4
30.753390999999997 -84.914222 0.0 0.4
30.763195 -84.917315 0.0 0.4
30.77329 -84.917823 0.0 0.4
30.78389 -84.922123 0.0 0.4
30.79309 -84.92832299999999 0.0 0.4
30.80369 -84.92792299999999 0.0 0.4
30.81288 -84.93265 0.0 0.4
30.822188999999998 -84.937424 0.0 0.4
30.833288999999997 -84.935924 0.0 0.4
30.838926999999998 -84.92747299999999 0.0 0.4
30.848903 -84.929124 0.0 0.4
30.856987999999998 -84.93612399999999 0.0 0.4
30.866889999999998 -84.93447599999999 0.0 0.4
30.876254999999997 -84.93818499999999 0.0 0.4
30.886267 -84.93729499999999 0.0 0.4
30.893188 -84.945925 0.0 0.4
30.901403 -84.951835 0.0 0.4
30.909487 -84.958225 0.0 0.4
30.916387 -84.96582599999999 0.0 0.4
30.925987 -84.97042599999999 0.0 0.4
30.931787 -84.97862599999999 0.0 0.4
30.940886 -84.98302699999999 0.0 0.4
30.951386 -84.98082699999999 0.0 0.4
30.961433 -84.980182 0.0 0.4
30.968542999999997 -84.987217 0.0 0.4
30.971097999999998 -84.997393 0.0 0.4
30.97704 -85.00593099999999 0.0 0.4
30.986866 -85.002558 0.0 0.4
30.996899 -85.001896 0.0 0.4
31.007702 -85.000328 0.0 0.4
31.017598 -85.00314 0.0 0.4
31.029214999999997 -85.007706 0.0 0.4
31.040606999999998 -85.008842 0.0 0.4
31.050887999999997 -85.01102399999999 0.0 0.4
31.058595999999998 -85.01744099999999 0.0 0.4
31.067166999999998 -85.022713 0.0 0.4
31.075522999999997 -85.028564 0.0 0.4
31.085777999999998 -85.026476 0.0 0.4
31.096162999999997 -85.029736 0.0 0.4
31.104664 -85.03551 0.0 0.4
31.112607999999998 -85.042523 0.0 0.4
31.119168 -85.05071 0.0 0.4
31.127100000000002 -85.057637 0.0 0.4
31.136585 -85.061685 0.0 0.4
31.145611 -85.06719799999999 0.0 0.4
31.154389 -85.075132 0.0 0.4
31.159561 -85.083928 0.0 0.4
31.161323 -85.093812 0.0 0.4
31.172362999999997 -85.09933 0.0 0.4
31.182398 -85.099952 0.0 0.4
31.189840999999998 -85.10754399999999 0.0 0.4
31.200356 -85.10714899999999 0.0 0.4
31.20854 -85.101235 0.0 0.4
31.218736999999997 -85.098748 0.0 0.4
31.22966 -85.09785699999999 0.0 0.4
31.239257 -85.10308599999999 0.0 0.4
31.24879 -85.10667099999999 0.0 0.4
31.258021999999997 -85.111711 0.0 0.4
31.270460999999997 -85.111824 0.0 0.4
31.280829999999998 -85.111865 0.0 0.4
31.283362 -85.10156099999999 0.0 0.4
31.289406 -85.093446 0.0 0.4
31.299218999999997 -85.089135 0.0 0.4
31.310169 -85.08767 0.0 0.4
31.320936999999997 -85.084017 0.0 0.4
31.331336999999998 -85.086821 0.0 0.4
31.342361999999998 -85.086882 0.0 0.4
31.352801999999997 -85.08589099999999 0.0 0.4
31.361964999999998 -85.09254 0.0 0.4
31.371513999999998 -85.088252 0.0 0.4
31.381057 -85.0847 0.0 0.4
31.391022 -85.08099 0.0 0.4
31.400851 -85.077333 0.0 0.4
31.411343 -85.079898 0.0 0.4
31.421695 -85.07613099999999 0.0 0.4
31.428333 -85.06724 0.0 0.4
31.439521 -85.06563899999999 0.0 0.4
31.451134999999997 -85.068173 0.0 0.4
31.461031 -85.069963 0.0 0.4
31.474477999999998 -85.06905499999999 0.0 0.4
31.484122 -85.065687 0.0 0.4
31.494063999999998 -85.060206 0.0 0.4
31.503021999999998 -85.05449899999999 0.0 0.4
31.512249999999998 -85.049279 0.0 0.4
31.522446 -85.046055 0.0 0.4
31.532408 -85.044691 0.0 0.4
31.542495 -85.041361 0.0 0.4
31.55077 -85.047241 0.0 0.4
31.561261 -85.05242299999999 0.0 0.4
31.56992 -85.05752799999999 0.0 0.4
31.579978999999998 -85.056032 0.0 0.4
31.591134999999998 -85.058038 0.0 0.4
31.602589 -85.056271 0.0 0.4
31.612347 -85.059803 0.0 0.4
31.622908 -85.062157 0.0 0.4
31.627867 -85.071428 0.0 0.4
31.635866999999998 -85.07902899999999 0.0 0.4
31.642865999999998 -85.086229 0.0 0.4
31.650965999999997 -85.080229 0.0 0.4
31.657866 -85.087829 0.0 0.4
31.665066 -85.096829 0.0 0.4
31.672466 -85.103729 0.0 0.4
31.680265 -85.11072999999999 0.0 0.4
31.688564999999997 -85.11663 0.0 0.4
31.694765 -85.12543 0.0 0.4
31.704765 -85.12622999999999 0.0 0.4
31.714864 -85.12662999999999 0.0 0.4
31.724763999999997 -85.12203 0.0 0.4
31.734664 -85.11972999999999 0.0 0.4
31.745264 -85.12263 0.0 0.4
31.754762999999997 -85.12763 0.0 0.4
31.764962999999998 -85.12553 0.0 0.4
31.773902 -85.132899 0.0 0.4
31.780162999999998 -85.140931 0.0 0.4
31.790063 -85.135431 0.0 0.4
31.800376 -85.132514 0.0 0.4
31.810561999999997 -85.132331 0.0 0.4
31.820961999999998 -85.13313099999999 0.0 0.4
31.830862 -85.136431 0.0 0.4
31.839861 -85.141831 0.0 0.4
31.849361 -85.137631 0.0 0.4
31.859261 -85.139631 0.0 0.4
31.868060999999997 -85.13443099999999 0.0 0.4
31.87636 -85.12883099999999 0.0 0.4
31.88636 -85.13143099999999 0.0 0.4
31.893259999999998 -85.12113099999999 0.0 0.4
31.89566 -85.11122999999999 0.0 0.4
31.90516 -85.10803 0.0 0.4
31.915159 -85.10663 0.0 0.4
31.923159 -85.10043 0.0 0.4
31.928859 -85.09183 0.0 0.4
31.936759 -85.08543 0.0 0.4
31.946758 -85.08273 0.0 0.4
31.956457999999998 -85.08603 0.0 0.4
31.963358 -85.07843 0.0 0.4
31.966858 -85.068429 0.0 0.4
31.976858 -85.06863 0.0 0.4
31.987457 -85.06823 0.0 0.4
31.997757 -85.06643 0.0 0.4
32.00839 -85.058375 0.0 0.4
32.018744999999996 -85.054963 0.0 0.4
32.029919 -85.057124 0.0 0.4
32.040756 -85.05523 0.0 0.4
32.051254 -85.05743 0.0 0.4
32.061954 -85.05633 0.0 0.4
32.072657 -85.05549099999999 0.0 0.4
32.082527 -85.051161 0.0 0.4
32.091907 -85.047693 0.0 0.4
32.101518999999996 -85.051687 0.0 0.4
32.11367 -85.05504499999999 0.0 0.4
32.125152 -85.05918 0.0 0.4
32.135126 -85.060003 0.0 0.4
32.140138 -85.051037 0.0 0.4
32.147059 -85.04303 0.0 0.4
32.155246 -85.03518799999999 0.0 0.4
32.163416999999995 -85.028992 0.0 0.4
32.170899 -85.020572 0.0 0.4
32.178298999999996 -85.01375999999999 0.0 0.4
32.182713 -85.003939 0.0 0.4
32.185451 -84.994029 0.0 0.4
32.188451 -84.98442899999999 0.0 0.4
32.191252 -84.974428 0.0 0.4
32.194851 -84.96502799999999 0.0 0.4
32.204451 -84.967828 0.0 0.4
32.206451 -84.97802899999999 0.0 0.4
32.216251 -84.975228 0.0 0.4
32.21895 -84.965228 0.0 0.4
32.217951 -84.95522799999999 0.0 0.4
32.218151 -84.944728 0.0 0.4
32.218651 -84.93372699999999 0.0 0.4
32.222750999999995 -84.924527 0.0 0.4
32.23285 -84.921827 0.0 0.4
32.239851 -84.91452699999999 0.0 0.4
32.24485 -84.92352699999999 0.0 0.4
32.24915 -84.91442699999999 0.0 0.4
32.250838 -84.90408699999999 0.0 0.4
32.259029999999996 -84.898279 0.0 0.4
32.259333999999996 -84.888278 0.0 0.4
32.266726 -84.89565499999999 0.0 0.4
32.273333 -84.903623 0.0 0.4
32.278149 -84.912823 0.0 0.4
32.284565 -84.921736 0.0 0.4
32.292116 -84.928392 0.0 0.4
32.29954 -84.93594399999999 0.0 0.4
32.303508 -84.945161 0.0 0.4
32.306612 -84.95527299999999 0.0 0.4
32.310004 -84.965289 0.0 0.4
32.314003 -84.975657 0.0 0.4
32.317715 -84.985642 0.0 0.4
32.320771 -84.995402 0.0 0.4
32.32504 -85.00535099999999 0.0 0.4
32.335234 -85.008096 0.0 0.4
32.345196 -85.004582 0.0 0.4
32.351425 -84.996186 0.0 0.4
32.35781 -84.988058 0.0 0.4
32.367666 -84.985978 0.0 0.4
32.373841999999996 -84.977274 0.0 0.4
32.380336 -84.986282 0.0 0.4
32.390321 -84.98549799999999 0.0 0.4
32.390993 -84.97505 0.0 0.4
32.400096999999995 -84.97989799999999 0.0 0.4
32.412244 -84.97943099999999 0.0 0.4
32.420944 -84.96602999999999 0.0 0.4
32.434173 -84.96669399999999 0.0 0.4
32.442842999999996 -84.971831 0.0 0.4
32.445642 -84.983831 0.0 0.4
32.450742999999996 -84.99352999999999 0.0 0.4
32.460755999999996 -84.997693 0.0 0.4
32.470867 -84.99767899999999 0.0 0.4
32.481046 -84.99492699999999 0.0 0.4
32.492342 -84.996732 0.0 0.4
32.503141 -84.996932 0.0 0.4
32.512845 -85.00130999999999 0.0 0.4
32.522411999999996 -85.00647599999999 0.0 0.4
32.527676 -85.015261 0.0 0.4
32.537548 -85.021197 0.0 0.4
32.544635 -85.02863699999999 0.0 0.4
32.552715 -85.035069 0.0 0.4
32.557707 -85.044862 0.0 0.4
32.566266 -85.051406 0.0 0.4
32.57465 -85.057902 0.0 0.4
32.579305999999995 -85.067199 0.0 0.4
32.588696999999996 -85.07251099999999 0.0 0.4
32.597577 -85.077855 0.0 0.4
32.608072 -85.080784 0.0 0.4
32.6178 -85.08361599999999 0.0 0.4
32.625135 -85.090886 0.0 0.4
32.632135999999996 -85.083736 0.0 0.4
32.634600999999996 -85.09451299999999 0.0 0.4
32.640599 -85.102583 0.0 0.4
32.650335 -85.10023699999999 0.0 0.4
32.655234 -85.091236 0.0 0.4
32.665233 -85.09323599999999 0.0 0.4
32.674234 -85.097737 0.0 0.4
32.680434 -85.106237 0.0 0.4
32.685933999999996 -85.114837 0.0 0.4
32.695732 -85.11733699999999 0.0 0.4
32.705633 -85.119338 0.0 0.4
32.715131 -85.122638 0.0 0.4
32.724632 -85.11903799999999 0.0 0.4
32.732813 -85.11316699999999 0.0 0.4
32.741551 -85.12051 0.0 0.4
32.74353 -85.130438 0.0 0.4
32.750662 -85.138362 0.0 0.4
32.759934 -85.14298699999999 0.0 0.4
32.768485999999996 -85.13739199999999 0.0 0.4
32.771631 -85.124938 0.0 0.4
32.780313 -85.13109899999999 0.0 0.4
32.785654 -85.139881 0.0 0.4
32.791978 -85.147742 0.0 0.4
32.798753999999995 -85.155712 0.0 0.4
32.805625 -85.16310399999999 0.0 0.4
32.814245 -85.168644 0.0 0.4
32.824644 -85.166932 0.0 0.4
32.834618 -85.16477499999999 0.0 0.4
32.839683 -85.155281 0.0 0.4
32.850524 -85.156289 0.0 0.4
32.855449 -85.165458 0.0 0.4
32.853524 -85.175634 0.0 0.4
32.860492 -85.183993 0.0 0.4
32.870525 -85.184131 0.0 0.4
32.880231 -85.186776 0.0 0.4
32.8909 -85.18897 0.0 0.4
32.901413999999995 -85.191025 0.0 0.4
32.912861 -85.19330099999999 0.0 0.4
32.925731 -85.19588 0.0 0.4
32.9425 -85.199308 0.0 0.4
32.952796 -85.20128199999999 0.0 0.4
32.962624999999996 -85.203142 0.0 0.4
32.973602 -85.205434 0.0 0.4
32.983723999999995 -85.207442 0.0 0.4
32.997135 -85.210166 0.0 0.4
33.009363 -85.212582 0.0 0.4
33.019796 -85.214832 0.0 0.4
33.030626999999996 -85.21686 0.0 0.4
33.042333 -85.219219 0.0 0.4
33.052898 -85.22133699999999 0.0 0.4
33.063559999999995 -85.223473 0.0 0.4
33.076488 -85.22602599999999 0.0 0.4
33.090598 -85.228871 0.0 0.4
33.108077 -85.232378 0.0 0.4
33.125121 -85.235686 0.0 0.4
33.138621 -85.238203 0.0 0.4
33.1505 -85.240449 0.0 0.4
33.162675 -85.242823 0.0 0.4
33.173834 -85.24504499999999 0.0 0.4
33.184613999999996 -85.247216 0.0 0.4
33.199725 -85.249945 0.0 0.4
33.209714999999996 -85.251858 0.0 0.4
33.223681 -85.25452299999999 0.0 0.4
33.235791 -85.256858 0.0 0.4
33.248398 -85.259303 0.0 0.4
33.265563 -85.26250499999999 0.0 0.4
33.276775 -85.264646 0.0 0.4
33.288722 -85.26692899999999 0.0 0.4
33.303303 -85.26968 0.0 0.4
33.322821999999995 -85.27345299999999 0.0 0.4
33.333858 -85.27555799999999 0.0 0.4
33.344012 -85.277495 0.0 0.4
33.362485 -85.281044 0.0 0.4
33.375113999999996 -85.283476 0.0 0.4
33.389502 -85.286323 0.0 0.4
33.409422 -85.290139 0.0 0.4
33.420677999999995 -85.292315 0.0 0.4
33.440477 -85.296465 0.0 0.4
33.454231 -85.29903999999999 0.0 0.4
33.466116 -85.301267 0.0 0.4
33.477416999999996 -85.30340799999999 0.0 0.4
33.487411 -85.305426 0.0 0.4
33.50011 -85.307946 0.0 0.4
33.518479 -85.311662 0.0 0.4
33.529772 -85.313986 0.0 0.4
33.539642 -85.315731 0.0 0.4
33.553837 -85.318529 0.0 0.4
33.574166 -85.322536 0.0 0.4
33.589366999999996 -85.32553399999999 0.0 0.4
33.602993999999995 -85.328221 0.0 0.4
33.623540999999996 -85.332276 0.0 0.4
33.637077999999995 -85.335073 0.0 0.4
33.650847999999996 -85.337784 0.0 0.4
33.671534 -85.34185599999999 0.0 0.4
33.682686 -85.34405199999999 0.0 0.4
33.695338 -85.346543 0.0 0.4
33.712478 -85.349869 0.0 0.4
33.725877 -85.352499 0.0 0.4
33.739243 -85.355153 0.0 0.4
33.750104 -85.35740299999999 0.0 0.4
33.766843 -85.360298 0.0 0.4
33.779109 -85.362821 0.0 0.4
33.805181999999995 -85.367769 0.0 0.4
33.817337 -85.370059 0.0 0.4
33.827768 -85.372034 0.0 0.4
33.8385 -85.374077 0.0 0.4
33.848462 -85.37598799999999 0.0 0.4
33.863281 -85.378894 0.0 0.4
33.873477 -85.381041 0.0 0.4
33.892042 -85.38470799999999 0.0 0.4
