20.145207 -155.432862 0.0 0.4
20.142711 -155.42280399999999 0.0 0.4
20.137885 -155.412073 0.0 0.4
20.134028 -155.400219 0.0 0.4
20.128664 -155.390963 0.0 0.4
20.122864999999997 -155.378513 0.0 0.4
20.115952999999998 -155.369702 0.0 0.4
20.112234 -155.359371 0.0 0.4
20.107481 -155.348435 0.0 0.4
20.100600999999997 -155.337457 0.0 0.4
20.096460999999998 -155.327876 0.0 0.4
20.092485 -155.317083 0.0 0.4
20.086997999999998 -155.307602 0.0 0.4
20.081514 -155.29830099999998 0.0 0.4
20.077257 -155.28699799999998 0.0 0.4
20.072081 -155.276345 0.0 0.4
20.068678 -155.26529399999998 0.0 0.4
20.064435 -155.254621 0.0 0.4
20.058643 -155.245501 0.0 0.4
20.053454 -155.236732 0.0 0.4
20.043454 -155.222371 0.0 0.4
20.038466 -155.211768 0.0 0.4
20.03152 -155.202948 0.0 0.4
20.025472999999998 -155.194378 0.0 0.4
20.019500999999998 -155.184503 0.0 0.4
20.011892 -155.174759 0.0 0.4
20.003925 -155.164306 0.0 0.4
19.997671 -155.155805 0.0 0.4
19.992666 -155.14622 0.0 0.4
19.986314999999998 -155.137543 0.0 0.4
19.978886 -155.128796 0.0 0.4
19.971052 -155.121683 0.0 0.4
19.964665 -155.113585 0.0 0.4
19.957824 -155.106264 0.0 0.4
19.946651 -155.091533 0.0 0.4
19.937459 -155.08317 0.0 0.4
19.928597999999997 -155.076109 0.0 0.4
19.919586 -155.07133 0.0 0.4
19.912803999999998 -155.062752 0.0 0.4
19.897703999999997 -155.046811 0.0 0.4
19.882876 -155.037401 0.0 0.4
19.866089 -155.031522 0.0 0.4
19.848995 -155.030299 0.0 0.4
19.828013 -155.032941 0.0 0.4
19.818027 -155.034321 0.0 0.4
19.807319 -155.033603 0.0 0.4
19.794221 -155.033286 0.0 0.4
19.79093 -155.013697 0.0 0.4
19.789562999999998 -155.000002 0.0 0.4
19.786126 -154.98748899999998 0.0 0.4
19.781404 -154.977849 0.0 0.4
19.769189 -154.963843 0.0 0.4
19.760794 -154.95617199999998 0.0 0.4
19.752354 -154.950419 0.0 0.4
19.739708 -154.942429 0.0 0.4
19.727677999999997 -154.936963 0.0 0.4
19.715467999999998 -154.931853 0.0 0.4
19.704534 -154.928109 0.0 0.4
19.691664 -154.926134 0.0 0.4
19.680812 -154.927778 0.0 0.4
19.669249 -154.920257 0.0 0.4
19.662036 -154.911451 0.0 0.4
19.652305 -154.90305999999998 0.0 0.4
19.642792999999998 -154.897096 0.0 0.4
19.625 -154.884291 0.0 0.4
19.616167 -154.875 0.0 0.4
19.610533999999998 -154.86221 0.0 0.4
19.605774999999998 -154.852924 0.0 0.4
19.601705 -154.839912 0.0 0.4
19.596538 -154.827827 0.0 0.4
19.587047 -154.814908 0.0 0.4
19.578725 -154.803328 0.0 0.4
19.571755 -154.792204 0.0 0.4
19.559894999999997 -154.778294 0.0 0.4
19.549916 -154.769345 0.0 0.4
19.536462 -154.759333 0.0 0.4
19.520784 -154.75583799999998 0.0 0.4
19.506911 -154.756605 0.0 0.4
19.492618999999998 -154.762169 0.0 0.4
19.476301 -154.767902 0.0 0.4
19.463729999999998 -154.773044 0.0 0.4
19.447616 -154.781089 0.0 0.4
19.432572 -154.79357 0.0 0.4
19.416057 -154.810311 0.0 0.4
19.400890999999998 -154.828271 0.0 0.4
19.389236 -154.842815 0.0 0.4
19.377633 -154.859673 0.0 0.4
19.369556 -154.872863 0.0 0.4
19.363796999999998 -154.88266099999998 0.0 0.4
19.35232 -154.895905 0.0 0.4
19.342019999999998 -154.90823 0.0 0.4
19.333484 -154.918905 0.0 0.4
19.326959 -154.927296 0.0 0.4
19.312834 -154.939663 0.0 0.4
19.307095999999998 -154.949939 0.0 0.4
19.302062 -154.962283 0.0 0.4
19.297839 -154.971455 0.0 0.4
19.28822 -154.991348 0.0 0.4
19.282037 -155.0 0.0 0.4
19.280572 -155.010823 0.0 0.4
19.274252999999998 -155.026142 0.0 0.4
19.269032 -155.040383 0.0 0.4
19.265235999999998 -155.052291 0.0 0.4
19.258416 -155.061439 0.0 0.4
19.254497999999998 -155.07065699999998 0.0 0.4
19.25 -155.083189 0.0 0.4
19.242796 -155.090387 0.0 0.4
19.23427 -155.10550999999998 0.0 0.4
19.230601999999998 -155.116306 0.0 0.4
19.226478999999998 -155.129596 0.0 0.4
19.222117 -155.140876 0.0 0.4
19.218374999999998 -155.16130099999998 0.0 0.4
19.213358 -155.169958 0.0 0.4
19.209954 -155.182098 0.0 0.4
19.20968 -155.196552 0.0 0.4
19.212170999999998 -155.213474 0.0 0.4
19.212225999999998 -155.225031 0.0 0.4
19.215207 -155.236866 0.0 0.4
19.220088 -155.250001 0.0 0.4
19.220644999999998 -155.261333 0.0 0.4
19.213752 -155.27318 0.0 0.4
19.205747 -155.286462 0.0 0.4
19.199453 -155.297856 0.0 0.4
19.187016 -155.30740600000001 0.0 0.4
19.174778 -155.320261 0.0 0.4
19.168647 -155.330756 0.0 0.4
19.161315 -155.342151 0.0 0.4
19.155993 -155.356931 0.0 0.4
19.152817 -155.370267 0.0 0.4
19.148384999999998 -155.380511 0.0 0.4
19.14436 -155.391434 0.0 0.4
19.135056 -155.39791400000001 0.0 0.4
19.125002 -155.406541 0.0 0.4
19.114193 -155.41883 0.0 0.4
19.107215 -155.428934 0.0 0.4
19.102885 -155.43922 0.0 0.4
19.099414 -155.45119499999998 0.0 0.4
19.095352 -155.466097 0.0 0.4
19.084407 -155.477454 0.0 0.4
19.072084999999998 -155.494275 0.0 0.4
19.063824999999998 -155.500203 0.0 0.4
19.046483 -155.503307 0.0 0.4
19.030178 -155.509352 0.0 0.4
19.020360999999998 -155.513265 0.0 0.4
19.008070999999997 -155.51878499999998 0.0 0.4
19.0 -155.526053 0.0 0.4
18.989057 -155.537366 0.0 0.4
18.9741 -155.543224 0.0 0.4
18.96185 -155.54535099999998 0.0 0.4
18.951788999999998 -155.551511 0.0 0.4
18.943441999999997 -155.55747 0.0 0.4
18.934517 -155.56560000000002 0.0 0.4
18.928175 -155.574511 0.0 0.4
18.922093999999998 -155.583779 0.0 0.4
18.91333 -155.591057 0.0 0.4
18.90128 -155.603944 0.0 0.4
18.890249 -155.61606 0.0 0.4
18.883907999999998 -155.625 0.0 0.4
18.875 -155.639097 0.0 0.4
18.870503 -155.649041 0.0 0.4
18.866159 -155.662995 0.0 0.4
18.86546 -155.67836 0.0 0.4
18.866785999999998 -155.694257 0.0 0.4
18.870300999999998 -155.705973 0.0 0.4
18.882474 -155.722835 0.0 0.4
18.894114 -155.730548 0.0 0.4
18.908241 -155.736215 0.0 0.4
18.921179 -155.747461 0.0 0.4
18.925677 -155.761335 0.0 0.4
18.930425 -155.774084 0.0 0.4
18.942812999999997 -155.794371 0.0 0.4
18.952731999999997 -155.808179 0.0 0.4
18.960845 -155.819943 0.0 0.4
18.966542 -155.828233 0.0 0.4
18.968923 -155.847745 0.0 0.4
18.973748999999998 -155.864817 0.0 0.4
18.97643 -155.875 0.0 0.4
18.981482 -155.883725 0.0 0.4
18.990399 -155.89941199999998 0.0 0.4
18.995286999999998 -155.908231 0.0 0.4
19.003792999999998 -155.921561 0.0 0.4
19.013628 -155.929532 0.0 0.4
19.029861 -155.93740400000002 0.0 0.4
19.041484 -155.944526 0.0 0.4
19.053622 -155.954064 0.0 0.4
19.063167 -155.957979 0.0 0.4
19.073442999999997 -155.961074 0.0 0.4
19.08848 -155.966489 0.0 0.4
19.101381999999997 -155.972538 0.0 0.4
19.112743 -155.974474 0.0 0.4
19.125 -155.973452 0.0 0.4
19.14257 -155.973882 0.0 0.4
19.159254999999998 -155.970554 0.0 0.4
19.169695 -155.96945 0.0 0.4
19.179963 -155.968079 0.0 0.4
19.191257999999998 -155.966067 0.0 0.4
19.209823999999998 -155.962087 0.0 0.4
19.223000000000003 -155.958526 0.0 0.4
19.234465 -155.956511 0.0 0.4
19.24679 -155.956556 0.0 0.4
19.25995 -155.9562 0.0 0.4
19.272932 -155.952859 0.0 0.4
19.283696 -155.948894 0.0 0.4
19.29668 -155.94510400000001 0.0 0.4
19.307692 -155.944275 0.0 0.4
19.319471 -155.94425 0.0 0.4
19.329629 -155.944229 0.0 0.4
19.339534999999998 -155.94232599999998 0.0 0.4
19.35224 -155.947229 0.0 0.4
19.366903999999998 -155.95436999999998 0.0 0.4
19.381100999999997 -155.961376 0.0 0.4
19.393551 -155.965017 0.0 0.4
19.407536999999998 -155.967951 0.0 0.4
19.418526 -155.97158 0.0 0.4
19.435841999999997 -155.974597 0.0 0.4
19.445809 -155.978105 0.0 0.4
19.454995 -155.989108 0.0 0.4
19.466181 -155.999134 0.0 0.4
19.476373 -156.002939 0.0 0.4
19.488913999999998 -156.007959 0.0 0.4
19.5 -156.012864 0.0 0.4
19.51068 -156.014375 0.0 0.4
19.522085999999998 -156.015774 0.0 0.4
19.532640999999998 -156.016907 0.0 0.4
19.549934 -156.021246 0.0 0.4
19.561306 -156.022699 0.0 0.4
19.575381999999998 -156.02582999999998 0.0 0.4
19.58651 -156.029921 0.0 0.4
19.595803 -156.034738 0.0 0.4
19.601896 -156.043237 0.0 0.4
19.607234 -156.05505399999998 0.0 0.4
19.617461 -156.071087 0.0 0.4
19.625000999999997 -156.07859200000001 0.0 0.4
19.638842 -156.08542699999998 0.0 0.4
19.651951999999998 -156.08795 0.0 0.4
19.663653 -156.090902 0.0 0.4
19.675373999999998 -156.097823 0.0 0.4
19.686358 -156.10168199999998 0.0 0.4
19.700432 -156.109583 0.0 0.4
19.710684999999998 -156.115179 0.0 0.4
19.727176 -156.120001 0.0 0.4
19.744571 -156.11792 0.0 0.4
19.75459 -156.114858 0.0 0.4
19.764601 -156.110521 0.0 0.4
19.776788 -156.108432 0.0 0.4
19.790402 -156.10724 0.0 0.4
19.802777 -156.10307799999998 0.0 0.4
19.815013 -156.095672 0.0 0.4
19.825831 -156.086104 0.0 0.4
19.835251 -156.07247999999998 0.0 0.4
19.841881 -156.058774 0.0 0.4
19.848643 -156.049208 0.0 0.4
19.860643 -156.03936299999998 0.0 0.4
19.871457 -156.030059 0.0 0.4
19.882247 -156.019654 0.0 0.4
19.889753 -156.012391 0.0 0.4
19.895646 -156.002419 0.0 0.4
19.902663 -155.986097 0.0 0.4
19.906912 -155.97177 0.0 0.4
19.915243999999998 -155.959936 0.0 0.4
19.929714 -155.95406 0.0 0.4
19.942075 -155.950381 0.0 0.4
19.959429 -155.94011799999998 0.0 0.4
19.978652999999998 -155.924263 0.0 0.4
19.987835999999998 -155.91346 0.0 0.4
19.99712 -155.905531 0.0 0.4
20.005632 -155.897865 0.0 0.4
20.013333 -155.889444 0.0 0.4
20.024134999999998 -155.887767 0.0 0.4
20.032764999999998 -155.893892 0.0 0.4
20.042164 -155.900371 0.0 0.4
20.050456 -155.906947 0.0 0.4
20.059946 -155.91495 0.0 0.4
20.068658 -155.92063 0.0 0.4
20.076950999999998 -155.927566 0.0 0.4
20.086600999999998 -155.9336 0.0 0.4
20.096474 -155.936737 0.0 0.4
20.106977999999998 -155.940111 0.0 0.4
20.117219 -155.945517 0.0 0.4
20.128743999999998 -155.948782 0.0 0.4
20.139495 -155.95078999999998 0.0 0.4
20.152535999999998 -155.953768 0.0 0.4
20.1627 -155.956312 0.0 0.4
20.178442 -155.95883800000001 0.0 0.4
20.188509 -155.95996 0.0 0.4
20.201019 -155.960095 0.0 0.4
20.211378999999997 -155.958971 0.0 0.4
20.221466 -155.959492 0.0 0.4
20.234972 -155.95766700000001 0.0 0.4
20.244578999999998 -155.95443 0.0 0.4
20.253771999999998 -155.950285 0.0 0.4
20.264864 -155.946133 0.0 0.4
20.273654999999998 -155.941013 0.0 0.4
20.282685999999998 -155.93409 0.0 0.4
20.291795 -155.926446 0.0 0.4
20.299704 -155.917642 0.0 0.4
20.305146999999998 -155.908501 0.0 0.4
20.309393999999998 -155.898651 0.0 0.4
20.313888 -155.887989 0.0 0.4
20.316591 -155.876622 0.0 0.4
20.319305 -155.866691 0.0 0.4
20.320764 -155.856653 0.0 0.4
20.321452999999998 -155.84546 0.0 0.4
20.320444 -155.83375 0.0 0.4
20.317653999999997 -155.821702 0.0 0.4
20.31327 -155.812088 0.0 0.4
20.311671999999998 -155.80128 0.0 0.4
20.306827 -155.787521 0.0 0.4
20.301772 -155.77803699999998 0.0 0.4
20.298077 -155.766312 0.0 0.4
20.295769 -155.755475 0.0 0.4
20.290134 -155.74318 0.0 0.4
20.283255 -155.731427 0.0 0.4
20.275316 -155.722541 0.0 0.4
20.268769 -155.71474999999998 0.0 0.4
20.263575 -155.705145 0.0 0.4
20.255985 -155.69660000000002 0.0 0.4
20.247898 -155.690551 0.0 0.4
20.242544 -155.68088799999998 0.0 0.4
20.237106999999998 -155.67219699999998 0.0 0.4
20.229853 -155.663543 0.0 0.4
20.224118999999998 -155.653567 0.0 0.4
20.219227999999998 -155.643774 0.0 0.4
20.21535 -155.63452 0.0 0.4
20.209951 -155.625 0.0 0.4
20.203509 -155.615734 0.0 0.4
20.195878999999998 -155.607387 0.0 0.4
20.19086 -155.59778699999998 0.0 0.4
20.184748 -155.588008 0.0 0.4
20.180146999999998 -155.578768 0.0 0.4
20.182951 -155.568549 0.0 0.4
20.183063 -155.558237 0.0 0.4
20.181245999999998 -155.545772 0.0 0.4
20.177412999999998 -155.53124400000002 0.0 0.4
20.173989 -155.52120000000002 0.0 0.4
20.169304 -155.510348 0.0 0.4
20.167225 -155.500485 0.0 0.4
20.164835999999998 -155.490064 0.0 0.4
20.162506999999998 -155.478824 0.0 0.4
20.158582 -155.469379 0.0 0.4
20.154735 -155.458772 0.0 0.4
20.151896 -155.447178 0.0 0.4
20.147201 -155.436042 0.0 0.4
20.74313 -156.577224 0.0 0.4
20.75 -156.586932 0.0 0.4
20.75 -156.617386 0.0 0.4
20.760465 -156.625 0.0 0.4
20.765106 -156.640085 0.0 0.4
20.772195999999997 -156.651921 0.0 0.4
20.778419 -156.65985899999998 0.0 0.4
20.788843999999997 -156.669372 0.0 0.4
20.798478 -156.677483 0.0 0.4
20.811004 -156.690844 0.0 0.4
20.819730999999997 -156.698914 0.0 0.4
20.827500999999998 -156.70657 0.0 0.4
20.839479 -156.718692 0.0 0.4
20.851699 -156.728615 0.0 0.4
20.86523 -156.736053 0.0 0.4
20.875 -156.739462 0.0 0.4
20.888807999999997 -156.739419 0.0 0.4
20.898795 -156.745834 0.0 0.4
20.9082 -156.750475 0.0 0.4
20.920016 -156.75219099999998 0.0 0.4
20.933932 -156.751774 0.0 0.4
20.948548 -156.751796 0.0 0.4
20.959553 -156.75 0.0 0.4
20.976095 -156.743126 0.0 0.4
20.985903999999998 -156.739924 0.0 0.4
20.996923 -156.737322 0.0 0.4
21.010932999999998 -156.732166 0.0 0.4
21.022565 -156.723002 0.0 0.4
21.032193 -156.717122 0.0 0.4
21.043231 -156.708489 0.0 0.4
21.049493 -156.69835899999998 0.0 0.4
21.060561 -156.687062 0.0 0.4
21.076693 -156.670424 0.0 0.4
21.081826 -156.655947 0.0 0.4
21.083275999999998 -156.642811 0.0 0.4
21.084471999999998 -156.629942 0.0 0.4
21.090498 -156.618134 0.0 0.4
21.092579999999998 -156.605889 0.0 0.4
21.092411 -156.591031 0.0 0.4
21.088531 -156.57437199999998 0.0 0.4
21.083334 -156.561902 0.0 0.4
21.068824 -156.54303299999998 0.0 0.4
21.060140999999998 -156.529168 0.0 0.4
21.052795 -156.51612699999998 0.0 0.4
21.044596 -156.504322 0.0 0.4
21.035435 -156.490728 0.0 0.4
21.02865 -156.483134 0.0 0.4
21.019208 -156.475383 0.0 0.4
21.008869999999998 -156.471015 0.0 0.4
20.994771 -156.469105 0.0 0.4
20.979803 -156.463544 0.0 0.4
20.972141 -156.454929 0.0 0.4
20.971339 -156.437884 0.0 0.4
20.97338 -156.427447 0.0 0.4
20.974180999999998 -156.404908 0.0 0.4
20.980968 -156.396203 0.0 0.4
20.989822999999998 -156.377602 0.0 0.4
20.993789 -156.36473999999998 0.0 0.4
20.994104 -156.35446 0.0 0.4
21.004195 -156.339218 0.0 0.4
21.00623 -156.320479 0.0 0.4
21.002997999999998 -156.304134 0.0 0.4
21.002610999999998 -156.282381 0.0 0.4
21.003750999999998 -156.268578 0.0 0.4
21.0 -156.256595 0.0 0.4
20.989715 -156.237583 0.0 0.4
20.98713 -156.226147 0.0 0.4
20.983088 -156.214341 0.0 0.4
20.971501999999997 -156.19529599999998 0.0 0.4
20.960727 -156.182875 0.0 0.4
20.949223999999997 -156.171826 0.0 0.4
20.942874 -156.161875 0.0 0.4
20.931872 -156.150723 0.0 0.4
20.917437 -156.136358 0.0 0.4
20.915008999999998 -156.125 0.0 0.4
20.908338 -156.111061 0.0 0.4
20.898481 -156.095925 0.0 0.4
20.888431 -156.086014 0.0 0.4
20.880751 -156.076476 0.0 0.4
20.875 -156.06235900000001 0.0 0.4
20.870544 -156.049623 0.0 0.4
20.865719 -156.040245 0.0 0.4
20.8595 -156.025587 0.0 0.4
20.855974 -156.012429 0.0 0.4
20.852123 -156.0 0.0 0.4
20.875 -156.0 0.0 0.4
20.875 -155.958991 0.0 0.4
20.861928 -155.950956 0.0 0.4
20.848713 -155.944276 0.0 0.4
20.836591 -155.939126 0.0 0.4
20.819845 -155.93428699999998 0.0 0.4
20.801467 -155.92969399999998 0.0 0.4
20.781734999999998 -155.926785 0.0 0.4
20.767045 -155.926952 0.0 0.4
20.75 -155.927525 0.0 0.4
20.738675 -155.926837 0.0 0.4
20.724792 -155.928101 0.0 0.4
20.712583 -155.93280099999998 0.0 0.4
20.700369 -155.939818 0.0 0.4
20.683913 -155.945797 0.0 0.4
20.673911 -155.95170000000002 0.0 0.4
20.664452 -155.958335 0.0 0.4
20.654833999999997 -155.966946 0.0 0.4
20.644768 -155.978074 0.0 0.4
20.634483 -155.991352 0.0 0.4
20.625975999999998 -156.0 0.0 0.4
20.615983 -156.011708 0.0 0.4
20.607719 -156.023718 0.0 0.4
20.602563 -156.03431899999998 0.0 0.4
20.598252 -156.049641 0.0 0.4
20.597579 -156.065766 0.0 0.4
20.596552 -156.07711899999998 0.0 0.4
20.590701 -156.087428 0.0 0.4
20.584158 -156.099826 0.0 0.4
20.577213999999998 -156.115519 0.0 0.4
20.573325999999998 -156.125 0.0 0.4
20.569843 -156.13527 0.0 0.4
20.572734 -156.158737 0.0 0.4
20.572477 -156.177165 0.0 0.4
20.575512 -156.190607 0.0 0.4
20.57449 -156.201041 0.0 0.4
20.565578 -156.218449 0.0 0.4
20.559897 -156.229051 0.0 0.4
20.553247 -156.243621 0.0 0.4
20.546468 -156.264217 0.0 0.4
20.540072 -156.279148 0.0 0.4
20.536894999999998 -156.290472 0.0 0.4
20.536049 -156.303554 0.0 0.4
20.536326 -156.324127 0.0 0.4
20.533037999999998 -156.341489 0.0 0.4
20.530908 -156.36288 0.0 0.4
20.528985 -156.375 0.0 0.4
20.532676 -156.387636 0.0 0.4
20.536609 -156.420495 0.0 0.4
20.543647 -156.436733 0.0 0.4
20.555525 -156.45349099999999 0.0 0.4
20.579083 -156.48451 0.0 0.4
20.562500999999997 -156.487632 0.0 0.4
20.548126999999997 -156.482319 0.0 0.4
20.529573 -156.47955100000001 0.0 0.4
20.51515 -156.48273899999998 0.0 0.4
20.5 -156.489367 0.0 0.4
20.4918 -156.497299 0.0 0.4
20.47478 -156.5122 0.0 0.4
20.468930999999998 -156.520949 0.0 0.4
20.462979999999998 -156.533456 0.0 0.4
20.460845 -156.546069 0.0 0.4
20.46137 -156.55752999999999 0.0 0.4
20.459132 -156.573544 0.0 0.4
20.458167 -156.583924 0.0 0.4
20.45935 -156.596016 0.0 0.4
20.459168 -156.614904 0.0 0.4
20.459311 -156.625 0.0 0.4
20.458336 -156.640192 0.0 0.4
20.457266 -156.656859 0.0 0.4
20.457774999999998 -156.672786 0.0 0.4
20.454141999999997 -156.705115 0.0 0.4
20.45293 -156.732894 0.0 0.4
20.454335 -156.75 0.0 0.4
20.499988 -156.749999 0.0 0.4
20.513053 -156.752763 0.0 0.4
20.526721 -156.755978 0.0 0.4
20.539956999999998 -156.75507299999998 0.0 0.4
20.550964 -156.751983 0.0 0.4
20.56261 -156.746036 0.0 0.4
20.573711 -156.739883 0.0 0.4
20.581844 -156.733645 0.0 0.4
20.591729 -156.721691 0.0 0.4
20.604591 -156.704442 0.0 0.4
20.611566999999997 -156.691115 0.0 0.4
20.615375 -156.674229 0.0 0.4
20.622552 -156.661878 0.0 0.4
20.6334 -156.645376 0.0 0.4
20.645096 -156.625 0.0 0.4
20.650792 -156.61007999999998 0.0 0.4
20.657878999999998 -156.597734 0.0 0.4
20.659309999999998 -156.57507099999998 0.0 0.4
20.658337 -156.562547 0.0 0.4
20.657913999999998 -156.55196 0.0 0.4
20.666539 -156.543658 0.0 0.4
20.67922 -156.531659 0.0 0.4
20.684981999999998 -156.52036099999998 0.0 0.4
20.688399 -156.510883 0.0 0.4
20.691232 -156.5 0.0 0.4
20.702547 -156.5 0.0 0.4
20.718763 -156.506284 0.0 0.4
20.735386 -156.51187 0.0 0.4
20.732557 -156.521903 0.0 0.4
20.732485999999998 -156.54682 0.0 0.4
20.738041 -156.56269700000001 0.0 0.4
20.74313 -156.577224 0.0 0.4
21.546 -158.328652 0.0 0.4
21.553994 -158.335052 0.0 0.4
21.564286 -158.342151 0.0 0.4
21.577679 -158.34465 0.0 0.4
21.591175 -158.342149 0.0 0.4
21.604573 -158.335048 0.0 0.4
21.611833999999998 -158.327721 0.0 0.4
21.621779999999998 -158.31194499999998 0.0 0.4
21.621786999999998 -158.30191 0.0 0.4
21.625363999999998 -158.289592 0.0 0.4
21.627841999999998 -158.278156 0.0 0.4
21.628065 -158.267684 0.0 0.4
21.631086 -158.24723699999998 0.0 0.4
21.630816 -158.230222 0.0 0.4
21.633105 -158.214959 0.0 0.4
21.634473999999997 -158.199604 0.0 0.4
21.632573999999998 -158.186992 0.0 0.4
21.632009 -158.175005 0.0 0.4
21.639732 -158.155497 0.0 0.4
21.646939 -158.144509 0.0 0.4
21.657128999999998 -158.135063 0.0 0.4
21.663543999999998 -158.126135 0.0 0.4
21.66721 -158.114744 0.0 0.4
21.679105 -158.110343 0.0 0.4
21.690911 -158.103982 0.0 0.4
21.702994999999998 -158.095543 0.0 0.4
21.712692 -158.083344 0.0 0.4
21.719191 -158.071944 0.0 0.4
21.730086 -158.062344 0.0 0.4
21.739881 -158.050144 0.0 0.4
21.743083 -158.035344 0.0 0.4
21.7462 -158.025131 0.0 0.4
21.755304 -158.008235 0.0 0.4
21.761591 -157.997244 0.0 0.4
21.762997 -157.978318 0.0 0.4
21.758623999999998 -157.95506899999998 0.0 0.4
21.754579 -157.94178499999998 0.0 0.4
21.748182 -157.931597 0.0 0.4
21.741376 -157.921945 0.0 0.4
21.732893999999998 -157.913902 0.0 0.4
21.725481 -157.905345 0.0 0.4
21.718282 -157.896445 0.0 0.4
21.709982999999998 -157.888146 0.0 0.4
21.696959 -157.876784 0.0 0.4
21.685889 -157.872246 0.0 0.4
21.676498 -157.866408 0.0 0.4
21.665544 -157.860211 0.0 0.4
21.65029 -157.85420399999998 0.0 0.4
21.631401 -157.847444 0.0 0.4
21.621803999999997 -157.844149 0.0 0.4
21.613702999999997 -157.83724899999999 0.0 0.4
21.607101 -157.824549 0.0 0.4
21.599800000000002 -157.814249 0.0 0.4
21.593099 -157.804949 0.0 0.4
21.5852 -157.798649 0.0 0.4
21.571903 -157.79375 0.0 0.4
21.561505 -157.79025000000001 0.0 0.4
21.552483 -157.784798 0.0 0.4
21.543581 -157.779966 0.0 0.4
21.532408 -157.768251 0.0 0.4
21.516458 -157.750924 0.0 0.4
21.519783999999998 -157.727724 0.0 0.4
21.520782999999998 -157.712636 0.0 0.4
21.518708999999998 -157.70261299999999 0.0 0.4
21.513469 -157.692696 0.0 0.4
21.507807 -157.683493 0.0 0.4
21.499955 -157.67298599999998 0.0 0.4
21.496789 -157.660949 0.0 0.4
21.488889999999998 -157.653649 0.0 0.4
21.480538 -157.647726 0.0 0.4
21.467194 -157.641249 0.0 0.4
21.453799 -157.64335 0.0 0.4
21.442401 -157.649487 0.0 0.4
21.431324999999998 -157.646411 0.0 0.4
21.422804 -157.640933 0.0 0.4
21.40911 -157.636251 0.0 0.4
21.397612 -157.633152 0.0 0.4
21.385213999999998 -157.629252 0.0 0.4
21.375003 -157.62595199999998 0.0 0.4
21.361645 -157.61532 0.0 0.4
21.353054 -157.60822 0.0 0.4
21.343768999999998 -157.603453 0.0 0.4
21.332373999999998 -157.60017299999998 0.0 0.4
21.318490999999998 -157.59801299999998 0.0 0.4
21.295133999999997 -157.597909 0.0 0.4
21.282919 -157.600922 0.0 0.4
21.269133999999998 -157.60769299999998 0.0 0.4
21.261906 -157.614698 0.0 0.4
21.255330999999998 -157.622252 0.0 0.4
21.248455999999997 -157.631985 0.0 0.4
21.240572999999998 -157.645863 0.0 0.4
21.232027 -157.65126 0.0 0.4
21.219939999999998 -157.66507000000001 0.0 0.4
21.213801 -157.67577699999998 0.0 0.4
21.209184 -157.689378 0.0 0.4
21.208202 -157.708324 0.0 0.4
21.209485 -157.719701 0.0 0.4
21.212455 -157.730909 0.0 0.4
21.216855 -157.739958 0.0 0.4
21.219988999999998 -157.750827 0.0 0.4
21.214385999999998 -157.760082 0.0 0.4
21.209068 -157.769271 0.0 0.4
21.205413999999998 -157.779045 0.0 0.4
21.201676 -157.790852 0.0 0.4
21.199533 -157.807876 0.0 0.4
21.200239999999997 -157.821335 0.0 0.4
21.204503 -157.838673 0.0 0.4
21.209072 -157.85096 0.0 0.4
21.218013 -157.864136 0.0 0.4
21.228278 -157.872257 0.0 0.4
21.239349999999998 -157.881329 0.0 0.4
21.246838999999998 -157.894809 0.0 0.4
21.248039 -157.905256 0.0 0.4
21.247539 -157.91555599999998 0.0 0.4
21.248039 -157.927855 0.0 0.4
21.251338999999998 -157.939455 0.0 0.4
21.254558 -157.952723 0.0 0.4
21.257738 -157.96355499999999 0.0 0.4
21.252739 -157.972255 0.0 0.4
21.250139 -157.983355 0.0 0.4
21.249639 -157.995555 0.0 0.4
21.249239 -158.009355 0.0 0.4
21.248739 -158.021955 0.0 0.4
21.244502999999998 -158.03258599999998 0.0 0.4
21.242874 -158.04442899999998 0.0 0.4
21.241274 -158.05981 0.0 0.4
21.241923 -158.072479 0.0 0.4
21.239279999999997 -158.084919 0.0 0.4
21.237071 -158.110077 0.0 0.4
21.23865 -158.122254 0.0 0.4
21.242390999999998 -158.13476 0.0 0.4
21.248417 -158.144511 0.0 0.4
21.256636 -158.154054 0.0 0.4
21.267436 -158.161154 0.0 0.4
21.320818 -158.176803 0.0 0.4
21.341247 -158.182049 0.0 0.4
21.351062 -158.186963 0.0 0.4
21.357233 -158.20135199999999 0.0 0.4
21.361832 -158.212552 0.0 0.4
21.368232 -158.222152 0.0 0.4
21.381131 -158.231852 0.0 0.4
21.397731 -158.237052 0.0 0.4
21.409748999999998 -158.23973 0.0 0.4
21.419010999999998 -158.247252 0.0 0.4
21.42553 -158.257644 0.0 0.4
21.437924 -158.266248 0.0 0.4
21.448178 -158.275002 0.0 0.4
21.457013 -158.281327 0.0 0.4
21.470153 -158.287936 0.0 0.4
21.489358 -158.291548 0.0 0.4
21.496817999999998 -158.301353 0.0 0.4
21.509726999999998 -158.300103 0.0 0.4
21.524718 -158.298653 0.0 0.4
21.538908 -158.317253 0.0 0.4
21.546 -158.328652 0.0 0.4
22.266837 -159.619191 0.0 0.4
22.275029 -159.604922 0.0 0.4
22.279988 -159.58299 0.0 0.4
22.282971999999997 -159.561341 0.0 0.4
22.283075999999998 -159.547442 0.0 0.4
22.279072 -159.537984 0.0 0.4
22.276132999999998 -159.52799 0.0 0.4
22.277386 -159.517065 0.0 0.4
22.282007999999998 -159.507687 0.0 0.4
22.285916 -159.48404299999999 0.0 0.4
22.284587 -159.466112 0.0 0.4
22.282445 -159.444635 0.0 0.4
22.278035 -159.432755 0.0 0.4
22.284782999999997 -159.422145 0.0 0.4
22.288846 -159.41241300000002 0.0 0.4
22.287506999999998 -159.389673 0.0 0.4
22.283295 -159.379789 0.0 0.4
22.269654 -159.355687 0.0 0.4
22.266469999999998 -159.334252 0.0 0.4
22.258882 -159.320891 0.0 0.4
22.25 -159.308798 0.0 0.4
22.242030999999997 -159.300139 0.0 0.4
22.23362 -159.291325 0.0 0.4
22.220215 -159.279395 0.0 0.4
22.203915 -159.265517 0.0 0.4
22.191761 -159.259529 0.0 0.4
22.180514 -159.253622 0.0 0.4
22.166808 -159.245779 0.0 0.4
22.147212 -159.243917 0.0 0.4
22.136325 -159.24273399999998 0.0 0.4
22.125 -159.241827 0.0 0.4
22.111866 -159.242613 0.0 0.4
22.101651999999998 -159.24502 0.0 0.4
22.090239999999998 -159.248795 0.0 0.4
22.072933 -159.25901199999998 0.0 0.4
22.055163 -159.264681 0.0 0.4
22.041117999999997 -159.270368 0.0 0.4
22.03064 -159.276091 0.0 0.4
22.020234 -159.282594 0.0 0.4
22.008719 -159.280917 0.0 0.4
21.995493 -159.280336 0.0 0.4
21.981768 -159.281586 0.0 0.4
21.965296 -159.279222 0.0 0.4
21.951902 -159.281277 0.0 0.4
21.940637 -159.284354 0.0 0.4
21.930225 -159.291664 0.0 0.4
21.916477 -159.303079 0.0 0.4
21.898300000000003 -159.320114 0.0 0.4
21.891475 -159.330826 0.0 0.4
21.886443999999997 -159.339755 0.0 0.4
21.875 -159.347321 0.0 0.4
21.867933 -159.354871 0.0 0.4
21.860678 -159.368169 0.0 0.4
21.849825 -159.381938 0.0 0.4
21.844151 -159.390573 0.0 0.4
21.835594999999998 -159.40295 0.0 0.4
21.820771 -159.432853 0.0 0.4
21.817788999999998 -159.443999 0.0 0.4
21.819069 -159.46015 0.0 0.4
21.821834 -159.470189 0.0 0.4
21.829179999999997 -159.493489 0.0 0.4
21.833482 -159.50293299999998 0.0 0.4
21.834628 -159.514407 0.0 0.4
21.833417999999998 -159.529638 0.0 0.4
21.834895 -159.540998 0.0 0.4
21.839074999999998 -159.55598 0.0 0.4
21.8425 -159.572688 0.0 0.4
21.84547 -159.587907 0.0 0.4
21.843657999999998 -159.599669 0.0 0.4
21.842872999999997 -159.612405 0.0 0.4
21.843847999999998 -159.62430899999998 0.0 0.4
21.849816 -159.63653399999998 0.0 0.4
21.855864 -159.645738 0.0 0.4
21.864022 -159.657687 0.0 0.4
21.870233 -159.66573 0.0 0.4
21.876106999999998 -159.674272 0.0 0.4
21.886530999999998 -159.68435599999998 0.0 0.4
21.895654999999998 -159.697677 0.0 0.4
21.905198 -159.708932 0.0 0.4
21.911165 -159.731549 0.0 0.4
21.916186 -159.743708 0.0 0.4
21.927595999999998 -159.76207499999998 0.0 0.4
21.930455 -159.77527 0.0 0.4
21.938796 -159.791667 0.0 0.4
21.952901999999998 -159.808605 0.0 0.4
21.970246 -159.819835 0.0 0.4
21.989295 -159.83373699999999 0.0 0.4
22.0 -159.838584 0.0 0.4
22.008525 -159.847759 0.0 0.4
22.027147 -159.850959 0.0 0.4
22.040589999999998 -159.850678 0.0 0.4
22.05287 -159.847123 0.0 0.4
22.076072999999997 -159.84812399999998 0.0 0.4
22.094226 -159.83772299999998 0.0 0.4
22.105421 -159.825983 0.0 0.4
22.125 -159.804894 0.0 0.4
22.134622 -159.794006 0.0 0.4
22.144614 -159.793157 0.0 0.4
22.160104999999998 -159.788826 0.0 0.4
22.174652 -159.777276 0.0 0.4
22.187699 -159.76563 0.0 0.4
22.197718 -159.75 0.0 0.4
22.207157 -159.727544 0.0 0.4
22.213181 -159.707992 0.0 0.4
22.220986 -159.691158 0.0 0.4
22.227107999999998 -159.677252 0.0 0.4
22.238561 -159.663171 0.0 0.4
22.244566 -159.653454 0.0 0.4
22.25 -159.641786 0.0 0.4
22.263298 -159.625 0.0 0.4
21.261194 -157.015058 0.0 0.4
21.269814 -157.0 0.0 0.4
21.273533999999998 -156.990343 0.0 0.4
21.274618999999998 -156.97879799999998 0.0 0.4
21.269327999999998 -156.952167 0.0 0.4
21.262449 -156.936992 0.0 0.4
21.256577999999998 -156.9274 0.0 0.4
21.243783999999998 -156.917151 0.0 0.4
21.233596 -156.911629 0.0 0.4
21.234005999999997 -156.893948 0.0 0.4
21.233643 -156.881736 0.0 0.4
21.231887 -156.871195 0.0 0.4
21.227088 -156.85904299999999 0.0 0.4
21.223036 -156.848528 0.0 0.4
21.227218 -156.826626 0.0 0.4
21.231407 -156.812116 0.0 0.4
21.233918 -156.801522 0.0 0.4
21.232633999999997 -156.78744899999998 0.0 0.4
21.232861 -156.771063 0.0 0.4
21.231244 -156.760285 0.0 0.4
21.228196 -156.75 0.0 0.4
21.227743999999998 -156.73120799999998 0.0 0.4
21.221639 -156.713586 0.0 0.4
21.214292 -156.696775 0.0 0.4
21.210514 -156.686507 0.0 0.4
21.202402 -156.675828 0.0 0.4
21.19315 -156.66737799999999 0.0 0.4
21.181907 -156.659565 0.0 0.4
21.170716 -156.65627899999998 0.0 0.4
21.155957 -156.653907 0.0 0.4
21.145018999999998 -156.650886 0.0 0.4
21.134276999999997 -156.650525 0.0 0.4
21.125 -156.654836 0.0 0.4
21.114902999999998 -156.657708 0.0 0.4
21.104267 -156.664751 0.0 0.4
21.095717 -156.672586 0.0 0.4
21.091096 -156.682715 0.0 0.4
21.087792 -156.693993 0.0 0.4
21.072208999999997 -156.708056 0.0 0.4
21.060672 -156.726008 0.0 0.4
21.055778 -156.735601 0.0 0.4
21.046597 -156.746536 0.0 0.4
21.042776999999997 -156.756113 0.0 0.4
21.036929 -156.76675799999998 0.0 0.4
21.029702 -156.777146 0.0 0.4
21.022306999999998 -156.793681 0.0 0.4
21.017751999999998 -156.808324 0.0 0.4
21.011727999999998 -156.817542 0.0 0.4
21.002259 -156.829989 0.0 0.4
21.0 -156.875 0.0 0.4
20.993679 -156.888874 0.0 0.4
20.994567 -156.899463 0.0 0.4
20.997584 -156.914535 0.0 0.4
21.001428 -156.925727 0.0 0.4
21.006776 -156.935359 0.0 0.4
21.009380999999998 -156.945213 0.0 0.4
21.010702 -156.95572099999998 0.0 0.4
21.017777 -156.969414 0.0 0.4
21.024098 -156.983833 0.0 0.4
21.029877 -157.0 0.0 0.4
21.035482 -157.010555 0.0 0.4
21.038804 -157.02451 0.0 0.4
21.03852 -157.038721 0.0 0.4
21.042704 -157.05023699999998 0.0 0.4
21.048437 -157.05975 0.0 0.4
21.057596999999998 -157.072149 0.0 0.4
21.058518 -157.08305000000001 0.0 0.4
21.058235 -157.094212 0.0 0.4
21.056480999999998 -157.110515 0.0 0.4
21.052495999999998 -157.125 0.0 0.4
21.048306999999998 -157.136314 0.0 0.4
21.048845999999998 -157.156004 0.0 0.4
21.048002999999998 -157.167136 0.0 0.4
21.046473 -157.177198 0.0 0.4
21.046658 -157.190205 0.0 0.4
21.046326999999998 -157.201874 0.0 0.4
21.045655 -157.216036 0.0 0.4
21.043098999999998 -157.231438 0.0 0.4
21.044909999999998 -157.25 0.0 0.4
21.044721 -157.26790699999998 0.0 0.4
21.046015 -157.278629 0.0 0.4
21.046114 -157.289428 0.0 0.4
21.047655 -157.301312 0.0 0.4
21.050676 -157.321244 0.0 0.4
21.058604 -157.334619 0.0 0.4
21.07224 -157.349124 0.0 0.4
21.083607 -157.358431 0.0 0.4
21.092357999999997 -157.363785 0.0 0.4
21.116657999999997 -157.366259 0.0 0.4
21.127513999999998 -157.364085 0.0 0.4
21.137695 -157.357968 0.0 0.4
21.157085 -157.349892 0.0 0.4
21.175038 -157.338593 0.0 0.4
21.187818999999998 -157.328815 0.0 0.4
21.195344 -157.321457 0.0 0.4
21.204128 -157.31167499999998 0.0 0.4
21.220271999999998 -157.314554 0.0 0.4
21.230432999999998 -157.314468 0.0 0.4
21.244522 -157.310521 0.0 0.4
21.253009 -157.305136 0.0 0.4
21.260292 -157.298044 0.0 0.4
21.272589999999997 -157.281284 0.0 0.4
21.278475 -157.259973 0.0 0.4
21.280347 -157.25 0.0 0.4
21.277471 -157.237943 0.0 0.4
21.278496 -157.220212 0.0 0.4
21.276509 -157.199538 0.0 0.4
21.271466 -157.183943 0.0 0.4
21.265394999999998 -157.171645 0.0 0.4
21.259141 -157.161932 0.0 0.4
21.256444 -157.147321 0.0 0.4
21.255160999999998 -157.135204 0.0 0.4
21.255632 -157.125 0.0 0.4
21.25258 -157.109493 0.0 0.4
21.25227 -157.090732 0.0 0.4
21.247864 -157.075437 0.0 0.4
21.246949 -157.065327 0.0 0.4
21.244861999999998 -157.051517 0.0 0.4
21.24554 -157.036238 0.0 0.4
21.249737 -157.02537999999998 0.0 0.4
21.258236 -157.018781 0.0 0.4
27.795897 -176.043354 0.0 0.4
27.807142 -176.036633 0.0 0.4
27.817273 -176.028718 0.0 0.4
27.830285999999997 -176.01083 0.0 0.4
27.835344 -176.0 0.0 0.4
27.831421 -175.983246 0.0 0.4
27.826977 -175.964515 0.0 0.4
27.818623 -175.938833 0.0 0.4
27.81371 -175.924304 0.0 0.4
27.827475999999997 -175.939506 0.0 0.4
27.833054999999998 -175.955759 0.0 0.4
27.844869 -175.973492 0.0 0.4
27.861904 -175.988874 0.0 0.4
27.875 -175.990656 0.0 0.4
27.889498999999997 -175.992144 0.0 0.4
27.900513999999998 -175.987573 0.0 0.4
27.913217999999997 -175.981439 0.0 0.4
27.929910999999997 -175.96633500000002 0.0 0.4
27.936199 -175.950463 0.0 0.4
27.940580999999998 -175.93565 0.0 0.4
27.958268 -175.908844 0.0 0.4
27.975913 -175.875 0.0 0.4
27.982108999999998 -175.857868 0.0 0.4
28.0 -175.823072 0.0 0.4
28.005941999999997 -175.81005199999998 0.0 0.4
28.00817 -175.799914 0.0 0.4
28.008592 -175.786763 0.0 0.4
28.007475 -175.76968399999998 0.0 0.4
28.004023 -175.75437399999998 0.0 0.4
28.001012 -175.744454 0.0 0.4
27.984659999999998 -175.707761 0.0 0.4
27.958558999999997 -175.681533 0.0 0.4
27.941601 -175.67012799999998 0.0 0.4
27.914417999999998 -175.66478999999998 0.0 0.4
27.894061999999998 -175.664062 0.0 0.4
27.875 -175.665594 0.0 0.4
27.846764999999998 -175.676624 0.0 0.4
27.752564 -175.72484500000002 0.0 0.4
27.738854999999997 -175.73413399999998 0.0 0.4
27.732716999999997 -175.746115 0.0 0.4
27.725685 -175.779138 0.0 0.4
27.723485 -175.80293899999998 0.0 0.4
27.722972 -175.817525 0.0 0.4
27.728457 -175.84505000000001 0.0 0.4
27.714534 -175.86494499999998 0.0 0.4
27.708412 -175.875 0.0 0.4
27.699213 -175.895192 0.0 0.4
27.688231 -175.93948799999998 0.0 0.4
27.693402 -175.969598 0.0 0.4
27.709305999999998 -176.0 0.0 0.4
27.720311 -176.005472 0.0 0.4
27.736739999999998 -176.023501 0.0 0.4
27.75 -176.034445 0.0 0.4
27.778406 -176.04291999999998 0.0 0.4
27.795897 -176.043354 0.0 0.4
20.902813 -157.116187 0.0 0.4
20.915581 -157.115059 0.0 0.4
20.93123 -157.11122699999999 0.0 0.4
20.948603 -157.09993 0.0 0.4
20.958396999999998 -157.088835 0.0 0.4
20.968419 -157.06856299999998 0.0 0.4
20.979035 -157.04949 0.0 0.4
20.983302 -157.035268 0.0 0.4
20.982951 -157.017579 0.0 0.4
20.984216999999997 -157.0 0.0 0.4
20.985058 -156.989822 0.0 0.4
20.984016 -156.976221 0.0 0.4
20.981164 -156.964616 0.0 0.4
20.980945 -156.94892199999998 0.0 0.4
20.979409999999998 -156.933494 0.0 0.4
20.978935999999997 -156.921631 0.0 0.4
20.976533 -156.90756199999998 0.0 0.4
20.971588999999998 -156.892485 0.0 0.4
20.968894 -156.88216 0.0 0.4
20.964378999999997 -156.868474 0.0 0.4
20.958333 -156.858852 0.0 0.4
20.951238 -156.84756099999998 0.0 0.4
20.941827999999997 -156.8364 0.0 0.4
20.934381 -156.827567 0.0 0.4
20.925921 -156.819468 0.0 0.4
20.915826 -156.81149399999998 0.0 0.4
20.906916 -156.80425 0.0 0.4
20.894954 -156.79095 0.0 0.4
20.883551 -156.782036 0.0 0.4
20.875 -156.77542599999998 0.0 0.4
20.850770999999998 -156.75745899999998 0.0 0.4
20.826712999999998 -156.75 0.0 0.4
20.815413 -156.75 0.0 0.4
20.795866999999998 -156.756083 0.0 0.4
20.77085 -156.76905 0.0 0.4
20.761157 -156.77521 0.0 0.4
20.75 -156.782302 0.0 0.4
20.735250999999998 -156.795363 0.0 0.4
20.722775 -156.812819 0.0 0.4
20.715149999999998 -156.83149 0.0 0.4
20.711676999999998 -156.845415 0.0 0.4
20.698600000000003 -156.861853 0.0 0.4
20.690965 -156.875 0.0 0.4
20.688838999999998 -156.887814 0.0 0.4
20.689935 -156.899601 0.0 0.4
20.693312 -156.91059 0.0 0.4
20.691284 -156.92668 0.0 0.4
20.689694 -156.94320399999998 0.0 0.4
20.687261 -156.953935 0.0 0.4
20.685942999999998 -156.966851 0.0 0.4
20.690443 -156.985962 0.0 0.4
20.696894999999998 -157.0 0.0 0.4
20.706080999999998 -157.008732 0.0 0.4
20.717913 -157.018088 0.0 0.4
20.728731 -157.027278 0.0 0.4
20.738132999999998 -157.032393 0.0 0.4
20.75 -157.038145 0.0 0.4
20.762033 -157.040267 0.0 0.4
20.780772 -157.046458 0.0 0.4
20.803106 -157.046874 0.0 0.4
20.820545 -157.048069 0.0 0.4
20.827247999999997 -157.07500299999998 0.0 0.4
20.836682 -157.08568 0.0 0.4
20.847154 -157.095182 0.0 0.4
20.860132999999998 -157.102917 0.0 0.4
20.869460999999998 -157.110131 0.0 0.4
20.891693 -157.11723999999998 0.0 0.4
20.902813 -157.116187 0.0 0.4
21.853794999999998 -160.30436 0.0 0.4
21.863684 -160.300843 0.0 0.4
21.873575 -160.297524 0.0 0.4
21.883893 -160.293374 0.0 0.4
21.897185999999998 -160.28861 0.0 0.4
21.908671 -160.285897 0.0 0.4
21.920638 -160.279947 0.0 0.4
21.928749 -160.272561 0.0 0.4
21.935892 -160.264725 0.0 0.4
21.942505999999998 -160.250001 0.0 0.4
21.953877 -160.234233 0.0 0.4
21.964553 -160.222722 0.0 0.4
21.972915 -160.21128299999998 0.0 0.4
21.981278 -160.1995 0.0 0.4
21.986993 -160.189159 0.0 0.4
21.991478999999998 -160.174011 0.0 0.4
22.008011999999997 -160.16971 0.0 0.4
22.020063999999998 -160.165831 0.0 0.4
22.041325 -160.15954399999998 0.0 0.4
22.060515 -160.151433 0.0 0.4
22.073321999999997 -160.140416 0.0 0.4
22.079234 -160.129054 0.0 0.4
22.082347 -160.119205 0.0 0.4
22.082497 -160.100307 0.0 0.4
22.079387999999998 -160.085892 0.0 0.4
22.076994 -160.075149 0.0 0.4
22.072675999999998 -160.063461 0.0 0.4
22.054889 -160.044793 0.0 0.4
22.045313 -160.037186 0.0 0.4
22.038857999999998 -160.02716900000001 0.0 0.4
22.03001 -160.01828799999998 0.0 0.4
22.019783999999998 -160.011688 0.0 0.4
22.006892 -160.004521 0.0 0.4
21.996409999999997 -160.001226 0.0 0.4
21.985367999999998 -159.995875 0.0 0.4
21.971329 -160.0 0.0 0.4
21.956574999999997 -160.006191 0.0 0.4
21.946386 -160.014139 0.0 0.4
21.931214 -160.027502 0.0 0.4
21.911575 -160.022423 0.0 0.4
21.896459 -160.022908 0.0 0.4
21.884977 -160.02489 0.0 0.4
21.875 -160.028962 0.0 0.4
21.862368999999997 -160.037242 0.0 0.4
21.854305 -160.046404 0.0 0.4
21.845594 -160.059408 0.0 0.4
21.840968 -160.069525 0.0 0.4
21.834851999999998 -160.082418 0.0 0.4
21.829891999999997 -160.092982 0.0 0.4
21.828032 -160.10410000000002 0.0 0.4
21.824959999999997 -160.122015 0.0 0.4
21.814653 -160.130054 0.0 0.4
21.804236 -160.138361 0.0 0.4
21.787421 -160.143961 0.0 0.4
21.775063 -160.148538 0.0 0.4
21.763799 -160.15181 0.0 0.4
21.75 -160.16025 0.0 0.4
21.739551 -160.17031 0.0 0.4
21.732146 -160.186195 0.0 0.4
21.729827 -160.197992 0.0 0.4
21.728241 -160.208281 0.0 0.4
21.728797 -160.218301 0.0 0.4
21.732488999999998 -160.228849 0.0 0.4
21.735353999999997 -160.238867 0.0 0.4
21.739722999999998 -160.24823800000001 0.0 0.4
21.742834 -160.258932 0.0 0.4
21.75 -160.269506 0.0 0.4
21.757780999999998 -160.278211 0.0 0.4
21.7707 -160.286498 0.0 0.4
21.77997 -160.293453 0.0 0.4
21.7905 -160.29852599999998 0.0 0.4
21.804152 -160.301534 0.0 0.4
21.819578 -160.303821 0.0 0.4
21.832622999999998 -160.304504 0.0 0.4
21.845921999999998 -160.305007 0.0 0.4
23.846363 -166.386532 0.0 0.4
23.863657 -166.38428399999998 0.0 0.4
23.875 -166.38192800000002 0.0 0.4
23.886246 -166.37757299999998 0.0 0.4
23.894206999999998 -166.36561999999998 0.0 0.4
23.902462999999997 -166.35202099999998 0.0 0.4
23.908292 -166.330052 0.0 0.4
23.917953999999998 -166.324743 0.0 0.4
23.924882999999998 -166.307072 0.0 0.4
23.928977 -166.288366 0.0 0.4
23.92594 -166.278544 0.0 0.4
23.928521 -166.26473 0.0 0.4
23.92886 -166.25 0.0 0.4
23.928490999999998 -166.233064 0.0 0.4
23.917213999999998 -166.204276 0.0 0.4
23.902324999999998 -166.182347 0.0 0.4
23.893967999999997 -166.17517800000002 0.0 0.4
23.875 -166.165936 0.0 0.4
23.864815999999998 -166.165522 0.0 0.4
23.851018 -166.164839 0.0 0.4
23.840142999999998 -166.16834 0.0 0.4
23.818941 -166.153478 0.0 0.4
23.799723999999998 -166.15024599999998 0.0 0.4
23.785479 -166.148171 0.0 0.4
23.778513999999998 -166.136787 0.0 0.4
23.770173 -166.129358 0.0 0.4
23.766669 -166.11849899999999 0.0 0.4
23.7548 -166.11663399999998 0.0 0.4
23.742521999999997 -166.10678000000001 0.0 0.4
23.728928999999997 -166.104627 0.0 0.4
23.713535999999998 -166.105881 0.0 0.4
23.697148 -166.113494 0.0 0.4
23.686096 -166.125 0.0 0.4
23.674083 -166.125 0.0 0.4
23.664596 -166.11768999999998 0.0 0.4
23.652336 -166.11384199999998 0.0 0.4
23.636982 -166.113135 0.0 0.4
23.625 -166.11713600000002 0.0 0.4
23.611254 -166.116781 0.0 0.4
23.603011 -166.13131299999998 0.0 0.4
23.594217 -166.145219 0.0 0.4
23.58709 -166.172218 0.0 0.4
23.589530999999997 -166.194409 0.0 0.4
23.599809999999998 -166.21105799999998 0.0 0.4
23.614791 -166.224238 0.0 0.4
23.625 -166.228861 0.0 0.4
23.641579999999998 -166.232285 0.0 0.4
23.652638 -166.230199 0.0 0.4
23.672532999999998 -166.223964 0.0 0.4
23.68553 -166.212001 0.0 0.4
23.696686 -166.214811 0.0 0.4
23.704877999999997 -166.222827 0.0 0.4
23.715169 -166.224907 0.0 0.4
23.727444 -166.22678200000001 0.0 0.4
23.719672 -166.241222 0.0 0.4
23.714751999999997 -166.25 0.0 0.4
23.71314 -166.26558899999998 0.0 0.4
23.71812 -166.28599 0.0 0.4
23.728666 -166.302607 0.0 0.4
23.736017 -166.31108899999998 0.0 0.4
23.75 -166.319701 0.0 0.4
23.770974 -166.32374199999998 0.0 0.4
23.791047 -166.319152 0.0 0.4
23.803736 -166.31357400000002 0.0 0.4
23.799052 -166.32257199999998 0.0 0.4
23.79964 -166.33682199999998 0.0 0.4
23.805944999999998 -166.35634199999998 0.0 0.4
23.815535999999998 -166.369229 0.0 0.4
23.824624 -166.375 0.0 0.4
23.831992 -166.384476 0.0 0.4
23.846363 -166.386532 0.0 0.4
28.418986 -178.443593 0.0 0.4
28.444087999999997 -178.438336 0.0 0.4
28.466102 -178.42757799999998 0.0 0.4
28.478178999999997 -178.41677199999998 0.0 0.4
28.5 -178.395769 0.0 0.4
28.501589 -178.384163 0.0 0.4
28.507821999999997 -178.375 0.0 0.4
28.513818999999998 -178.360627 0.0 0.4
28.517269 -178.34053999999998 0.0 0.4
28.516333999999997 -178.31512099999998 0.0 0.4
28.513263 -178.304348 0.0 0.4
28.507206999999998 -178.291516 0.0 0.4
28.5 -178.281065 0.0 0.4
28.488564999999998 -178.271166 0.0 0.4
28.476535 -178.25704100000002 0.0 0.4
28.466673999999998 -178.25 0.0 0.4
28.456149999999997 -178.238469 0.0 0.4
28.427335 -178.23222299999998 0.0 0.4
28.397700999999998 -178.230504 0.0 0.4
28.383633 -178.23249299999998 0.0 0.4
28.369011 -178.235704 0.0 0.4
28.352397999999997 -178.246057 0.0 0.4
28.342831999999998 -178.25752599999998 0.0 0.4
28.335887999999997 -178.270263 0.0 0.4
28.328809999999997 -178.288895 0.0 0.4
28.328336 -178.301402 0.0 0.4
28.333855999999997 -178.341744 0.0 0.4
28.337539999999997 -178.375 0.0 0.4
28.339057999999998 -178.38665600000002 0.0 0.4
28.360661 -178.411478 0.0 0.4
28.375 -178.415719 0.0 0.4
28.397771 -178.433227 0.0 0.4
28.405172 -178.440486 0.0 0.4
28.418986 -178.443593 0.0 0.4
26.059614 -174.067374 0.0 0.4
26.082008 -174.061535 0.0 0.4
26.094151 -174.059123 0.0 0.4
26.105252 -174.055583 0.0 0.4
26.116578 -174.04962 0.0 0.4
26.122602 -174.040725 0.0 0.4
26.128691999999997 -174.03177699999998 0.0 0.4
26.133996 -174.0189 0.0 0.4
26.137052999999998 -174.007114 0.0 0.4
26.136608 -173.99187999999998 0.0 0.4
26.133224 -173.981428 0.0 0.4
26.135382999999997 -173.969551 0.0 0.4
26.13569 -173.957916 0.0 0.4
26.125 -173.936105 0.0 0.4
26.117236 -173.92604899999998 0.0 0.4
26.109741 -173.91857 0.0 0.4
26.100526 -173.913984 0.0 0.4
26.081882 -173.90850799999998 0.0 0.4
26.06676 -173.903829 0.0 0.4
26.035998 -173.913145 0.0 0.4
26.019627 -173.925968 0.0 0.4
26.010714 -173.94276 0.0 0.4
26.006639 -173.964922 0.0 0.4
26.0 -173.97704499999998 0.0 0.4
25.995143 -173.99183 0.0 0.4
25.990288999999997 -174.006404 0.0 0.4
25.993278 -174.02720499999998 0.0 0.4
26.0 -174.03753799999998 0.0 0.4
26.020719 -174.059183 0.0 0.4
26.039427999999997 -174.065944 0.0 0.4
26.052484 -174.067457 0.0 0.4
25.78135 -171.809629 0.0 0.4
25.79336 -171.806464 0.0 0.4
25.805822 -171.80014799999998 0.0 0.4
25.822301 -171.78697799999998 0.0 0.4
25.830800999999997 -171.77289100000002 0.0 0.4
25.837944 -171.75 0.0 0.4
25.83465 -171.73152299999998 0.0 0.4
25.833928999999998 -171.72105399999998 0.0 0.4
25.833211 -171.710623 0.0 0.4
25.823767999999998 -171.688276 0.0 0.4
25.810907 -171.676628 0.0 0.4
25.793908 -171.66936199999998 0.0 0.4
25.781216999999998 -171.66792199999998 0.0 0.4
25.75 -171.67768 0.0 0.4
25.736752 -171.680475 0.0 0.4
25.727878999999998 -171.68686 0.0 0.4
25.716858 -171.69984499999998 0.0 0.4
25.709495 -171.718432 0.0 0.4
25.707479 -171.731403 0.0 0.4
25.709191 -171.75 0.0 0.4
25.714761 -171.762573 0.0 0.4
25.728337999999997 -171.782867 0.0 0.4
25.738569 -171.794741 0.0 0.4
25.75 -171.801352 0.0 0.4
25.767132999999998 -171.807047 0.0 0.4
25.78135 -171.809629 0.0 0.4
23.069924 -161.987555 0.0 0.4
23.091275 -161.982524 0.0 0.4
23.104986999999998 -161.965449 0.0 0.4
23.111897 -161.944662 0.0 0.4
23.113018999999998 -161.931118 0.0 0.4
23.113988 -161.91944 0.0 0.4
23.110384 -161.887575 0.0 0.4
23.101637 -161.875 0.0 0.4
23.09115 -161.867706 0.0 0.4
23.075658999999998 -161.859956 0.0 0.4
23.060806 -161.858059 0.0 0.4
23.044378 -161.860766 0.0 0.4
23.03401 -161.865473 0.0 0.4
23.023476 -161.871445 0.0 0.4
23.00943 -161.894219 0.0 0.4
23.005395 -161.931141 0.0 0.4
23.009169 -161.955171 0.0 0.4
23.025564 -161.976061 0.0 0.4
23.041131 -161.985445 0.0 0.4
23.056732999999998 -161.98724099999998 0.0 0.4
23.069924 -161.987555 0.0 0.4
23.581720999999998 -164.76481 0.0 0.4
23.593498999999998 -164.76115099999998 0.0 0.4
23.603517 -164.75379199999998 0.0 0.4
23.614393999999997 -164.74006 0.0 0.4
23.62107 -164.72463 0.0 0.4
23.623234 -164.709793 0.0 0.4
23.623347 -164.697381 0.0 0.4
23.622806 -164.68263000000002 0.0 0.4
23.616623999999998 -164.668763 0.0 0.4
23.607069 -164.654083 0.0 0.4
23.59454 -164.644609 0.0 0.4
23.576110999999997 -164.640019 0.0 0.4
23.551513999999997 -164.645348 0.0 0.4
23.535221 -164.654024 0.0 0.4
23.527025 -164.663883 0.0 0.4
23.521085 -164.67332199999998 0.0 0.4
23.517149 -164.685218 0.0 0.4
23.517046999999998 -164.696315 0.0 0.4
23.521756999999997 -164.723041 0.0 0.4
23.530162999999998 -164.739365 0.0 0.4
23.536146 -164.75 0.0 0.4
23.550221999999998 -164.757553 0.0 0.4
23.56638 -164.76473 0.0 0.4
23.581720999999998 -164.76481 0.0 0.4
21.658163 -160.600875 0.0 0.4
21.677823999999998 -160.595961 0.0 0.4
21.695501 -160.583551 0.0 0.4
21.708892 -160.562728 0.0 0.4
21.712063999999998 -160.550309 0.0 0.4
21.712912 -160.53949799999998 0.0 0.4
21.708465 -160.522253 0.0 0.4
21.703238 -160.508791 0.0 0.4
21.697025 -160.5 0.0 0.4
21.684492 -160.490174 0.0 0.4
21.672231 -160.484964 0.0 0.4
21.657973 -160.482924 0.0 0.4
21.640311 -160.482907 0.0 0.4
21.625 -160.491524 0.0 0.4
21.617192 -160.5 0.0 0.4
21.610139 -160.51043099999998 0.0 0.4
21.60493 -160.520366 0.0 0.4
21.601063999999997 -160.53082899999998 0.0 0.4
21.600384 -160.546216 0.0 0.4
21.602726999999998 -160.55870199999998 0.0 0.4
21.606664 -160.570728 0.0 0.4
21.615135 -160.58101299999998 0.0 0.4
21.625 -160.590748 0.0 0.4
21.640397999999998 -160.597602 0.0 0.4
21.658163 -160.600875 0.0 0.4
25.0 -168.058215 0.0 0.4
25.010502 -168.056187 0.0 0.4
25.021299 -168.052631 0.0 0.4
25.031271999999998 -168.046577 0.0 0.4
25.040011999999997 -168.035523 0.0 0.4
25.04668 -168.022226 0.0 0.4
25.049819 -168.00969700000002 0.0 0.4
25.049049 -167.98894 0.0 0.4
25.041224 -167.972527 0.0 0.4
25.033216 -167.962008 0.0 0.4
25.023538 -167.952449 0.0 0.4
25.009486 -167.947882 0.0 0.4
25.0 -167.944593 0.0 0.4
24.989807 -167.944204 0.0 0.4
24.97364 -167.94897 0.0 0.4
24.964385999999998 -167.953685 0.0 0.4
24.954887 -167.966767 0.0 0.4
24.949603999999997 -167.98252200000002 0.0 0.4
24.948107 -168.0 0.0 0.4
24.954476999999997 -168.02359 0.0 0.4
24.959715 -168.03775100000001 0.0 0.4
24.974487 -168.050345 0.0 0.4
24.987885 -168.05838699999998 0.0 0.4
25.0 -168.058215 0.0 0.4
25.506313 -170.684631 0.0 0.4
25.518445999999997 -170.683167 0.0 0.4
25.529249 -170.678742 0.0 0.4
25.537661 -170.67289699999998 0.0 0.4
25.54636 -170.663452 0.0 0.4
25.551924 -170.653641 0.0 0.4
25.555481 -170.643127 0.0 0.4
25.557131 -170.630829 0.0 0.4
25.556192 -170.618317 0.0 0.4
25.552343 -170.605301 0.0 0.4
25.545939999999998 -170.59411599999999 0.0 0.4
25.539147999999997 -170.58648699999998 0.0 0.4
25.530996 -170.580277 0.0 0.4
25.519576999999998 -170.57515 0.0 0.4
25.507573999999998 -170.57318099999998 0.0 0.4
25.495182 -170.57446299999998 0.0 0.4
25.485118999999997 -170.578171 0.0 0.4
25.4758 -170.584381 0.0 0.4
25.468615 -170.591644 0.0 0.4
25.462595 -170.600769 0.0 0.4
25.458354999999997 -170.611084 0.0 0.4
25.456218999999997 -170.621277 0.0 0.4
25.455797 -170.631577 0.0 0.4
25.457189999999997 -170.64209 0.0 0.4
25.460393999999997 -170.652039 0.0 0.4
25.465832 -170.66220099999998 0.0 0.4
25.472693 -170.670364 0.0 0.4
25.481075 -170.677033 0.0 0.4
25.491235999999997 -170.681961 0.0 0.4
25.50227 -170.684418 0.0 0.4
