42.561043 -96.49877599999999 0.0 0.4
42.572244999999995 -96.48707499999999 0.0 0.4
42.578852999999995 -96.495002 0.0 0.4
42.588425 -96.49908599999999 0.0 0.4
42.602875999999995 -96.503784 0.0 0.4
42.612497 -96.509323 0.0 0.4
42.616465 -96.518654 0.0 0.4
42.609276 -96.525718 0.0 0.4
42.618024 -96.520709 0.0 0.4
42.626625 -96.515368 0.0 0.4
42.634831999999996 -96.521532 0.0 0.4
42.64208 -96.528915 0.0 0.4
42.64657 -96.53785099999999 0.0 0.4
42.656693999999995 -96.538493 0.0 0.4
42.661251 -96.54746 0.0 0.4
42.657613 -96.557547 0.0 0.4
42.667578999999996 -96.55881199999999 0.0 0.4
42.674791 -96.566092 0.0 0.4
42.671375 -96.57681699999999 0.0 0.4
42.681295 -96.57467 0.0 0.4
42.682972 -96.58463499999999 0.0 0.4
42.691038999999996 -96.590864 0.0 0.4
42.696963 -96.59902799999999 0.0 0.4
42.694706 -96.608801 0.0 0.4
42.700479 -96.616986 0.0 0.4
42.7077 -96.62421599999999 0.0 0.4
42.717332999999996 -96.627141 0.0 0.4
42.724391 -96.634278 0.0 0.4
42.734013 -96.637575 0.0 0.4
42.742894 -96.632761 0.0 0.4
42.751086 -96.626964 0.0 0.4
42.760276 -96.631199 0.0 0.4
42.769006 -96.636551 0.0 0.4
42.771225 -96.626785 0.0 0.4
42.779776999999996 -96.621512 0.0 0.4
42.784597 -96.612707 0.0 0.4
42.787188 -96.60268599999999 0.0 0.4
42.793777999999996 -96.59510999999999 0.0 0.4
42.803968 -96.592169 0.0 0.4
42.813671 -96.59562 0.0 0.4
42.817828 -96.586415 0.0 0.4
42.825389 -96.579808 0.0 0.4
42.835193 -96.58216399999999 0.0 0.4
42.836988 -96.572276 0.0 0.4
42.829814 -96.564937 0.0 0.4
42.839106 -96.560976 0.0 0.4
42.836535 -96.551127 0.0 0.4
42.845877 -96.554818 0.0 0.4
42.849739 -96.545512 0.0 0.4
42.858951999999995 -96.54146399999999 0.0 0.4
42.863548 -96.550451 0.0 0.4
42.873157 -96.54750899999999 0.0 0.4
42.878077999999995 -96.538438 0.0 0.4
42.888059999999996 -96.539396 0.0 0.4
42.890567999999995 -96.529057 0.0 0.4
42.899902 -96.533334 0.0 0.4
42.903698999999996 -96.542872 0.0 0.4
42.913626 -96.539383 0.0 0.4
42.923517 -96.541451 0.0 0.4
42.929687 -96.53250899999999 0.0 0.4
42.935798 -96.524458 0.0 0.4
42.942299 -96.516503 0.0 0.4
42.947924 -96.50804699999999 0.0 0.4
42.956784999999996 -96.503196 0.0 0.4
42.966787 -96.502512 0.0 0.4
42.971514 -96.51136799999999 0.0 0.4
42.977607 -96.52005299999999 0.0 0.4
42.985409999999995 -96.51265699999999 0.0 0.4
42.995228 -96.50985999999999 0.0 0.4
42.997907 -96.500064 0.0 0.4
43.005244 -96.493056 0.0 0.4
43.015115 -96.495014 0.0 0.4
43.020365999999996 -96.503937 0.0 0.4
43.026865 -96.512435 0.0 0.4
43.036455 -96.509267 0.0 0.4
43.037856 -96.519511 0.0 0.4
43.0465 -96.514093 0.0 0.4
43.048687 -96.503824 0.0 0.4
43.050584 -96.493995 0.0 0.4
43.056491 -96.485604 0.0 0.4
43.062283 -96.477417 0.0 0.4
43.06196 -96.467345 0.0 0.4
43.067156999999995 -96.458618 0.0 0.4
43.077203 -96.455648 0.0 0.4
43.087261 -96.454779 0.0 0.4
43.096995 -96.457149 0.0 0.4
43.104057999999995 -96.449928 0.0 0.4
43.111495 -96.44303699999999 0.0 0.4
43.119361 -96.43683999999999 0.0 0.4
43.128706 -96.44042999999999 0.0 0.4
43.135886 -96.44754999999999 0.0 0.4
43.143511 -96.45453499999999 0.0 0.4
43.147368 -96.463813 0.0 0.4
43.15737 -96.467737 0.0 0.4
43.1674 -96.46689599999999 0.0 0.4
43.177429 -96.466375 0.0 0.4
43.185578 -96.472487 0.0 0.4
43.195617 -96.472454 0.0 0.4
43.205497 -96.47080299999999 0.0 0.4
43.213808 -96.47640799999999 0.0 0.4
43.223023999999995 -96.480339 0.0 0.4
43.223295 -96.490409 0.0 0.4
43.220819 -96.500434 0.0 0.4
43.217521 -96.51018599999999 0.0 0.4
43.217848 -96.52018199999999 0.0 0.4
43.224173 -96.527963 0.0 0.4
43.22654 -96.53772099999999 0.0 0.4
43.226903 -96.54791399999999 0.0 0.4
43.223490999999996 -96.55768599999999 0.0 0.4
43.230281 -96.565207 0.0 0.4
43.238253 -96.571275 0.0 0.4
43.243806 -96.562812 0.0 0.4
43.247412999999995 -96.553367 0.0 0.4
43.257383999999995 -96.552497 0.0 0.4
43.259749 -96.56230599999999 0.0 0.4
43.264353 -96.571355 0.0 0.4
43.268102999999996 -96.58107799999999 0.0 0.4
43.277833 -96.578339 0.0 0.4
43.287814999999995 -96.581398 0.0 0.4
43.294266 -96.589039 0.0 0.4
43.298111999999996 -96.579684 0.0 0.4
43.295539 -96.569319 0.0 0.4
43.296275 -96.557881 0.0 0.4
43.294101999999995 -96.547882 0.0 0.4
43.298497999999995 -96.538839 0.0 0.4
43.304590999999995 -96.53085 0.0 0.4
43.314504 -96.52863599999999 0.0 0.4
43.324549999999995 -96.52902999999999 0.0 0.4
43.334244999999996 -96.53242 0.0 0.4
43.343243 -96.52750499999999 0.0 0.4
43.353089 -96.525313 0.0 0.4
43.3624 -96.52909799999999 0.0 0.4
43.372281 -96.525138 0.0 0.4
43.382270999999996 -96.52460599999999 0.0 0.4
43.392858 -96.524074 0.0 0.4
43.394942 -96.534691 0.0 0.4
43.396329 -96.544716 0.0 0.4
43.403726 -96.55169099999999 0.0 0.4
43.410741 -96.55963 0.0 0.4
43.416720999999995 -96.568012 0.0 0.4
43.426798999999995 -96.569766 0.0 0.4
43.431778 -96.579205 0.0 0.4
43.432202 -96.58954399999999 0.0 0.4
43.439473 -96.59645599999999 0.0 0.4
43.448206 -96.60145 0.0 0.4
43.457764999999995 -96.59789699999999 0.0 0.4
43.464267 -96.590009 0.0 0.4
43.472794 -96.58434799999999 0.0 0.4
43.482624 -96.581808 0.0 0.4
43.491388 -96.58674099999999 0.0 0.4
43.493815999999995 -96.596507 0.0 0.4
43.500446 -96.586367 0.0 0.4
43.500447 -96.57394599999999 0.0 0.4
43.500423 -96.560373 0.0 0.4
43.500414 -96.547472 0.0 0.4
43.50042 -96.535843 0.0 0.4
43.500436 -96.525311 0.0 0.4
43.500395 -96.513824 0.0 0.4
43.500389 -96.49775299999999 0.0 0.4
43.500391 -96.487652 0.0 0.4
43.500392999999995 -96.47386499999999 0.0 0.4
43.500392999999995 -96.46244899999999 0.0 0.4
43.500411 -96.446758 0.0 0.4
43.500352 -96.433493 0.0 0.4
43.500369 -96.421925 0.0 0.4
43.500338 -96.411597 0.0 0.4
43.500318 -96.40030399999999 0.0 0.4
43.500325 -96.39010499999999 0.0 0.4
43.500330999999996 -96.378768 0.0 0.4
43.500307 -96.368738 0.0 0.4
43.500284 -96.35790999999999 0.0 0.4
43.500277 -96.34633099999999 0.0 0.4
43.500405 -96.333389 0.0 0.4
43.500296999999996 -96.31583099999999 0.0 0.4
43.50031 -96.303742 0.0 0.4
43.500296999999996 -96.293689 0.0 0.4
43.500274 -96.282206 0.0 0.4
43.500273 -96.271295 0.0 0.4
43.500271 -96.256598 0.0 0.4
43.50025 -96.24517999999999 0.0 0.4
43.500259 -96.23474399999999 0.0 0.4
43.500273 -96.224387 0.0 0.4
43.50029 -96.21401399999999 0.0 0.4
43.500315 -96.20257199999999 0.0 0.4
43.500254999999996 -96.19102099999999 0.0 0.4
43.500223999999996 -96.177617 0.0 0.4
43.500198999999995 -96.164214 0.0 0.4
43.500189 -96.154181 0.0 0.4
43.500191 -96.14280099999999 0.0 0.4
43.500178999999996 -96.13271499999999 0.0 0.4
43.500144999999996 -96.12095699999999 0.0 0.4
43.500172 -96.109246 0.0 0.4
43.500184 -96.09801999999999 0.0 0.4
43.500169 -96.085279 0.0 0.4
43.500166 -96.07411499999999 0.0 0.4
43.500143 -96.060936 0.0 0.4
43.500125 -96.050687 0.0 0.4
43.500115 -96.038215 0.0 0.4
43.500102 -96.02569199999999 0.0 0.4
43.500124 -96.000333 0.0 0.4
43.500093 -95.990095 0.0 0.4
43.500068 -95.979671 0.0 0.4
43.500068999999996 -95.968367 0.0 0.4
43.500077 -95.95836399999999 0.0 0.4
43.500094 -95.948335 0.0 0.4
43.500091 -95.93823599999999 0.0 0.4
43.500036 -95.92560499999999 0.0 0.4
43.500051 -95.915353 0.0 0.4
43.500035 -95.90359099999999 0.0 0.4
43.500049 -95.88965999999999 0.0 0.4
43.50008 -95.87944999999999 0.0 0.4
43.50009 -95.86904299999999 0.0 0.4
43.500026999999996 -95.85831499999999 0.0 0.4
43.500023999999996 -95.843998 0.0 0.4
43.500009 -95.83384699999999 0.0 0.4
43.499992 -95.821146 0.0 0.4
43.499975 -95.802763 0.0 0.4
43.499967999999996 -95.79274199999999 0.0 0.4
43.499945 -95.781374 0.0 0.4
43.499924 -95.768962 0.0 0.4
43.499908999999995 -95.75806999999999 0.0 0.4
43.499924 -95.746444 0.0 0.4
43.499911999999995 -95.73629199999999 0.0 0.4
43.499922999999995 -95.72474199999999 0.0 0.4
43.499900000000004 -95.71425699999999 0.0 0.4
43.499901 -95.701286 0.0 0.4
43.499880999999995 -95.689365 0.0 0.4
43.499896 -95.677127 0.0 0.4
43.499888 -95.666191 0.0 0.4
43.499904 -95.65229699999999 0.0 0.4
43.499885 -95.640352 0.0 0.4
43.499883 -95.62848199999999 0.0 0.4
43.499886 -95.616768 0.0 0.4
43.499902 -95.60663799999999 0.0 0.4
43.499902 -95.59427699999999 0.0 0.4
43.499908 -95.57987 0.0 0.4
43.499922 -95.569395 0.0 0.4
43.499950999999996 -95.552454 0.0 0.4
43.499947 -95.53540000000001 0.0 0.4
43.49997 -95.52492099999999 0.0 0.4
43.499866999999995 -95.514656 0.0 0.4
43.499967 -95.50253599999999 0.0 0.4
43.500049 -95.48902799999999 0.0 0.4
43.500023999999996 -95.478276 0.0 0.4
43.500468 -95.460478 0.0 0.4
43.500566 -95.448895 0.0 0.4
43.500440999999995 -95.43690199999999 0.0 0.4
43.500111 -95.425345 0.0 0.4
43.500167 -95.41494499999999 0.0 0.4
43.500211 -95.399734 0.0 0.4
43.500231 -95.38877099999999 0.0 0.4
43.500248 -95.376466 0.0 0.4
43.500264 -95.364808 0.0 0.4
43.500316999999995 -95.352823 0.0 0.4
43.50038 -95.337194 0.0 0.4
43.500422 -95.325695 0.0 0.4
43.500437999999995 -95.311111 0.0 0.4
43.500437 -95.29981099999999 0.0 0.4
43.500510999999996 -95.284638 0.0 0.4
43.500549 -95.273629 0.0 0.4
43.500572999999996 -95.26334299999999 0.0 0.4
43.500598 -95.25177599999999 0.0 0.4
43.501092 -95.23884699999999 0.0 0.4
43.500969999999995 -95.224856 0.0 0.4
43.500965 -95.214233 0.0 0.4
43.500831 -95.203859 0.0 0.4
43.500876 -95.192461 0.0 0.4
43.50091 -95.180572 0.0 0.4
43.501005 -95.16923299999999 0.0 0.4
43.500507 -95.15693 0.0 0.4
43.500535 -95.14651099999999 0.0 0.4
43.500605 -95.136225 0.0 0.4
43.500631 -95.125271 0.0 0.4
43.500851 -95.11494499999999 0.0 0.4
43.500901999999996 -95.104192 0.0 0.4
43.501011999999996 -95.093987 0.0 0.4
43.501008 -95.083889 0.0 0.4
43.500986999999995 -95.072232 0.0 0.4
43.500975 -95.058154 0.0 0.4
43.500963 -95.03775999999999 0.0 0.4
43.500969 -95.026095 0.0 0.4
43.500963 -95.015518 0.0 0.4
43.500947 -95.001886 0.0 0.4
43.50093 -94.99052499999999 0.0 0.4
43.500934 -94.97991499999999 0.0 0.4
43.500992 -94.968699 0.0 0.4
43.500963999999996 -94.95836399999999 0.0 0.4
43.500901999999996 -94.947981 0.0 0.4
43.500906 -94.937882 0.0 0.4
43.500917 -94.92743399999999 0.0 0.4
43.500881 -94.916341 0.0 0.4
43.500478 -94.904034 0.0 0.4
43.500499 -94.889122 0.0 0.4
43.500935999999996 -94.878343 0.0 0.4
43.500927 -94.86569399999999 0.0 0.4
43.500924999999995 -94.85455499999999 0.0 0.4
43.500918 -94.844158 0.0 0.4
43.500879999999995 -94.833922 0.0 0.4
43.500921999999996 -94.821298 0.0 0.4
43.500977999999996 -94.810194 0.0 0.4
43.500985 -94.799408 0.0 0.4
43.501031 -94.78817199999999 0.0 0.4
43.501031999999995 -94.77754999999999 0.0 0.4
43.501052 -94.76574699999999 0.0 0.4
43.501014 -94.754238 0.0 0.4
43.501021 -94.744142 0.0 0.4
43.500926 -94.734017 0.0 0.4
43.500918999999996 -94.723779 0.0 0.4
43.500861 -94.713386 0.0 0.4
43.500844 -94.703187 0.0 0.4
43.500819 -94.68988999999999 0.0 0.4
43.500809 -94.679197 0.0 0.4
43.500792 -94.66911499999999 0.0 0.4
43.500761999999995 -94.65877599999999 0.0 0.4
43.500729 -94.647182 0.0 0.4
43.500721 -94.636966 0.0 0.4
43.500687 -94.625 0.0 0.4
43.500726 -94.614741 0.0 0.4
43.500372999999996 -94.567272 0.0 0.4
43.50053 -94.552343 0.0 0.4
43.500527 -94.535985 0.0 0.4
43.500493999999996 -94.52259 0.0 0.4
43.500488999999995 -94.512391 0.0 0.4
43.500456 -94.501657 0.0 0.4
43.50046 -94.491599 0.0 0.4
43.500445 -94.480987 0.0 0.4
43.500431 -94.470957 0.0 0.4
43.500385 -94.457341 0.0 0.4
43.500395999999995 -94.44709399999999 0.0 0.4
43.500397 -94.434488 0.0 0.4
43.500336 -94.42443399999999 0.0 0.4
43.500341 -94.412804 0.0 0.4
43.500319999999995 -94.400229 0.0 0.4
43.500457999999995 -94.389248 0.0 0.4
43.500385 -94.378462 0.0 0.4
43.500242 -94.368066 0.0 0.4
43.50026 -94.357708 0.0 0.4
43.500248 -94.347213 0.0 0.4
43.500243 -94.33653699999999 0.0 0.4
43.500251 -94.32606 0.0 0.4
43.500223 -94.315406 0.0 0.4
43.500188 -94.302612 0.0 0.4
43.500181 -94.28989299999999 0.0 0.4
43.500178999999996 -94.279546 0.0 0.4
43.500135 -94.267815 0.0 0.4
43.500128 -94.255427 0.0 0.4
43.500143 -94.24541599999999 0.0 0.4
43.500138 -94.234093 0.0 0.4
43.500125999999995 -94.223202 0.0 0.4
43.500125999999995 -94.2127 0.0 0.4
43.500132 -94.201095 0.0 0.4
43.500081 -94.190219 0.0 0.4
43.500084 -94.179406 0.0 0.4
43.500093 -94.16931 0.0 0.4
43.500091 -94.157449 0.0 0.4
43.500088 -94.147128 0.0 0.4
43.500077 -94.133707 0.0 0.4
43.500101 -94.12213299999999 0.0 0.4
43.500105999999995 -94.109752 0.0 0.4
43.500082 -94.09825099999999 0.0 0.4
43.500063 -94.08648199999999 0.0 0.4
43.500015999999995 -94.07522999999999 0.0 0.4
43.500015 -94.06521699999999 0.0 0.4
43.499992 -94.053641 0.0 0.4
43.499962 -94.042451 0.0 0.4
43.499955 -94.03080399999999 0.0 0.4
43.499933999999996 -94.020781 0.0 0.4
43.499916 -94.010752 0.0 0.4
43.499907 -94.000441 0.0 0.4
43.499915 -93.988231 0.0 0.4
43.49989 -93.977081 0.0 0.4
43.499866999999995 -93.962102 0.0 0.4
43.499852 -93.94833 0.0 0.4
43.499814 -93.93040099999999 0.0 0.4
43.499766 -93.91985799999999 0.0 0.4
43.499784 -93.908599 0.0 0.4
43.499779 -93.897069 0.0 0.4
43.499756999999995 -93.87657399999999 0.0 0.4
43.499714999999995 -93.863355 0.0 0.4
43.499742999999995 -93.852262 0.0 0.4
43.499749 -93.835852 0.0 0.4
43.499711 -93.81756299999999 0.0 0.4
43.499724 -93.806438 0.0 0.4
43.499704 -93.79642799999999 0.0 0.4
43.499689 -93.785878 0.0 0.4
43.499682 -93.77373399999999 0.0 0.4
43.499682 -93.75630000000001 0.0 0.4
43.49969 -93.743568 0.0 0.4
43.499696 -93.72846 0.0 0.4
43.499688 -93.716122 0.0 0.4
43.499660999999996 -93.704634 0.0 0.4
43.499655999999995 -93.69106699999999 0.0 0.4
43.499687 -93.677303 0.0 0.4
43.499674 -93.66163999999999 0.0 0.4
43.499666999999995 -93.651282 0.0 0.4
43.499689 -93.640643 0.0 0.4
43.499683999999995 -93.629955 0.0 0.4
43.499669999999995 -93.61860899999999 0.0 0.4
43.499641 -93.60595099999999 0.0 0.4
43.499618 -93.594312 0.0 0.4
43.499632999999996 -93.584099 0.0 0.4
43.499629999999996 -93.57206599999999 0.0 0.4
43.499654 -93.560755 0.0 0.4
43.499631 -93.55045899999999 0.0 0.4
43.499637 -93.540122 0.0 0.4
43.499642 -93.529163 0.0 0.4
43.499624999999995 -93.51858999999999 0.0 0.4
43.499586 -93.508067 0.0 0.4
43.49962 -93.49756699999999 0.0 0.4
43.499475 -93.48315099999999 0.0 0.4
43.499483999999995 -93.47276699999999 0.0 0.4
43.499573999999996 -93.46140299999999 0.0 0.4
43.499551 -93.448667 0.0 0.4
43.499562 -93.438119 0.0 0.4
43.499555 -93.427864 0.0 0.4
43.499544 -93.414451 0.0 0.4
43.499553999999996 -93.403334 0.0 0.4
43.499534 -93.39108999999999 0.0 0.4
43.499528 -93.379924 0.0 0.4
43.499511999999996 -93.36906599999999 0.0 0.4
43.499486999999995 -93.35879299999999 0.0 0.4
43.499479 -93.346711 0.0 0.4
43.499492 -93.33398199999999 0.0 0.4
43.499471 -93.32195399999999 0.0 0.4
43.499482 -93.307152 0.0 0.4
43.499466999999996 -93.296303 0.0 0.4
43.499474 -93.286249 0.0 0.4
43.49949 -93.273899 0.0 0.4
43.499369 -93.260984 0.0 0.4
43.499386 -93.250204 0.0 0.4
43.499506 -93.233845 0.0 0.4
43.499531 -93.220569 0.0 0.4
43.499528 -93.209696 0.0 0.4
43.499565 -93.197936 0.0 0.4
43.49957 -93.187505 0.0 0.4
43.499559 -93.176845 0.0 0.4
43.499593 -93.162294 0.0 0.4
43.499596 -93.149191 0.0 0.4
43.499604999999995 -93.13739299999999 0.0 0.4
43.49962 -93.124281 0.0 0.4
43.49964 -93.11406799999999 0.0 0.4
43.499641 -93.102842 0.0 0.4
43.499643 -93.092362 0.0 0.4
43.499649 -93.082183 0.0 0.4
43.499641 -93.071156 0.0 0.4
43.499665 -93.06046099999999 0.0 0.4
43.499703 -93.050191 0.0 0.4
43.499703 -93.039356 0.0 0.4
43.499719999999996 -93.02809599999999 0.0 0.4
43.499744 -93.014151 0.0 0.4
43.499767999999996 -93.002984 0.0 0.4
43.499763 -92.991956 0.0 0.4
43.499766 -92.981776 0.0 0.4
43.499772 -92.965823 0.0 0.4
43.499814 -92.9496 0.0 0.4
43.499786 -92.939577 0.0 0.4
43.499809 -92.92518 0.0 0.4
43.499849999999995 -92.905531 0.0 0.4
43.499838 -92.89030699999999 0.0 0.4
43.49987 -92.878525 0.0 0.4
43.499911999999995 -92.858586 0.0 0.4
43.499916999999996 -92.83583 0.0 0.4
43.499969 -92.82311299999999 0.0 0.4
43.499956 -92.812568 0.0 0.4
43.499973999999995 -92.802246 0.0 0.4
43.499986 -92.790284 0.0 0.4
43.499995999999996 -92.77788799999999 0.0 0.4
43.500004 -92.767524 0.0 0.4
43.500023 -92.754027 0.0 0.4
43.500026999999996 -92.74027799999999 0.0 0.4
43.500043999999995 -92.729519 0.0 0.4
43.500081 -92.71781 0.0 0.4
43.500077999999995 -92.70655599999999 0.0 0.4
43.500094999999995 -92.695302 0.0 0.4
43.500132 -92.67623599999999 0.0 0.4
43.500170999999995 -92.660888 0.0 0.4
43.500192 -92.649991 0.0 0.4
43.500183 -92.637363 0.0 0.4
43.500212999999995 -92.627076 0.0 0.4
43.500212 -92.615657 0.0 0.4
43.500198 -92.60477999999999 0.0 0.4
43.500220999999996 -92.594574 0.0 0.4
43.500246999999995 -92.58223199999999 0.0 0.4
43.500262 -92.569755 0.0 0.4
43.500279 -92.558968 0.0 0.4
43.500201 -92.547619 0.0 0.4
43.500229999999995 -92.53622 0.0 0.4
43.500242 -92.525578 0.0 0.4
43.500243999999995 -92.51471 0.0 0.4
43.500257 -92.504148 0.0 0.4
43.500287 -92.489556 0.0 0.4
43.500281 -92.475706 0.0 0.4
43.50029 -92.46471199999999 0.0 0.4
43.500417 -92.454599 0.0 0.4
43.5005 -92.444491 0.0 0.4
43.500551 -92.432482 0.0 0.4
43.500551 -92.420718 0.0 0.4
43.500535 -92.410517 0.0 0.4
43.500558 -92.39629599999999 0.0 0.4
43.500504 -92.386078 0.0 0.4
43.50062 -92.375309 0.0 0.4
43.500541 -92.36175999999999 0.0 0.4
43.500582 -92.351275 0.0 0.4
43.500553 -92.329374 0.0 0.4
43.500543 -92.318606 0.0 0.4
43.500567 -92.301706 0.0 0.4
43.500555 -92.28939 0.0 0.4
43.500594 -92.27922 0.0 0.4
43.50058 -92.26658599999999 0.0 0.4
43.500598 -92.255848 0.0 0.4
43.500595 -92.243719 0.0 0.4
43.50058 -92.232801 0.0 0.4
43.500614 -92.22251399999999 0.0 0.4
43.500518 -92.20895399999999 0.0 0.4
43.500544 -92.19895199999999 0.0 0.4
43.500676999999996 -92.182557 0.0 0.4
43.50078 -92.17190000000001 0.0 0.4
43.500724999999996 -92.159514 0.0 0.4
43.500789999999995 -92.147595 0.0 0.4
43.500749 -92.137138 0.0 0.4
43.500676999999996 -92.127034 0.0 0.4
43.500735 -92.103886 0.0 0.4
43.500682999999995 -92.092871 0.0 0.4
43.500727999999995 -92.082748 0.0 0.4
43.500758 -92.072667 0.0 0.4
43.500771 -92.062646 0.0 0.4
43.5007 -92.052295 0.0 0.4
43.500719 -92.041213 0.0 0.4
43.500623999999995 -92.030688 0.0 0.4
43.500642 -92.020136 0.0 0.4
43.500682999999995 -92.00967999999999 0.0 0.4
43.50074 -91.99864699999999 0.0 0.4
43.500690999999996 -91.988524 0.0 0.4
43.500665999999995 -91.97809199999999 0.0 0.4
43.500668999999995 -91.96701499999999 0.0 0.4
43.500713999999995 -91.957008 0.0 0.4
43.500704999999996 -91.941701 0.0 0.4
43.500716 -91.930994 0.0 0.4
43.500782 -91.920746 0.0 0.4
43.500817 -91.91071 0.0 0.4
43.50075 -91.89942599999999 0.0 0.4
43.500741999999995 -91.88801 0.0 0.4
43.500741999999995 -91.87487 0.0 0.4
43.500715 -91.86391599999999 0.0 0.4
43.500733 -91.851188 0.0 0.4
43.500774 -91.83772499999999 0.0 0.4
43.500755 -91.82530299999999 0.0 0.4
43.500659 -91.811008 0.0 0.4
43.500688 -91.79887599999999 0.0 0.4
43.500712 -91.782494 0.0 0.4
43.500828999999996 -91.761252 0.0 0.4
43.500696 -91.74999799999999 0.0 0.4
43.500743 -91.739618 0.0 0.4
43.500746 -91.72568 0.0 0.4
43.500719 -91.715533 0.0 0.4
43.500704 -91.700717 0.0 0.4
43.500631 -91.680517 0.0 0.4
43.500628 -91.663398 0.0 0.4
43.500454 -91.651397 0.0 0.4
43.500547 -91.640866 0.0 0.4
43.500617 -91.628625 0.0 0.4
43.500688 -91.61755099999999 0.0 0.4
43.500662999999996 -91.60562 0.0 0.4
43.500668 -91.59446 0.0 0.4
43.500554 -91.57364199999999 0.0 0.4
43.500537 -91.560245 0.0 0.4
43.50069 -91.549274 0.0 0.4
43.50056 -91.533806 0.0 0.4
43.500611 -91.522803 0.0 0.4
43.500631 -91.506649 0.0 0.4
43.500754 -91.49389599999999 0.0 0.4
43.500696999999995 -91.482559 0.0 0.4
43.500685 -91.471954 0.0 0.4
43.500642 -91.46140299999999 0.0 0.4
43.500603 -91.450552 0.0 0.4
43.500634999999996 -91.43884299999999 0.0 0.4
43.500758999999995 -91.42386599999999 0.0 0.4
43.500808 -91.412064 0.0 0.4
43.500869 -91.40009599999999 0.0 0.4
43.500678 -91.386968 0.0 0.4
43.500501 -91.376629 0.0 0.4
43.500796 -91.361713 0.0 0.4
43.500704 -91.342974 0.0 0.4
43.500730999999995 -91.331679 0.0 0.4
43.500771 -91.317025 0.0 0.4
43.500825 -91.30026199999999 0.0 0.4
43.50087 -91.286187 0.0 0.4
43.500896 -91.27368799999999 0.0 0.4
43.500977999999996 -91.263048 0.0 0.4
43.500785 -91.252673 0.0 0.4
43.500473 -91.242615 0.0 0.4
43.500504 -91.231786 0.0 0.4
43.500555999999996 -91.221716 0.0 0.4
43.491008 -91.217615 0.0 0.4
43.480764 -91.216202 0.0 0.4
43.471306 -91.220399 0.0 0.4
43.462607 -91.229503 0.0 0.4
43.452982999999996 -91.23280199999999 0.0 0.4
43.440179 -91.223314 0.0 0.4
43.432795 -91.21571 0.0 0.4
43.425031 -91.207145 0.0 0.4
43.41654 -91.201537 0.0 0.4
43.403811999999995 -91.199568 0.0 0.4
43.392900000000004 -91.19823799999999 0.0 0.4
43.378887 -91.204831 0.0 0.4
43.371035 -91.21204399999999 0.0 0.4
43.359457 -91.21049699999999 0.0 0.4
43.350477999999995 -91.20465 0.0 0.4
43.348296 -91.194408 0.0 0.4
43.346308 -91.182603 0.0 0.4
43.341179 -91.171493 0.0 0.4
43.334826 -91.154806 0.0 0.4
43.331638999999996 -91.143678 0.0 0.4
43.32803 -91.132813 0.0 0.4
43.322359999999996 -91.12268399999999 0.0 0.4
43.315148 -91.10993599999999 0.0 0.4
43.30677 -91.10028299999999 0.0 0.4
43.295476 -91.089124 0.0 0.4
43.286758 -91.082792 0.0 0.4
43.277183 -91.075679 0.0 0.4
43.267050999999995 -91.07193 0.0 0.4
43.259952 -91.061798 0.0 0.4
43.249978999999996 -91.059118 0.0 0.4
43.241271 -91.064438 0.0 0.4
43.232969 -91.07421599999999 0.0 0.4
43.221891 -91.08745599999999 0.0 0.4
43.21564 -91.096004 0.0 0.4
43.207994 -91.10607999999999 0.0 0.4
43.202476 -91.114662 0.0 0.4
43.193535999999995 -91.123896 0.0 0.4
43.183702 -91.127698 0.0 0.4
43.174405 -91.13417299999999 0.0 0.4
43.164094 -91.14116 0.0 0.4
43.154539 -91.14464699999999 0.0 0.4
43.143268 -91.15585899999999 0.0 0.4
43.138923999999996 -91.165016 0.0 0.4
43.134665 -91.175253 0.0 0.4
43.124981999999996 -91.17825099999999 0.0 0.4
43.111926 -91.176688 0.0 0.4
43.101248 -91.175331 0.0 0.4
43.090742999999996 -91.17631 0.0 0.4
43.080247 -91.177222 0.0 0.4
43.069637 -91.179132 0.0 0.4
43.055704999999996 -91.177177 0.0 0.4
43.045027 -91.175658 0.0 0.4
43.033468 -91.17265599999999 0.0 0.4
43.023768 -91.170182 0.0 0.4
43.014286 -91.166007 0.0 0.4
43.003561 -91.162155 0.0 0.4
42.993674999999996 -91.158283 0.0 0.4
42.983657 -91.156869 0.0 0.4
42.973303 -91.15341599999999 0.0 0.4
42.964453999999996 -91.147122 0.0 0.4
42.953519 -91.14652799999999 0.0 0.4
42.943855 -91.149701 0.0 0.4
42.934014999999995 -91.14693899999999 0.0 0.4
42.922877 -91.1438 0.0 0.4
42.912338 -91.146182 0.0 0.4
42.904015 -91.139427 0.0 0.4
42.900259 -91.129069 0.0 0.4
42.896288 -91.11840000000001 0.0 0.4
42.888293999999995 -91.10812899999999 0.0 0.4
42.88023 -91.09947199999999 0.0 0.4
42.870129 -91.098796 0.0 0.4
42.859871 -91.097656 0.0 0.4
42.851225 -91.091837 0.0 0.4
42.840042 -91.09393899999999 0.0 0.4
42.829411 -91.091064 0.0 0.4
42.828931 -91.08105599999999 0.0 0.4
42.817533999999995 -91.079155 0.0 0.4
42.806526 -91.078097 0.0 0.4
42.795964999999995 -91.075616 0.0 0.4
42.786381999999996 -91.072008 0.0 0.4
42.775501999999996 -91.07071599999999 0.0 0.4
42.766461 -91.065938 0.0 0.4
42.755677 -91.06557699999999 0.0 0.4
42.748923999999995 -91.05778699999999 0.0 0.4
42.739287999999995 -91.054467 0.0 0.4
42.738496 -91.044455 0.0 0.4
42.736025 -91.033389 0.0 0.4
42.725614 -91.028713 0.0 0.4
42.720296999999995 -91.018793 0.0 0.4
42.719567 -91.008124 0.0 0.4
42.713704 -90.995536 0.0 0.4
42.707300000000004 -90.98749699999999 0.0 0.4
42.698932 -90.980578 0.0 0.4
42.694331 -90.968927 0.0 0.4
42.688984999999995 -90.956273 0.0 0.4
42.684751 -90.94591899999999 0.0 0.4
42.683709 -90.932858 0.0 0.4
42.685406 -90.921155 0.0 0.4
42.681179 -90.909774 0.0 0.4
42.676448 -90.90072599999999 0.0 0.4
42.67247 -90.88743 0.0 0.4
42.66994 -90.87512699999999 0.0 0.4
42.668146 -90.864527 0.0 0.4
42.664822 -90.852497 0.0 0.4
42.662562 -90.84016299999999 0.0 0.4
42.660975 -90.828921 0.0 0.4
42.658919999999995 -90.817679 0.0 0.4
42.65721 -90.807193 0.0 0.4
42.655772 -90.797017 0.0 0.4
42.653604 -90.78591399999999 0.0 0.4
42.652483 -90.775977 0.0 0.4
42.65058 -90.76584799999999 0.0 0.4
42.647057 -90.750126 0.0 0.4
42.644659 -90.738126 0.0 0.4
42.642237 -90.72606999999999 0.0 0.4
42.638904 -90.715133 0.0 0.4
42.634169 -90.70630299999999 0.0 0.4
42.624997 -90.700757 0.0 0.4
42.614509 -90.69399899999999 0.0 0.4
42.602318 -90.68921499999999 0.0 0.4
42.591774 -90.68697499999999 0.0 0.4
42.582943 -90.680447 0.0 0.4
42.576032999999995 -90.67199099999999 0.0 0.4
42.567999 -90.66152699999999 0.0 0.4
42.557900000000004 -90.659127 0.0 0.4
42.546323 -90.64888499999999 0.0 0.4
42.537281 -90.643425 0.0 0.4
42.527587 -90.64088699999999 0.0 0.4
42.518712 -90.635983 0.0 0.4
42.509603999999996 -90.64176599999999 0.0 0.4
42.500906 -90.64961199999999 0.0 0.4
42.492394999999995 -90.655453 0.0 0.4
42.482333 -90.65583 0.0 0.4
42.474084999999995 -90.649801 0.0 0.4
42.468303999999996 -90.641027 0.0 0.4
42.462308 -90.630376 0.0 0.4
42.451505 -90.60632799999999 0.0 0.4
42.449155999999995 -90.596344 0.0 0.4
42.445578 -90.585304 0.0 0.4
42.442885 -90.575104 0.0 0.4
42.438742 -90.565248 0.0 0.4
42.429445 -90.55898499999999 0.0 0.4
42.419258 -90.55754999999999 0.0 0.4
42.413115 -90.548068 0.0 0.4
42.409205 -90.53586299999999 0.0 0.4
42.40568 -90.525401 0.0 0.4
42.401292999999995 -90.513504 0.0 0.4
42.396983999999996 -90.502894 0.0 0.4
42.391014999999996 -90.494498 0.0 0.4
42.384906 -90.486404 0.0 0.4
42.382839 -90.475814 0.0 0.4
42.375009 -90.46787499999999 0.0 0.4
42.366687999999996 -90.461818 0.0 0.4
42.359303 -90.45272399999999 0.0 0.4
42.353511 -90.44247999999999 0.0 0.4
42.343886999999995 -90.435649 0.0 0.4
42.335766 -90.429272 0.0 0.4
42.329586 -90.42030299999999 0.0 0.4
42.319942999999995 -90.417125 0.0 0.4
42.310189 -90.41942499999999 0.0 0.4
42.298804 -90.422675 0.0 0.4
42.288064 -90.42826 0.0 0.4
42.27823 -90.43088399999999 0.0 0.4
42.269442999999995 -90.42575699999999 0.0 0.4
42.259899 -90.422181 0.0 0.4
42.251678999999996 -90.416315 0.0 0.4
42.245681 -90.40803799999999 0.0 0.4
42.237283 -90.399097 0.0 0.4
42.227626 -90.393526 0.0 0.4
42.221408 -90.384655 0.0 0.4
42.214811 -90.375129 0.0 0.4
42.210526 -90.365138 0.0 0.4
42.204667 -90.35177 0.0 0.4
42.203320999999995 -90.338169 0.0 0.4
42.201046999999996 -90.328273 0.0 0.4
42.195198999999995 -90.31983799999999 0.0 0.4
42.191032 -90.308776 0.0 0.4
42.187576 -90.298442 0.0 0.4
42.180611999999996 -90.285429 0.0 0.4
42.1745 -90.26908 0.0 0.4
42.171821 -90.255456 0.0 0.4
42.169362 -90.244913 0.0 0.4
42.165431 -90.23491899999999 0.0 0.4
42.160028 -90.224244 0.0 0.4
42.155049999999996 -90.21313599999999 0.0 0.4
42.145500000000006 -90.206369 0.0 0.4
42.134733 -90.203071 0.0 0.4
42.127519 -90.19570399999999 0.0 0.4
42.125198 -90.18471 0.0 0.4
42.125198 -90.174402 0.0 0.4
42.119893 -90.165444 0.0 0.4
42.11017 -90.161352 0.0 0.4
42.098912 -90.161504 0.0 0.4
42.088601 -90.16318799999999 0.0 0.4
42.078316 -90.16755599999999 0.0 0.4
42.067333 -90.166482 0.0 0.4
42.057297999999996 -90.166367 0.0 0.4
42.045007 -90.164537 0.0 0.4
42.035412 -90.156663 0.0 0.4
42.026564 -90.149733 0.0 0.4
42.017271 -90.14602599999999 0.0 0.4
42.007856 -90.14096599999999 0.0 0.4
41.995999 -90.140613 0.0 0.4
41.985375 -90.146399 0.0 0.4
41.97567 -90.152107 0.0 0.4
41.967116999999995 -90.158592 0.0 0.4
41.956178 -90.164135 0.0 0.4
41.946177999999996 -90.164193 0.0 0.4
41.938181 -90.156902 0.0 0.4
41.928917 -90.15198 0.0 0.4
41.915593 -90.153362 0.0 0.4
41.905608 -90.15398599999999 0.0 0.4
41.895714 -90.158321 0.0 0.4
41.886312 -90.16363299999999 0.0 0.4
41.877705999999996 -90.169096 0.0 0.4
41.868052999999996 -90.17186 0.0 0.4
41.857392999999995 -90.173009 0.0 0.4
41.847898 -90.17894199999999 0.0 0.4
41.83867 -90.18288 0.0 0.4
41.828613 -90.182375 0.0 0.4
41.817679999999996 -90.18122 0.0 0.4
41.807069999999996 -90.181973 0.0 0.4
41.802139 -90.191316 0.0 0.4
41.799439 -90.20200299999999 0.0 0.4
41.795335 -90.216889 0.0 0.4
41.788596 -90.231239 0.0 0.4
41.782964 -90.24238 0.0 0.4
41.778391 -90.251885 0.0 0.4
41.773588 -90.260966 0.0 0.4
41.769560999999996 -90.27188799999999 0.0 0.4
41.765341 -90.281643 0.0 0.4
41.757584 -90.292321 0.0 0.4
41.750294 -90.302415 0.0 0.4
41.74342 -90.309973 0.0 0.4
41.734426 -90.31554899999999 0.0 0.4
41.724536 -90.31724299999999 0.0 0.4
41.713696999999996 -90.315491 0.0 0.4
41.70366 -90.312783 0.0 0.4
41.693920999999996 -90.31535099999999 0.0 0.4
41.687852 -90.323369 0.0 0.4
41.682145999999996 -90.332481 0.0 0.4
41.672481 -90.335545 0.0 0.4
41.662614 -90.33728699999999 0.0 0.4
41.653169 -90.34119299999999 0.0 0.4
41.643232 -90.343329 0.0 0.4
41.630907 -90.342277 0.0 0.4
41.619771 -90.341342 0.0 0.4
41.609525999999995 -90.340564 0.0 0.4
41.598633 -90.339528 0.0 0.4
41.587832999999996 -90.343228 0.0 0.4
41.583267 -90.354952 0.0 0.4
41.579557 -90.364566 0.0 0.4
41.577515999999996 -90.376271 0.0 0.4
41.575021 -90.387411 0.0 0.4
41.572233 -90.39793 0.0 0.4
41.567716 -90.407186 0.0 0.4
41.562726999999995 -90.41599699999999 0.0 0.4
41.554429 -90.422097 0.0 0.4
41.549533 -90.43273099999999 0.0 0.4
41.542268 -90.43999 0.0 0.4
41.534133 -90.44773099999999 0.0 0.4
41.527314 -90.456546 0.0 0.4
41.520492 -90.471752 0.0 0.4
41.518383 -90.48836999999999 0.0 0.4
41.518055 -90.49947499999999 0.0 0.4
41.519268 -90.511051 0.0 0.4
41.522839999999995 -90.525308 0.0 0.4
41.525493 -90.536394 0.0 0.4
41.525470999999996 -90.547415 0.0 0.4
41.52354 -90.55738699999999 0.0 0.4
41.51818 -90.565972 0.0 0.4
41.515831999999996 -90.575936 0.0 0.4
41.514232 -90.586236 0.0 0.4
41.510394999999995 -90.596115 0.0 0.4
41.501726999999995 -90.603118 0.0 0.4
41.492719 -90.608009 0.0 0.4
41.486481999999995 -90.61654999999999 0.0 0.4
41.481831 -90.625968 0.0 0.4
41.47421 -90.638986 0.0 0.4
41.465032 -90.650238 0.0 0.4
41.461456 -90.66052599999999 0.0 0.4
41.4607 -90.67148 0.0 0.4
41.459351999999996 -90.681435 0.0 0.4
41.455284 -90.69825399999999 0.0 0.4
41.453494 -90.710315 0.0 0.4
41.452416 -90.720951 0.0 0.4
41.450997 -90.73263899999999 0.0 0.4
41.449729999999995 -90.74594599999999 0.0 0.4
41.450098 -90.75825499999999 0.0 0.4
41.450728 -90.76921999999999 0.0 0.4
41.451608 -90.77931699999999 0.0 0.4
41.453340999999995 -90.789801 0.0 0.4
41.454096 -90.80041899999999 0.0 0.4
41.45457 -90.810795 0.0 0.4
41.454395999999996 -90.822552 0.0 0.4
41.455397999999995 -90.832544 0.0 0.4
41.455458 -90.84330299999999 0.0 0.4
41.453908999999996 -90.85360399999999 0.0 0.4
41.449678999999996 -90.864082 0.0 0.4
41.444747 -90.87352 0.0 0.4
41.439544 -90.88284 0.0 0.4
41.435075 -90.89179 0.0 0.4
41.430901 -90.90115999999999 0.0 0.4
41.428216 -90.91126299999999 0.0 0.4
41.424679 -90.920968 0.0 0.4
41.421368 -90.930691 0.0 0.4
41.42323 -90.94070599999999 0.0 0.4
41.42456 -90.951179 0.0 0.4
41.428695 -90.960678 0.0 0.4
41.431394 -90.970557 0.0 0.4
41.434292 -90.980329 0.0 0.4
41.431554999999996 -90.99087999999999 0.0 0.4
41.428345 -91.000354 0.0 0.4
41.425042999999995 -91.01187999999999 0.0 0.4
41.424243 -91.022089 0.0 0.4
41.421439 -91.033107 0.0 0.4
41.417023 -91.042109 0.0 0.4
41.407972 -91.048628 0.0 0.4
41.397327 -91.050637 0.0 0.4
41.386651 -91.05110599999999 0.0 0.4
41.378532 -91.05712899999999 0.0 0.4
41.370768999999996 -91.06371399999999 0.0 0.4
41.359319 -91.06758599999999 0.0 0.4
41.34627 -91.070498 0.0 0.4
41.334995 -91.07197 0.0 0.4
41.322997 -91.072667 0.0 0.4
41.310480999999996 -91.07355299999999 0.0 0.4
41.300079 -91.079689 0.0 0.4
41.293129 -91.08775299999999 0.0 0.4
41.284 -91.093503 0.0 0.4
41.273596999999995 -91.098035 0.0 0.4
41.264008 -91.10315299999999 0.0 0.4
41.256088 -91.110304 0.0 0.4
41.245743999999995 -91.114153 0.0 0.4
41.236565999999996 -91.10958199999999 0.0 0.4
41.230539 -91.100856 0.0 0.4
41.222634 -91.09303 0.0 0.4
41.215851 -91.083497 0.0 0.4
41.209517999999996 -91.07572499999999 0.0 0.4
41.2016 -91.067832 0.0 0.4
41.193756 -91.061475 0.0 0.4
41.185789 -91.05506799999999 0.0 0.4
41.175337 -91.047991 0.0 0.4
41.166484 -91.04187499999999 0.0 0.4
41.163553 -91.030045 0.0 0.4
41.164687 -91.020021 0.0 0.4
41.166244999999996 -91.009607 0.0 0.4
41.162562 -90.997905 0.0 0.4
41.155707 -90.989662 0.0 0.4
41.145528999999996 -90.983268 0.0 0.4
41.137710999999996 -90.977009 0.0 0.4
41.12988 -90.970721 0.0 0.4
41.119558999999995 -90.965908 0.0 0.4
41.11251 -90.958643 0.0 0.4
41.104690999999995 -90.95232399999999 0.0 0.4
41.095687 -90.946444 0.0 0.4
41.085574 -90.948161 0.0 0.4
41.075212 -90.949208 0.0 0.4
41.063644 -90.946024 0.0 0.4
41.052254999999995 -90.944577 0.0 0.4
41.040746999999996 -90.94297 0.0 0.4
41.029581 -90.943232 0.0 0.4
41.019279 -90.945324 0.0 0.4
41.006495 -90.945949 0.0 0.4
40.995248 -90.94963399999999 0.0 0.4
40.986805 -90.955201 0.0 0.4
40.976642999999996 -90.958089 0.0 0.4
40.962087 -90.952715 0.0 0.4
40.95062 -90.953542 0.0 0.4
40.937736 -90.959947 0.0 0.4
40.925830999999995 -90.96256 0.0 0.4
40.917392 -90.973985 0.0 0.4
40.912141 -90.985462 0.0 0.4
40.909136 -90.99556899999999 0.0 0.4
40.904119 -91.005022 0.0 0.4
40.896622 -91.01324 0.0 0.4
40.886675 -91.01954099999999 0.0 0.4
40.879639999999995 -91.026853 0.0 0.4
40.875037999999996 -91.036789 0.0 0.4
40.868356 -91.044653 0.0 0.4
40.858514 -91.050241 0.0 0.4
40.848386999999995 -91.05642999999999 0.0 0.4
40.841997 -91.06715899999999 0.0 0.4
40.833405 -91.07752099999999 0.0 0.4
40.824638 -91.09007199999999 0.0 0.4
40.815974 -91.095367 0.0 0.4
40.805575 -91.09764899999999 0.0 0.4
40.794962 -91.093193 0.0 0.4
40.78306 -91.091262 0.0 0.4
40.770925999999996 -91.09477299999999 0.0 0.4
40.760017 -91.10048499999999 0.0 0.4
40.751981 -91.10731799999999 0.0 0.4
40.730864 -91.114249 0.0 0.4
40.720624 -91.11447299999999 0.0 0.4
40.708282 -91.11109499999999 0.0 0.4
40.697018 -91.11193999999999 0.0 0.4
40.683431 -91.117831 0.0 0.4
40.672776999999996 -91.12082 0.0 0.4
40.663678 -91.133478 0.0 0.4
40.657632 -91.14496299999999 0.0 0.4
40.653596 -91.154293 0.0 0.4
40.648925 -91.163471 0.0 0.4
40.643027 -91.1751 0.0 0.4
40.637803 -91.185295 0.0 0.4
40.636286999999996 -91.195505 0.0 0.4
40.637882 -91.21135199999999 0.0 0.4
40.638473 -91.22460000000001 0.0 0.4
40.63839 -91.247851 0.0 0.4
40.636672 -91.25824899999999 0.0 0.4
40.633325 -91.26811599999999 0.0 0.4
40.631502999999995 -91.279444 0.0 0.4
40.629275 -91.290351 0.0 0.4
40.627372 -91.300936 0.0 0.4
40.613488 -91.339719 0.0 0.4
40.606553 -91.353989 0.0 0.4
40.595504999999996 -91.364667 0.0 0.4
40.586841 -91.37114 0.0 0.4
40.57445 -91.379752 0.0 0.4
40.568608 -91.388179 0.0 0.4
40.559458 -91.401482 0.0 0.4
40.547557 -91.40685099999999 0.0 0.4
40.536789 -91.400725 0.0 0.4
40.533069 -91.38806699999999 0.0 0.4
40.523032 -91.37768899999999 0.0 0.4
40.512532 -91.369059 0.0 0.4
40.500043 -91.364211 0.0 0.4
40.484168 -91.364915 0.0 0.4
40.474641999999996 -91.368074 0.0 0.4
40.465495 -91.373267 0.0 0.4
40.456393999999996 -91.37814399999999 0.0 0.4
40.446039999999996 -91.381468 0.0 0.4
40.435395 -91.38096499999999 0.0 0.4
40.424321 -91.376515 0.0 0.4
40.414279 -91.37282599999999 0.0 0.4
40.40277 -91.372435 0.0 0.4
40.392719 -91.375429 0.0 0.4
40.38643 -91.38420099999999 0.0 0.4
40.383126999999995 -91.396996 0.0 0.4
40.382413 -91.411037 0.0 0.4
40.379709999999996 -91.42102799999999 0.0 0.4
40.383618999999996 -91.430678 0.0 0.4
40.386241 -91.441076 0.0 0.4
40.377918 -91.44662699999999 0.0 0.4
40.375457 -91.458089 0.0 0.4
40.385051999999995 -91.46313699999999 0.0 0.4
40.382538 -91.474378 0.0 0.4
40.383900000000004 -91.484507 0.0 0.4
40.392013 -91.49043999999999 0.0 0.4
40.402465 -91.487955 0.0 0.4
40.401925999999996 -91.498093 0.0 0.4
40.405524 -91.50742699999999 0.0 0.4
40.408618 -91.517369 0.0 0.4
40.413404 -91.52642499999999 0.0 0.4
40.424175999999996 -91.523164 0.0 0.4
40.433673 -91.51993499999999 0.0 0.4
40.434964 -91.530355 0.0 0.4
40.445657 -91.527733 0.0 0.4
40.454847 -91.523517 0.0 0.4
40.458942 -91.533704 0.0 0.4
40.458149 -91.543785 0.0 0.4
40.459067999999995 -91.55437599999999 0.0 0.4
40.461214 -91.56448499999999 0.0 0.4
40.465576999999996 -91.574581 0.0 0.4
40.472876 -91.58152799999999 0.0 0.4
40.483610999999996 -91.585169 0.0 0.4
40.492292 -91.590817 0.0 0.4
40.497005 -91.59974799999999 0.0 0.4
40.501937999999996 -91.611977 0.0 0.4
40.509800999999996 -91.62118099999999 0.0 0.4
40.521879999999996 -91.620414 0.0 0.4
40.53403 -91.618028 0.0 0.4
40.542719999999996 -91.622986 0.0 0.4
40.545029 -91.63278299999999 0.0 0.4
40.546664 -91.6436 0.0 0.4
40.549189 -91.65434499999999 0.0 0.4
40.550255 -91.66445499999999 0.0 0.4
40.552369999999996 -91.678315 0.0 0.4
40.55739 -91.68870000000001 0.0 0.4
40.567851 -91.690297 0.0 0.4
40.576785 -91.685723 0.0 0.4
40.588135 -91.696339 0.0 0.4
40.592703 -91.707251 0.0 0.4
40.59853 -91.716769 0.0 0.4
40.61364 -91.729115 0.0 0.4
40.613129 -91.740622 0.0 0.4
40.612297 -91.762441 0.0 0.4
40.611815 -91.778604 0.0 0.4
40.611317 -91.792952 0.0 0.4
40.61053 -91.813828 0.0 0.4
40.610304 -91.824199 0.0 0.4
40.6094 -91.84066299999999 0.0 0.4
40.608810999999996 -91.85284899999999 0.0 0.4
40.608056 -91.86840000000001 0.0 0.4
40.607636 -91.883338 0.0 0.4
40.607138 -91.90203799999999 0.0 0.4
40.606772 -91.915832 0.0 0.4
40.606505 -91.925866 0.0 0.4
40.606210999999995 -91.936804 0.0 0.4
40.605492999999996 -91.94733699999999 0.0 0.4
40.605191 -91.96169499999999 0.0 0.4
40.604804 -91.98234599999999 0.0 0.4
40.604434 -91.998645 0.0 0.4
40.604365 -92.009498 0.0 0.4
40.604057999999995 -92.020963 0.0 0.4
40.603739 -92.031235 0.0 0.4
40.60348 -92.041501 0.0 0.4
40.603176 -92.05238 0.0 0.4
40.602774 -92.06260499999999 0.0 0.4
40.602177 -92.082318 0.0 0.4
40.602087 -92.09248 0.0 0.4
40.60187 -92.112642 0.0 0.4
40.601515 -92.12401899999999 0.0 0.4
40.601133 -92.144198 0.0 0.4
40.600860999999995 -92.159939 0.0 0.4
40.600603 -92.17535 0.0 0.4
40.600207 -92.195084 0.0 0.4
40.599973999999996 -92.205114 0.0 0.4
40.599834 -92.21741399999999 0.0 0.4
40.599602 -92.228258 0.0 0.4
40.59916 -92.245792 0.0 0.4
40.599148 -92.256219 0.0 0.4
40.598969 -92.266357 0.0 0.4
40.598551 -92.29333299999999 0.0 0.4
40.598352 -92.304341 0.0 0.4
40.598127999999996 -92.31466999999999 0.0 0.4
40.597919 -92.32471 0.0 0.4
40.597525999999995 -92.336941 0.0 0.4
40.597227 -92.34948399999999 0.0 0.4
40.597061 -92.359708 0.0 0.4
40.596593999999996 -92.37539 0.0 0.4
40.596415 -92.386009 0.0 0.4
40.596151 -92.399095 0.0 0.4
40.595819 -92.41570899999999 0.0 0.4
40.595566999999996 -92.427773 0.0 0.4
40.595338 -92.438154 0.0 0.4
40.595306 -92.4482 0.0 0.4
40.595341999999995 -92.45823999999999 0.0 0.4
40.595169999999996 -92.469984 0.0 0.4
40.594988 -92.48041599999999 0.0 0.4
40.594861 -92.491449 0.0 0.4
40.594437 -92.502361 0.0 0.4
40.594089 -92.51334 0.0 0.4
40.593829 -92.523631 0.0 0.4
40.593511 -92.535054 0.0 0.4
40.593278999999995 -92.545639 0.0 0.4
40.592977 -92.556693 0.0 0.4
40.592608 -92.568034 0.0 0.4
40.592248999999995 -92.579549 0.0 0.4
40.591651 -92.601171 0.0 0.4
40.59139 -92.61293099999999 0.0 0.4
40.591044 -92.625191 0.0 0.4
40.590852999999996 -92.63789799999999 0.0 0.4
40.590596999999995 -92.650407 0.0 0.4
40.590205 -92.66848399999999 0.0 0.4
40.589869 -92.685885 0.0 0.4
40.589704 -92.69663899999999 0.0 0.4
40.589423 -92.713177 0.0 0.4
40.589276999999996 -92.72520999999999 0.0 0.4
40.589205 -92.742316 0.0 0.4
40.588968 -92.752893 0.0 0.4
40.588713 -92.775087 0.0 0.4
40.588619 -92.785411 0.0 0.4
40.588688 -92.795734 0.0 0.4
40.588542 -92.816228 0.0 0.4
40.588602 -92.82785299999999 0.0 0.4
40.588418 -92.846811 0.0 0.4
40.588358 -92.857044 0.0 0.4
40.588178 -92.867308 0.0 0.4
40.588341 -92.879178 0.0 0.4
40.588042 -92.889746 0.0 0.4
40.587956 -92.903081 0.0 0.4
40.587863 -92.916344 0.0 0.4
40.587657 -92.93226899999999 0.0 0.4
40.587610999999995 -92.942651 0.0 0.4
40.587371999999995 -92.954437 0.0 0.4
40.587261999999996 -92.965283 0.0 0.4
40.587042 -92.976038 0.0 0.4
40.586847999999996 -92.986767 0.0 0.4
40.586649 -92.997109 0.0 0.4
40.586359 -93.010305 0.0 0.4
40.586045 -93.023544 0.0 0.4
40.585726 -93.03401699999999 0.0 0.4
40.585460999999995 -93.044499 0.0 0.4
40.585206 -93.054941 0.0 0.4
40.584826 -93.065435 0.0 0.4
40.584517999999996 -93.077319 0.0 0.4
40.584261999999995 -93.089784 0.0 0.4
40.583874 -93.10149899999999 0.0 0.4
40.583338999999995 -93.117909 0.0 0.4
40.583036 -93.129571 0.0 0.4
40.582792999999995 -93.141078 0.0 0.4
40.582497 -93.157224 0.0 0.4
40.582115 -93.17765899999999 0.0 0.4
40.58193 -93.189123 0.0 0.4
40.581806 -93.201236 0.0 0.4
40.581638999999996 -93.211568 0.0 0.4
40.581449 -93.221626 0.0 0.4
40.581343 -93.23217799999999 0.0 0.4
40.580939 -93.250552 0.0 0.4
40.580818 -93.260695 0.0 0.4
40.580780999999995 -93.271512 0.0 0.4
40.580749999999995 -93.281883 0.0 0.4
40.580708 -93.29193099999999 0.0 0.4
40.580726 -93.302101 0.0 0.4
40.580693 -93.312266 0.0 0.4
40.580527 -93.327761 0.0 0.4
40.580452 -93.33837 0.0 0.4
40.580465 -93.34837399999999 0.0 0.4
40.58036 -93.360776 0.0 0.4
40.580318999999996 -93.370858 0.0 0.4
40.58023 -93.381041 0.0 0.4
40.580255 -93.39254299999999 0.0 0.4
40.580102 -93.402822 0.0 0.4
40.580113 -93.412847 0.0 0.4
40.580017 -93.424809 0.0 0.4
40.579966999999996 -93.43534799999999 0.0 0.4
40.580013 -93.455089 0.0 0.4
40.580163999999996 -93.46529699999999 0.0 0.4
40.580386 -93.48519499999999 0.0 0.4
40.580380999999996 -93.496899 0.0 0.4
40.580321999999995 -93.509487 0.0 0.4
40.580439 -93.52024399999999 0.0 0.4
40.580335 -93.53272799999999 0.0 0.4
40.580407 -93.547578 0.0 0.4
40.580112 -93.558951 0.0 0.4
40.579957 -93.57343999999999 0.0 0.4
40.579677 -93.58596 0.0 0.4
40.579454999999996 -93.596295 0.0 0.4
40.57918 -93.610511 0.0 0.4
40.579004999999995 -93.62316 0.0 0.4
40.578631 -93.637169 0.0 0.4
40.578351999999995 -93.656211 0.0 0.4
40.578241999999996 -93.666912 0.0 0.4
40.578088 -93.677155 0.0 0.4
40.577898999999995 -93.690051 0.0 0.4
40.577628999999995 -93.72022299999999 0.0 0.4
40.577542 -93.737259 0.0 0.4
40.577566999999995 -93.74784799999999 0.0 0.4
40.577535999999995 -93.761462 0.0 0.4
40.577548 -93.774344 0.0 0.4
40.577349 -93.78442199999999 0.0 0.4
40.577338 -93.801249 0.0 0.4
40.577276999999995 -93.815485 0.0 0.4
40.576935999999996 -93.83105599999999 0.0 0.4
40.576758 -93.843248 0.0 0.4
40.576605 -93.853906 0.0 0.4
40.576375 -93.866407 0.0 0.4
40.576279 -93.87760399999999 0.0 0.4
40.576088 -93.88784799999999 0.0 0.4
40.575849 -93.898175 0.0 0.4
40.575682 -93.910894 0.0 0.4
40.575472 -93.921844 0.0 0.4
40.57526 -93.93392 0.0 0.4
40.575081 -93.9452 0.0 0.4
40.574936 -93.955901 0.0 0.4
40.574785 -93.96600199999999 0.0 0.4
40.574605 -93.976115 0.0 0.4
40.574363999999996 -93.987095 0.0 0.4
40.574335 -94.000197 0.0 0.4
40.573961 -94.011799 0.0 0.4
40.57371 -94.02663 0.0 0.4
40.573525 -94.03885299999999 0.0 0.4
40.573209 -94.060375 0.0 0.4
40.573026 -94.07213999999999 0.0 0.4
40.573037 -94.08321099999999 0.0 0.4
40.572950999999996 -94.095698 0.0 0.4
40.572902 -94.10931 0.0 0.4
40.572904 -94.119918 0.0 0.4
40.572753999999996 -94.13013099999999 0.0 0.4
40.572638 -94.146244 0.0 0.4
40.572508 -94.163567 0.0 0.4
40.572406 -94.175618 0.0 0.4
40.572168 -94.199871 0.0 0.4
40.572061 -94.213262 0.0 0.4
40.571901 -94.23223999999999 0.0 0.4
40.571844999999996 -94.24315 0.0 0.4
40.571692999999996 -94.25509 0.0 0.4
40.571619999999996 -94.266531 0.0 0.4
40.571469 -94.282994 0.0 0.4
40.571656 -94.29417 0.0 0.4
40.571421 -94.304389 0.0 0.4
40.571608 -94.314865 0.0 0.4
40.57154 -94.32549399999999 0.0 0.4
40.571554 -94.33567699999999 0.0 0.4
40.571411999999995 -94.34602 0.0 0.4
40.571371 -94.35739 0.0 0.4
40.571252 -94.37203199999999 0.0 0.4
40.571279 -94.38400999999999 0.0 0.4
40.571341 -94.39414599999999 0.0 0.4
40.571293999999995 -94.405541 0.0 0.4
40.571276 -94.416178 0.0 0.4
40.571287999999996 -94.42675799999999 0.0 0.4
40.570983 -94.443202 0.0 0.4
40.570934 -94.45689499999999 0.0 0.4
40.571053 -94.46939599999999 0.0 0.4
40.570729 -94.482828 0.0 0.4
40.570977 -94.49528 0.0 0.4
40.570951 -94.505838 0.0 0.4
40.570881 -94.51760499999999 0.0 0.4
40.570859999999996 -94.52892899999999 0.0 0.4
40.570845 -94.539193 0.0 0.4
40.57084 -94.552281 0.0 0.4
40.570881 -94.566853 0.0 0.4
40.570917 -94.577568 0.0 0.4
40.57096 -94.594196 0.0 0.4
40.571096 -94.604207 0.0 0.4
40.571200000000005 -94.61451 0.0 0.4
40.571317 -94.62771 0.0 0.4
40.571432 -94.638869 0.0 0.4
40.571535 -94.64973499999999 0.0 0.4
40.571629 -94.65996 0.0 0.4
40.57174 -94.670127 0.0 0.4
40.571929999999995 -94.68259499999999 0.0 0.4
40.572105 -94.697806 0.0 0.4
40.57225 -94.708066 0.0 0.4
40.572375 -94.71914699999999 0.0 0.4
40.572525999999996 -94.729918 0.0 0.4
40.572649999999996 -94.739925 0.0 0.4
40.572795 -94.750042 0.0 0.4
40.572897 -94.760815 0.0 0.4
40.573096 -94.771211 0.0 0.4
40.573174 -94.78121999999999 0.0 0.4
40.573302 -94.794928 0.0 0.4
40.573488 -94.806417 0.0 0.4
40.573724 -94.818721 0.0 0.4
40.573879999999996 -94.82991299999999 0.0 0.4
40.574023 -94.841214 0.0 0.4
40.57422 -94.853273 0.0 0.4
40.574518999999995 -94.875248 0.0 0.4
40.574674 -94.88578 0.0 0.4
40.574737 -94.89659499999999 0.0 0.4
40.575066 -94.91478099999999 0.0 0.4
40.575351999999995 -94.933987 0.0 0.4
40.575567 -94.948199 0.0 0.4
40.575835999999995 -94.966279 0.0 0.4
40.575692 -94.991333 0.0 0.4
40.576039 -95.01016899999999 0.0 0.4
40.57618 -95.02179699999999 0.0 0.4
40.576353999999995 -95.036265 0.0 0.4
40.576519999999995 -95.04878599999999 0.0 0.4
40.57671 -95.059337 0.0 0.4
40.576916 -95.073022 0.0 0.4
40.577031999999996 -95.084503 0.0 0.4
40.577161 -95.09726599999999 0.0 0.4
40.577239999999996 -95.107421 0.0 0.4
40.577424 -95.120705 0.0 0.4
40.577503 -95.131592 0.0 0.4
40.577704 -95.144886 0.0 0.4
40.577908 -95.157467 0.0 0.4
40.578066 -95.167655 0.0 0.4
40.578236 -95.179176 0.0 0.4
40.578336 -95.189843 0.0 0.4
40.578441999999995 -95.199854 0.0 0.4
40.578593 -95.21007399999999 0.0 0.4
40.578824 -95.221335 0.0 0.4
40.57899 -95.232787 0.0 0.4
40.579206 -95.249191 0.0 0.4
40.579316 -95.27664399999999 0.0 0.4
40.57951 -95.29718299999999 0.0 0.4
40.579614 -95.308312 0.0 0.4
40.580017999999995 -95.335483 0.0 0.4
40.580138 -95.34643799999999 0.0 0.4
40.580254 -95.357022 0.0 0.4
40.580355999999995 -95.368262 0.0 0.4
40.580759 -95.389268 0.0 0.4
40.580979 -95.411932 0.0 0.4
40.581148 -95.429239 0.0 0.4
40.581258999999996 -95.44058 0.0 0.4
40.5814 -95.455064 0.0 0.4
40.581548 -95.469213 0.0 0.4
40.581665 -95.480115 0.0 0.4
40.581776999999995 -95.490631 0.0 0.4
40.581927 -95.50096699999999 0.0 0.4
40.582073 -95.511071 0.0 0.4
40.582198 -95.52139299999999 0.0 0.4
40.582338 -95.531491 0.0 0.4
40.58245 -95.54159299999999 0.0 0.4
40.582634999999996 -95.55292999999999 0.0 0.4
40.582789 -95.56386499999999 0.0 0.4
40.582946 -95.573954 0.0 0.4
40.583113 -95.58496 0.0 0.4
40.583349999999996 -95.60139699999999 0.0 0.4
40.583791999999995 -95.62526899999999 0.0 0.4
40.584123 -95.637722 0.0 0.4
40.584398 -95.647973 0.0 0.4
40.584378 -95.658705 0.0 0.4
40.58435 -95.673127 0.0 0.4
40.584326999999995 -95.68542099999999 0.0 0.4
40.584537 -95.701831 0.0 0.4
40.584646 -95.712851 0.0 0.4
40.584835 -95.725782 0.0 0.4
40.584911999999996 -95.735828 0.0 0.4
40.584959 -95.74600000000001 0.0 0.4
40.585207 -95.76385499999999 0.0 0.4
40.591469 -95.75524 0.0 0.4
40.599965 -95.748858 0.0 0.4
40.6102 -95.752793 0.0 0.4
40.615353 -95.76168299999999 0.0 0.4
40.622884 -95.769759 0.0 0.4
40.635284999999996 -95.770442 0.0 0.4
40.644659999999995 -95.77426799999999 0.0 0.4
40.653272 -95.781909 0.0 0.4
40.661227 -95.793061 0.0 0.4
40.664885999999996 -95.804307 0.0 0.4
40.665779 -95.81570699999999 0.0 0.4
40.668498 -95.826199 0.0 0.4
40.673429999999996 -95.836056 0.0 0.4
40.679382 -95.844481 0.0 0.4
40.689211 -95.84705 0.0 0.4
40.699383 -95.85058199999999 0.0 0.4
40.70713 -95.857901 0.0 0.4
40.711639999999996 -95.868196 0.0 0.4
40.716428 -95.88099299999999 0.0 0.4
40.726317 -95.887154 0.0 0.4
40.736292 -95.888697 0.0 0.4
40.747831 -95.88364299999999 0.0 0.4
40.756011 -95.875281 0.0 0.4
40.761299 -95.865765 0.0 0.4
40.764893 -95.85505099999999 0.0 0.4
40.769693 -95.84496399999999 0.0 0.4
40.776111 -95.837289 0.0 0.4
40.785592 -95.834065 0.0 0.4
40.794976 -95.838578 0.0 0.4
40.803782999999996 -95.843745 0.0 0.4
40.814217 -95.844968 0.0 0.4
40.823786 -95.839894 0.0 0.4
40.833473999999995 -95.83714599999999 0.0 0.4
40.843953 -95.84050599999999 0.0 0.4
40.85237 -95.846076 0.0 0.4
40.862314999999995 -95.848242 0.0 0.4
40.871235999999996 -95.84078799999999 0.0 0.4
40.873702 -95.83073499999999 0.0 0.4
40.877438999999995 -95.81958999999999 0.0 0.4
40.884239 -95.812083 0.0 0.4
40.895447 -95.809775 0.0 0.4
40.904790999999996 -95.81617999999999 0.0 0.4
40.910933 -95.82495899999999 0.0 0.4
40.917243 -95.833041 0.0 0.4
40.927408 -95.83841699999999 0.0 0.4
40.937909 -95.84025299999999 0.0 0.4
40.948384999999995 -95.83844599999999 0.0 0.4
40.957988 -95.83349899999999 0.0 0.4
40.96738 -95.829354 0.0 0.4
40.978331999999995 -95.830297 0.0 0.4
40.985599 -95.83768099999999 0.0 0.4
40.990213999999995 -95.84732 0.0 0.4
40.99384 -95.857305 0.0 0.4
40.999998999999995 -95.86600999999999 0.0 0.4
41.009429 -95.869502 0.0 0.4
41.018921999999996 -95.8647 0.0 0.4
41.027787 -95.859398 0.0 0.4
41.037887 -95.860462 0.0 0.4
41.044270999999995 -95.86823 0.0 0.4
41.051946 -95.877258 0.0 0.4
41.06136 -95.882476 0.0 0.4
41.070357 -95.87744099999999 0.0 0.4
41.078855 -95.866912 0.0 0.4
41.089687 -95.862427 0.0 0.4
41.099913 -95.865273 0.0 0.4
41.110935 -95.866818 0.0 0.4
41.121493 -95.867228 0.0 0.4
41.130219 -95.87267899999999 0.0 0.4
41.138329999999996 -95.87913499999999 0.0 0.4
41.147821 -95.882961 0.0 0.4
41.158361 -95.88147699999999 0.0 0.4
41.166216 -95.874398 0.0 0.4
41.167859 -95.86439899999999 0.0 0.4
41.165518 -95.85345099999999 0.0 0.4
41.168768 -95.84388299999999 0.0 0.4
41.179677 -95.843351 0.0 0.4
41.185832999999995 -95.85231399999999 0.0 0.4
41.188007 -95.862084 0.0 0.4
41.188223 -95.87360799999999 0.0 0.4
41.186772999999995 -95.885516 0.0 0.4
41.184774999999995 -95.898155 0.0 0.4
41.184453999999995 -95.90866799999999 0.0 0.4
41.18654 -95.91891 0.0 0.4
41.194119 -95.925901 0.0 0.4
41.204895 -95.92801899999999 0.0 0.4
41.214134 -95.924179 0.0 0.4
41.222105 -95.915814 0.0 0.4
41.231531 -95.910918 0.0 0.4
41.241566 -95.91222499999999 0.0 0.4
41.250164 -95.91764599999999 0.0 0.4
41.259412 -95.921627 0.0 0.4
41.269366999999995 -95.91970099999999 0.0 0.4
41.278741 -95.92481099999999 0.0 0.4
41.290448999999995 -95.929602 0.0 0.4
41.299597 -95.924691 0.0 0.4
41.301303 -95.913797 0.0 0.4
41.297729 -95.904241 0.0 0.4
41.287487999999996 -95.906144 0.0 0.4
41.279527 -95.91258099999999 0.0 0.4
41.274391 -95.9029 0.0 0.4
41.277347999999996 -95.893148 0.0 0.4
41.281301 -95.883316 0.0 0.4
41.287031999999996 -95.87471599999999 0.0 0.4
41.29669 -95.871141 0.0 0.4
41.307466 -95.874071 0.0 0.4
41.315687 -95.881868 0.0 0.4
41.320211 -95.89150599999999 0.0 0.4
41.321473999999995 -95.901736 0.0 0.4
41.320079 -95.912337 0.0 0.4
41.320861 -95.922744 0.0 0.4
41.32477 -95.932143 0.0 0.4
41.330025 -95.941778 0.0 0.4
41.336220999999995 -95.950198 0.0 0.4
41.344721 -95.956693 0.0 0.4
41.354870999999996 -95.952317 0.0 0.4
41.35769 -95.94135899999999 0.0 0.4
41.36296 -95.93218399999999 0.0 0.4
41.372440999999995 -95.928951 0.0 0.4
41.381713999999995 -95.93387799999999 0.0 0.4
41.391568 -95.937666 0.0 0.4
41.401834 -95.93421 0.0 0.4
41.411071 -95.929677 0.0 0.4
41.421065999999996 -95.93154 0.0 0.4
41.431180999999995 -95.932525 0.0 0.4
41.438801999999995 -95.92557099999999 0.0 0.4
41.447373 -95.91973999999999 0.0 0.4
41.457305999999996 -95.922786 0.0 0.4
41.464276999999996 -95.933537 0.0 0.4
41.466387999999995 -95.94349 0.0 0.4
41.464123 -95.953829 0.0 0.4
41.463212 -95.965042 0.0 0.4
41.467898999999996 -95.97586899999999 0.0 0.4
41.471326 -95.986465 0.0 0.4
41.471505 -95.99748199999999 0.0 0.4
41.47349 -96.00735399999999 0.0 0.4
41.480048 -96.015 0.0 0.4
41.490451 -96.01950000000001 0.0 0.4
41.502539999999996 -96.000649 0.0 0.4
41.512313999999996 -95.99328 0.0 0.4
41.523742999999996 -95.99430799999999 0.0 0.4
41.536598999999995 -95.998871 0.0 0.4
41.545314999999995 -96.013876 0.0 0.4
41.542832999999995 -96.024096 0.0 0.4
41.532125 -96.028381 0.0 0.4
41.522180999999996 -96.031705 0.0 0.4
41.512215 -96.03465 0.0 0.4
41.506893 -96.044686 0.0 0.4
41.509508 -96.055048 0.0 0.4
41.515693999999996 -96.06306 0.0 0.4
41.521741 -96.071141 0.0 0.4
41.525966 -96.081431 0.0 0.4
41.531701999999996 -96.09011799999999 0.0 0.4
41.541089 -96.095109 0.0 0.4
41.551641 -96.095891 0.0 0.4
41.562244 -96.091259 0.0 0.4
41.571145 -96.08248599999999 0.0 0.4
41.582626999999995 -96.08327 0.0 0.4
41.589098 -96.093453 0.0 0.4
41.593318 -96.105296 0.0 0.4
41.601955 -96.11363999999999 0.0 0.4
41.613291 -96.11823299999999 0.0 0.4
41.623968999999995 -96.114159 0.0 0.4
41.631495 -96.105498 0.0 0.4
41.639624999999995 -96.097777 0.0 0.4
41.650113999999995 -96.095221 0.0 0.4
41.661077 -96.100055 0.0 0.4
41.666039 -96.108918 0.0 0.4
41.673314 -96.117959 0.0 0.4
41.682489 -96.122346 0.0 0.4
41.692648999999996 -96.119861 0.0 0.4
41.699279 -96.108559 0.0 0.4
41.698831 -96.098559 0.0 0.4
41.697382999999995 -96.08864299999999 0.0 0.4
41.699543999999996 -96.078707 0.0 0.4
41.707736 -96.0729 0.0 0.4
41.716882 -96.07795499999999 0.0 0.4
41.722207 -96.08728699999999 0.0 0.4
41.725218999999996 -96.09700699999999 0.0 0.4
41.731195 -96.105194 0.0 0.4
41.741546 -96.105471 0.0 0.4
41.748815 -96.098536 0.0 0.4
41.751546 -96.088807 0.0 0.4
41.757751999999996 -96.080738 0.0 0.4
41.767776 -96.078775 0.0 0.4
41.777822 -96.077546 0.0 0.4
41.78517 -96.07068699999999 0.0 0.4
41.793285999999995 -96.064757 0.0 0.4
41.802493999999996 -96.06886 0.0 0.4
41.808794 -96.07726 0.0 0.4
41.811471 -96.087175 0.0 0.4
41.813789 -96.097042 0.0 0.4
41.819613 -96.10656499999999 0.0 0.4
41.828827 -96.110962 0.0 0.4
41.838646 -96.107939 0.0 0.4
41.849199 -96.110548 0.0 0.4
41.857188 -96.12015199999999 0.0 0.4
41.861426 -96.1312 0.0 0.4
41.86784 -96.140417 0.0 0.4
41.877244 -96.146554 0.0 0.4
41.887166 -96.148186 0.0 0.4
41.894607 -96.155198 0.0 0.4
41.902131 -96.161835 0.0 0.4
41.91166 -96.156302 0.0 0.4
41.914119 -96.146334 0.0 0.4
41.919637 -96.13735899999999 0.0 0.4
41.931529 -96.1395 0.0 0.4
41.941351 -96.14457 0.0 0.4
41.949791 -96.13810000000001 0.0 0.4
41.958382 -96.13229299999999 0.0 0.4
41.96785 -96.128975 0.0 0.4
41.977284999999995 -96.139223 0.0 0.4
41.979414 -96.14997699999999 0.0 0.4
41.980132999999995 -96.160382 0.0 0.4
41.978472 -96.170542 0.0 0.4
41.976365 -96.18105 0.0 0.4
41.980593 -96.19047599999999 0.0 0.4
41.990756999999995 -96.188389 0.0 0.4
41.99999 -96.18360799999999 0.0 0.4
42.007376 -96.19042499999999 0.0 0.4
42.009195999999996 -96.20081599999999 0.0 0.4
42.007532999999995 -96.21270299999999 0.0 0.4
41.999987 -96.219867 0.0 0.4
41.994271999999995 -96.22811899999999 0.0 0.4
41.99755 -96.23818299999999 0.0 0.4
42.006963 -96.24192 0.0 0.4
42.014983 -96.23433 0.0 0.4
42.021004999999995 -96.225173 0.0 0.4
42.030946 -96.222436 0.0 0.4
42.03803 -96.230143 0.0 0.4
42.041455 -96.24287 0.0 0.4
42.039907 -96.253019 0.0 0.4
42.039615999999995 -96.263448 0.0 0.4
42.04539 -96.271969 0.0 0.4
42.056025 -96.277202 0.0 0.4
42.068554 -96.279536 0.0 0.4
42.079097 -96.277732 0.0 0.4
42.088825 -96.272246 0.0 0.4
42.098406999999995 -96.267439 0.0 0.4
42.108889999999995 -96.267313 0.0 0.4
42.118818 -96.273001 0.0 0.4
42.124618999999996 -96.282218 0.0 0.4
42.126598 -96.292148 0.0 0.4
42.128426 -96.302292 0.0 0.4
42.133308 -96.31118699999999 0.0 0.4
42.141946999999995 -96.316384 0.0 0.4
42.149758 -96.32314799999999 0.0 0.4
42.154278999999995 -96.332213 0.0 0.4
42.159079999999996 -96.341571 0.0 0.4
42.167164 -96.34801499999999 0.0 0.4
42.176902999999996 -96.35036099999999 0.0 0.4
42.186561999999995 -96.347307 0.0 0.4
42.196627 -96.348764 0.0 0.4
42.204494 -96.355621 0.0 0.4
42.214436 -96.357495 0.0 0.4
42.217495 -96.345033 0.0 0.4
42.218764 -96.335043 0.0 0.4
42.226712 -96.32736799999999 0.0 0.4
42.236948999999996 -96.326753 0.0 0.4
42.247082 -96.328009 0.0 0.4
42.259408 -96.331312 0.0 0.4
42.266615 -96.33829 0.0 0.4
42.272608999999996 -96.34904999999999 0.0 0.4
42.27961 -96.360502 0.0 0.4
42.28941 -96.367453 0.0 0.4
42.301103999999995 -96.368585 0.0 0.4
42.314172 -96.37178999999999 0.0 0.4
42.322196999999996 -96.37948399999999 0.0 0.4
42.328354 -96.390197 0.0 0.4
42.333954999999996 -96.40254999999999 0.0 0.4
42.341335 -96.411867 0.0 0.4
42.351448999999995 -96.41778599999999 0.0 0.4
42.361443 -96.417093 0.0 0.4
42.370249 -96.411451 0.0 0.4
42.381491 -96.40915299999999 0.0 0.4
42.391193 -96.414074 0.0 0.4
42.404202999999995 -96.41518599999999 0.0 0.4
42.412965 -96.41030699999999 0.0 0.4
42.422494 -96.398808 0.0 0.4
42.432494 -96.387608 0.0 0.4
42.44144 -96.382666 0.0 0.4
42.451494 -96.380105 0.0 0.4
42.461695 -96.381305 0.0 0.4
42.473093999999996 -96.385407 0.0 0.4
42.481243 -96.39249099999999 0.0 0.4
42.486439999999995 -96.401962 0.0 0.4
42.487843999999996 -96.41222499999999 0.0 0.4
42.488887999999996 -96.422957 0.0 0.4
42.489394999999995 -96.433808 0.0 0.4
42.490328 -96.443972 0.0 0.4
42.492197 -96.454482 0.0 0.4
42.490491 -96.464466 0.0 0.4
42.489394999999995 -96.474436 0.0 0.4
42.499466999999996 -96.475916 0.0 0.4
42.509612999999995 -96.477468 0.0 0.4
42.511081999999995 -96.487669 0.0 0.4
42.521436 -96.487687 0.0 0.4
42.526514999999996 -96.479041 0.0 0.4
42.539888 -96.477409 0.0 0.4
42.550348 -96.47696499999999 0.0 0.4
42.556961 -96.48632599999999 0.0 0.4
42.556981 -96.497265 0.0 0.4
