44.840609 -116.899711 0.0 0.4
44.850457999999996 -116.896898 0.0 0.4
44.855799 -116.887748 0.0 0.4
44.861793 -116.879375 0.0 0.4
44.867885 -116.871079 0.0 0.4
44.874876 -116.86227 0.0 0.4
44.88404 -116.855924 0.0 0.4
44.893524 -116.850512 0.0 0.4
44.903653999999996 -116.846855 0.0 0.4
44.913056999999995 -116.842057 0.0 0.4
44.923601 -116.838467 0.0 0.4
44.933006999999996 -116.83198999999999 0.0 0.4
44.942096 -116.837091 0.0 0.4
44.949338 -116.844653 0.0 0.4
44.958113 -116.850737 0.0 0.4
44.966031 -116.843106 0.0 0.4
44.971669 -116.834797 0.0 0.4
44.979324999999996 -116.828356 0.0 0.4
44.983653 -116.838182 0.0 0.4
44.974941 -116.84409099999999 0.0 0.4
44.974714999999996 -116.854934 0.0 0.4
44.985757 -116.855779 0.0 0.4
44.994459 -116.849857 0.0 0.4
45.003685999999995 -116.844534 0.0 0.4
45.0138 -116.84493499999999 0.0 0.4
45.023635 -116.847046 0.0 0.4
45.031428 -116.84024600000001 0.0 0.4
45.035134 -116.830604 0.0 0.4
45.041605 -116.822384 0.0 0.4
45.048106 -116.814589 0.0 0.4
45.053543 -116.805729 0.0 0.4
45.059961 -116.797747 0.0 0.4
45.068104999999996 -116.791592 0.0 0.4
45.075728999999995 -116.78475399999999 0.0 0.4
45.085775999999996 -116.784289 0.0 0.4
45.09579 -116.78249199999999 0.0 0.4
45.105536 -116.774847 0.0 0.4
45.109742 -116.765308 0.0 0.4
45.113972 -116.754643 0.0 0.4
45.122945 -116.748564 0.0 0.4
45.13275 -116.745601 0.0 0.4
45.137789 -116.735875 0.0 0.4
45.14489 -116.728725 0.0 0.4
45.154922 -116.7278 0.0 0.4
45.164438 -116.724176 0.0 0.4
45.175754999999995 -116.72247 0.0 0.4
45.185005 -116.717448 0.0 0.4
45.1944 -116.71375 0.0 0.4
45.203739999999996 -116.709371 0.0 0.4
45.214273 -116.709451 0.0 0.4
45.224464 -116.706264 0.0 0.4
45.235068999999996 -116.703785 0.0 0.4
45.245079999999994 -116.698852 0.0 0.4
45.254678999999996 -116.696047 0.0 0.4
45.263739 -116.691388 0.0 0.4
45.269492 -116.683179 0.0 0.4
45.275844 -116.67473 0.0 0.4
45.285618 -116.672314 0.0 0.4
45.296268999999995 -116.67254199999999 0.0 0.4
45.3063 -116.673645 0.0 0.4
45.316866 -116.674268 0.0 0.4
45.325917 -116.669861 0.0 0.4
45.334579 -116.664385 0.0 0.4
45.342797999999995 -116.65863999999999 0.0 0.4
45.351501999999996 -116.652811 0.0 0.4
45.359418 -116.646453 0.0 0.4
45.367934 -116.641144 0.0 0.4
45.375614999999996 -116.634306 0.0 0.4
45.383748 -116.628441 0.0 0.4
45.392188 -116.623047 0.0 0.4
45.399964 -116.616486 0.0 0.4
45.405713999999996 -116.608213 0.0 0.4
45.411117999999995 -116.599732 0.0 0.4
45.420142 -116.595198 0.0 0.4
45.429891999999995 -116.591678 0.0 0.4
45.439738 -116.589338 0.0 0.4
45.447617 -116.582569 0.0 0.4
45.453385 -116.573938 0.0 0.4
45.459112999999995 -116.565405 0.0 0.4
45.462623 -116.555793 0.0 0.4
45.472798 -116.554981 0.0 0.4
45.482365 -116.558093 0.0 0.4
45.491904 -116.55453299999999 0.0 0.4
45.501866 -116.556998 0.0 0.4
45.50955 -116.550319 0.0 0.4
45.516368 -116.542123 0.0 0.4
45.524358 -116.535988 0.0 0.4
45.534099 -116.532774 0.0 0.4
45.542251 -116.526552 0.0 0.4
45.552285 -116.527227 0.0 0.4
45.556782 -116.517545 0.0 0.4
45.558305999999995 -116.507227 0.0 0.4
45.567129 -116.502004 0.0 0.4
45.57262 -116.493568 0.0 0.4
45.576577 -116.484051 0.0 0.4
45.586681999999996 -116.482163 0.0 0.4
45.592538 -116.473378 0.0 0.4
45.59974 -116.466047 0.0 0.4
45.610807 -116.463265 0.0 0.4
45.620051 -116.46909600000001 0.0 0.4
45.6295 -116.472454 0.0 0.4
45.632667999999995 -116.48198099999999 0.0 0.4
45.642416 -116.484352 0.0 0.4
45.651264999999995 -116.489313 0.0 0.4
45.657419999999995 -116.497216 0.0 0.4
45.662805 -116.505805 0.0 0.4
45.670497999999995 -116.512596 0.0 0.4
45.676241999999995 -116.520901 0.0 0.4
45.682553999999996 -116.529053 0.0 0.4
45.691114999999996 -116.534977 0.0 0.4
45.701341 -116.536354 0.0 0.4
45.711804 -116.53723 0.0 0.4
45.723040999999995 -116.53711 0.0 0.4
45.733075 -116.535695 0.0 0.4
45.741983999999995 -116.540477 0.0 0.4
45.750402 -116.546381 0.0 0.4
45.754180999999996 -116.55636799999999 0.0 0.4
45.760321 -116.564986 0.0 0.4
45.765332 -116.573976 0.0 0.4
45.771316999999996 -116.582808 0.0 0.4
45.777097999999995 -116.591024 0.0 0.4
45.779585 -116.600758 0.0 0.4
45.781757 -116.61084199999999 0.0 0.4
45.781973 -116.621196 0.0 0.4
45.784849 -116.630912 0.0 0.4
45.78104 -116.640395 0.0 0.4
45.779765 -116.65043 0.0 0.4
45.78019 -116.660535 0.0 0.4
45.785163999999995 -116.669404 0.0 0.4
45.791897 -116.677796 0.0 0.4
45.801227999999995 -116.684643 0.0 0.4
45.809332 -116.69053199999999 0.0 0.4
45.818113 -116.695625 0.0 0.4
45.822539 -116.704624 0.0 0.4
45.826636 -116.71426199999999 0.0 0.4
45.826381 -116.72448800000001 0.0 0.4
45.826527 -116.734543 0.0 0.4
45.822491 -116.743795 0.0 0.4
45.817429 -116.753923 0.0 0.4
45.817091 -116.764186 0.0 0.4
45.822136 -116.773079 0.0 0.4
45.825607999999995 -116.782502 0.0 0.4
45.833470999999996 -116.78906599999999 0.0 0.4
45.843441 -116.787774 0.0 0.4
45.853024999999995 -116.792672 0.0 0.4
45.862483999999995 -116.799442 0.0 0.4
45.870376 -116.808063 0.0 0.4
45.878997999999996 -116.815918 0.0 0.4
45.884555999999996 -116.826482 0.0 0.4
45.889410999999996 -116.837041 0.0 0.4
45.894748 -116.845565 0.0 0.4
45.901838 -116.853017 0.0 0.4
45.908724 -116.860786 0.0 0.4
45.916958 -116.866544 0.0 0.4
45.926764999999996 -116.870374 0.0 0.4
45.937579 -116.872683 0.0 0.4
45.947492 -116.875801 0.0 0.4
45.957397 -116.8785 0.0 0.4
45.959297 -116.88935000000001 0.0 0.4
45.968039999999995 -116.894515 0.0 0.4
45.978581 -116.894851 0.0 0.4
45.984196 -116.904305 0.0 0.4
45.990525 -116.912665 0.0 0.4
45.998712999999995 -116.918924 0.0 0.4
46.008697999999995 -116.920589 0.0 0.4
46.018955 -116.923592 0.0 0.4
46.027457 -116.93035 0.0 0.4
46.037433 -116.93116599999999 0.0 0.4
46.044349 -116.938442 0.0 0.4
46.053337 -116.943061 0.0 0.4
46.063500999999995 -116.944951 0.0 0.4
46.070386 -116.95229499999999 0.0 0.4
46.07629 -116.960403 0.0 0.4
46.077034 -116.97104 0.0 0.4
46.082345 -116.980482 0.0 0.4
46.092848 -116.981984 0.0 0.4
46.097834999999996 -116.9718 0.0 0.4
46.098743 -116.96167299999999 0.0 0.4
46.105844999999995 -116.95446 0.0 0.4
46.115725 -116.95109099999999 0.0 0.4
46.125512 -116.948822 0.0 0.4
46.13265 -116.940561 0.0 0.4
46.140646 -116.93455 0.0 0.4
46.151316 -116.93519599999999 0.0 0.4
46.158646999999995 -116.926586 0.0 0.4
46.168048999999996 -116.922138 0.0 0.4
46.173089999999995 -116.931958 0.0 0.4
46.179676 -116.93978200000001 0.0 0.4
46.187825 -116.945884 0.0 0.4
46.194722999999996 -116.954492 0.0 0.4
46.200168 -116.963259 0.0 0.4
46.210955 -116.965177 0.0 0.4
46.219718 -116.959438 0.0 0.4
46.230314 -116.955381 0.0 0.4
46.240494999999996 -116.958137 0.0 0.4
46.249880999999995 -116.963377 0.0 0.4
46.259059 -116.968266 0.0 0.4
46.266273999999996 -116.97617 0.0 0.4
46.271631 -116.985294 0.0 0.4
46.279948 -116.99124499999999 0.0 0.4
46.288497 -116.98558299999999 0.0 0.4
46.298176999999995 -116.988137 0.0 0.4
46.303157 -116.99799 0.0 0.4
46.306967 -117.01004 0.0 0.4
46.313103999999996 -117.01871 0.0 0.4
46.322644 -117.02302399999999 0.0 0.4
46.333566999999995 -117.022832 0.0 0.4
46.340219 -117.03039 0.0 0.4
46.34213 -117.04061 0.0 0.4
46.343911999999996 -117.051975 0.0 0.4
46.349284999999995 -117.060981 0.0 0.4
46.35989 -117.062713 0.0 0.4
46.37 -117.05927 0.0 0.4
46.376456999999995 -117.050172 0.0 0.4
46.385276 -117.044488 0.0 0.4
46.395942 -117.04149100000001 0.0 0.4
46.405817 -117.038351 0.0 0.4
46.415554 -117.03483800000001 0.0 0.4
46.425379 -117.039571 0.0 0.4
46.436673 -117.039737 0.0 0.4
46.447772 -117.039751 0.0 0.4
46.459793 -117.039799 0.0 0.4
46.470811 -117.039823 0.0 0.4
46.481023 -117.039838 0.0 0.4
46.493496 -117.039796 0.0 0.4
46.507543999999996 -117.039693 0.0 0.4
46.517855 -117.03972 0.0 0.4
46.52968 -117.039694 0.0 0.4
46.541706 -117.039777 0.0 0.4
46.556301 -117.03969599999999 0.0 0.4
46.56886 -117.039665 0.0 0.4
46.580892999999996 -117.039722 0.0 0.4
46.590965 -117.039711 0.0 0.4
46.602123 -117.039742 0.0 0.4
46.613824 -117.039725 0.0 0.4
46.628054 -117.039755 0.0 0.4
46.638087 -117.039691 0.0 0.4
46.651573 -117.039745 0.0 0.4
46.671654 -117.039812 0.0 0.4
46.682508 -117.039834 0.0 0.4
46.693242999999995 -117.039824 0.0 0.4
46.704159999999995 -117.039822 0.0 0.4
46.714985 -117.039861 0.0 0.4
46.729357 -117.039882 0.0 0.4
46.742092 -117.039866 0.0 0.4
46.755114 -117.039905 0.0 0.4
46.765707 -117.039773 0.0 0.4
46.778504999999996 -117.039715 0.0 0.4
46.789093 -117.039785 0.0 0.4
46.801297 -117.039667 0.0 0.4
46.813182 -117.039785 0.0 0.4
46.823781 -117.039771 0.0 0.4
46.835176 -117.03969000000001 0.0 0.4
46.851222 -117.039737 0.0 0.4
46.865877999999995 -117.039687 0.0 0.4
46.877935 -117.039724 0.0 0.4
46.888113 -117.039596 0.0 0.4
46.899336 -117.039573 0.0 0.4
46.912293 -117.039472 0.0 0.4
46.923207999999995 -117.0395 0.0 0.4
46.938812 -117.039549 0.0 0.4
46.949608999999995 -117.03961 0.0 0.4
46.960614 -117.039657 0.0 0.4
46.974985 -117.039647 0.0 0.4
46.98638 -117.039676 0.0 0.4
46.996981999999996 -117.039853 0.0 0.4
47.007597999999994 -117.039811 0.0 0.4
47.017711 -117.039864 0.0 0.4
47.028310999999995 -117.039939 0.0 0.4
47.038334 -117.03989899999999 0.0 0.4
47.048356 -117.03972 0.0 0.4
47.062162 -117.039821 0.0 0.4
47.076476 -117.03974 0.0 0.4
47.087277 -117.039777 0.0 0.4
47.103815 -117.03970000000001 0.0 0.4
47.113853 -117.03969000000001 0.0 0.4
47.124423 -117.039705 0.0 0.4
47.139449 -117.03978599999999 0.0 0.4
47.149995 -117.0398 0.0 0.4
47.167093 -117.039691 0.0 0.4
47.179992 -117.039728 0.0 0.4
47.194784999999996 -117.039708 0.0 0.4
47.211647 -117.039734 0.0 0.4
47.221727 -117.03971 0.0 0.4
47.231831 -117.039665 0.0 0.4
47.24248 -117.039698 0.0 0.4
47.252725 -117.039661 0.0 0.4
47.26404 -117.039886 0.0 0.4
47.274682 -117.039904 0.0 0.4
47.286153999999996 -117.039934 0.0 0.4
47.296347 -117.039913 0.0 0.4
47.306678 -117.039901 0.0 0.4
47.316956999999995 -117.039935 0.0 0.4
47.331669999999995 -117.039908 0.0 0.4
47.342282999999995 -117.039819 0.0 0.4
47.352309 -117.039799 0.0 0.4
47.363025 -117.039828 0.0 0.4
47.376056 -117.039796 0.0 0.4
47.386905 -117.039829 0.0 0.4
47.398368 -117.039844 0.0 0.4
47.409566 -117.03983099999999 0.0 0.4
47.419874 -117.039771 0.0 0.4
47.431329999999996 -117.039781 0.0 0.4
47.441669 -117.039806 0.0 0.4
47.454339999999995 -117.039799 0.0 0.4
47.465049 -117.03988 0.0 0.4
47.475100000000005 -117.039963 0.0 0.4
47.485744 -117.039995 0.0 0.4
47.495934999999996 -117.040059 0.0 0.4
47.506215 -117.040119 0.0 0.4
47.516962 -117.040155 0.0 0.4
47.527353 -117.040434 0.0 0.4
47.537524999999995 -117.04052300000001 0.0 0.4
47.547719 -117.040733 0.0 0.4
47.557781 -117.040909 0.0 0.4
47.568044 -117.040998 0.0 0.4
47.578697999999996 -117.041066 0.0 0.4
47.590851 -117.041034 0.0 0.4
47.600984999999994 -117.041015 0.0 0.4
47.611278 -117.04088899999999 0.0 0.4
47.621407999999995 -117.040961 0.0 0.4
47.632791999999995 -117.041098 0.0 0.4
47.643161 -117.041196 0.0 0.4
47.653793 -117.041223 0.0 0.4
47.665541999999995 -117.041246 0.0 0.4
47.675672999999996 -117.041293 0.0 0.4
47.685683999999995 -117.041672 0.0 0.4
47.695834999999995 -117.041674 0.0 0.4
47.706525 -117.041785 0.0 0.4
47.716983 -117.041743 0.0 0.4
47.727329999999995 -117.041776 0.0 0.4
47.737708999999995 -117.041853 0.0 0.4
47.748826 -117.042006 0.0 0.4
47.759074 -117.04212 0.0 0.4
47.769721999999994 -117.042078 0.0 0.4
47.780757 -117.04212799999999 0.0 0.4
47.79141 -117.04217299999999 0.0 0.4
47.801762 -117.042153 0.0 0.4
47.812126 -117.042072 0.0 0.4
47.822756999999996 -117.042013 0.0 0.4
47.832834999999996 -117.042121 0.0 0.4
47.843519 -117.042145 0.0 0.4
47.85474 -117.042201 0.0 0.4
47.864892999999995 -117.04223400000001 0.0 0.4
47.874994 -117.042269 0.0 0.4
47.885214999999995 -117.042271 0.0 0.4
47.895562 -117.04225199999999 0.0 0.4
47.906669 -117.04212 0.0 0.4
47.919312999999995 -117.042044 0.0 0.4
47.929989 -117.042127 0.0 0.4
47.940560999999995 -117.042143 0.0 0.4
47.950852999999995 -117.042237 0.0 0.4
47.961141999999995 -117.042303 0.0 0.4
47.971534 -117.042178 0.0 0.4
47.982695 -117.042115 0.0 0.4
47.993246 -117.042036 0.0 0.4
48.006046 -117.041994 0.0 0.4
48.017894999999996 -117.042091 0.0 0.4
48.029664 -117.042118 0.0 0.4
48.040699 -117.041917 0.0 0.4
48.051423 -117.041837 0.0 0.4
48.061505 -117.04182399999999 0.0 0.4
48.072424 -117.041467 0.0 0.4
48.085535 -117.041373 0.0 0.4
48.101026999999995 -117.041281 0.0 0.4
48.111650999999995 -117.041218 0.0 0.4
48.122344 -117.041128 0.0 0.4
48.134871 -117.040795 0.0 0.4
48.145165 -117.040474 0.0 0.4
48.15708 -117.040092 0.0 0.4
48.168423 -117.03975 0.0 0.4
48.178605999999995 -117.039635 0.0 0.4
48.191689 -117.039138 0.0 0.4
48.202017999999995 -117.038794 0.0 0.4
48.213058 -117.038485 0.0 0.4
48.234821 -117.038017 0.0 0.4
48.249874999999996 -117.037758 0.0 0.4
48.263535999999995 -117.037442 0.0 0.4
48.273624 -117.03721 0.0 0.4
48.28479 -117.037005 0.0 0.4
48.296808999999996 -117.036743 0.0 0.4
48.306826 -117.036526 0.0 0.4
48.316918 -117.036318 0.0 0.4
48.32927 -117.036095 0.0 0.4
48.339406 -117.035883 0.0 0.4
48.351048 -117.035638 0.0 0.4
48.364056 -117.035365 0.0 0.4
48.374911 -117.03526099999999 0.0 0.4
48.38521 -117.035086 0.0 0.4
48.396311999999995 -117.03514200000001 0.0 0.4
48.407128 -117.035203 0.0 0.4
48.420322999999996 -117.035275 0.0 0.4
48.431785 -117.035344 0.0 0.4
48.442705 -117.03535 0.0 0.4
48.461227 -117.035364 0.0 0.4
48.471461 -117.035363 0.0 0.4
48.4848 -117.035382 0.0 0.4
48.498601 -117.035422 0.0 0.4
48.517292999999995 -117.03526099999999 0.0 0.4
48.527460999999995 -117.035173 0.0 0.4
48.537707 -117.03509 0.0 0.4
48.549125 -117.03500000000001 0.0 0.4
48.559332999999995 -117.034918 0.0 0.4
48.570071999999996 -117.03483299999999 0.0 0.4
48.580725 -117.03474800000001 0.0 0.4
48.594316 -117.034639 0.0 0.4
48.604861 -117.034547 0.0 0.4
48.618615 -117.034514 0.0 0.4
48.630689 -117.034306 0.0 0.4
48.650121 -117.033834 0.0 0.4
48.663335 -117.03361699999999 0.0 0.4
48.680856 -117.03347 0.0 0.4
48.691164 -117.033384 0.0 0.4
48.702225999999996 -117.033295 0.0 0.4
48.714104 -117.033287 0.0 0.4
48.726997999999995 -117.033305 0.0 0.4
48.742334 -117.033324 0.0 0.4
48.753422 -117.033331 0.0 0.4
48.766605 -117.033157 0.0 0.4
48.781242999999996 -117.033025 0.0 0.4
48.792643 -117.032922 0.0 0.4
48.803253999999995 -117.032826 0.0 0.4
48.81328 -117.032736 0.0 0.4
48.830161999999994 -117.032592 0.0 0.4
48.844066999999995 -117.032464 0.0 0.4
48.854566 -117.032366 0.0 0.4
48.872808 -117.032135 0.0 0.4
48.883992 -117.032123 0.0 0.4
48.897703 -117.032149 0.0 0.4
48.908823999999996 -117.032169 0.0 0.4
48.926038999999996 -117.032201 0.0 0.4
48.936077 -117.03222 0.0 0.4
48.952217 -117.03224900000001 0.0 0.4
48.970428999999996 -117.032282 0.0 0.4
48.994394 -117.032335 0.0 0.4
48.999238 -117.021671 0.0 0.4
48.999299 -117.003539 0.0 0.4
48.999339 -116.991118 0.0 0.4
48.999376 -116.978663 0.0 0.4
48.999421 -116.962921 0.0 0.4
48.999465 -116.94666699999999 0.0 0.4
48.99951 -116.928843 0.0 0.4
48.999544 -116.915423 0.0 0.4
48.999576999999995 -116.90200300000001 0.0 0.4
48.999607999999995 -116.888583 0.0 0.4
48.999632999999996 -116.876547 0.0 0.4
48.999657 -116.86451 0.0 0.4
48.99968 -116.852474 0.0 0.4
48.999700000000004 -116.841856 0.0 0.4
48.999722 -116.828855 0.0 0.4
48.999745999999995 -116.815124 0.0 0.4
48.999767 -116.801846 0.0 0.4
48.999787 -116.788568 0.0 0.4
48.999801999999995 -116.777497 0.0 0.4
48.999815 -116.766426 0.0 0.4
48.999828 -116.755356 0.0 0.4
48.999838 -116.744837 0.0 0.4
48.999854 -116.727434 0.0 0.4
48.999863999999995 -116.713938 0.0 0.4
48.999871999999996 -116.702994 0.0 0.4
48.999879 -116.688301 0.0 0.4
48.999883999999994 -116.67616 0.0 0.4
48.999887 -116.664019 0.0 0.4
48.999888999999996 -116.65187900000001 0.0 0.4
48.99989 -116.640743 0.0 0.4
48.99989 -116.62960799999999 0.0 0.4
48.999888999999996 -116.618472 0.0 0.4
48.999882 -116.593556 0.0 0.4
48.999874 -116.576684 0.0 0.4
48.999877 -116.564654 0.0 0.4
48.999883999999994 -116.537957 0.0 0.4
48.999883999999994 -116.51214 0.0 0.4
48.999882 -116.501443 0.0 0.4
48.999950999999996 -116.484349 0.0 0.4
49.000048 -116.463262 0.0 0.4
49.000101 -116.451272 0.0 0.4
49.000195999999995 -116.428668 0.0 0.4
49.000319999999995 -116.396825 0.0 0.4
49.000415 -116.372438 0.0 0.4
49.000467 -116.358439 0.0 0.4
49.000504 -116.348051 0.0 0.4
49.000547999999995 -116.335408 0.0 0.4
49.000616 -116.314494 0.0 0.4
49.000654999999995 -116.302161 0.0 0.4
49.00069 -116.29048900000001 0.0 0.4
49.000743 -116.27206100000001 0.0 0.4
49.000802 -116.250655 0.0 0.4
49.000834999999995 -116.237863 0.0 0.4
49.000754 -116.225336 0.0 0.4
49.000668 -116.213213 0.0 0.4
49.000555 -116.194152 0.0 0.4
49.00056 -116.181977 0.0 0.4
49.000597 -116.164945 0.0 0.4
49.000626 -116.153042 0.0 0.4
49.000684 -116.128679 0.0 0.4
49.000755 -116.097217 0.0 0.4
49.000822 -116.064592 0.0 0.4
49.000845999999996 -116.049086 0.0 0.4
48.990649999999995 -116.049108 0.0 0.4
48.980598 -116.049129 0.0 0.4
48.968286 -116.049128 0.0 0.4
48.957755 -116.04912 0.0 0.4
48.947444999999995 -116.049102 0.0 0.4
48.93628 -116.049094 0.0 0.4
48.922944 -116.049081 0.0 0.4
48.910399 -116.049079 0.0 0.4
48.898758 -116.04907299999999 0.0 0.4
48.884733999999995 -116.049076 0.0 0.4
48.866237 -116.049084 0.0 0.4
48.855751999999995 -116.049088 0.0 0.4
48.844345 -116.049097 0.0 0.4
48.834056999999994 -116.049091 0.0 0.4
48.822595 -116.049097 0.0 0.4
48.812045 -116.04908499999999 0.0 0.4
48.79911 -116.049083 0.0 0.4
48.782610999999996 -116.049075 0.0 0.4
48.760472 -116.049059 0.0 0.4
48.749918 -116.048979 0.0 0.4
48.737815 -116.048952 0.0 0.4
48.722369 -116.048958 0.0 0.4
48.711483 -116.048949 0.0 0.4
48.698637 -116.048953 0.0 0.4
48.688471 -116.048964 0.0 0.4
48.674879 -116.04901699999999 0.0 0.4
48.659585 -116.049044 0.0 0.4
48.648646 -116.04905099999999 0.0 0.4
48.636981999999996 -116.049041 0.0 0.4
48.626107999999995 -116.049043 0.0 0.4
48.615922999999995 -116.049064 0.0 0.4
48.602053999999995 -116.04907 0.0 0.4
48.591912 -116.049089 0.0 0.4
48.580417 -116.049021 0.0 0.4
48.567277 -116.048944 0.0 0.4
48.553250999999996 -116.048968 0.0 0.4
48.541402 -116.048992 0.0 0.4
48.519267 -116.04903 0.0 0.4
48.505175 -116.049052 0.0 0.4
48.480872999999995 -116.049068 0.0 0.4
48.442647 -116.049099 0.0 0.4
48.415555999999995 -116.049065 0.0 0.4
48.404179 -116.04902200000001 0.0 0.4
48.393682999999996 -116.049005 0.0 0.4
48.356732 -116.048982 0.0 0.4
48.344257 -116.048959 0.0 0.4
48.332943 -116.048956 0.0 0.4
48.320513999999996 -116.048969 0.0 0.4
48.3091 -116.048965 0.0 0.4
48.274619 -116.048953 0.0 0.4
48.263146 -116.048951 0.0 0.4
48.249649999999995 -116.048947 0.0 0.4
48.237089 -116.048943 0.0 0.4
48.216392 -116.048994 0.0 0.4
48.198615 -116.04902200000001 0.0 0.4
48.188545999999995 -116.049031 0.0 0.4
48.176116 -116.04903999999999 0.0 0.4
48.162977 -116.049054 0.0 0.4
48.151657 -116.049043 0.0 0.4
48.140344999999996 -116.049055 0.0 0.4
48.125209999999996 -116.048913 0.0 0.4
48.10857 -116.04902200000001 0.0 0.4
48.094277 -116.049041 0.0 0.4
48.082878 -116.04907299999999 0.0 0.4
48.072651 -116.049089 0.0 0.4
48.062217 -116.049115 0.0 0.4
48.048908999999995 -116.049113 0.0 0.4
48.033136 -116.049117 0.0 0.4
48.021508 -116.049121 0.0 0.4
48.010484 -116.049119 0.0 0.4
47.999922999999995 -116.049153 0.0 0.4
47.985555 -116.04911 0.0 0.4
47.97573 -116.046819 0.0 0.4
47.971592 -116.0372 0.0 0.4
47.968303 -116.027341 0.0 0.4
47.962894999999996 -116.018771 0.0 0.4
47.954626999999995 -116.012212 0.0 0.4
47.945313999999996 -116.007452 0.0 0.4
47.938900000000004 -115.998528 0.0 0.4
47.92975 -115.993841 0.0 0.4
47.923061999999994 -115.985315 0.0 0.4
47.914698 -115.979374 0.0 0.4
47.914255999999995 -115.969076 0.0 0.4
47.903954 -115.966948 0.0 0.4
47.897417 -115.959336 0.0 0.4
47.890856 -115.95155 0.0 0.4
47.885208 -115.942709 0.0 0.4
47.877451 -115.936036 0.0 0.4
47.869651999999995 -115.929686 0.0 0.4
47.86201 -115.922898 0.0 0.4
47.853474999999996 -115.91767899999999 0.0 0.4
47.851377 -115.907534 0.0 0.4
47.843097 -115.90140099999999 0.0 0.4
47.846123 -115.891792 0.0 0.4
47.849364 -115.882071 0.0 0.4
47.842178 -115.874555 0.0 0.4
47.833921 -115.867837 0.0 0.4
47.830244 -115.858478 0.0 0.4
47.822786 -115.85058599999999 0.0 0.4
47.813652999999995 -115.846032 0.0 0.4
47.803441 -115.847328 0.0 0.4
47.793164 -115.845795 0.0 0.4
47.783052 -115.84503 0.0 0.4
47.775607 -115.838221 0.0 0.4
47.765133999999996 -115.835359 0.0 0.4
47.755778 -115.831745 0.0 0.4
47.753648 -115.820907 0.0 0.4
47.756017 -115.811036 0.0 0.4
47.757622999999995 -115.800969 0.0 0.4
47.751155999999995 -115.792525 0.0 0.4
47.746254 -115.78379699999999 0.0 0.4
47.735363 -115.782841 0.0 0.4
47.725418999999995 -115.781347 0.0 0.4
47.718075 -115.774194 0.0 0.4
47.717565 -115.763665 0.0 0.4
47.71695 -115.753026 0.0 0.4
47.711801 -115.744449 0.0 0.4
47.706531999999996 -115.734928 0.0 0.4
47.69958 -115.72667799999999 0.0 0.4
47.689322999999995 -115.725045 0.0 0.4
47.679643 -115.727701 0.0 0.4
47.669852 -115.730947 0.0 0.4
47.659940999999996 -115.732348 0.0 0.4
47.649989 -115.73447 0.0 0.4
47.641306 -115.728301 0.0 0.4
47.637814999999996 -115.718901 0.0 0.4
47.634924999999996 -115.708298 0.0 0.4
47.628988 -115.700105 0.0 0.4
47.620117 -115.693944 0.0 0.4
47.611374 -115.698928 0.0 0.4
47.602332999999994 -115.69406 0.0 0.4
47.591879 -115.693688 0.0 0.4
47.586483 -115.702827 0.0 0.4
47.577548 -115.707483 0.0 0.4
47.576758 -115.717979 0.0 0.4
47.569877999999996 -115.72527 0.0 0.4
47.566932 -115.735343 0.0 0.4
47.560840999999996 -115.743761 0.0 0.4
47.554064 -115.751118 0.0 0.4
47.543957 -115.752451 0.0 0.4
47.538664 -115.743276 0.0 0.4
47.538346 -115.733048 0.0 0.4
47.533640999999996 -115.722176 0.0 0.4
47.532506999999995 -115.711876 0.0 0.4
47.533873 -115.701861 0.0 0.4
47.524919 -115.706548 0.0 0.4
47.514961 -115.708292 0.0 0.4
47.506833 -115.701913 0.0 0.4
47.501805 -115.693211 0.0 0.4
47.492692999999996 -115.688072 0.0 0.4
47.483962999999996 -115.683104 0.0 0.4
47.48655 -115.673302 0.0 0.4
47.48424 -115.663062 0.0 0.4
47.478173999999996 -115.6543 0.0 0.4
47.479878 -115.644169 0.0 0.4
47.480739 -115.63322099999999 0.0 0.4
47.470507 -115.634406 0.0 0.4
47.46147 -115.639264 0.0 0.4
47.456218 -115.649011 0.0 0.4
47.45487 -115.659016 0.0 0.4
47.454502999999995 -115.669777 0.0 0.4
47.455861999999996 -115.679929 0.0 0.4
47.457167999999996 -115.689913 0.0 0.4
47.453218 -115.699839 0.0 0.4
47.453374 -115.710081 0.0 0.4
47.450803 -115.720301 0.0 0.4
47.446597 -115.729438 0.0 0.4
47.443261 -115.739129 0.0 0.4
47.440666 -115.749135 0.0 0.4
47.431343 -115.753098 0.0 0.4
47.423296 -115.746497 0.0 0.4
47.425151 -115.735293 0.0 0.4
47.425633 -115.724806 0.0 0.4
47.419207 -115.71697 0.0 0.4
47.415459999999996 -115.707576 0.0 0.4
47.41544 -115.697384 0.0 0.4
47.412279999999996 -115.687848 0.0 0.4
47.409693 -115.677626 0.0 0.4
47.401745999999996 -115.671121 0.0 0.4
47.401551999999995 -115.660049 0.0 0.4
47.393308 -115.653235 0.0 0.4
47.384617 -115.648117 0.0 0.4
47.378617 -115.639565 0.0 0.4
47.379726999999995 -115.62879699999999 0.0 0.4
47.382556 -115.61874399999999 0.0 0.4
47.379658 -115.608377 0.0 0.4
47.374154 -115.599116 0.0 0.4
47.370152 -115.589609 0.0 0.4
47.36781 -115.57946 0.0 0.4
47.357641 -115.576719 0.0 0.4
47.353241 -115.567194 0.0 0.4
47.353876 -115.557045 0.0 0.4
47.347204999999995 -115.549074 0.0 0.4
47.336991 -115.55010899999999 0.0 0.4
47.329974 -115.542399 0.0 0.4
47.320325999999994 -115.538223 0.0 0.4
47.312295 -115.532007 0.0 0.4
47.302676999999996 -115.528752 0.0 0.4
47.297596999999996 -115.519237 0.0 0.4
47.293392999999995 -115.509782 0.0 0.4
47.290234 -115.500086 0.0 0.4
47.288869 -115.489598 0.0 0.4
47.281444 -115.482264 0.0 0.4
47.284143 -115.472498 0.0 0.4
47.285531999999996 -115.462167 0.0 0.4
47.277618 -115.455908 0.0 0.4
47.277018999999996 -115.445095 0.0 0.4
47.280015999999996 -115.435303 0.0 0.4
47.279765999999995 -115.42509 0.0 0.4
47.270725999999996 -115.419364 0.0 0.4
47.264368999999995 -115.411585 0.0 0.4
47.265162 -115.401225 0.0 0.4
47.265589999999996 -115.390978 0.0 0.4
47.26634 -115.380801 0.0 0.4
47.264846999999996 -115.370683 0.0 0.4
47.260157 -115.36147 0.0 0.4
47.260511 -115.35001199999999 0.0 0.4
47.262733999999995 -115.339987 0.0 0.4
47.258905999999996 -115.330409 0.0 0.4
47.2567 -115.32014699999999 0.0 0.4
47.247046999999995 -115.323018 0.0 0.4
47.237756999999995 -115.319002 0.0 0.4
47.230142 -115.311832 0.0 0.4
47.226043999999995 -115.302244 0.0 0.4
47.21857 -115.29486 0.0 0.4
47.208116999999994 -115.29348999999999 0.0 0.4
47.19934 -115.298756 0.0 0.4
47.189541 -115.300915 0.0 0.4
47.186814999999996 -115.290964 0.0 0.4
47.183167999999995 -115.28158 0.0 0.4
47.182 -115.270498 0.0 0.4
47.179921 -115.2603 0.0 0.4
47.169827999999995 -115.256792 0.0 0.4
47.160427999999996 -115.251978 0.0 0.4
47.151751 -115.245265 0.0 0.4
47.150583999999995 -115.235059 0.0 0.4
47.148744 -115.224858 0.0 0.4
47.143885999999995 -115.215354 0.0 0.4
47.140383 -115.205649 0.0 0.4
47.136164 -115.196251 0.0 0.4
47.130007 -115.187501 0.0 0.4
47.121248 -115.18238099999999 0.0 0.4
47.114121 -115.175226 0.0 0.4
47.105666 -115.168776 0.0 0.4
47.102778 -115.158767 0.0 0.4
47.102495999999995 -115.148515 0.0 0.4
47.096762 -115.140233 0.0 0.4
47.086659 -115.141643 0.0 0.4
47.07689 -115.137055 0.0 0.4
47.068338999999995 -115.130439 0.0 0.4
47.062856 -115.121642 0.0 0.4
47.055841 -115.11404999999999 0.0 0.4
47.049029 -115.106631 0.0 0.4
47.048013999999995 -115.096507 0.0 0.4
47.042161 -115.088293 0.0 0.4
47.035602 -115.080713 0.0 0.4
47.026361 -115.076657 0.0 0.4
47.018102999999996 -115.069701 0.0 0.4
47.007842 -115.069544 0.0 0.4
46.998217 -115.066012 0.0 0.4
46.989906999999995 -115.059683 0.0 0.4
46.982623 -115.052415 0.0 0.4
46.972764 -115.050482 0.0 0.4
46.970492 -115.039711 0.0 0.4
46.97251 -115.029678 0.0 0.4
46.974629 -115.019859 0.0 0.4
46.97342 -115.009451 0.0 0.4
46.967703 -115.00091 0.0 0.4
46.960356999999995 -114.993628 0.0 0.4
46.953941 -114.985686 0.0 0.4
46.945836 -114.979104 0.0 0.4
46.939169 -114.971338 0.0 0.4
46.934833 -114.961033 0.0 0.4
46.926747 -114.952944 0.0 0.4
46.924074999999995 -114.941931 0.0 0.4
46.919475999999996 -114.932947 0.0 0.4
46.915487999999996 -114.923502 0.0 0.4
46.907435 -114.929874 0.0 0.4
46.899149 -114.936143 0.0 0.4
46.889103999999996 -114.934269 0.0 0.4
46.879214 -114.93156 0.0 0.4
46.870894 -114.937948 0.0 0.4
46.864353 -114.945614 0.0 0.4
46.856913 -114.938652 0.0 0.4
46.854844 -114.92876 0.0 0.4
46.845017999999996 -114.92653 0.0 0.4
46.83521 -114.92873900000001 0.0 0.4
46.827709 -114.921375 0.0 0.4
46.824604 -114.911689 0.0 0.4
46.822548999999995 -114.901873 0.0 0.4
46.81397 -114.896409 0.0 0.4
46.803751 -114.89646 0.0 0.4
46.808721999999996 -114.887619 0.0 0.4
46.811661 -114.87608 0.0 0.4
46.814529 -114.865779 0.0 0.4
46.8057 -114.860604 0.0 0.4
46.799389 -114.85254499999999 0.0 0.4
46.793803999999994 -114.843656 0.0 0.4
46.78906 -114.834564 0.0 0.4
46.782058 -114.826285 0.0 0.4
46.781375999999995 -114.81497 0.0 0.4
46.778974999999996 -114.804581 0.0 0.4
46.777262 -114.794684 0.0 0.4
46.780189 -114.784987 0.0 0.4
46.769352 -114.78386499999999 0.0 0.4
46.765806 -114.774306 0.0 0.4
46.758981 -114.766909 0.0 0.4
46.748853999999994 -114.76813 0.0 0.4
46.738876 -114.767242 0.0 0.4
46.731649999999995 -114.774205 0.0 0.4
46.72635 -114.782755 0.0 0.4
46.716637999999996 -114.786109 0.0 0.4
46.707284 -114.782077 0.0 0.4
46.705487999999995 -114.77164 0.0 0.4
46.696864 -114.766507 0.0 0.4
46.697044999999996 -114.75647599999999 0.0 0.4
46.702946 -114.747465 0.0 0.4
46.711065 -114.741401 0.0 0.4
46.713229 -114.73134999999999 0.0 0.4
46.714242 -114.720377 0.0 0.4
46.717296999999995 -114.710766 0.0 0.4
46.727205999999995 -114.708634 0.0 0.4
46.733245 -114.70047 0.0 0.4
46.737491 -114.691404 0.0 0.4
46.738858 -114.681196 0.0 0.4
46.736796999999996 -114.671211 0.0 0.4
46.735692 -114.661039 0.0 0.4
46.733571999999995 -114.651002 0.0 0.4
46.725029 -114.645447 0.0 0.4
46.717330999999994 -114.634963 0.0 0.4
46.712578 -114.625885 0.0 0.4
46.702618 -114.623239 0.0 0.4
46.692589 -114.622993 0.0 0.4
46.685283999999996 -114.630454 0.0 0.4
46.680133 -114.639904 0.0 0.4
46.672354 -114.633468 0.0 0.4
46.663171999999996 -114.637916 0.0 0.4
46.659085 -114.62862200000001 0.0 0.4
46.656642999999995 -114.618773 0.0 0.4
46.648748 -114.612179 0.0 0.4
46.63847 -114.61311 0.0 0.4
46.635600000000004 -114.603272 0.0 0.4
46.632915 -114.593502 0.0 0.4
46.633275999999995 -114.583499 0.0 0.4
46.639351 -114.57514 0.0 0.4
46.641148 -114.56469 0.0 0.4
46.644645999999995 -114.554678 0.0 0.4
46.647613 -114.544033 0.0 0.4
46.646471999999996 -114.533969 0.0 0.4
46.64102 -114.525288 0.0 0.4
46.639466 -114.514993 0.0 0.4
46.640353999999995 -114.504601 0.0 0.4
46.636841999999994 -114.49508900000001 0.0 0.4
46.632749999999994 -114.485052 0.0 0.4
46.631631 -114.474883 0.0 0.4
46.633336 -114.464978 0.0 0.4
46.639934 -114.45561599999999 0.0 0.4
46.649356999999995 -114.451862 0.0 0.4
46.652806 -114.441985 0.0 0.4
46.657261999999996 -114.43145 0.0 0.4
46.659431999999995 -114.420693 0.0 0.4
46.657925999999996 -114.410721 0.0 0.4
46.661189 -114.40109 0.0 0.4
46.665078 -114.391796 0.0 0.4
46.664254 -114.381509 0.0 0.4
46.667912 -114.372095 0.0 0.4
46.668619 -114.361734 0.0 0.4
46.663557 -114.35300000000001 0.0 0.4
46.662011 -114.342378 0.0 0.4
46.660118999999995 -114.33237199999999 0.0 0.4
46.653417 -114.324615 0.0 0.4
46.642938 -114.322912 0.0 0.4
46.632329999999996 -114.322456 0.0 0.4
46.622291 -114.324336 0.0 0.4
46.612168 -114.322883 0.0 0.4
46.604448 -114.329591 0.0 0.4
46.594992 -114.334428 0.0 0.4
46.590455999999996 -114.343733 0.0 0.4
46.5826 -114.336573 0.0 0.4
46.574613 -114.330363 0.0 0.4
46.566842 -114.336741 0.0 0.4
46.558032 -114.341497 0.0 0.4
46.548592 -114.34543 0.0 0.4
46.538561 -114.345469 0.0 0.4
46.529160999999995 -114.34899300000001 0.0 0.4
46.521015 -114.342305 0.0 0.4
46.512071 -114.34790000000001 0.0 0.4
46.506212 -114.356354 0.0 0.4
46.505137999999995 -114.367434 0.0 0.4
46.502179999999996 -114.377101 0.0 0.4
46.504028 -114.387023 0.0 0.4
46.502047 -114.396849 0.0 0.4
46.494057999999995 -114.403396 0.0 0.4
46.481911 -114.401363 0.0 0.4
46.473375999999995 -114.396139 0.0 0.4
46.467566999999995 -114.387043 0.0 0.4
46.460471999999996 -114.379576 0.0 0.4
46.450531999999995 -114.383136 0.0 0.4
46.442809 -114.376196 0.0 0.4
46.433879 -114.381377 0.0 0.4
46.424188 -114.384406 0.0 0.4
46.413865 -114.38432399999999 0.0 0.4
46.409302 -114.393233 0.0 0.4
46.402395999999996 -114.400699 0.0 0.4
46.398604999999996 -114.409955 0.0 0.4
46.39147 -114.417226 0.0 0.4
46.381803999999995 -114.419789 0.0 0.4
46.372375999999996 -114.415361 0.0 0.4
46.363026999999995 -114.411177 0.0 0.4
46.352179 -114.412182 0.0 0.4
46.342309 -114.414172 0.0 0.4
46.332611 -114.416907 0.0 0.4
46.324051999999995 -114.422514 0.0 0.4
46.31507 -114.428256 0.0 0.4
46.30589 -114.433081 0.0 0.4
46.295787999999995 -114.429643 0.0 0.4
46.285422999999994 -114.427611 0.0 0.4
46.277338 -114.43447499999999 0.0 0.4
46.273058 -114.443648 0.0 0.4
46.270947 -114.45365699999999 0.0 0.4
46.273243 -114.464048 0.0 0.4
46.265377 -114.470795 0.0 0.4
46.255657 -114.467275 0.0 0.4
46.246122 -114.463818 0.0 0.4
46.241774 -114.454718 0.0 0.4
46.232245999999996 -114.448229 0.0 0.4
46.222066999999996 -114.446531 0.0 0.4
46.212255 -114.450807 0.0 0.4
46.203858 -114.444112 0.0 0.4
46.193641 -114.44398699999999 0.0 0.4
46.183726 -114.445446 0.0 0.4
46.173155 -114.445679 0.0 0.4
46.169896 -114.455349 0.0 0.4
46.16571 -114.464773 0.0 0.4
46.16139 -114.474015 0.0 0.4
46.163838999999996 -114.483906 0.0 0.4
46.167918 -114.49333899999999 0.0 0.4
46.165054999999995 -114.503214 0.0 0.4
46.167435 -114.513629 0.0 0.4
46.156963 -114.515333 0.0 0.4
46.149772999999996 -114.522623 0.0 0.4
46.138863 -114.522505 0.0 0.4
46.128629 -114.520177 0.0 0.4
46.122116 -114.512353 0.0 0.4
46.118887 -114.502796 0.0 0.4
46.115925999999995 -114.493113 0.0 0.4
46.113526 -114.483 0.0 0.4
46.109615 -114.473063 0.0 0.4
46.10265 -114.465278 0.0 0.4
46.0944 -114.459559 0.0 0.4
46.083918 -114.46160499999999 0.0 0.4
46.077127 -114.46902299999999 0.0 0.4
46.066648 -114.468174 0.0 0.4
46.058378999999995 -114.474704 0.0 0.4
46.054930999999996 -114.48463699999999 0.0 0.4
46.049413 -114.493299 0.0 0.4
46.041709 -114.500241 0.0 0.4
46.032605 -114.506841 0.0 0.4
46.027885999999995 -114.49723399999999 0.0 0.4
46.02983 -114.48631 0.0 0.4
46.024767999999995 -114.477375 0.0 0.4
46.01547 -114.473659 0.0 0.4
46.008497 -114.481844 0.0 0.4
45.998824 -114.486188 0.0 0.4
45.992526999999995 -114.478393 0.0 0.4
45.995275 -114.468401 0.0 0.4
45.997478 -114.457826 0.0 0.4
45.989912 -114.451235 0.0 0.4
45.987831 -114.44051999999999 0.0 0.4
45.986649 -114.429634 0.0 0.4
45.981113 -114.419956 0.0 0.4
45.975342 -114.411481 0.0 0.4
45.967681999999996 -114.404784 0.0 0.4
45.957211 -114.403203 0.0 0.4
45.952256999999996 -114.412198 0.0 0.4
45.946214 -114.420756 0.0 0.4
45.939462 -114.428462 0.0 0.4
45.929716 -114.424497 0.0 0.4
45.923072999999995 -114.416049 0.0 0.4
45.912346 -114.413663 0.0 0.4
45.905046999999996 -114.406012 0.0 0.4
45.901374 -114.396487 0.0 0.4
45.892063 -114.392198 0.0 0.4
45.882740999999996 -114.388394 0.0 0.4
45.874311999999996 -114.395268 0.0 0.4
45.871126 -114.405202 0.0 0.4
45.861045999999995 -114.406142 0.0 0.4
45.851572999999995 -114.409654 0.0 0.4
45.854454 -114.419616 0.0 0.4
45.858658999999996 -114.428986 0.0 0.4
45.862555 -114.438348 0.0 0.4
45.859786 -114.44828 0.0 0.4
45.854642 -114.457528 0.0 0.4
45.851804 -114.467607 0.0 0.4
45.847088 -114.476959 0.0 0.4
45.851669 -114.486492 0.0 0.4
45.850142 -114.49649099999999 0.0 0.4
45.845727 -114.505486 0.0 0.4
45.840953999999996 -114.514328 0.0 0.4
45.830867999999995 -114.514912 0.0 0.4
45.823485 -114.522096 0.0 0.4
45.818898 -114.531018 0.0 0.4
45.808448999999996 -114.532449 0.0 0.4
45.801037 -114.539597 0.0 0.4
45.792351 -114.54469 0.0 0.4
45.787154 -114.553491 0.0 0.4
45.780555 -114.561293 0.0 0.4
45.770458 -114.563824 0.0 0.4
45.764102 -114.555823 0.0 0.4
45.760686 -114.54639 0.0 0.4
45.750510999999996 -114.54646 0.0 0.4
45.740961 -114.541399 0.0 0.4
45.7355 -114.532471 0.0 0.4
45.727526 -114.525981 0.0 0.4
45.727453999999994 -114.515367 0.0 0.4
45.723068 -114.50588 0.0 0.4
45.713491 -114.499909 0.0 0.4
45.70419 -114.49520000000001 0.0 0.4
45.695684 -114.500943 0.0 0.4
45.689447 -114.509158 0.0 0.4
45.682396 -114.501949 0.0 0.4
45.672005999999996 -114.500902 0.0 0.4
45.662529 -114.50554 0.0 0.4
45.655381999999996 -114.513615 0.0 0.4
45.649463 -114.521928 0.0 0.4
45.651452 -114.532157 0.0 0.4
45.644805999999996 -114.540661 0.0 0.4
45.642545 -114.550525 0.0 0.4
45.640325 -114.560423 0.0 0.4
45.63035 -114.561521 0.0 0.4
45.622402 -114.55502 0.0 0.4
45.617293 -114.546104 0.0 0.4
45.608951 -114.54008999999999 0.0 0.4
45.600390999999995 -114.546139 0.0 0.4
45.592481 -114.553238 0.0 0.4
45.582612 -114.555394 0.0 0.4
45.572707 -114.556858 0.0 0.4
45.564541 -114.563487 0.0 0.4
45.557752 -114.555776 0.0 0.4
45.561962 -114.545838 0.0 0.4
45.564775 -114.536223 0.0 0.4
45.570823999999995 -114.52756 0.0 0.4
45.568270999999996 -114.517705 0.0 0.4
45.56144 -114.509481 0.0 0.4
45.556712999999995 -114.500231 0.0 0.4
45.558324 -114.490009 0.0 0.4
45.561412 -114.480443 0.0 0.4
45.563255999999996 -114.469128 0.0 0.4
45.561710999999995 -114.457824 0.0 0.4
45.552186999999996 -114.462412 0.0 0.4
45.544295 -114.456113 0.0 0.4
45.539103 -114.446973 0.0 0.4
45.532979999999995 -114.438795 0.0 0.4
45.526796999999995 -114.430928 0.0 0.4
45.516870999999995 -114.429182 0.0 0.4
45.509226999999996 -114.421375 0.0 0.4
45.507670999999995 -114.409623 0.0 0.4
45.504486 -114.399728 0.0 0.4
45.502986 -114.389262 0.0 0.4
45.497081 -114.379323 0.0 0.4
45.492689 -114.369938 0.0 0.4
45.483613 -114.364561 0.0 0.4
45.473926 -114.360728 0.0 0.4
45.470659999999995 -114.351275 0.0 0.4
45.461456 -114.346278 0.0 0.4
45.460035999999995 -114.336368 0.0 0.4
45.464051999999995 -114.326769 0.0 0.4
45.467372999999995 -114.31709599999999 0.0 0.4
45.470876999999994 -114.30598 0.0 0.4
45.477889999999995 -114.297319 0.0 0.4
45.479144 -114.287218 0.0 0.4
45.481193 -114.277185 0.0 0.4
45.489326 -114.270217 0.0 0.4
45.494931 -114.261475 0.0 0.4
45.504830999999996 -114.25971 0.0 0.4
45.513967 -114.254666 0.0 0.4
45.523042 -114.249207 0.0 0.4
45.533932 -114.248587 0.0 0.4
45.54437 -114.248999 0.0 0.4
45.54647 -114.239077 0.0 0.4
45.546129 -114.227873 0.0 0.4
45.541976999999996 -114.218739 0.0 0.4
45.538526 -114.209311 0.0 0.4
45.53626 -114.199322 0.0 0.4
45.540538999999995 -114.190168 0.0 0.4
45.548181 -114.183411 0.0 0.4
45.550356 -114.173182 0.0 0.4
45.552641 -114.163293 0.0 0.4
45.553698 -114.153127 0.0 0.4
45.557367 -114.14346499999999 0.0 0.4
45.560871 -114.134088 0.0 0.4
45.569686 -114.129012 0.0 0.4
45.579356999999995 -114.126121 0.0 0.4
45.584599 -114.11694299999999 0.0 0.4
45.585161 -114.106482 0.0 0.4
45.588055 -114.095933 0.0 0.4
45.591305 -114.086352 0.0 0.4
45.601127999999996 -114.0828 0.0 0.4
45.611073 -114.081563 0.0 0.4
45.617149 -114.072997 0.0 0.4
45.626461 -114.067825 0.0 0.4
45.631322999999995 -114.058981 0.0 0.4
45.634637 -114.04879199999999 0.0 0.4
45.642294 -114.040888 0.0 0.4
45.648381 -114.032821 0.0 0.4
45.647891 -114.022727 0.0 0.4
45.654303999999996 -114.014811 0.0 0.4
45.664684 -114.016105 0.0 0.4
45.670853 -114.023994 0.0 0.4
45.681104999999995 -114.020328 0.0 0.4
45.691610999999995 -114.018882 0.0 0.4
45.693830999999996 -114.008279 0.0 0.4
45.696672 -113.997617 0.0 0.4
45.704722 -113.991375 0.0 0.4
45.7025 -113.980718 0.0 0.4
45.699358 -113.970914 0.0 0.4
45.690583 -113.96576400000001 0.0 0.4
45.690625 -113.954877 0.0 0.4
45.693875 -113.944905 0.0 0.4
45.693093999999995 -113.934286 0.0 0.4
45.682597 -113.934357 0.0 0.4
45.673035999999996 -113.931425 0.0 0.4
45.666281999999995 -113.923521 0.0 0.4
45.657632 -113.917694 0.0 0.4
45.653317 -113.907619 0.0 0.4
45.647331 -113.899425 0.0 0.4
45.637547 -113.90239199999999 0.0 0.4
45.627237 -113.901578 0.0 0.4
45.620509 -113.893318 0.0 0.4
45.618483 -113.883349 0.0 0.4
45.620352 -113.873125 0.0 0.4
45.623526 -113.862767 0.0 0.4
45.620838 -113.85219599999999 0.0 0.4
45.613653 -113.844345 0.0 0.4
45.610124 -113.83487099999999 0.0 0.4
45.613107 -113.825215 0.0 0.4
45.607389999999995 -113.815911 0.0 0.4
45.60188 -113.80664 0.0 0.4
45.592059 -113.803239 0.0 0.4
45.583338999999995 -113.797945 0.0 0.4
45.57819 -113.806929 0.0 0.4
45.57111 -113.814018 0.0 0.4
45.56069 -113.817457 0.0 0.4
45.550402999999996 -113.82000000000001 0.0 0.4
45.542311 -113.82653 0.0 0.4
45.531897 -113.828957 0.0 0.4
45.523084999999995 -113.834228 0.0 0.4
45.521428 -113.823874 0.0 0.4
45.520627999999995 -113.813165 0.0 0.4
45.52294 -113.803115 0.0 0.4
45.521978999999995 -113.792804 0.0 0.4
45.521955999999996 -113.782792 0.0 0.4
45.522268 -113.771953 0.0 0.4
45.512243999999995 -113.772201 0.0 0.4
45.50273 -113.768532 0.0 0.4
45.493258 -113.76347799999999 0.0 0.4
45.483334 -113.760419 0.0 0.4
45.475384 -113.76668 0.0 0.4
45.470904999999995 -113.776222 0.0 0.4
45.46044 -113.777073 0.0 0.4
45.452773 -113.783776 0.0 0.4
45.447419 -113.775064 0.0 0.4
45.436965 -113.776367 0.0 0.4
45.431461 -113.767436 0.0 0.4
45.421271999999995 -113.766359 0.0 0.4
45.417259 -113.776016 0.0 0.4
45.406876 -113.77480299999999 0.0 0.4
45.406392 -113.764635 0.0 0.4
45.403127 -113.753751 0.0 0.4
45.397679 -113.744885 0.0 0.4
45.392353 -113.734402 0.0 0.4
45.382191 -113.73394 0.0 0.4
45.371793 -113.734518 0.0 0.4
45.361281 -113.732555 0.0 0.4
45.350384999999996 -113.734881 0.0 0.4
45.341584999999995 -113.739914 0.0 0.4
45.331533 -113.738507 0.0 0.4
45.323802 -113.732151 0.0 0.4
45.318092 -113.723451 0.0 0.4
45.311384 -113.715828 0.0 0.4
45.301978999999996 -113.710723 0.0 0.4
45.295590999999995 -113.702983 0.0 0.4
45.28919 -113.694439 0.0 0.4
45.283854 -113.68570000000001 0.0 0.4
45.276067999999995 -113.67922 0.0 0.4
45.27327 -113.689262 0.0 0.4
45.263439999999996 -113.692485 0.0 0.4
45.255586 -113.685664 0.0 0.4
45.249396 -113.677452 0.0 0.4
45.247004 -113.667725 0.0 0.4
45.241934 -113.658524 0.0 0.4
45.235135 -113.650704 0.0 0.4
45.225642 -113.647288 0.0 0.4
45.218575 -113.638997 0.0 0.4
45.210651999999996 -113.63242 0.0 0.4
45.205923 -113.623507 0.0 0.4
45.199034999999995 -113.615583 0.0 0.4
45.194221 -113.606336 0.0 0.4
45.188361 -113.597548 0.0 0.4
45.180081 -113.591628 0.0 0.4
45.170158 -113.593932 0.0 0.4
45.160723999999995 -113.590442 0.0 0.4
45.153611999999995 -113.583283 0.0 0.4
45.148250999999995 -113.572446 0.0 0.4
45.137344 -113.572377 0.0 0.4
45.127286999999995 -113.572535 0.0 0.4
45.122468999999995 -113.562556 0.0 0.4
45.118078 -113.553522 0.0 0.4
45.112407999999995 -113.545066 0.0 0.4
45.114382 -113.534663 0.0 0.4
45.115552 -113.524526 0.0 0.4
45.116564 -113.514424 0.0 0.4
45.110149 -113.506189 0.0 0.4
45.1004 -113.511319 0.0 0.4
45.094632 -113.519979 0.0 0.4
45.085676 -113.514857 0.0 0.4
45.082941 -113.505094 0.0 0.4
45.080433 -113.495096 0.0 0.4
45.074425999999995 -113.486963 0.0 0.4
45.064256 -113.486088 0.0 0.4
45.061854 -113.476336 0.0 0.4
45.062567 -113.46634 0.0 0.4
45.062562 -113.455933 0.0 0.4
45.053669 -113.45059499999999 0.0 0.4
45.043496 -113.45249799999999 0.0 0.4
45.034489 -113.447233 0.0 0.4
45.023714999999996 -113.448463 0.0 0.4
45.014508 -113.442353 0.0 0.4
45.004649 -113.439543 0.0 0.4
44.996558 -113.445771 0.0 0.4
44.985628 -113.447002 0.0 0.4
44.975578 -113.444928 0.0 0.4
44.964715 -113.446107 0.0 0.4
44.954553999999995 -113.448192 0.0 0.4
44.952313 -113.458454 0.0 0.4
44.948088999999996 -113.468072 0.0 0.4
44.949919 -113.478885 0.0 0.4
44.947334 -113.488912 0.0 0.4
44.943003 -113.498342 0.0 0.4
44.933392999999995 -113.49548 0.0 0.4
44.924065 -113.491353 0.0 0.4
44.918467 -113.482972 0.0 0.4
44.911493 -113.475746 0.0 0.4
44.901154 -113.475513 0.0 0.4
44.891743 -113.471498 0.0 0.4
44.887439 -113.462285 0.0 0.4
44.87766 -113.459645 0.0 0.4
44.867982999999995 -113.455701 0.0 0.4
44.862553999999996 -113.446865 0.0 0.4
44.855689 -113.439575 0.0 0.4
44.854923 -113.429198 0.0 0.4
44.844518 -113.423455 0.0 0.4
44.8403 -113.41393 0.0 0.4
44.839256 -113.403531 0.0 0.4
44.836814 -113.393372 0.0 0.4
44.837106999999996 -113.383219 0.0 0.4
44.830324999999995 -113.375479 0.0 0.4
44.824512999999996 -113.366756 0.0 0.4
44.820651 -113.357242 0.0 0.4
44.811104 -113.351696 0.0 0.4
44.801476 -113.346451 0.0 0.4
44.795437 -113.354689 0.0 0.4
44.788714 -113.346803 0.0 0.4
44.786273 -113.335833 0.0 0.4
44.790347999999994 -113.326492 0.0 0.4
44.795417 -113.31703 0.0 0.4
44.798044999999995 -113.30593 0.0 0.4
44.803322 -113.296997 0.0 0.4
44.807877999999995 -113.286459 0.0 0.4
44.812867 -113.277291 0.0 0.4
44.815211 -113.266991 0.0 0.4
44.820015999999995 -113.258145 0.0 0.4
44.822860999999996 -113.247603 0.0 0.4
44.816164 -113.240174 0.0 0.4
44.813674999999996 -113.230131 0.0 0.4
44.810477 -113.219941 0.0 0.4
44.809124999999995 -113.209355 0.0 0.4
44.803022 -113.20031 0.0 0.4
44.800014 -113.190763 0.0 0.4
44.793214 -113.183186 0.0 0.4
44.785078999999996 -113.17498 0.0 0.4
44.779902 -113.165749 0.0 0.4
44.779875999999994 -113.155472 0.0 0.4
44.776596999999995 -113.145838 0.0 0.4
44.774574 -113.136043 0.0 0.4
44.765035 -113.131345 0.0 0.4
44.754708 -113.134984 0.0 0.4
44.749707 -113.126242 0.0 0.4
44.742453999999995 -113.119046 0.0 0.4
44.732517 -113.116836 0.0 0.4
44.731567999999996 -113.106869 0.0 0.4
44.722738 -113.101921 0.0 0.4
44.711884999999995 -113.101502 0.0 0.4
44.702017999999995 -113.09747 0.0 0.4
44.694500999999995 -113.089962 0.0 0.4
44.689989999999995 -113.080899 0.0 0.4
44.680716 -113.076608 0.0 0.4
44.675985 -113.06745 0.0 0.4
44.665197 -113.069065 0.0 0.4
44.655446 -113.065907 0.0 0.4
44.645482 -113.061228 0.0 0.4
44.638714 -113.053498 0.0 0.4
44.629065999999995 -113.049808 0.0 0.4
44.620152999999995 -113.055352 0.0 0.4
44.617884 -113.065508 0.0 0.4
44.611643 -113.07606200000001 0.0 0.4
44.603961999999996 -113.083662 0.0 0.4
44.595147 -113.077703 0.0 0.4
44.590855 -113.068642 0.0 0.4
44.580875 -113.06688 0.0 0.4
44.574304999999995 -113.057165 0.0 0.4
44.570215 -113.047615 0.0 0.4
44.565829 -113.038558 0.0 0.4
44.556833 -113.043671 0.0 0.4
44.547407 -113.047607 0.0 0.4
44.540219 -113.039353 0.0 0.4
44.537054999999995 -113.028967 0.0 0.4
44.531352999999996 -113.018704 0.0 0.4
44.527727 -113.009192 0.0 0.4
44.517945 -113.011554 0.0 0.4
44.508477 -113.01555 0.0 0.4
44.500195 -113.022002 0.0 0.4
44.489585999999996 -113.02362099999999 0.0 0.4
44.481577 -113.017618 0.0 0.4
44.474396 -113.010229 0.0 0.4
44.463997 -113.008788 0.0 0.4
44.45372 -113.005059 0.0 0.4
44.447835 -112.99669 0.0 0.4
44.441700999999995 -112.987818 0.0 0.4
44.433752999999996 -112.980429 0.0 0.4
44.427929999999996 -112.971973 0.0 0.4
44.423255 -112.963048 0.0 0.4
44.424676999999996 -112.952963 0.0 0.4
44.416145 -112.94738 0.0 0.4
44.412298 -112.937881 0.0 0.4
44.411873 -112.927664 0.0 0.4
44.407981 -112.918125 0.0 0.4
44.401658 -112.909712 0.0 0.4
44.400219 -112.898969 0.0 0.4
44.405809 -112.89041 0.0 0.4
44.396833 -112.885419 0.0 0.4
44.387066999999995 -112.882679 0.0 0.4
44.377635 -112.878139 0.0 0.4
44.371179999999995 -112.87048300000001 0.0 0.4
44.366946999999996 -112.861088 0.0 0.4
44.359587999999995 -112.854267 0.0 0.4
44.358861999999995 -112.84424 0.0 0.4
44.363636 -112.835088 0.0 0.4
44.368015 -112.825242 0.0 0.4
44.373883 -112.817093 0.0 0.4
44.383464 -112.814192 0.0 0.4
44.393507 -112.813867 0.0 0.4
44.401582 -112.82098500000001 0.0 0.4
44.41102 -112.825817 0.0 0.4
44.418580999999996 -112.832736 0.0 0.4
44.428633999999995 -112.834023 0.0 0.4
44.438051 -112.828354 0.0 0.4
44.445256 -112.820463 0.0 0.4
44.453983 -112.813895 0.0 0.4
44.456803 -112.803502 0.0 0.4
44.46438 -112.796866 0.0 0.4
44.472533 -112.789483 0.0 0.4
44.480731 -112.782954 0.0 0.4
44.483559 -112.772993 0.0 0.4
44.487328999999995 -112.763486 0.0 0.4
44.489031 -112.753333 0.0 0.4
44.488338 -112.743062 0.0 0.4
44.496528999999995 -112.735862 0.0 0.4
44.502095 -112.726873 0.0 0.4
44.503879999999995 -112.716661 0.0 0.4
44.501920999999996 -112.704683 0.0 0.4
44.499900000000004 -112.694745 0.0 0.4
44.493755 -112.686392 0.0 0.4
44.491996 -112.676413 0.0 0.4
44.487521 -112.666458 0.0 0.4
44.487023 -112.656299 0.0 0.4
44.489179 -112.645575 0.0 0.4
44.491029 -112.633957 0.0 0.4
44.482954 -112.627348 0.0 0.4
44.487258 -112.618193 0.0 0.4
44.489509 -112.60806 0.0 0.4
44.488855 -112.598007 0.0 0.4
44.483837 -112.589251 0.0 0.4
44.480937 -112.578967 0.0 0.4
44.482718999999996 -112.568934 0.0 0.4
44.483202999999996 -112.557804 0.0 0.4
44.483108 -112.547445 0.0 0.4
44.480612 -112.537558 0.0 0.4
44.476707 -112.528253 0.0 0.4
44.475773 -112.518174 0.0 0.4
44.468773999999996 -112.5107 0.0 0.4
44.463436 -112.502069 0.0 0.4
44.468773 -112.493502 0.0 0.4
44.473332 -112.484279 0.0 0.4
44.478479 -112.475444 0.0 0.4
44.475822 -112.465699 0.0 0.4
44.472003 -112.456346 0.0 0.4
44.467928 -112.446966 0.0 0.4
44.463118 -112.437633 0.0 0.4
44.454525 -112.432386 0.0 0.4
44.454026 -112.422122 0.0 0.4
44.455951 -112.411729 0.0 0.4
44.45588 -112.401585 0.0 0.4
44.451142999999995 -112.39250799999999 0.0 0.4
44.452622999999996 -112.382056 0.0 0.4
44.460226 -112.37474 0.0 0.4
44.467118 -112.367107 0.0 0.4
44.477955 -112.364255 0.0 0.4
44.486608 -112.35855 0.0 0.4
44.496770999999995 -112.35828599999999 0.0 0.4
44.507008 -112.358033 0.0 0.4
44.517987 -112.358123 0.0 0.4
44.528541 -112.35878 0.0 0.4
44.536881 -112.353058 0.0 0.4
44.538168999999996 -112.343129 0.0 0.4
44.538699 -112.332829 0.0 0.4
44.538855 -112.321047 0.0 0.4
44.547446 -112.315338 0.0 0.4
44.555566 -112.30916500000001 0.0 0.4
44.558971 -112.299328 0.0 0.4
44.565666 -112.29106 0.0 0.4
44.567149 -112.280658 0.0 0.4
44.565491 -112.269204 0.0 0.4
44.568259999999995 -112.259184 0.0 0.4
44.568332999999996 -112.249022 0.0 0.4
44.566294 -112.239059 0.0 0.4
44.564088999999996 -112.229225 0.0 0.4
44.554083 -112.227877 0.0 0.4
44.544762999999996 -112.222872 0.0 0.4
44.541053999999995 -112.213231 0.0 0.4
44.539302 -112.203299 0.0 0.4
44.536539 -112.193412 0.0 0.4
44.533052999999995 -112.183945 0.0 0.4
44.53655 -112.174158 0.0 0.4
44.541533 -112.164648 0.0 0.4
44.538869999999996 -112.154635 0.0 0.4
44.539384 -112.14443299999999 0.0 0.4
44.537203999999996 -112.134427 0.0 0.4
44.530325 -112.12678 0.0 0.4
44.525938 -112.117755 0.0 0.4
44.523167 -112.107947 0.0 0.4
44.522428999999995 -112.097899 0.0 0.4
44.530505999999995 -112.091447 0.0 0.4
44.53365 -112.081181 0.0 0.4
44.536063999999996 -112.071107 0.0 0.4
44.536206 -112.060259 0.0 0.4
44.534293999999996 -112.049143 0.0 0.4
44.532806 -112.038792 0.0 0.4
44.542404 -112.034988 0.0 0.4
44.545406 -112.025411 0.0 0.4
44.541976999999996 -112.015517 0.0 0.4
44.53882 -112.005959 0.0 0.4
44.535177999999995 -111.995949 0.0 0.4
44.537091 -111.98548 0.0 0.4
44.536145 -111.975369 0.0 0.4
44.543122 -111.968084 0.0 0.4
44.549439 -111.960289 0.0 0.4
44.552296 -111.949938 0.0 0.4
44.556245 -111.940545 0.0 0.4
44.557320999999995 -111.930308 0.0 0.4
44.55757 -111.919992 0.0 0.4
44.556545 -111.909681 0.0 0.4
44.557553 -111.899638 0.0 0.4
44.564288999999995 -111.890762 0.0 0.4
44.56033 -111.880941 0.0 0.4
44.563072 -111.871129 0.0 0.4
44.554908 -111.864801 0.0 0.4
44.548632 -111.856701 0.0 0.4
44.540659 -111.850003 0.0 0.4
44.530089 -111.844121 0.0 0.4
44.522998 -111.836972 0.0 0.4
44.515330999999996 -111.829328 0.0 0.4
44.508941 -111.82153 0.0 0.4
44.511334 -111.8114 0.0 0.4
44.520649999999996 -111.807632 0.0 0.4
44.526418 -111.796659 0.0 0.4
44.52389 -111.786563 0.0 0.4
44.526635999999996 -111.776084 0.0 0.4
44.527612999999995 -111.765702 0.0 0.4
44.533687 -111.75767 0.0 0.4
44.539547999999996 -111.749128 0.0 0.4
44.542587999999995 -111.739107 0.0 0.4
44.543400000000005 -111.728324 0.0 0.4
44.543321999999996 -111.717337 0.0 0.4
44.550222 -111.709358 0.0 0.4
44.559306 -111.704408 0.0 0.4
44.557435999999996 -111.693851 0.0 0.4
44.561164999999995 -111.684366 0.0 0.4
44.557251 -111.675053 0.0 0.4
44.555703 -111.665093 0.0 0.4
44.553405 -111.654926 0.0 0.4
44.554182 -111.644566 0.0 0.4
44.553129999999996 -111.634406 0.0 0.4
44.551517 -111.62448499999999 0.0 0.4
44.54887 -111.614801 0.0 0.4
44.552744 -111.604936 0.0 0.4
44.55739 -111.595887 0.0 0.4
44.562602999999996 -111.586997 0.0 0.4
44.558886 -111.577664 0.0 0.4
44.557635 -111.567174 0.0 0.4
44.554691999999996 -111.557297 0.0 0.4
44.557176 -111.547052 0.0 0.4
44.55101 -111.538162 0.0 0.4
44.548744 -111.526676 0.0 0.4
44.543219 -111.518246 0.0 0.4
44.535869 -111.511124 0.0 0.4
44.539862 -111.501728 0.0 0.4
44.540617999999995 -111.491623 0.0 0.4
44.541444 -111.48158 0.0 0.4
44.540541999999995 -111.47112 0.0 0.4
44.550413 -111.467906 0.0 0.4
44.553734 -111.477498 0.0 0.4
44.558218 -111.48657 0.0 0.4
44.561184 -111.496673 0.0 0.4
44.562062999999995 -111.506848 0.0 0.4
44.570606999999995 -111.501586 0.0 0.4
44.577352 -111.509035 0.0 0.4
44.582166 -111.517814 0.0 0.4
44.591165 -111.522828 0.0 0.4
44.601051999999996 -111.519926 0.0 0.4
44.611323 -111.520781 0.0 0.4
44.6203 -111.516297 0.0 0.4
44.625012 -111.507144 0.0 0.4
44.635251 -111.510005 0.0 0.4
44.643342999999994 -111.516296 0.0 0.4
44.644452 -111.506074 0.0 0.4
44.644425999999996 -111.495398 0.0 0.4
44.651388999999995 -111.487977 0.0 0.4
44.657939 -111.480412 0.0 0.4
44.665003999999996 -111.473318 0.0 0.4
44.674932 -111.471793 0.0 0.4
44.682834 -111.478021 0.0 0.4
44.691595 -111.483122 0.0 0.4
44.699397999999995 -111.489377 0.0 0.4
44.707179 -111.481959 0.0 0.4
44.709769 -111.471692 0.0 0.4
44.714437 -111.46269 0.0 0.4
44.716791 -111.452706 0.0 0.4
44.720231999999996 -111.442733 0.0 0.4
44.720693999999995 -111.431733 0.0 0.4
44.714023 -111.424213 0.0 0.4
44.710739 -111.414273 0.0 0.4
44.718309 -111.406644 0.0 0.4
44.723644 -111.397958 0.0 0.4
44.733913 -111.399371 0.0 0.4
44.742844 -111.394813 0.0 0.4
44.752503 -111.39201800000001 0.0 0.4
44.753059 -111.381335 0.0 0.4
44.746587 -111.372229 0.0 0.4
44.738136999999995 -111.366491 0.0 0.4
44.731317999999995 -111.359169 0.0 0.4
44.7257 -111.350235 0.0 0.4
44.730464999999995 -111.340428 0.0 0.4
44.73132 -111.330224 0.0 0.4
44.722741 -111.323217 0.0 0.4
44.714036 -111.317008 0.0 0.4
44.708220999999995 -111.307741 0.0 0.4
44.703165 -111.298357 0.0 0.4
44.69318 -111.296888 0.0 0.4
44.686066 -111.289397 0.0 0.4
44.682232 -111.27925 0.0 0.4
44.672408 -111.273728 0.0 0.4
44.664814 -111.267052 0.0 0.4
44.658704 -111.274984 0.0 0.4
44.648361 -111.272635 0.0 0.4
44.64969 -111.262584 0.0 0.4
44.65125 -111.252597 0.0 0.4
44.643421 -111.244602 0.0 0.4
44.636663 -111.235666 0.0 0.4
44.630108 -111.227994 0.0 0.4
44.622744999999995 -111.219626 0.0 0.4
44.618179 -111.228786 0.0 0.4
44.615009 -111.23954499999999 0.0 0.4
44.605844 -111.235359 0.0 0.4
44.595749 -111.23194 0.0 0.4
44.585674 -111.231511 0.0 0.4
44.576569 -111.22677 0.0 0.4
44.57544 -111.21655799999999 0.0 0.4
44.575725 -111.202466 0.0 0.4
44.572446 -111.191365 0.0 0.4
44.569230999999995 -111.18102999999999 0.0 0.4
44.558572 -111.180529 0.0 0.4
44.549333 -111.173755 0.0 0.4
44.546264 -111.158894 0.0 0.4
44.534971 -111.150571 0.0 0.4
44.535373 -111.139506 0.0 0.4
44.518853 -111.13856799999999 0.0 0.4
44.506822 -111.133853 0.0 0.4
44.49762 -111.127383 0.0 0.4
44.493848 -111.115061 0.0 0.4
44.486928999999996 -111.107213 0.0 0.4
44.486464 -111.097117 0.0 0.4
44.485169 -111.086708 0.0 0.4
44.483447999999996 -111.074787 0.0 0.4
44.478638 -111.064672 0.0 0.4
44.478411 -111.052434 0.0 0.4
44.467788999999996 -111.048984 0.0 0.4
44.446397999999995 -111.04912 0.0 0.4
44.436350999999995 -111.048887 0.0 0.4
44.423621999999995 -111.049278 0.0 0.4
44.405346 -111.04919699999999 0.0 0.4
44.395195 -111.04918 0.0 0.4
44.382132 -111.049159 0.0 0.4
44.371578 -111.049234 0.0 0.4
44.359164 -111.04955 0.0 0.4
44.345209999999994 -111.04968099999999 0.0 0.4
44.32855 -111.049653 0.0 0.4
44.318137 -111.04962499999999 0.0 0.4
44.302163 -111.049582 0.0 0.4
44.270593999999996 -111.049496 0.0 0.4
44.25647 -111.049323 0.0 0.4
44.230902 -111.049167 0.0 0.4
44.219895 -111.049078 0.0 0.4
44.198522 -111.049075 0.0 0.4
44.18167 -111.049074 0.0 0.4
44.170752 -111.049074 0.0 0.4
44.147027 -111.049086 0.0 0.4
44.135639 -111.049091 0.0 0.4
44.124922999999995 -111.049119 0.0 0.4
44.114830999999995 -111.048452 0.0 0.4
44.095909 -111.048552 0.0 0.4
44.079105 -111.048646 0.0 0.4
44.068219 -111.048597 0.0 0.4
44.055212 -111.048779 0.0 0.4
44.044070999999995 -111.04884 0.0 0.4
44.031016 -111.048885 0.0 0.4
44.020129999999995 -111.049077 0.0 0.4
44.008373999999996 -111.048074 0.0 0.4
43.995511 -111.04732 0.0 0.4
43.983469 -111.047044 0.0 0.4
43.968843 -111.047012 0.0 0.4
43.956801 -111.046983 0.0 0.4
43.94453 -111.046881 0.0 0.4
43.933277 -111.046938 0.0 0.4
43.920393999999995 -111.046744 0.0 0.4
43.908345999999995 -111.046639 0.0 0.4
43.897872 -111.046719 0.0 0.4
43.886685 -111.04668 0.0 0.4
43.876177999999996 -111.046656 0.0 0.4
43.864384 -111.046713 0.0 0.4
43.847704 -111.046775 0.0 0.4
43.834295 -111.046725 0.0 0.4
43.823584 -111.046713 0.0 0.4
43.812439 -111.046625 0.0 0.4
43.801581 -111.046567 0.0 0.4
43.790513999999995 -111.046577 0.0 0.4
43.776579999999996 -111.046568 0.0 0.4
43.766566999999995 -111.046589 0.0 0.4
43.755992 -111.046586 0.0 0.4
43.745034 -111.046575 0.0 0.4
43.734881 -111.04651799999999 0.0 0.4
43.724318 -111.046403 0.0 0.4
43.71257 -111.04631 0.0 0.4
43.700053 -111.046252 0.0 0.4
43.688257 -111.04614 0.0 0.4
43.678033 -111.046016 0.0 0.4
43.66272 -111.045842 0.0 0.4
43.650368 -111.045711 0.0 0.4
43.637932 -111.045602 0.0 0.4
43.627595 -111.045543 0.0 0.4
43.613755999999995 -111.045496 0.0 0.4
43.597643 -111.045439 0.0 0.4
43.586256999999996 -111.04543 0.0 0.4
43.570603 -111.045405 0.0 0.4
43.556287 -111.045364 0.0 0.4
43.546062 -111.045306 0.0 0.4
43.534811999999995 -111.045286 0.0 0.4
43.523474 -111.045327 0.0 0.4
43.510670999999995 -111.045492 0.0 0.4
43.499938 -111.045398 0.0 0.4
43.488596 -111.045319 0.0 0.4
43.471849 -111.04529 0.0 0.4
43.452359 -111.04514 0.0 0.4
43.436505 -111.045063 0.0 0.4
43.425481 -111.044981 0.0 0.4
43.407678 -111.044832 0.0 0.4
43.393133999999996 -111.044783 0.0 0.4
43.380963 -111.044743 0.0 0.4
43.364303 -111.044937 0.0 0.4
43.352474 -111.044867 0.0 0.4
43.338493 -111.044954 0.0 0.4
43.324051 -111.04494 0.0 0.4
43.313263 -111.044899 0.0 0.4
43.29468 -111.044706 0.0 0.4
43.280094999999996 -111.044572 0.0 0.4
43.265901 -111.044457 0.0 0.4
43.251059 -111.044267 0.0 0.4
43.240006 -111.04411 0.0 0.4
43.224905 -111.044013 0.0 0.4
43.212919 -111.043925 0.0 0.4
43.202253999999996 -111.043969 0.0 0.4
43.190754 -111.044058 0.0 0.4
43.180672 -111.044029 0.0 0.4
43.164238999999995 -111.044107 0.0 0.4
43.152826 -111.044095 0.0 0.4
43.142815999999996 -111.044051 0.0 0.4
43.129683 -111.044007 0.0 0.4
43.11967 -111.044012 0.0 0.4
43.107853 -111.044059 0.0 0.4
43.096602 -111.044013 0.0 0.4
43.083555 -111.043981 0.0 0.4
43.072094 -111.044031 0.0 0.4
43.062006 -111.04407499999999 0.0 0.4
43.047292999999996 -111.044003 0.0 0.4
43.037033 -111.044034 0.0 0.4
43.026410999999996 -111.044059 0.0 0.4
43.014900999999995 -111.044032 0.0 0.4
43.004456 -111.044063 0.0 0.4
42.994060999999995 -111.044077 0.0 0.4
42.983796 -111.044072 0.0 0.4
42.969299 -111.043967 0.0 0.4
42.955096999999995 -111.043967 0.0 0.4
42.943129 -111.043976 0.0 0.4
42.932123999999995 -111.043984 0.0 0.4
42.917533 -111.043882 0.0 0.4
42.905183 -111.043788 0.0 0.4
42.886373999999996 -111.043836 0.0 0.4
42.874922 -111.044132 0.0 0.4
42.857355 -111.043831 0.0 0.4
42.838891 -111.043812 0.0 0.4
42.828266 -111.043812 0.0 0.4
42.811144 -111.043786 0.0 0.4
42.798660999999996 -111.043744 0.0 0.4
42.786698 -111.043699 0.0 0.4
42.772828 -111.043656 0.0 0.4
42.750729 -111.04357999999999 0.0 0.4
42.73686 -111.043515 0.0 0.4
42.722229999999996 -111.043563 0.0 0.4
42.708265999999995 -111.043755 0.0 0.4
42.692091 -111.044028 0.0 0.4
42.676687 -111.044288 0.0 0.4
42.666215 -111.044467 0.0 0.4
42.656146 -111.044634 0.0 0.4
42.624928 -111.045163 0.0 0.4
42.602346999999995 -111.045697 0.0 0.4
42.582723 -111.046017 0.0 0.4
42.570885 -111.04613499999999 0.0 0.4
42.556937999999995 -111.046276 0.0 0.4
42.537081 -111.046476 0.0 0.4
42.521240999999996 -111.046636 0.0 0.4
42.510515999999996 -111.046824 0.0 0.4
42.497752 -111.046891 0.0 0.4
42.484263 -111.046939 0.0 0.4
42.473779 -111.047135 0.0 0.4
42.453387 -111.047093 0.0 0.4
42.44079 -111.047074 0.0 0.4
42.430769999999995 -111.047093 0.0 0.4
42.416381 -111.047134 0.0 0.4
42.404658 -111.047192 0.0 0.4
42.393482999999996 -111.04731 0.0 0.4
42.38254 -111.047118 0.0 0.4
42.371908 -111.047215 0.0 0.4
42.36087 -111.047158 0.0 0.4
42.350868999999996 -111.047023 0.0 0.4
42.34065 -111.047009 0.0 0.4
42.329445 -111.047044 0.0 0.4
42.315644999999996 -111.04703 0.0 0.4
42.302668 -111.047188 0.0 0.4
42.292632999999995 -111.047188 0.0 0.4
42.282287 -111.047197 0.0 0.4
42.27162 -111.047253 0.0 0.4
42.259941 -111.047256 0.0 0.4
42.249355 -111.047203 0.0 0.4
42.236554 -111.047185 0.0 0.4
42.224948999999995 -111.047185 0.0 0.4
42.214887 -111.047239 0.0 0.4
42.203855 -111.047233 0.0 0.4
42.193115999999996 -111.047335 0.0 0.4
42.183084 -111.047202 0.0 0.4
42.169477 -111.047165 0.0 0.4
42.159467 -111.047117 0.0 0.4
42.149389 -111.047088 0.0 0.4
42.138489 -111.04714 0.0 0.4
42.128071 -111.04713100000001 0.0 0.4
42.117245 -111.046987 0.0 0.4
42.106622 -111.046947 0.0 0.4
42.096025999999995 -111.046897 0.0 0.4
42.085995 -111.046969 0.0 0.4
42.073901 -111.046995 0.0 0.4
42.063165999999995 -111.046997 0.0 0.4
42.053155 -111.046997 0.0 0.4
42.041228 -111.046921 0.0 0.4
42.030975999999995 -111.046902 0.0 0.4
42.020413999999995 -111.04687 0.0 0.4
42.009651 -111.046814 0.0 0.4
42.001658 -111.062416 0.0 0.4
42.001619 -111.072552 0.0 0.4
42.001566 -111.091542 0.0 0.4
42.001531 -111.134253 0.0 0.4
42.001534 -111.14442199999999 0.0 0.4
42.001444 -111.167916 0.0 0.4
42.001445 -111.186338 0.0 0.4
42.001439 -111.196732 0.0 0.4
42.001371 -111.207545 0.0 0.4
42.001366 -111.221443 0.0 0.4
42.001363999999995 -111.23240799999999 0.0 0.4
42.001369 -111.247096 0.0 0.4
42.001321999999995 -111.25997100000001 0.0 0.4
42.001297 -111.272459 0.0 0.4
42.001276 -111.28269 0.0 0.4
42.00125 -111.297016 0.0 0.4
42.001228 -111.30842200000001 0.0 0.4
42.001065 -111.341602 0.0 0.4
42.00099 -111.356133 0.0 0.4
42.000918 -111.370208 0.0 0.4
42.000716 -111.407875 0.0 0.4
42.000634 -111.419125 0.0 0.4
42.000541 -111.430495 0.0 0.4
42.000358 -111.444126 0.0 0.4
41.999922999999995 -111.458645 0.0 0.4
41.999651 -111.473172 0.0 0.4
41.999541 -111.483516 0.0 0.4
41.999553999999996 -111.507266 0.0 0.4
41.999517 -111.518865 0.0 0.4
41.999507 -111.535493 0.0 0.4
41.999435999999996 -111.580817 0.0 0.4
41.999486 -111.594849 0.0 0.4
41.999369 -111.60801599999999 0.0 0.4
41.999241999999995 -111.626118 0.0 0.4
41.999379 -111.639666 0.0 0.4
41.999376999999996 -111.655992 0.0 0.4
41.999376 -111.669043 0.0 0.4
41.999373999999996 -111.692311 0.0 0.4
41.999344 -111.707994 0.0 0.4
41.999255 -111.731774 0.0 0.4
41.999159999999996 -111.742113 0.0 0.4
41.999257 -111.762406 0.0 0.4
41.999109999999995 -111.777565 0.0 0.4
41.999015 -111.794273 0.0 0.4
41.998922 -111.810709 0.0 0.4
41.998776 -111.825774 0.0 0.4
41.998830999999996 -111.836572 0.0 0.4
41.998653 -111.846603 0.0 0.4
41.998565 -111.856749 0.0 0.4
41.998639999999995 -111.868751 0.0 0.4
41.998563999999995 -111.879058 0.0 0.4
41.998613 -111.889308 0.0 0.4
41.998613 -111.899591 0.0 0.4
41.998608 -111.910893 0.0 0.4
41.998612 -111.925047 0.0 0.4
41.998593 -111.935099 0.0 0.4
41.998391 -111.94585000000001 0.0 0.4
41.998301999999995 -111.96256 0.0 0.4
41.998318999999995 -111.973845 0.0 0.4
41.998338 -111.987122 0.0 0.4
41.998353 -111.998209 0.0 0.4
41.998337 -112.008842 0.0 0.4
41.998239999999996 -112.025005 0.0 0.4
41.998117 -112.038583 0.0 0.4
41.997842 -112.062311 0.0 0.4
41.997965 -112.074226 0.0 0.4
41.99791 -112.084557 0.0 0.4
41.99782 -112.102597 0.0 0.4
41.997730999999995 -112.119088 0.0 0.4
41.997561999999995 -112.129277 0.0 0.4
41.99731 -112.149338 0.0 0.4
41.998934 -112.161737 0.0 0.4
42.001515 -112.173148 0.0 0.4
42.001205999999996 -112.186029 0.0 0.4
42.001163999999996 -112.197889 0.0 0.4
42.001166999999995 -112.209194 0.0 0.4
42.001166999999995 -112.220721 0.0 0.4
42.001166 -112.231872 0.0 0.4
42.001182 -112.242151 0.0 0.4
42.001183 -112.253268 0.0 0.4
42.001211 -112.264579 0.0 0.4
42.001051 -112.28265 0.0 0.4
42.001045 -112.300788 0.0 0.4
42.001065 -112.313897 0.0 0.4
42.001047 -112.355665 0.0 0.4
42.000961 -112.3849 0.0 0.4
42.000775999999995 -112.44068 0.0 0.4
42.000763 -112.450699 0.0 0.4
42.00078 -112.505614 0.0 0.4
42.000672 -112.540345 0.0 0.4
42.000602 -112.558277 0.0 0.4
42.000572 -112.568483 0.0 0.4
42.000533 -112.581844 0.0 0.4
42.000295 -112.637897 0.0 0.4
42.000296 -112.648369 0.0 0.4
42.000195 -112.685579 0.0 0.4
42.000164 -112.697985 0.0 0.4
42.000133999999996 -112.708457 0.0 0.4
41.999972 -112.729113 0.0 0.4
41.999905999999996 -112.743407 0.0 0.4
41.999834 -112.765165 0.0 0.4
41.999769 -112.78175 0.0 0.4
41.999578 -112.804807 0.0 0.4
41.999431 -112.831796 0.0 0.4
41.999353 -112.84348299999999 0.0 0.4
41.999210999999995 -112.859059 0.0 0.4
41.999095 -112.880751 0.0 0.4
41.999021 -112.891746 0.0 0.4
41.998968 -112.90209 0.0 0.4
41.998619999999995 -112.937572 0.0 0.4
41.998557 -112.951211 0.0 0.4
41.998472 -112.96277 0.0 0.4
41.998359 -112.975056 0.0 0.4
41.998204 -113.000001 0.0 0.4
41.997865999999995 -113.04145 0.0 0.4
41.997613 -113.070232 0.0 0.4
41.997454 -113.087649 0.0 0.4
41.997344 -113.0993 0.0 0.4
41.997242 -113.110457 0.0 0.4
41.997132 -113.121443 0.0 0.4
41.997029 -113.133008 0.0 0.4
41.996871999999996 -113.14966 0.0 0.4
41.996739 -113.163101 0.0 0.4
41.996527 -113.186822 0.0 0.4
41.996432 -113.197009 0.0 0.4
41.996323 -113.210196 0.0 0.4
41.996234 -113.220692 0.0 0.4
41.996089 -113.237405 0.0 0.4
41.995973 -113.249022 0.0 0.4
41.99586 -113.259919 0.0 0.4
41.995733 -113.271334 0.0 0.4
41.99561 -113.282557 0.0 0.4
41.995497 -113.292824 0.0 0.4
41.995304999999995 -113.30724599999999 0.0 0.4
41.995129 -113.319934 0.0 0.4
41.994859 -113.341108 0.0 0.4
41.994734 -113.353588 0.0 0.4
41.994617 -113.36373 0.0 0.4
41.994253 -113.396274 0.0 0.4
41.994158999999996 -113.406454 0.0 0.4
41.993978999999996 -113.421675 0.0 0.4
41.99388 -113.436603 0.0 0.4
41.993753 -113.451263 0.0 0.4
41.993567 -113.461708 0.0 0.4
41.993241999999995 -113.481818 0.0 0.4
41.993103 -113.495505 0.0 0.4
41.99288 -113.512998 0.0 0.4
41.992726999999995 -113.526112 0.0 0.4
41.992519 -113.544707 0.0 0.4
41.992259999999995 -113.564382 0.0 0.4
41.992053999999996 -113.578944 0.0 0.4
41.991791 -113.599126 0.0 0.4
41.991577 -113.618022 0.0 0.4
41.991377 -113.630276 0.0 0.4
41.991186 -113.647469 0.0 0.4
41.991029 -113.659932 0.0 0.4
41.990854999999996 -113.672463 0.0 0.4
41.990508999999996 -113.694773 0.0 0.4
41.989745 -113.744936 0.0 0.4
41.98956 -113.757885 0.0 0.4
41.989384 -113.769367 0.0 0.4
41.989197 -113.781424 0.0 0.4
41.989004 -113.792727 0.0 0.4
41.988654 -113.814884 0.0 0.4
41.988606999999995 -113.830611 0.0 0.4
41.988442 -113.843337 0.0 0.4
41.988226 -113.863567 0.0 0.4
41.988299 -113.882386 0.0 0.4
41.988417999999996 -113.895206 0.0 0.4
41.988786 -113.906881 0.0 0.4
41.989965999999995 -113.932742 0.0 0.4
41.990632 -113.945592 0.0 0.4
41.991490999999996 -113.961152 0.0 0.4
41.992385999999996 -113.977226 0.0 0.4
41.993095 -113.990091 0.0 0.4
41.993825 -114.03898699999999 0.0 0.4
41.993807 -114.053581 0.0 0.4
41.993947999999996 -114.08585 0.0 0.4
41.993831 -114.107528 0.0 0.4
41.993943 -114.121603 0.0 0.4
41.994001 -114.138896 0.0 0.4
41.994014 -114.152952 0.0 0.4
41.994076 -114.184822 0.0 0.4
41.994095 -114.195156 0.0 0.4
41.994113999999996 -114.217721 0.0 0.4
41.994113999999996 -114.234654 0.0 0.4
41.994284 -114.248444 0.0 0.4
41.99427 -114.26394 0.0 0.4
41.994237999999996 -114.274121 0.0 0.4
41.994349 -114.284504 0.0 0.4
41.994364 -114.294816 0.0 0.4
41.994392 -114.307958 0.0 0.4
41.994409999999995 -114.318113 0.0 0.4
41.994461 -114.33275 0.0 0.4
41.994523 -114.345331 0.0 0.4
41.994471999999995 -114.358553 0.0 0.4
41.994541999999996 -114.369427 0.0 0.4
41.99449 -114.396128 0.0 0.4
41.994484 -114.408311 0.0 0.4
41.99449 -114.42065 0.0 0.4
41.994509 -114.434364 0.0 0.4
41.994521999999996 -114.446696 0.0 0.4
41.994523 -114.45774 0.0 0.4
41.994537 -114.475216 0.0 0.4
41.994633 -114.489677 0.0 0.4
41.994645999999996 -114.50090399999999 0.0 0.4
41.994565 -114.514212 0.0 0.4
41.994492 -114.524348 0.0 0.4
41.994397 -114.534792 0.0 0.4
41.994243999999995 -114.546928 0.0 0.4
41.994389999999996 -114.562125 0.0 0.4
41.994417999999996 -114.576094 0.0 0.4
41.994537 -114.586156 0.0 0.4
41.994594 -114.598281 0.0 0.4
41.995021 -114.61085 0.0 0.4
41.995534 -114.621123 0.0 0.4
41.996069999999996 -114.635389 0.0 0.4
41.996468 -114.648854 0.0 0.4
41.996703 -114.66062 0.0 0.4
41.996918 -114.672663 0.0 0.4
41.997082 -114.682694 0.0 0.4
41.997409 -114.694063 0.0 0.4
41.997754 -114.704773 0.0 0.4
41.998197999999995 -114.715705 0.0 0.4
41.998672 -114.729224 0.0 0.4
41.999061 -114.739813 0.0 0.4
41.999424999999995 -114.750943 0.0 0.4
41.999794 -114.760987 0.0 0.4
42.000347 -114.778711 0.0 0.4
42.000828999999996 -114.792441 0.0 0.4
42.001311 -114.804401 0.0 0.4
42.001791 -114.816425 0.0 0.4
42.001793 -114.831119 0.0 0.4
42.001729 -114.846467 0.0 0.4
42.001414 -114.862441 0.0 0.4
42.000783999999996 -114.875618 0.0 0.4
42.000339 -114.886751 0.0 0.4
41.999952 -114.897615 0.0 0.4
41.999700999999995 -114.910759 0.0 0.4
41.999462 -114.921326 0.0 0.4
41.999041999999996 -114.936234 0.0 0.4
41.998557 -114.946468 0.0 0.4
41.997828999999996 -114.964083 0.0 0.4
41.997475 -114.974713 0.0 0.4
41.997565 -114.993499 0.0 0.4
41.9968 -115.007937 0.0 0.4
41.996496 -115.020737 0.0 0.4
41.996264 -115.031718 0.0 0.4
41.996249 -115.041837 0.0 0.4
41.996218999999996 -115.051992 0.0 0.4
41.996198 -115.062879 0.0 0.4
41.996134 -115.075093 0.0 0.4
41.996158 -115.086936 0.0 0.4
41.996120999999995 -115.097185 0.0 0.4
41.996134999999995 -115.108277 0.0 0.4
41.99613 -115.118774 0.0 0.4
41.996206 -115.130808 0.0 0.4
41.996263 -115.142717 0.0 0.4
41.996238999999996 -115.154169 0.0 0.4
41.996252999999996 -115.165309 0.0 0.4
41.996248 -115.177589 0.0 0.4
41.996278 -115.189956 0.0 0.4
41.996292 -115.201373 0.0 0.4
41.996351 -115.213994 0.0 0.4
41.996379 -115.22425799999999 0.0 0.4
41.996331 -115.238186 0.0 0.4
41.996307 -115.25003 0.0 0.4
41.996336 -115.261005 0.0 0.4
41.99633 -115.271334 0.0 0.4
41.996320999999995 -115.28459 0.0 0.4
41.996323 -115.296216 0.0 0.4
41.996365999999995 -115.308951 0.0 0.4
41.99641 -115.319047 0.0 0.4
41.996384 -115.329615 0.0 0.4
41.996306 -115.343822 0.0 0.4
41.996317999999995 -115.357726 0.0 0.4
41.996410999999995 -115.371033 0.0 0.4
41.996457 -115.383118 0.0 0.4
41.996491999999996 -115.393715 0.0 0.4
41.996494999999996 -115.407377 0.0 0.4
41.996564 -115.41902 0.0 0.4
41.996601 -115.432513 0.0 0.4
41.996665 -115.443533 0.0 0.4
41.996739 -115.454789 0.0 0.4
41.996732 -115.466913 0.0 0.4
41.996767999999996 -115.482705 0.0 0.4
41.996815 -115.493859 0.0 0.4
41.996931 -115.504198 0.0 0.4
41.996877 -115.515327 0.0 0.4
41.99687 -115.526193 0.0 0.4
41.996865 -115.536973 0.0 0.4
41.996860999999996 -115.548075 0.0 0.4
41.996887 -115.559425 0.0 0.4
41.996900000000004 -115.569975 0.0 0.4
41.996845 -115.580904 0.0 0.4
41.996915 -115.59114 0.0 0.4
41.996919999999996 -115.610998 0.0 0.4
41.996922 -115.62339 0.0 0.4
41.996919999999996 -115.635732 0.0 0.4
41.996921 -115.648524 0.0 0.4
41.996918 -115.660792 0.0 0.4
41.996916999999996 -115.672752 0.0 0.4
41.996801999999995 -115.687821 0.0 0.4
41.996882 -115.699477 0.0 0.4
41.996882 -115.711034 0.0 0.4
41.996905 -115.721055 0.0 0.4
41.996866999999995 -115.731127 0.0 0.4
41.996797 -115.748045 0.0 0.4
41.996942 -115.761994 0.0 0.4
41.99696 -115.779704 0.0 0.4
41.996939999999995 -115.793658 0.0 0.4
41.996947 -115.805618 0.0 0.4
41.996894999999995 -115.817044 0.0 0.4
41.996908999999995 -115.829846 0.0 0.4
41.996779 -115.84278 0.0 0.4
41.996807 -115.853463 0.0 0.4
41.996977 -115.8649 0.0 0.4
41.997081 -115.875921 0.0 0.4
41.997172 -115.890261 0.0 0.4
41.997144 -115.900612 0.0 0.4
41.996973 -115.911652 0.0 0.4
41.996770999999995 -115.923187 0.0 0.4
41.996592 -115.938492 0.0 0.4
41.996479 -115.948631 0.0 0.4
41.996438 -115.959042 0.0 0.4
41.996462 -115.974682 0.0 0.4
41.996513 -115.986335 0.0 0.4
41.996507 -115.998198 0.0 0.4
41.996415999999996 -116.012649 0.0 0.4
41.996367 -116.02950200000001 0.0 0.4
41.996339 -116.04193599999999 0.0 0.4
41.996748 -116.053878 0.0 0.4
41.997462 -116.065991 0.0 0.4
41.9975 -116.078596 0.0 0.4
41.997529 -116.092622 0.0 0.4
41.997582 -116.107056 0.0 0.4
41.99762 -116.117621 0.0 0.4
41.997656 -116.133245 0.0 0.4
41.997665 -116.144359 0.0 0.4
41.997547 -116.15793099999999 0.0 0.4
41.997633 -116.170362 0.0 0.4
41.997693 -116.18042 0.0 0.4
41.997698 -116.190456 0.0 0.4
41.997682999999995 -116.20102800000001 0.0 0.4
41.99767 -116.223856 0.0 0.4
41.997651 -116.243962 0.0 0.4
41.997361 -116.25764 0.0 0.4
41.997391 -116.27247 0.0 0.4
41.997332 -116.28294 0.0 0.4
41.997243999999995 -116.301112 0.0 0.4
41.997068999999996 -116.31449599999999 0.0 0.4
41.997268 -116.334654 0.0 0.4
41.997045 -116.346625 0.0 0.4
41.996744 -116.35682299999999 0.0 0.4
41.99628 -116.368477 0.0 0.4
41.996485 -116.382638 0.0 0.4
41.996461 -116.39312100000001 0.0 0.4
41.996541 -116.404964 0.0 0.4
41.996731 -116.421424 0.0 0.4
41.996696 -116.432186 0.0 0.4
41.996705999999996 -116.442328 0.0 0.4
41.996908 -116.457658 0.0 0.4
41.997040999999996 -116.469397 0.0 0.4
41.997184 -116.481446 0.0 0.4
41.997364999999995 -116.493737 0.0 0.4
41.99729 -116.503885 0.0 0.4
41.99729 -116.516605 0.0 0.4
41.997302999999995 -116.528659 0.0 0.4
41.99734 -116.543038 0.0 0.4
41.99737 -116.556382 0.0 0.4
41.997392999999995 -116.566733 0.0 0.4
41.997416 -116.576917 0.0 0.4
41.997530999999995 -116.586948 0.0 0.4
41.997599 -116.600831 0.0 0.4
41.997592 -116.61738199999999 0.0 0.4
41.997614 -116.627568 0.0 0.4
41.997687 -116.638496 0.0 0.4
41.997817 -116.664486 0.0 0.4
41.99784 -116.68588 0.0 0.4
41.997864 -116.697532 0.0 0.4
41.997952999999995 -116.7093 0.0 0.4
41.99798 -116.72452 0.0 0.4
41.998039 -116.735838 0.0 0.4
41.998154 -116.750664 0.0 0.4
41.998219999999996 -116.763575 0.0 0.4
41.998297 -116.777317 0.0 0.4
41.998374999999996 -116.78877 0.0 0.4
41.998422999999995 -116.79965 0.0 0.4
41.99845 -116.815682 0.0 0.4
41.998557 -116.827843 0.0 0.4
41.998594 -116.838223 0.0 0.4
41.998661999999996 -116.850985 0.0 0.4
41.998706999999996 -116.861028 0.0 0.4
41.998754999999996 -116.873293 0.0 0.4
41.998776 -116.887683 0.0 0.4
41.99884 -116.899199 0.0 0.4
41.998854 -116.914282 0.0 0.4
41.998877 -116.926644 0.0 0.4
41.99878 -116.940305 0.0 0.4
41.998830999999996 -116.959213 0.0 0.4
41.998826 -116.969334 0.0 0.4
41.998782 -116.988742 0.0 0.4
41.998760999999995 -117.000958 0.0 0.4
41.998968 -117.011811 0.0 0.4
41.999826 -117.021855 0.0 0.4
42.017983 -117.026241 0.0 0.4
42.035598 -117.02626000000001 0.0 0.4
42.050974 -117.026279 0.0 0.4
42.061881 -117.026341 0.0 0.4
42.074878 -117.026274 0.0 0.4
42.093407 -117.026171 0.0 0.4
42.115719999999996 -117.026103 0.0 0.4
42.130204 -117.02658199999999 0.0 0.4
42.144346999999996 -117.026399 0.0 0.4
42.155319 -117.026297 0.0 0.4
42.166401 -117.0262 0.0 0.4
42.180413 -117.026258 0.0 0.4
42.190841999999996 -117.02631 0.0 0.4
42.216280999999995 -117.02618799999999 0.0 0.4
42.22701 -117.026205 0.0 0.4
42.244144 -117.02625499999999 0.0 0.4
42.255086999999996 -117.026285 0.0 0.4
42.267011 -117.026301 0.0 0.4
42.278369999999995 -117.026361 0.0 0.4
42.290264 -117.026344 0.0 0.4
42.303304 -117.02636799999999 0.0 0.4
42.315003999999995 -117.026261 0.0 0.4
42.330259999999996 -117.026113 0.0 0.4
42.346567 -117.026122 0.0 0.4
42.357192 -117.026129 0.0 0.4
42.372 -117.026466 0.0 0.4
42.387383 -117.02651 0.0 0.4
42.400116 -117.026463 0.0 0.4
42.415192999999995 -117.026421 0.0 0.4
42.425322 -117.026423 0.0 0.4
42.439265 -117.02642900000001 0.0 0.4
42.450393 -117.026432 0.0 0.4
42.463691 -117.026468 0.0 0.4
42.475688999999996 -117.026527 0.0 0.4
42.486629 -117.02658 0.0 0.4
42.498652 -117.026558 0.0 0.4
42.511496 -117.026457 0.0 0.4
42.525808 -117.026453 0.0 0.4
42.552111 -117.026462 0.0 0.4
42.562422999999995 -117.026454 0.0 0.4
42.573204 -117.026452 0.0 0.4
42.590671 -117.026513 0.0 0.4
42.601766999999995 -117.026543 0.0 0.4
42.613993 -117.026596 0.0 0.4
42.624877999999995 -117.026665 0.0 0.4
42.636047999999995 -117.026646 0.0 0.4
42.665123 -117.026598 0.0 0.4
42.679884 -117.026576 0.0 0.4
42.693562 -117.026555 0.0 0.4
42.707198999999996 -117.026535 0.0 0.4
42.721247 -117.026511 0.0 0.4
42.731770999999995 -117.026494 0.0 0.4
42.742492999999996 -117.026508 0.0 0.4
42.760335999999995 -117.02641 0.0 0.4
42.771477999999995 -117.026383 0.0 0.4
42.78453 -117.026354 0.0 0.4
42.802088 -117.026333 0.0 0.4
42.815318999999995 -117.026271 0.0 0.4
42.827909999999996 -117.026237 0.0 0.4
42.850271 -117.026262 0.0 0.4
42.862525 -117.026286 0.0 0.4
42.874300999999996 -117.026321 0.0 0.4
42.892961 -117.026449 0.0 0.4
42.903776 -117.026526 0.0 0.4
42.91462 -117.026406 0.0 0.4
42.931222999999996 -117.026387 0.0 0.4
42.942493999999996 -117.02640000000001 0.0 0.4
42.953241 -117.026412 0.0 0.4
42.970344 -117.026296 0.0 0.4
42.988763999999996 -117.026383 0.0 0.4
42.999548999999995 -117.026471 0.0 0.4
43.017562999999996 -117.026592 0.0 0.4
43.027808 -117.0267 0.0 0.4
43.041554 -117.02667199999999 0.0 0.4
43.051668 -117.02665 0.0 0.4
43.068289 -117.026612 0.0 0.4
43.081165 -117.026669 0.0 0.4
43.094305 -117.026752 0.0 0.4
43.118376999999995 -117.026853 0.0 0.4
43.129681 -117.02687399999999 0.0 0.4
43.143026 -117.026803 0.0 0.4
43.154032 -117.026873 0.0 0.4
43.164058 -117.026835 0.0 0.4
43.188144 -117.02674400000001 0.0 0.4
43.198986999999995 -117.026643 0.0 0.4
43.210518 -117.026661 0.0 0.4
43.226706 -117.026685 0.0 0.4
43.237901 -117.026704 0.0 0.4
43.249877 -117.026696 0.0 0.4
43.263444 -117.026664 0.0 0.4
43.275791999999996 -117.026665 0.0 0.4
43.286215 -117.02667199999999 0.0 0.4
43.299076 -117.026685 0.0 0.4
43.315292 -117.026759 0.0 0.4
43.334716 -117.02680000000001 0.0 0.4
43.347293 -117.026756 0.0 0.4
43.372094 -117.026661 0.0 0.4
43.38701 -117.026676 0.0 0.4
43.414139999999996 -117.026681 0.0 0.4
43.439806 -117.02668800000001 0.0 0.4
43.449945 -117.02669 0.0 0.4
43.46852 -117.026715 0.0 0.4
43.483019 -117.026732 0.0 0.4
43.494746 -117.026692 0.0 0.4
43.508815999999996 -117.026675 0.0 0.4
43.522965 -117.02687 0.0 0.4
43.543679999999995 -117.027011 0.0 0.4
43.560063 -117.026903 0.0 0.4
43.57275 -117.026651 0.0 0.4
43.582809999999995 -117.02671 0.0 0.4
43.593413999999996 -117.02674400000001 0.0 0.4
43.610396 -117.026729 0.0 0.4
43.620844 -117.026781 0.0 0.4
43.631167999999995 -117.026756 0.0 0.4
43.64658 -117.02683999999999 0.0 0.4
43.661031 -117.026781 0.0 0.4
43.671191 -117.02673899999999 0.0 0.4
43.681667999999995 -117.026587 0.0 0.4
43.693383999999995 -117.026736 0.0 0.4
43.704387 -117.026746 0.0 0.4
43.714814 -117.026738 0.0 0.4
43.725172 -117.02673899999999 0.0 0.4
43.736712 -117.026662 0.0 0.4
43.749255 -117.02642399999999 0.0 0.4
43.759277 -117.02649 0.0 0.4
43.770300999999996 -117.026528 0.0 0.4
43.78039 -117.026556 0.0 0.4
43.795055 -117.026585 0.0 0.4
43.805718 -117.026557 0.0 0.4
43.815856 -117.022076 0.0 0.4
43.825393999999996 -117.025894 0.0 0.4
43.833275 -117.032094 0.0 0.4
43.841333999999996 -117.025156 0.0 0.4
43.839642 -117.014612 0.0 0.4
43.848791999999996 -117.01046 0.0 0.4
43.853832999999995 -117.019853 0.0 0.4
43.862449999999995 -117.011523 0.0 0.4
43.863966999999995 -117.000991 0.0 0.4
43.863997 -116.99086199999999 0.0 0.4
43.871227999999995 -116.982214 0.0 0.4
43.881844 -116.983513 0.0 0.4
43.890938999999996 -116.97815299999999 0.0 0.4
43.901295 -116.976441 0.0 0.4
43.911322 -116.980537 0.0 0.4
43.916456 -116.970052 0.0 0.4
43.921651999999995 -116.961035 0.0 0.4
43.932365999999995 -116.961023 0.0 0.4
43.938865 -116.969139 0.0 0.4
43.946993 -116.96254 0.0 0.4
43.956441999999996 -116.96644 0.0 0.4
43.964619 -116.959206 0.0 0.4
43.968412 -116.968634 0.0 0.4
43.975533 -116.975728 0.0 0.4
43.978178 -116.96551099999999 0.0 0.4
43.983654 -116.956475 0.0 0.4
43.984454 -116.94570999999999 0.0 0.4
43.987607999999994 -116.935647 0.0 0.4
43.996871999999996 -116.940257 0.0 0.4
44.006927 -116.94105 0.0 0.4
44.016092 -116.936331 0.0 0.4
44.027139999999996 -116.936134 0.0 0.4
44.035644999999995 -116.943361 0.0 0.4
44.039935 -116.952792 0.0 0.4
44.047169 -116.967722 0.0 0.4
44.055526 -116.973518 0.0 0.4
44.067422 -116.975426 0.0 0.4
44.078922 -116.976044 0.0 0.4
44.08877 -116.972889 0.0 0.4
44.091166 -116.96297799999999 0.0 0.4
44.093077 -116.948069 0.0 0.4
44.096947 -116.93782999999999 0.0 0.4
44.107327 -116.928305 0.0 0.4
44.117433999999996 -116.926714 0.0 0.4
44.123846 -116.917973 0.0 0.4
44.132929 -116.913239 0.0 0.4
44.141852 -116.908451 0.0 0.4
44.149255 -116.901498 0.0 0.4
44.158114 -116.89430899999999 0.0 0.4
44.171267 -116.895757 0.0 0.4
44.179466999999995 -116.90275199999999 0.0 0.4
44.182300000000005 -116.913356 0.0 0.4
44.187357999999996 -116.922952 0.0 0.4
44.19309 -116.931464 0.0 0.4
44.193255 -116.942121 0.0 0.4
44.192963999999996 -116.958568 0.0 0.4
44.196287 -116.970587 0.0 0.4
44.208017 -116.973701 0.0 0.4
44.217493 -116.970219 0.0 0.4
44.228606 -116.974322 0.0 0.4
44.238793 -116.97298 0.0 0.4
44.244341999999996 -116.981807 0.0 0.4
44.245377 -116.992485 0.0 0.4
44.245663 -117.00295 0.0 0.4
44.245673 -117.013246 0.0 0.4
44.247982 -117.024092 0.0 0.4
44.247544999999995 -117.034502 0.0 0.4
44.241229 -117.043018 0.0 0.4
44.230669 -117.046148 0.0 0.4
44.230747 -117.056299 0.0 0.4
44.239951 -117.063327 0.0 0.4
44.246338 -117.071426 0.0 0.4
44.251813999999996 -117.080974 0.0 0.4
44.257829 -117.089029 0.0 0.4
44.267244 -117.092882 0.0 0.4
44.275532999999996 -117.098531 0.0 0.4
44.280766 -117.107685 0.0 0.4
44.278946999999995 -117.11801 0.0 0.4
44.272619 -117.127276 0.0 0.4
44.264216 -117.133107 0.0 0.4
44.258233999999995 -117.14359 0.0 0.4
44.257611 -117.15498 0.0 0.4
44.258409 -117.165173 0.0 0.4
44.26219 -117.175781 0.0 0.4
44.268003 -117.186467 0.0 0.4
44.272386 -117.195775 0.0 0.4
44.279298 -117.204696 0.0 0.4
44.285804999999996 -117.212447 0.0 0.4
44.295769 -117.221801 0.0 0.4
44.306430999999996 -117.218164 0.0 0.4
44.311085999999996 -117.208097 0.0 0.4
44.317848999999995 -117.200254 0.0 0.4
44.327118999999996 -117.195767 0.0 0.4
44.335679 -117.18981 0.0 0.4
44.344269999999995 -117.194969 0.0 0.4
44.350178 -117.203046 0.0 0.4
44.357703 -117.210587 0.0 0.4
44.362485 -117.219459 0.0 0.4
44.367975 -117.227938 0.0 0.4
44.374883999999994 -117.23547500000001 0.0 0.4
44.388853 -117.241837 0.0 0.4
44.398196999999996 -117.238096 0.0 0.4
44.403982 -117.22921 0.0 0.4
44.412731 -117.223953 0.0 0.4
44.420896 -117.21817300000001 0.0 0.4
44.430698 -117.215194 0.0 0.4
44.440827 -117.216008 0.0 0.4
44.451913 -117.215212 0.0 0.4
44.461827 -117.219388 0.0 0.4
44.471785999999994 -117.22271 0.0 0.4
44.481961 -117.22522000000001 0.0 0.4
44.486219 -117.21507 0.0 0.4
44.489337 -117.203903 0.0 0.4
44.496432 -117.196731 0.0 0.4
44.506783999999996 -117.191329 0.0 0.4
44.515997999999996 -117.186806 0.0 0.4
44.522718999999995 -117.17939799999999 0.0 0.4
44.523621 -117.16908699999999 0.0 0.4
44.526606 -117.158952 0.0 0.4
44.533626 -117.15108000000001 0.0 0.4
44.542283999999995 -117.14589 0.0 0.4
44.552513 -117.14340899999999 0.0 0.4
44.561865999999995 -117.147641 0.0 0.4
44.571414999999995 -117.14249699999999 0.0 0.4
44.576392 -117.132555 0.0 0.4
44.583833999999996 -117.124754 0.0 0.4
44.597279 -117.1238 0.0 0.4
44.607890999999995 -117.121669 0.0 0.4
44.620138999999995 -117.117809 0.0 0.4
44.626597 -117.109989 0.0 0.4
44.634598 -117.10264000000001 0.0 0.4
44.644726999999996 -117.098339 0.0 0.4
44.654523999999995 -117.09585799999999 0.0 0.4
44.664736999999995 -117.095868 0.0 0.4
44.67086 -117.08768599999999 0.0 0.4
44.676736999999996 -117.079494 0.0 0.4
44.686713999999995 -117.080555 0.0 0.4
44.696374 -117.07413700000001 0.0 0.4
44.703623 -117.063824 0.0 0.4
44.713789 -117.062006 0.0 0.4
44.724027 -117.061238 0.0 0.4
44.731486 -117.05437 0.0 0.4
44.741527 -117.047821 0.0 0.4
44.748179 -117.03827 0.0 0.4
44.751180999999995 -117.02813499999999 0.0 0.4
44.752378 -117.018003 0.0 0.4
44.756363 -117.007497 0.0 0.4
44.756982 -116.99740299999999 0.0 0.4
44.761444 -116.98810399999999 0.0 0.4
44.767205 -116.979294 0.0 0.4
44.773772 -116.971119 0.0 0.4
44.776181 -116.960201 0.0 0.4
44.777795 -116.949992 0.0 0.4
44.782181 -116.9409 0.0 0.4
44.787369 -116.931466 0.0 0.4
44.797981 -116.933799 0.0 0.4
44.807480999999996 -116.928999 0.0 0.4
44.81368 -116.920898 0.0 0.4
44.823141 -116.914245 0.0 0.4
44.831624999999995 -116.908063 0.0 0.4
44.837754 -116.900046 0.0 0.4
