40.637803 -91.185295 0.0 0.4
40.643027 -91.1751 0.0 0.4
40.648925 -91.163471 0.0 0.4
40.653596 -91.154293 0.0 0.4
40.657632 -91.14496299999999 0.0 0.4
40.663678 -91.133478 0.0 0.4
40.669152 -91.12392799999999 0.0 0.4
40.683431 -91.117831 0.0 0.4
40.695142 -91.113321 0.0 0.4
40.708282 -91.11109499999999 0.0 0.4
40.719532 -91.113885 0.0 0.4
40.730864 -91.114249 0.0 0.4
40.745528 -91.110424 0.0 0.4
40.754107 -91.105227 0.0 0.4
40.763233 -91.09810499999999 0.0 0.4
40.774015999999996 -91.093536 0.0 0.4
40.786724 -91.091246 0.0 0.4
40.796731 -91.094144 0.0 0.4
40.808433 -91.09755299999999 0.0 0.4
40.819862 -91.093559 0.0 0.4
40.828134999999996 -91.08501 0.0 0.4
40.838682 -91.071451 0.0 0.4
40.844645 -91.062226 0.0 0.4
40.851746999999996 -91.05426899999999 0.0 0.4
40.864654 -91.047344 0.0 0.4
40.873565 -91.039097 0.0 0.4
40.878372999999996 -91.02907499999999 0.0 0.4
40.884834 -91.02095 0.0 0.4
40.893933 -91.015008 0.0 0.4
40.902091999999996 -91.007519 0.0 0.4
40.90812 -90.9985 0.0 0.4
40.912141 -90.985462 0.0 0.4
40.917392 -90.973985 0.0 0.4
40.924957 -90.96291599999999 0.0 0.4
40.936355999999996 -90.96046199999999 0.0 0.4
40.949909999999996 -90.953891 0.0 0.4
40.962087 -90.952715 0.0 0.4
40.973562 -90.95682699999999 0.0 0.4
40.986185 -90.95546 0.0 0.4
40.995248 -90.94963399999999 0.0 0.4
41.006495 -90.945949 0.0 0.4
41.019279 -90.945324 0.0 0.4
41.029581 -90.943232 0.0 0.4
41.040746999999996 -90.94297 0.0 0.4
41.052254999999995 -90.944577 0.0 0.4
41.063644 -90.946024 0.0 0.4
41.074346 -90.949328 0.0 0.4
41.084410999999996 -90.948217 0.0 0.4
41.094448 -90.946328 0.0 0.4
41.104690999999995 -90.95232399999999 0.0 0.4
41.11251 -90.958643 0.0 0.4
41.119558999999995 -90.965908 0.0 0.4
41.129306 -90.970384 0.0 0.4
41.137710999999996 -90.977009 0.0 0.4
41.145528999999996 -90.983268 0.0 0.4
41.155707 -90.989662 0.0 0.4
41.162562 -90.997905 0.0 0.4
41.166187 -91.007594 0.0 0.4
41.165163 -91.017839 0.0 0.4
41.163553 -91.030045 0.0 0.4
41.166041 -91.041196 0.0 0.4
41.175337 -91.047991 0.0 0.4
41.184731 -91.054349 0.0 0.4
41.193756 -91.061475 0.0 0.4
41.2016 -91.067832 0.0 0.4
41.209275999999996 -91.075445 0.0 0.4
41.215851 -91.083497 0.0 0.4
41.222634 -91.09303 0.0 0.4
41.229831 -91.099993 0.0 0.4
41.235963999999996 -91.10878199999999 0.0 0.4
41.245039999999996 -91.114137 0.0 0.4
41.256088 -91.110304 0.0 0.4
41.264008 -91.10315299999999 0.0 0.4
41.273596999999995 -91.098035 0.0 0.4
41.284 -91.093503 0.0 0.4
41.293129 -91.08775299999999 0.0 0.4
41.300079 -91.079689 0.0 0.4
41.308543 -91.07395199999999 0.0 0.4
41.319829 -91.072876 0.0 0.4
41.331545999999996 -91.07203799999999 0.0 0.4
41.342189999999995 -91.071139 0.0 0.4
41.353876 -91.068962 0.0 0.4
41.365246 -91.06652 0.0 0.4
41.373823 -91.06109 0.0 0.4
41.38259 -91.053535 0.0 0.4
41.392841 -91.05086999999999 0.0 0.4
41.403152999999996 -91.049735 0.0 0.4
41.412718999999996 -91.046782 0.0 0.4
41.419412 -91.03824 0.0 0.4
41.423603 -91.02778699999999 0.0 0.4
41.424806 -91.014619 0.0 0.4
41.426922999999995 -91.00421999999999 0.0 0.4
41.430282 -90.99396899999999 0.0 0.4
41.434024 -90.983932 0.0 0.4
41.43349 -90.973609 0.0 0.4
41.429745 -90.96431899999999 0.0 0.4
41.42561 -90.954735 0.0 0.4
41.423638 -90.94492199999999 0.0 0.4
41.422090999999995 -90.934817 0.0 0.4
41.42286 -90.924343 0.0 0.4
41.427108 -90.91466199999999 0.0 0.4
41.430048 -90.90401 0.0 0.4
41.434138 -90.893974 0.0 0.4
41.438531999999995 -90.884759 0.0 0.4
41.443452 -90.875902 0.0 0.4
41.448586999999996 -90.866501 0.0 0.4
41.453108 -90.856398 0.0 0.4
41.455141 -90.846558 0.0 0.4
41.455596 -90.836265 0.0 0.4
41.45458 -90.825636 0.0 0.4
41.454378999999996 -90.815416 0.0 0.4
41.454266 -90.803964 0.0 0.4
41.453631 -90.793128 0.0 0.4
41.452213 -90.783107 0.0 0.4
41.450809 -90.772486 0.0 0.4
41.450424 -90.76225199999999 0.0 0.4
41.449692 -90.751948 0.0 0.4
41.450126999999995 -90.73753699999999 0.0 0.4
41.451733 -90.727 0.0 0.4
41.453049 -90.71480199999999 0.0 0.4
41.454743 -90.70115899999999 0.0 0.4
41.456643 -90.690951 0.0 0.4
41.459978 -90.679321 0.0 0.4
41.460632 -90.668939 0.0 0.4
41.461832 -90.65791899999999 0.0 0.4
41.469077 -90.645364 0.0 0.4
41.478732 -90.632538 0.0 0.4
41.483791 -90.621512 0.0 0.4
41.48925 -90.61276 0.0 0.4
41.495818 -90.604935 0.0 0.4
41.506032 -90.602137 0.0 0.4
41.512419 -90.59186799999999 0.0 0.4
41.515133 -90.58202899999999 0.0 0.4
41.516231999999995 -90.572036 0.0 0.4
41.522216 -90.559574 0.0 0.4
41.525470999999996 -90.547415 0.0 0.4
41.525633 -90.537235 0.0 0.4
41.522839999999995 -90.525308 0.0 0.4
41.519760999999995 -90.513971 0.0 0.4
41.518232999999995 -90.503633 0.0 0.4
41.518203 -90.49148199999999 0.0 0.4
41.519185 -90.48003399999999 0.0 0.4
41.522773 -90.464012 0.0 0.4
41.529385 -90.453868 0.0 0.4
41.535802 -90.445645 0.0 0.4
41.544132999999995 -90.438431 0.0 0.4
41.550647 -90.429667 0.0 0.4
41.555932 -90.421075 0.0 0.4
41.563933 -90.41453 0.0 0.4
41.569113 -90.40417 0.0 0.4
41.573245 -90.394109 0.0 0.4
41.576012999999996 -90.38367 0.0 0.4
41.577953 -90.373762 0.0 0.4
41.579808 -90.363686 0.0 0.4
41.584334 -90.352184 0.0 0.4
41.589208 -90.34239199999999 0.0 0.4
41.599835 -90.339642 0.0 0.4
41.611232 -90.340728 0.0 0.4
41.621483999999995 -90.34165 0.0 0.4
41.634316999999996 -90.342506 0.0 0.4
41.644532999999996 -90.343498 0.0 0.4
41.654736 -90.34058 0.0 0.4
41.664532 -90.33672899999999 0.0 0.4
41.674577 -90.335349 0.0 0.4
41.68361 -90.330688 0.0 0.4
41.689093 -90.321005 0.0 0.4
41.696525 -90.313986 0.0 0.4
41.706886999999995 -90.312817 0.0 0.4
41.717293999999995 -90.316997 0.0 0.4
41.727700999999996 -90.316396 0.0 0.4
41.737905 -90.31365799999999 0.0 0.4
41.746092 -90.307244 0.0 0.4
41.756054 -90.294383 0.0 0.4
41.762341 -90.285356 0.0 0.4
41.769560999999996 -90.27188799999999 0.0 0.4
41.773101 -90.261623 0.0 0.4
41.778391 -90.251885 0.0 0.4
41.782964 -90.24238 0.0 0.4
41.788596 -90.231239 0.0 0.4
41.793133 -90.222263 0.0 0.4
41.797224 -90.21023 0.0 0.4
41.800491 -90.196955 0.0 0.4
41.805068 -90.185046 0.0 0.4
41.817679999999996 -90.18122 0.0 0.4
41.827754999999996 -90.181889 0.0 0.4
41.837801 -90.183283 0.0 0.4
41.847542 -90.17918399999999 0.0 0.4
41.857392999999995 -90.173009 0.0 0.4
41.867475999999996 -90.172133 0.0 0.4
41.877446 -90.169287 0.0 0.4
41.886312 -90.16363299999999 0.0 0.4
41.895714 -90.158321 0.0 0.4
41.905608 -90.15398599999999 0.0 0.4
41.915593 -90.153362 0.0 0.4
41.928052 -90.152138 0.0 0.4
41.938024 -90.156785 0.0 0.4
41.946177999999996 -90.164193 0.0 0.4
41.956178 -90.164135 0.0 0.4
41.967116999999995 -90.158592 0.0 0.4
41.97567 -90.152107 0.0 0.4
41.985375 -90.146399 0.0 0.4
41.995127 -90.141249 0.0 0.4
42.005733 -90.140639 0.0 0.4
42.016197999999996 -90.144683 0.0 0.4
42.025141 -90.149389 0.0 0.4
42.034583999999995 -90.155529 0.0 0.4
42.040954 -90.163983 0.0 0.4
42.050973 -90.165294 0.0 0.4
42.061518 -90.165526 0.0 0.4
42.071484 -90.167734 0.0 0.4
42.081751 -90.16573 0.0 0.4
42.091837999999996 -90.162559 0.0 0.4
42.102374999999995 -90.16132499999999 0.0 0.4
42.11378 -90.161884 0.0 0.4
42.122386999999996 -90.167459 0.0 0.4
42.125198 -90.18471 0.0 0.4
42.127185 -90.194717 0.0 0.4
42.134733 -90.203071 0.0 0.4
42.145500000000006 -90.206369 0.0 0.4
42.155049999999996 -90.21313599999999 0.0 0.4
42.160028 -90.224244 0.0 0.4
42.165431 -90.23491899999999 0.0 0.4
42.169362 -90.244913 0.0 0.4
42.171821 -90.255456 0.0 0.4
42.1745 -90.26908 0.0 0.4
42.178846 -90.282173 0.0 0.4
42.185207999999996 -90.293905 0.0 0.4
42.189724999999996 -90.30451599999999 0.0 0.4
42.192537 -90.314465 0.0 0.4
42.198727 -90.324927 0.0 0.4
42.203320999999995 -90.338169 0.0 0.4
42.204277 -90.34916199999999 0.0 0.4
42.207538 -90.360435 0.0 0.4
42.213072 -90.370925 0.0 0.4
42.218863 -90.38109399999999 0.0 0.4
42.225473 -90.391108 0.0 0.4
42.23498 -90.397314 0.0 0.4
42.24303 -90.405023 0.0 0.4
42.250015999999995 -90.413642 0.0 0.4
42.257282 -90.42098 0.0 0.4
42.267565999999995 -90.424708 0.0 0.4
42.27823 -90.43088399999999 0.0 0.4
42.288064 -90.42826 0.0 0.4
42.297138 -90.423231 0.0 0.4
42.306602999999996 -90.419878 0.0 0.4
42.3168 -90.42075299999999 0.0 0.4
42.327647999999996 -90.418398 0.0 0.4
42.334021 -90.42716399999999 0.0 0.4
42.341701 -90.433949 0.0 0.4
42.349683 -90.440264 0.0 0.4
42.357886 -90.448685 0.0 0.4
42.364506999999996 -90.45880799999999 0.0 0.4
42.372475 -90.466465 0.0 0.4
42.381457999999995 -90.473798 0.0 0.4
42.38453 -90.48462099999999 0.0 0.4
42.389996 -90.493642 0.0 0.4
42.396508 -90.50196 0.0 0.4
42.401292999999995 -90.513504 0.0 0.4
42.40568 -90.525401 0.0 0.4
42.409205 -90.53586299999999 0.0 0.4
42.413115 -90.548068 0.0 0.4
42.419258 -90.55754999999999 0.0 0.4
42.429445 -90.55898499999999 0.0 0.4
42.438742 -90.565248 0.0 0.4
42.442885 -90.575104 0.0 0.4
42.445578 -90.585304 0.0 0.4
42.449155999999995 -90.596344 0.0 0.4
42.451505 -90.60632799999999 0.0 0.4
42.458904 -90.62432799999999 0.0 0.4
42.468303999999996 -90.641027 0.0 0.4
42.473796 -90.64944799999999 0.0 0.4
42.481777 -90.655642 0.0 0.4
42.491794999999996 -90.655981 0.0 0.4
42.500240999999995 -90.64994399999999 0.0 0.4
42.508480999999996 -90.642843 0.0 0.4
42.508302 -90.630833 0.0 0.4
42.508077 -90.61773099999999 0.0 0.4
42.507998 -90.60731899999999 0.0 0.4
42.507906 -90.595657 0.0 0.4
42.507824 -90.58546899999999 0.0 0.4
42.507645 -90.569516 0.0 0.4
42.507766 -90.55950899999999 0.0 0.4
42.507841 -90.544889 0.0 0.4
42.507827 -90.53362399999999 0.0 0.4
42.507602999999996 -90.52179199999999 0.0 0.4
42.507692999999996 -90.51171599999999 0.0 0.4
42.507646 -90.501184 0.0 0.4
42.507615 -90.487533 0.0 0.4
42.507301 -90.475759 0.0 0.4
42.507242999999995 -90.437147 0.0 0.4
42.507172999999995 -90.426377 0.0 0.4
42.506890999999996 -90.40592699999999 0.0 0.4
42.506915 -90.395704 0.0 0.4
42.507005 -90.381884 0.0 0.4
42.507110999999995 -90.370673 0.0 0.4
42.507112 -90.353574 0.0 0.4
42.507225999999996 -90.337273 0.0 0.4
42.507414 -90.311348 0.0 0.4
42.507486 -90.30037399999999 0.0 0.4
42.507467 -90.289193 0.0 0.4
42.507549999999995 -90.27273199999999 0.0 0.4
42.507338999999995 -90.25310999999999 0.0 0.4
42.507757999999995 -90.223666 0.0 0.4
42.507835 -90.21279299999999 0.0 0.4
42.507871 -90.202651 0.0 0.4
42.508044 -90.187326 0.0 0.4
42.508168999999995 -90.17298199999999 0.0 0.4
42.508291 -90.158354 0.0 0.4
42.508283999999996 -90.143349 0.0 0.4
42.508099 -90.132393 0.0 0.4
42.507965 -90.104288 0.0 0.4
42.508192 -90.09373599999999 0.0 0.4
42.508275 -90.07366999999999 0.0 0.4
42.507957999999995 -90.050578 0.0 0.4
42.507712 -90.031804 0.0 0.4
42.507241 -90.018681 0.0 0.4
42.506916 -90.00820499999999 0.0 0.4
42.506803 -89.997345 0.0 0.4
42.506651 -89.985974 0.0 0.4
42.50625 -89.97386 0.0 0.4
42.505846999999996 -89.961238 0.0 0.4
42.505673 -89.95105 0.0 0.4
42.505725999999996 -89.938437 0.0 0.4
42.505767 -89.92841 0.0 0.4
42.505779 -89.912346 0.0 0.4
42.505818 -89.902096 0.0 0.4
42.505781 -89.891746 0.0 0.4
42.50575 -89.878603 0.0 0.4
42.505689 -89.867943 0.0 0.4
42.50575 -89.857473 0.0 0.4
42.505693 -89.846794 0.0 0.4
42.505727 -89.835208 0.0 0.4
42.505693 -89.824685 0.0 0.4
42.505646 -89.81394 0.0 0.4
42.505548999999995 -89.803411 0.0 0.4
42.505545999999995 -89.791146 0.0 0.4
42.505483999999996 -89.78043699999999 0.0 0.4
42.505423 -89.76970899999999 0.0 0.4
42.505413 -89.75381999999999 0.0 0.4
42.505441 -89.74279899999999 0.0 0.4
42.505244999999995 -89.73122099999999 0.0 0.4
42.505215 -89.719399 0.0 0.4
42.50515 -89.699106 0.0 0.4
42.505134 -89.686189 0.0 0.4
42.505066 -89.673912 0.0 0.4
42.504746999999995 -89.654179 0.0 0.4
42.504596 -89.644137 0.0 0.4
42.504391 -89.63079499999999 0.0 0.4
42.504165 -89.61977 0.0 0.4
42.503775 -89.60946 0.0 0.4
42.503530999999995 -89.59918599999999 0.0 0.4
42.503257999999995 -89.584204 0.0 0.4
42.502939 -89.57394599999999 0.0 0.4
42.502610999999995 -89.56384399999999 0.0 0.4
42.502296 -89.546171 0.0 0.4
42.502061999999995 -89.53244 0.0 0.4
42.501971999999995 -89.52227099999999 0.0 0.4
42.501878 -89.512131 0.0 0.4
42.501585999999996 -89.498424 0.0 0.4
42.501548 -89.48416 0.0 0.4
42.501332 -89.46924399999999 0.0 0.4
42.501200999999995 -89.458006 0.0 0.4
42.501048999999995 -89.443975 0.0 0.4
42.500904 -89.43077 0.0 0.4
42.500797 -89.42063499999999 0.0 0.4
42.500656 -89.40995199999999 0.0 0.4
42.500563 -89.39962 0.0 0.4
42.500354 -89.38707 0.0 0.4
42.500181999999995 -89.374905 0.0 0.4
42.500051 -89.363421 0.0 0.4
42.499925999999995 -89.35204399999999 0.0 0.4
42.499734 -89.340837 0.0 0.4
42.499528999999995 -89.32893399999999 0.0 0.4
42.499280999999996 -89.31436 0.0 0.4
42.499099 -89.303206 0.0 0.4
42.498917999999996 -89.291525 0.0 0.4
42.49819 -89.262669 0.0 0.4
42.498022999999996 -89.251983 0.0 0.4
42.498093 -89.241751 0.0 0.4
42.497959 -89.229959 0.0 0.4
42.497915 -89.2191 0.0 0.4
42.497775999999995 -89.20870699999999 0.0 0.4
42.497681 -89.198076 0.0 0.4
42.497535 -89.184175 0.0 0.4
42.49737 -89.17361 0.0 0.4
42.497257 -89.16315399999999 0.0 0.4
42.497206 -89.152996 0.0 0.4
42.497147999999996 -89.14166999999999 0.0 0.4
42.497087 -89.129924 0.0 0.4
42.49689 -89.118573 0.0 0.4
42.496736999999996 -89.108522 0.0 0.4
42.496472 -89.095039 0.0 0.4
42.49634 -89.083421 0.0 0.4
42.49622 -89.072516 0.0 0.4
42.496241 -89.062263 0.0 0.4
42.496229 -89.05180299999999 0.0 0.4
42.496193999999996 -89.04175 0.0 0.4
42.496151 -89.03073499999999 0.0 0.4
42.496095 -89.02013699999999 0.0 0.4
42.496086 -89.010024 0.0 0.4
42.496041999999996 -88.999712 0.0 0.4
42.495912 -88.98679899999999 0.0 0.4
42.495706999999996 -88.976115 0.0 0.4
42.495506 -88.964975 0.0 0.4
42.495269 -88.951892 0.0 0.4
42.495059 -88.940883 0.0 0.4
42.494766 -88.923908 0.0 0.4
42.494400999999996 -88.906323 0.0 0.4
42.494175 -88.894583 0.0 0.4
42.493822 -88.87914599999999 0.0 0.4
42.493656 -88.86819899999999 0.0 0.4
42.493044999999995 -88.85259099999999 0.0 0.4
42.492633999999995 -88.83379699999999 0.0 0.4
42.492283 -88.81990599999999 0.0 0.4
42.492069 -88.804147 0.0 0.4
42.491913 -88.77659 0.0 0.4
42.491983999999995 -88.76613499999999 0.0 0.4
42.492326999999996 -88.75068999999999 0.0 0.4
42.492678999999995 -88.738939 0.0 0.4
42.493024999999996 -88.72840699999999 0.0 0.4
42.493424999999995 -88.71412099999999 0.0 0.4
42.493824 -88.697881 0.0 0.4
42.494074999999995 -88.687046 0.0 0.4
42.494496999999996 -88.670799 0.0 0.4
42.494758999999995 -88.660794 0.0 0.4
42.494899 -88.645896 0.0 0.4
42.495045 -88.628997 0.0 0.4
42.495092 -88.607366 0.0 0.4
42.495049 -88.59700000000001 0.0 0.4
42.495006 -88.58339099999999 0.0 0.4
42.495006 -88.569673 0.0 0.4
42.495004 -88.559191 0.0 0.4
42.494965 -88.54048 0.0 0.4
42.494929 -88.528632 0.0 0.4
42.494811 -88.515928 0.0 0.4
42.494777 -88.50572299999999 0.0 0.4
42.494617999999996 -88.486098 0.0 0.4
42.494617999999996 -88.476066 0.0 0.4
42.494757 -88.463696 0.0 0.4
42.494771 -88.45369 0.0 0.4
42.494734 -88.44232099999999 0.0 0.4
42.494668999999995 -88.431991 0.0 0.4
42.494668999999995 -88.421892 0.0 0.4
42.494617999999996 -88.409245 0.0 0.4
42.494533 -88.39290799999999 0.0 0.4
42.494518 -88.37840299999999 0.0 0.4
42.494617 -88.35518599999999 0.0 0.4
42.494617999999996 -88.33909299999999 0.0 0.4
42.494617999999996 -88.328946 0.0 0.4
42.494619 -88.318513 0.0 0.4
42.494617999999996 -88.304692 0.0 0.4
42.49474 -88.28862699999999 0.0 0.4
42.494817999999995 -88.27846199999999 0.0 0.4
42.494690999999996 -88.26832399999999 0.0 0.4
42.494870999999996 -88.258288 0.0 0.4
42.494885 -88.248266 0.0 0.4
42.494895 -88.23789 0.0 0.4
42.494979 -88.22788 0.0 0.4
42.495042 -88.217034 0.0 0.4
42.495169999999995 -88.20657299999999 0.0 0.4
42.49516 -88.196517 0.0 0.4
42.495284 -88.18338399999999 0.0 0.4
42.495463 -88.161974 0.0 0.4
42.495537999999996 -88.15105 0.0 0.4
42.495601 -88.140232 0.0 0.4
42.495602999999996 -88.129204 0.0 0.4
42.495605999999995 -88.11800699999999 0.0 0.4
42.495613999999996 -88.107489 0.0 0.4
42.495624 -88.097191 0.0 0.4
42.495636999999995 -88.0834 0.0 0.4
42.49556 -88.070077 0.0 0.4
42.495475 -88.05918 0.0 0.4
42.495286 -88.042515 0.0 0.4
42.495168 -88.030591 0.0 0.4
42.495049 -88.01757599999999 0.0 0.4
42.494912 -88.005079 0.0 0.4
42.494943 -87.991326 0.0 0.4
42.494928 -87.981324 0.0 0.4
42.494755999999995 -87.961772 0.0 0.4
42.494614 -87.95158699999999 0.0 0.4
42.49433 -87.93136799999999 0.0 0.4
42.49417 -87.91939099999999 0.0 0.4
42.494043 -87.908202 0.0 0.4
42.493902 -87.898195 0.0 0.4
42.493701 -87.88679599999999 0.0 0.4
42.49351 -87.875278 0.0 0.4
42.493331999999995 -87.86425299999999 0.0 0.4
42.493168999999995 -87.852869 0.0 0.4
42.493032 -87.84285799999999 0.0 0.4
42.49292 -87.832532 0.0 0.4
42.492802 -87.821912 0.0 0.4
42.492661 -87.809663 0.0 0.4
42.49192 -87.79906 0.0 0.4
42.491913 -87.78470999999999 0.0 0.4
42.492494 -87.75873 0.0 0.4
42.492948 -87.62506599999999 0.0 0.4
42.493044 -87.60404299999999 0.0 0.4
42.493522999999996 -87.500061 0.0 0.4
42.493815 -87.375058 0.0 0.4
42.493570999999996 -87.25005399999999 0.0 0.4
42.493593 -87.22469799999999 0.0 0.4
42.493643999999996 -87.165962 0.0 0.4
42.49368 -87.125051 0.0 0.4
42.493497999999995 -87.01993499999999 0.0 0.4
42.416993 -87.04004599999999 0.0 0.4
42.384557 -87.049206 0.0 0.4
42.314346 -87.068039 0.0 0.4
42.250029 -87.08462999999999 0.0 0.4
42.235333999999995 -87.088338 0.0 0.4
42.210727999999996 -87.094831 0.0 0.4
42.185379999999995 -87.10152 0.0 0.4
42.175456 -87.10417 0.0 0.4
42.153852 -87.10996999999999 0.0 0.4
42.138945 -87.113933 0.0 0.4
42.125031 -87.117618 0.0 0.4
42.107558999999995 -87.122261 0.0 0.4
42.097097999999995 -87.125042 0.0 0.4
42.072869 -87.130855 0.0 0.4
42.058765 -87.134541 0.0 0.4
42.000032999999995 -87.150009 0.0 0.4
41.986588999999995 -87.151754 0.0 0.4
41.946315999999996 -87.16172499999999 0.0 0.4
41.932891999999995 -87.165049 0.0 0.4
41.912582 -87.170076 0.0 0.4
41.900734 -87.173008 0.0 0.4
41.890898 -87.175443 0.0 0.4
41.875034 -87.179372 0.0 0.4
41.864059999999995 -87.182104 0.0 0.4
41.854054 -87.184595 0.0 0.4
41.829944999999995 -87.190597 0.0 0.4
41.783431 -87.20217699999999 0.0 0.4
41.767925999999996 -87.20603799999999 0.0 0.4
41.760902 -87.21835399999999 0.0 0.4
41.760616 -87.250039 0.0 0.4
41.760537 -87.27680699999999 0.0 0.4
41.76025 -87.375042 0.0 0.4
41.760343999999996 -87.444234 0.0 0.4
41.760421 -87.500044 0.0 0.4
41.759952999999996 -87.518942 0.0 0.4
41.742767 -87.52389 0.0 0.4
41.723818 -87.524142 0.0 0.4
41.712554999999995 -87.52420000000001 0.0 0.4
41.700868 -87.52453899999999 0.0 0.4
41.686938 -87.524813 0.0 0.4
41.676485 -87.524841 0.0 0.4
41.661729 -87.524759 0.0 0.4
41.651388999999995 -87.52479199999999 0.0 0.4
41.639283 -87.52505 0.0 0.4
41.628976 -87.525052 0.0 0.4
41.618908 -87.525121 0.0 0.4
41.608584 -87.525206 0.0 0.4
41.597685999999996 -87.525193 0.0 0.4
41.587587 -87.525429 0.0 0.4
41.577559 -87.52528799999999 0.0 0.4
41.567226999999995 -87.52532099999999 0.0 0.4
41.55677 -87.52542299999999 0.0 0.4
41.546769 -87.52541099999999 0.0 0.4
41.528344 -87.525607 0.0 0.4
41.517436 -87.525611 0.0 0.4
41.506812 -87.525543 0.0 0.4
41.49529 -87.525547 0.0 0.4
41.482811 -87.525538 0.0 0.4
41.472505 -87.52560799999999 0.0 0.4
41.462267999999995 -87.525671 0.0 0.4
41.451643999999995 -87.525871 0.0 0.4
41.440822999999995 -87.525823 0.0 0.4
41.430025 -87.525869 0.0 0.4
41.420015 -87.525984 0.0 0.4
41.408155 -87.526167 0.0 0.4
41.397905 -87.526153 0.0 0.4
41.38655 -87.526207 0.0 0.4
41.375896 -87.526279 0.0 0.4
41.365286999999995 -87.526367 0.0 0.4
41.354271999999995 -87.52644099999999 0.0 0.4
41.344082 -87.526547 0.0 0.4
41.333814 -87.526613 0.0 0.4
41.323715 -87.526656 0.0 0.4
41.312447 -87.52672799999999 0.0 0.4
41.300484999999995 -87.526727 0.0 0.4
41.288036999999996 -87.52673899999999 0.0 0.4
41.275314 -87.52670599999999 0.0 0.4
41.263903 -87.52664899999999 0.0 0.4
41.253295 -87.526597 0.0 0.4
41.238521999999996 -87.52651999999999 0.0 0.4
41.223827 -87.526502 0.0 0.4
41.210243999999996 -87.52650799999999 0.0 0.4
41.198364999999995 -87.526513 0.0 0.4
41.184028999999995 -87.526563 0.0 0.4
41.173817 -87.526578 0.0 0.4
41.163425 -87.52657599999999 0.0 0.4
41.153037 -87.526583 0.0 0.4
41.141642999999995 -87.526653 0.0 0.4
41.131104 -87.52664399999999 0.0 0.4
41.120398 -87.52662199999999 0.0 0.4
41.11006 -87.526619 0.0 0.4
41.098984 -87.526562 0.0 0.4
41.088871 -87.52658199999999 0.0 0.4
41.077978 -87.526558 0.0 0.4
41.06679 -87.526513 0.0 0.4
41.056483 -87.52644599999999 0.0 0.4
41.046240999999995 -87.526348 0.0 0.4
41.03523 -87.526422 0.0 0.4
41.025195 -87.52641299999999 0.0 0.4
41.014734999999995 -87.526247 0.0 0.4
41.00328 -87.526293 0.0 0.4
40.993207 -87.526245 0.0 0.4
40.982242 -87.52612599999999 0.0 0.4
40.971601 -87.525995 0.0 0.4
40.961514 -87.526006 0.0 0.4
40.951485999999996 -87.526005 0.0 0.4
40.937594 -87.526123 0.0 0.4
40.926913 -87.526099 0.0 0.4
40.911913999999996 -87.526084 0.0 0.4
40.900571 -87.525982 0.0 0.4
40.880595 -87.525915 0.0 0.4
40.865017 -87.525975 0.0 0.4
40.854158999999996 -87.525896 0.0 0.4
40.843661 -87.525696 0.0 0.4
40.833057 -87.525678 0.0 0.4
40.821731 -87.525711 0.0 0.4
40.811656 -87.525801 0.0 0.4
40.801629999999996 -87.525893 0.0 0.4
40.791561 -87.52584999999999 0.0 0.4
40.780981 -87.525898 0.0 0.4
40.770692 -87.525982 0.0 0.4
40.758657 -87.52599 0.0 0.4
40.748514 -87.526006 0.0 0.4
40.737879 -87.526034 0.0 0.4
40.726149 -87.52609199999999 0.0 0.4
40.714393 -87.526167 0.0 0.4
40.704093 -87.526189 0.0 0.4
40.693687 -87.526231 0.0 0.4
40.682086 -87.526277 0.0 0.4
40.671313 -87.52624399999999 0.0 0.4
40.660509999999995 -87.526224 0.0 0.4
40.650213 -87.52622699999999 0.0 0.4
40.639185 -87.526147 0.0 0.4
40.628719 -87.526088 0.0 0.4
40.618566 -87.52606999999999 0.0 0.4
40.608315999999995 -87.52602399999999 0.0 0.4
40.598284 -87.52609199999999 0.0 0.4
40.587565999999995 -87.52614899999999 0.0 0.4
40.576046999999996 -87.52621599999999 0.0 0.4
40.564831999999996 -87.526254 0.0 0.4
40.554778999999996 -87.526309 0.0 0.4
40.544281999999995 -87.526327 0.0 0.4
40.533777 -87.526299 0.0 0.4
40.522835 -87.52636 0.0 0.4
40.512209999999996 -87.52624 0.0 0.4
40.502123 -87.526218 0.0 0.4
40.492031999999995 -87.526349 0.0 0.4
40.481046 -87.526527 0.0 0.4
40.470728 -87.526688 0.0 0.4
40.460101 -87.526831 0.0 0.4
40.449689 -87.527003 0.0 0.4
40.439653 -87.527172 0.0 0.4
40.427923 -87.52735299999999 0.0 0.4
40.417887 -87.527451 0.0 0.4
40.406261 -87.527622 0.0 0.4
40.396060999999996 -87.52792 0.0 0.4
40.379977 -87.528112 0.0 0.4
40.368662 -87.528162 0.0 0.4
40.35763 -87.528352 0.0 0.4
40.347104 -87.528503 0.0 0.4
40.336923999999996 -87.528688 0.0 0.4
40.325995 -87.528883 0.0 0.4
40.315847 -87.529048 0.0 0.4
40.304217 -87.529254 0.0 0.4
40.293931 -87.529426 0.0 0.4
40.283358 -87.529606 0.0 0.4
40.272583 -87.529688 0.0 0.4
40.261835999999995 -87.52982999999999 0.0 0.4
40.251784 -87.52998099999999 0.0 0.4
40.241783 -87.530171 0.0 0.4
40.229639999999996 -87.53039 0.0 0.4
40.219229999999996 -87.530445 0.0 0.4
40.20814 -87.530575 0.0 0.4
40.198113 -87.530834 0.0 0.4
40.180118 -87.530973 0.0 0.4
40.17003 -87.531133 0.0 0.4
40.158789999999996 -87.53128099999999 0.0 0.4
40.14833 -87.531444 0.0 0.4
40.137415999999995 -87.53153999999999 0.0 0.4
40.12104 -87.531685 0.0 0.4
40.110701999999996 -87.531746 0.0 0.4
40.097502 -87.531883 0.0 0.4
40.08733 -87.531967 0.0 0.4
40.069359999999996 -87.532116 0.0 0.4
40.058802 -87.53217099999999 0.0 0.4
40.048196 -87.532243 0.0 0.4
40.032737 -87.532322 0.0 0.4
40.017623 -87.532388 0.0 0.4
39.999984 -87.532288 0.0 0.4
39.988969999999995 -87.53241 0.0 0.4
39.978713 -87.53250799999999 0.0 0.4
39.967085 -87.53277 0.0 0.4
39.956531999999996 -87.532758 0.0 0.4
39.945007 -87.53274499999999 0.0 0.4
39.931706 -87.532788 0.0 0.4
39.921658 -87.532893 0.0 0.4
39.910897 -87.533014 0.0 0.4
39.900324999999995 -87.533101 0.0 0.4
39.889928 -87.533185 0.0 0.4
39.875036 -87.53326899999999 0.0 0.4
39.861602 -87.533228 0.0 0.4
39.832597 -87.533125 0.0 0.4
39.812540999999996 -87.53314 0.0 0.4
39.796256 -87.533203 0.0 0.4
39.785886 -87.533192 0.0 0.4
39.774285 -87.53304 0.0 0.4
39.759845999999996 -87.532989 0.0 0.4
39.745301999999995 -87.532969 0.0 0.4
39.733311 -87.532928 0.0 0.4
39.713432 -87.532861 0.0 0.4
39.701677 -87.532821 0.0 0.4
39.689477 -87.532793 0.0 0.4
39.674527 -87.532738 0.0 0.4
39.664378 -87.532568 0.0 0.4
39.654008999999995 -87.53246899999999 0.0 0.4
39.643552 -87.53236 0.0 0.4
39.632674 -87.532275 0.0 0.4
39.621794 -87.532258 0.0 0.4
39.607316999999995 -87.53219399999999 0.0 0.4
39.592979 -87.53213099999999 0.0 0.4
39.581613999999995 -87.532083 0.0 0.4
39.571224 -87.532038 0.0 0.4
39.559765 -87.531871 0.0 0.4
39.548865 -87.531836 0.0 0.4
39.538567 -87.53182699999999 0.0 0.4
39.524539999999995 -87.531954 0.0 0.4
39.509045 -87.531863 0.0 0.4
39.4986 -87.53173199999999 0.0 0.4
39.488102999999995 -87.531736 0.0 0.4
39.477968 -87.531668 0.0 0.4
39.466223 -87.53160799999999 0.0 0.4
39.450165 -87.53149499999999 0.0 0.4
39.438558 -87.531415 0.0 0.4
39.421835 -87.531356 0.0 0.4
39.411783 -87.531367 0.0 0.4
39.392565999999995 -87.53139399999999 0.0 0.4
39.378031 -87.531418 0.0 0.4
39.359711999999995 -87.531668 0.0 0.4
39.34876 -87.53164699999999 0.0 0.4
39.353096 -87.542237 0.0 0.4
39.345158 -87.549938 0.0 0.4
39.338851 -87.560692 0.0 0.4
39.341266999999995 -87.57070499999999 0.0 0.4
39.337329 -87.584852 0.0 0.4
39.328320999999995 -87.59299 0.0 0.4
39.318529 -87.600656 0.0 0.4
39.310427 -87.60726199999999 0.0 0.4
39.308029 -87.617587 0.0 0.4
39.302695 -87.60844399999999 0.0 0.4
39.300086 -87.598416 0.0 0.4
39.289321 -87.60548399999999 0.0 0.4
39.278535 -87.609438 0.0 0.4
39.272242 -87.601501 0.0 0.4
39.262398 -87.60557399999999 0.0 0.4
39.254093 -87.598135 0.0 0.4
39.247566 -87.59031499999999 0.0 0.4
39.254764 -87.582387 0.0 0.4
39.253668999999995 -87.57238 0.0 0.4
39.244794 -87.57822399999999 0.0 0.4
39.230208 -87.5758 0.0 0.4
39.218404 -87.574558 0.0 0.4
39.20841 -87.580332 0.0 0.4
39.197824 -87.58861399999999 0.0 0.4
39.193441 -87.600099 0.0 0.4
39.18513 -87.606293 0.0 0.4
39.185849 -87.61630699999999 0.0 0.4
39.174822 -87.6208 0.0 0.4
39.168892 -87.629623 0.0 0.4
39.167463 -87.63952599999999 0.0 0.4
39.158771 -87.633894 0.0 0.4
39.155426999999996 -87.643793 0.0 0.4
39.149435 -87.652782 0.0 0.4
39.138404 -87.65820099999999 0.0 0.4
39.130817 -87.6515 0.0 0.4
39.126003 -87.64219399999999 0.0 0.4
39.117661 -87.63651399999999 0.0 0.4
39.115637 -87.647644 0.0 0.4
39.106839 -87.652796 0.0 0.4
39.10516 -87.642352 0.0 0.4
39.10449 -87.628686 0.0 0.4
39.104284 -87.61838499999999 0.0 0.4
39.094287 -87.617611 0.0 0.4
39.082566 -87.61596399999999 0.0 0.4
39.081405 -87.60412199999999 0.0 0.4
39.077985999999996 -87.59459199999999 0.0 0.4
39.069728999999995 -87.585687 0.0 0.4
39.061698 -87.57870199999999 0.0 0.4
39.052738999999995 -87.57192599999999 0.0 0.4
39.043527999999995 -87.578824 0.0 0.4
39.034062 -87.57502699999999 0.0 0.4
39.024967 -87.570686 0.0 0.4
39.012544999999996 -87.57186999999999 0.0 0.4
39.003800000000005 -87.577764 0.0 0.4
38.994782 -87.571305 0.0 0.4
38.993514 -87.560991 0.0 0.4
38.99093 -87.57177399999999 0.0 0.4
38.983022 -87.56436599999999 0.0 0.4
38.979886 -87.55441499999999 0.0 0.4
38.976147 -87.54356299999999 0.0 0.4
38.973058 -87.532449 0.0 0.4
38.964877 -87.525486 0.0 0.4
38.958116 -87.517893 0.0 0.4
38.948795 -87.513598 0.0 0.4
38.941835999999995 -87.521284 0.0 0.4
38.932342999999996 -87.516767 0.0 0.4
38.922602999999995 -87.51911899999999 0.0 0.4
38.916252 -87.527053 0.0 0.4
38.905946 -87.526068 0.0 0.4
38.895565999999995 -87.536591 0.0 0.4
38.888953 -87.544292 0.0 0.4
38.882577999999995 -87.536521 0.0 0.4
38.876729999999995 -87.545203 0.0 0.4
38.866641 -87.54260599999999 0.0 0.4
38.864146 -87.552871 0.0 0.4
38.856828 -87.54482999999999 0.0 0.4
38.853124 -87.53452 0.0 0.4
38.847507 -87.525908 0.0 0.4
38.836197999999996 -87.525961 0.0 0.4
38.826575999999996 -87.521681 0.0 0.4
38.818121 -87.52734199999999 0.0 0.4
38.810477999999996 -87.51921999999999 0.0 0.4
38.800765999999996 -87.512272 0.0 0.4
38.792874 -87.503129 0.0 0.4
38.785433999999995 -87.495905 0.0 0.4
38.775652 -87.50001999999999 0.0 0.4
38.773558 -87.511798 0.0 0.4
38.769172999999995 -87.502516 0.0 0.4
38.760062999999995 -87.498238 0.0 0.4
38.75098 -87.50337999999999 0.0 0.4
38.742728 -87.496494 0.0 0.4
38.735822999999996 -87.504059 0.0 0.4
38.725767999999995 -87.508515 0.0 0.4
38.716332 -87.516707 0.0 0.4
38.705149 -87.518946 0.0 0.4
38.695093 -87.520877 0.0 0.4
38.686828 -87.528131 0.0 0.4
38.679142999999996 -87.54005099999999 0.0 0.4
38.675585 -87.55843 0.0 0.4
38.674358 -87.56960699999999 0.0 0.4
38.669979999999995 -87.587684 0.0 0.4
38.665313999999995 -87.597247 0.0 0.4
38.656363 -87.602863 0.0 0.4
38.646518 -87.605817 0.0 0.4
38.642157 -87.61731499999999 0.0 0.4
38.631381999999995 -87.61892399999999 0.0 0.4
38.620954999999995 -87.619095 0.0 0.4
38.61082 -87.62265599999999 0.0 0.4
38.60114 -87.625637 0.0 0.4
38.594905 -87.61643699999999 0.0 0.4
38.586118 -87.62140099999999 0.0 0.4
38.591231 -87.632172 0.0 0.4
38.585145 -87.640175 0.0 0.4
38.574875999999996 -87.638911 0.0 0.4
38.571056 -87.648618 0.0 0.4
38.561355 -87.651501 0.0 0.4
38.552945 -87.658144 0.0 0.4
38.548517 -87.667486 0.0 0.4
38.532526 -87.66123999999999 0.0 0.4
38.521668 -87.656144 0.0 0.4
38.516276999999995 -87.647719 0.0 0.4
38.506060999999995 -87.64835 0.0 0.4
38.501689999999996 -87.657665 0.0 0.4
38.505739 -87.667891 0.0 0.4
38.500654999999995 -87.67680299999999 0.0 0.4
38.49311 -87.684191 0.0 0.4
38.488037999999996 -87.69318799999999 0.0 0.4
38.482189 -87.70805399999999 0.0 0.4
38.479490999999996 -87.71992 0.0 0.4
38.480253999999995 -87.73004499999999 0.0 0.4
38.479223 -87.74002399999999 0.0 0.4
38.471427 -87.750028 0.0 0.4
38.462537999999995 -87.756179 0.0 0.4
38.45418 -87.75002599999999 0.0 0.4
38.454164 -87.73931499999999 0.0 0.4
38.447883999999995 -87.730369 0.0 0.4
38.439508 -87.73767699999999 0.0 0.4
38.427335 -87.742828 0.0 0.4
38.41732 -87.743504 0.0 0.4
38.40696 -87.74689 0.0 0.4
38.399046999999996 -87.754047 0.0 0.4
38.390291999999995 -87.761679 0.0 0.4
38.382076 -87.76867399999999 0.0 0.4
38.373031999999995 -87.77757 0.0 0.4
38.367649 -87.786093 0.0 0.4
38.365595 -87.797277 0.0 0.4
38.362477999999996 -87.806815 0.0 0.4
38.353792 -87.813791 0.0 0.4
38.34773 -87.821826 0.0 0.4
38.338316 -87.825813 0.0 0.4
38.329147999999996 -87.830638 0.0 0.4
38.319555 -87.833477 0.0 0.4
38.308156 -87.831848 0.0 0.4
38.297844999999995 -87.831283 0.0 0.4
38.285486 -87.836495 0.0 0.4
38.278172 -87.84344999999999 0.0 0.4
38.275521999999995 -87.856605 0.0 0.4
38.282621 -87.863963 0.0 0.4
38.294377 -87.86511999999999 0.0 0.4
38.305372 -87.86045299999999 0.0 0.4
38.312277 -87.86888599999999 0.0 0.4
38.307849 -87.878303 0.0 0.4
38.298285 -87.882122 0.0 0.4
38.288953 -87.885763 0.0 0.4
38.282396999999996 -87.893345 0.0 0.4
38.274874 -87.901792 0.0 0.4
38.268108 -87.91011999999999 0.0 0.4
38.272801 -87.91921599999999 0.0 0.4
38.28235 -87.915444 0.0 0.4
38.290478 -87.908915 0.0 0.4
38.299005 -87.914813 0.0 0.4
38.298659 -87.924973 0.0 0.4
38.295145 -87.934844 0.0 0.4
38.284524999999995 -87.938867 0.0 0.4
38.277992999999995 -87.94673999999999 0.0 0.4
38.26875 -87.95127699999999 0.0 0.4
38.260301 -87.942067 0.0 0.4
38.25405 -87.950723 0.0 0.4
38.246666 -87.958883 0.0 0.4
38.236807 -87.960968 0.0 0.4
38.240860999999995 -87.970593 0.0 0.4
38.250046 -87.97546899999999 0.0 0.4
38.257953 -87.98470499999999 0.0 0.4
38.248053 -87.98212 0.0 0.4
38.236115 -87.980158 0.0 0.4
38.222482 -87.985558 0.0 0.4
38.209959999999995 -87.984234 0.0 0.4
38.200949 -87.978433 0.0 0.4
38.191786 -87.969865 0.0 0.4
38.184376 -87.9595 0.0 0.4
38.178906999999995 -87.947681 0.0 0.4
38.172188999999996 -87.937162 0.0 0.4
38.161335 -87.934178 0.0 0.4
38.170215 -87.925309 0.0 0.4
38.173322 -87.915666 0.0 0.4
38.162557 -87.910924 0.0 0.4
38.155132 -87.91909 0.0 0.4
38.150892999999996 -87.92827 0.0 0.4
38.140727 -87.929423 0.0 0.4
38.136016999999995 -87.938619 0.0 0.4
38.127272 -87.944825 0.0 0.4
38.132073 -87.953611 0.0 0.4
38.132644 -87.964306 0.0 0.4
38.126325 -87.97224399999999 0.0 0.4
38.114447 -87.97377399999999 0.0 0.4
38.107139 -87.983068 0.0 0.4
38.107827 -87.993674 0.0 0.4
38.106170999999996 -88.006743 0.0 0.4
38.099818 -88.01591599999999 0.0 0.4
38.088825 -88.01415 0.0 0.4
38.083965 -88.004697 0.0 0.4
38.088736999999995 -87.990096 0.0 0.4
38.09277 -87.978775 0.0 0.4
38.095932 -87.968813 0.0 0.4
38.092538999999995 -87.959138 0.0 0.4
38.081522 -87.959023 0.0 0.4
38.070533999999995 -87.965814 0.0 0.4
38.063317999999995 -87.973204 0.0 0.4
38.055591 -87.98877 0.0 0.4
38.052344999999995 -88.00003 0.0 0.4
38.051245 -88.010531 0.0 0.4
38.051845 -88.020631 0.0 0.4
38.051745 -88.03263199999999 0.0 0.4
38.046344999999995 -88.042132 0.0 0.4
38.035644999999995 -88.04023199999999 0.0 0.4
38.031545 -88.03043199999999 0.0 0.4
38.034245 -88.01963099999999 0.0 0.4
38.031945 -88.00893099999999 0.0 0.4
38.024045 -88.016931 0.0 0.4
38.015445 -88.023331 0.0 0.4
38.005645 -88.025431 0.0 0.4
37.991057 -88.019492 0.0 0.4
37.979645999999995 -88.01373199999999 0.0 0.4
37.966544 -88.012929 0.0 0.4
37.959351 -88.020868 0.0 0.4
37.95859 -88.031989 0.0 0.4
37.94386 -88.036186 0.0 0.4
37.932930999999996 -88.031262 0.0 0.4
37.924825999999996 -88.037122 0.0 0.4
37.926001 -88.047129 0.0 0.4
37.933487 -88.054757 0.0 0.4
37.932021999999996 -88.064815 0.0 0.4
37.921732999999996 -88.067245 0.0 0.4
37.916067 -88.053372 0.0 0.4
37.914967 -88.042046 0.0 0.4
37.913751 -88.031846 0.0 0.4
37.913758 -88.02082399999999 0.0 0.4
37.902696 -88.017816 0.0 0.4
37.892723 -88.014001 0.0 0.4
37.888332 -88.02320999999999 0.0 0.4
37.892932 -88.03289699999999 0.0 0.4
37.891216 -88.04492599999999 0.0 0.4
37.891238 -88.055373 0.0 0.4
37.894849 -88.067897 0.0 0.4
37.900504999999995 -88.079008 0.0 0.4
37.906197999999996 -88.092658 0.0 0.4
37.893688999999995 -88.094956 0.0 0.4
37.885582 -88.084385 0.0 0.4
37.875045 -88.076793 0.0 0.4
37.864467999999995 -88.071347 0.0 0.4
37.854454 -88.066212 0.0 0.4
37.84789 -88.057576 0.0 0.4
37.844626999999996 -88.046291 0.0 0.4
37.842644 -88.03602099999999 0.0 0.4
37.837053999999995 -88.02736 0.0 0.4
37.827109 -88.02869299999999 0.0 0.4
37.821926 -88.041941 0.0 0.4
37.822122 -88.051941 0.0 0.4
37.823862 -88.063672 0.0 0.4
37.82916 -88.07404199999999 0.0 0.4
37.829388 -88.08572699999999 0.0 0.4
37.820913 -88.09176699999999 0.0 0.4
37.813184 -88.085161 0.0 0.4
37.805326 -88.077382 0.0 0.4
37.800559 -88.066878 0.0 0.4
37.803522 -88.054397 0.0 0.4
37.809213 -88.042102 0.0 0.4
37.808025 -88.031775 0.0 0.4
37.797697 -88.03076 0.0 0.4
37.789601999999995 -88.03682099999999 0.0 0.4
37.779905 -88.03953899999999 0.0 0.4
37.769403 -88.04159299999999 0.0 0.4
37.759668 -88.046576 0.0 0.4
37.750991 -88.052508 0.0 0.4
37.743015 -88.05929499999999 0.0 0.4
37.736160999999996 -88.066814 0.0 0.4
37.731001 -88.076726 0.0 0.4
37.727627 -88.086646 0.0 0.4
37.723214999999996 -88.095708 0.0 0.4
37.715648 -88.108446 0.0 0.4
37.711704 -88.119199 0.0 0.4
37.703855 -88.1273 0.0 0.4
37.695465999999996 -88.133169 0.0 0.4
37.687439999999995 -88.139158 0.0 0.4
37.680023999999996 -88.147874 0.0 0.4
37.671341999999996 -88.153644 0.0 0.4
37.662611 -88.159157 0.0 0.4
37.65217 -88.159478 0.0 0.4
37.641442999999995 -88.158529 0.0 0.4
37.631144 -88.15623 0.0 0.4
37.621705 -88.151691 0.0 0.4
37.611225999999995 -88.146417 0.0 0.4
37.602362 -88.141565 0.0 0.4
37.591035 -88.141894 0.0 0.4
37.577307 -88.136489 0.0 0.4
37.571241 -88.12737299999999 0.0 0.4
37.566029 -88.118678 0.0 0.4
37.559806 -88.110768 0.0 0.4
37.553439999999995 -88.10270299999999 0.0 0.4
37.545379 -88.096701 0.0 0.4
37.537189999999995 -88.090313 0.0 0.4
37.532652 -88.081273 0.0 0.4
37.528746 -88.07204 0.0 0.4
37.520047 -88.066215 0.0 0.4
37.510422 -88.062871 0.0 0.4
37.500285 -88.061661 0.0 0.4
37.490711 -88.06512099999999 0.0 0.4
37.484922999999995 -88.073381 0.0 0.4
37.476547 -88.07903999999999 0.0 0.4
37.471497 -88.087701 0.0 0.4
37.473299 -88.097546 0.0 0.4
37.472491999999995 -88.107535 0.0 0.4
37.472018 -88.11771999999999 0.0 0.4
37.470544 -88.12798599999999 0.0 0.4
37.471241 -88.138037 0.0 0.4
37.469049999999996 -88.148127 0.0 0.4
37.46685 -88.157896 0.0 0.4
37.466125999999996 -88.168053 0.0 0.4
37.463955 -88.17801999999999 0.0 0.4
37.462061999999996 -88.18834299999999 0.0 0.4
37.460601 -88.198499 0.0 0.4
37.460237 -88.208534 0.0 0.4
37.458439 -88.219392 0.0 0.4
37.457018999999995 -88.229756 0.0 0.4
37.45659 -88.239762 0.0 0.4
37.456722 -88.249901 0.0 0.4
37.456097 -88.26002299999999 0.0 0.4
37.454594 -88.270704 0.0 0.4
37.452951 -88.280676 0.0 0.4
37.449740999999996 -88.290371 0.0 0.4
37.445895 -88.300681 0.0 0.4
37.441534 -88.310661 0.0 0.4
37.435542999999996 -88.318725 0.0 0.4
37.430665 -88.328428 0.0 0.4
37.423679 -88.336722 0.0 0.4
37.415489 -88.344583 0.0 0.4
37.408910999999996 -88.35226399999999 0.0 0.4
37.403357 -88.360788 0.0 0.4
37.402606999999996 -88.371145 0.0 0.4
37.410135 -88.378188 0.0 0.4
37.415682 -88.386546 0.0 0.4
37.42066 -88.395512 0.0 0.4
37.424209 -88.40500399999999 0.0 0.4
37.423832999999995 -88.41538 0.0 0.4
37.420370999999996 -88.424874 0.0 0.4
37.418397999999996 -88.43476 0.0 0.4
37.41462 -88.444569 0.0 0.4
37.410269 -88.45383 0.0 0.4
37.404073 -88.46189299999999 0.0 0.4
37.397411 -88.469408 0.0 0.4
37.388697 -88.475972 0.0 0.4
37.378428 -88.477885 0.0 0.4
37.368776 -88.480677 0.0 0.4
37.354558 -88.482644 0.0 0.4
37.344473 -88.485287 0.0 0.4
37.334764 -88.49058 0.0 0.4
37.323963 -88.496698 0.0 0.4
37.315244 -88.50164 0.0 0.4
37.306287999999995 -88.506166 0.0 0.4
37.297478 -88.511945 0.0 0.4
37.287804 -88.51496399999999 0.0 0.4
37.277936 -88.51223999999999 0.0 0.4
37.268181 -88.507663 0.0 0.4
37.258345 -88.505301 0.0 0.4
37.251598 -88.497788 0.0 0.4
37.246036 -88.48941099999999 0.0 0.4
37.237801 -88.48342099999999 0.0 0.4
37.228387999999995 -88.479092 0.0 0.4
37.220737 -88.472634 0.0 0.4
37.215821 -88.463831 0.0 0.4
37.209798 -88.454742 0.0 0.4
37.202134 -88.447349 0.0 0.4
37.192406 -88.443837 0.0 0.4
37.182469999999995 -88.439745 0.0 0.4
37.173113 -88.43578699999999 0.0 0.4
37.162637 -88.43306 0.0 0.4
37.155159999999995 -88.42603799999999 0.0 0.4
37.1452 -88.42716899999999 0.0 0.4
37.135858999999996 -88.430899 0.0 0.4
37.126583 -88.434703 0.0 0.4
37.117238 -88.440096 0.0 0.4
37.106336 -88.44130899999999 0.0 0.4
37.096419 -88.444583 0.0 0.4
37.087607999999996 -88.44937999999999 0.0 0.4
37.080016 -88.456283 0.0 0.4
37.072854 -88.464246 0.0 0.4
37.069252999999996 -88.474667 0.0 0.4
37.067932 -88.484613 0.0 0.4
37.067032999999995 -88.494777 0.0 0.4
37.065462 -88.507903 0.0 0.4
37.065551 -88.52022099999999 0.0 0.4
37.067212 -88.530734 0.0 0.4
37.069552 -88.540807 0.0 0.4
37.071928 -88.55057 0.0 0.4
37.07593 -88.559844 0.0 0.4
37.078 -88.569935 0.0 0.4
37.085614 -88.57646799999999 0.0 0.4
37.092231 -88.58399399999999 0.0 0.4
37.100055999999995 -88.590313 0.0 0.4
37.105759 -88.598591 0.0 0.4
37.110906 -88.607182 0.0 0.4
37.115621 -88.616073 0.0 0.4
37.119354 -88.62548 0.0 0.4
37.121207 -88.636078 0.0 0.4
37.123975 -88.646202 0.0 0.4
37.127065 -88.655959 0.0 0.4
37.131412999999995 -88.667183 0.0 0.4
37.135132999999996 -88.676682 0.0 0.4
37.138934 -88.685938 0.0 0.4
37.141526999999996 -88.695622 0.0 0.4
37.141493 -88.706203 0.0 0.4
37.140965 -88.716274 0.0 0.4
37.141939 -88.726247 0.0 0.4
37.145413 -88.73582499999999 0.0 0.4
37.150594 -88.7444 0.0 0.4
37.155539999999995 -88.753863 0.0 0.4
37.161502999999996 -88.764201 0.0 0.4
37.167497 -88.77346899999999 0.0 0.4
37.173883 -88.781562 0.0 0.4
37.179997 -88.78952699999999 0.0 0.4
37.186012999999996 -88.799157 0.0 0.4
37.189701 -88.810847 0.0 0.4
37.192498 -88.821612 0.0 0.4
37.195626 -88.83192299999999 0.0 0.4
37.19967 -88.842579 0.0 0.4
37.20304 -88.852211 0.0 0.4
37.207454999999996 -88.862723 0.0 0.4
37.210601 -88.872283 0.0 0.4
37.214690999999995 -88.885699 0.0 0.4
37.217512 -88.89606599999999 0.0 0.4
37.221092999999996 -88.90694099999999 0.0 0.4
37.224652999999996 -88.919861 0.0 0.4
37.226886 -88.92970799999999 0.0 0.4
37.228552 -88.93981099999999 0.0 0.4
37.224821999999996 -88.94967 0.0 0.4
37.225767 -88.960877 0.0 0.4
37.228412999999996 -88.970582 0.0 0.4
37.228894 -88.98139599999999 0.0 0.4
37.226728 -88.991759 0.0 0.4
37.22399 -89.00172599999999 0.0 0.4
37.218367 -89.01011199999999 0.0 0.4
37.214245 -89.02022199999999 0.0 0.4
37.211065 -89.029866 0.0 0.4
37.204015999999996 -89.037459 0.0 0.4
37.198747999999995 -89.046131 0.0 0.4
37.190782 -89.05533299999999 0.0 0.4
37.183977999999996 -89.064278 0.0 0.4
37.177562 -89.07248899999999 0.0 0.4
37.171189 -89.08040799999999 0.0 0.4
37.164010999999995 -89.08766899999999 0.0 0.4
37.155345 -89.093526 0.0 0.4
37.144749999999995 -89.09734999999999 0.0 0.4
37.135739 -89.102201 0.0 0.4
37.126735 -89.10694199999999 0.0 0.4
37.119439 -89.114007 0.0 0.4
37.112555 -89.121276 0.0 0.4
37.106100999999995 -89.129972 0.0 0.4
37.100342999999995 -89.140456 0.0 0.4
37.09607 -89.14965199999999 0.0 0.4
37.087807999999995 -89.15537599999999 0.0 0.4
37.077653 -89.165111 0.0 0.4
37.06831 -89.17208099999999 0.0 0.4
37.058803 -89.177359 0.0 0.4
37.049254 -89.18038299999999 0.0 0.4
37.039164 -89.182467 0.0 0.4
37.028946999999995 -89.181327 0.0 0.4
37.019476 -89.17809 0.0 0.4
37.010947 -89.172765 0.0 0.4
37.003014 -89.16533199999999 0.0 0.4
36.996179 -89.155924 0.0 0.4
36.990033 -89.147161 0.0 0.4
36.983758 -89.13655899999999 0.0 0.4
36.978662 -89.14538499999999 0.0 0.4
36.975411 -89.15566 0.0 0.4
36.970757 -89.168478 0.0 0.4
36.973518 -89.185491 0.0 0.4
36.981291 -89.19255199999999 0.0 0.4
36.993407 -89.195279 0.0 0.4
37.004988999999995 -89.19647599999999 0.0 0.4
37.014583 -89.19980799999999 0.0 0.4
37.022763 -89.20973599999999 0.0 0.4
37.027695 -89.219185 0.0 0.4
37.033892 -89.22939 0.0 0.4
37.041011999999995 -89.237111 0.0 0.4
37.051983 -89.242854 0.0 0.4
37.061212999999995 -89.24782599999999 0.0 0.4
37.069615 -89.25330799999999 0.0 0.4
37.064097 -89.26167099999999 0.0 0.4
37.065222 -89.280362 0.0 0.4
37.067342 -89.293987 0.0 0.4
37.069158 -89.304324 0.0 0.4
37.057897 -89.310819 0.0 0.4
37.047565 -89.304752 0.0 0.4
37.042313 -89.295524 0.0 0.4
37.038278999999996 -89.284104 0.0 0.4
37.028683 -89.266286 0.0 0.4
37.019991 -89.25899 0.0 0.4
37.008694999999996 -89.26021399999999 0.0 0.4
36.999192 -89.26414899999999 0.0 0.4
36.990494999999996 -89.274198 0.0 0.4
36.992188999999996 -89.29213 0.0 0.4
37.00005 -89.301779 0.0 0.4
37.008970999999995 -89.312704 0.0 0.4
37.01609 -89.322982 0.0 0.4
37.020317 -89.332163 0.0 0.4
37.025521 -89.345996 0.0 0.4
37.028892 -89.35781999999999 0.0 0.4
37.033243999999996 -89.367952 0.0 0.4
37.038481999999995 -89.376632 0.0 0.4
37.046441 -89.38393699999999 0.0 0.4
37.057072999999995 -89.385267 0.0 0.4
37.068667 -89.379752 0.0 0.4
37.078187 -89.37630899999999 0.0 0.4
37.088778 -89.37640999999999 0.0 0.4
37.098324 -89.381042 0.0 0.4
37.106418999999995 -89.387005 0.0 0.4
37.112313 -89.395505 0.0 0.4
37.117435 -89.404344 0.0 0.4
37.123351 -89.41262499999999 0.0 0.4
37.131206 -89.419657 0.0 0.4
37.150484 -89.43408699999999 0.0 0.4
37.161287 -89.43827499999999 0.0 0.4
37.170992999999996 -89.444884 0.0 0.4
37.182607999999995 -89.452529 0.0 0.4
37.199517 -89.461862 0.0 0.4
37.211683 -89.46545599999999 0.0 0.4
37.221844 -89.4675 0.0 0.4
37.233273 -89.461829 0.0 0.4
37.242594 -89.457832 0.0 0.4
37.25152 -89.46266 0.0 0.4
37.253325 -89.47447299999999 0.0 0.4
37.251765999999996 -89.48597699999999 0.0 0.4
37.257478 -89.495485 0.0 0.4
37.266728 -89.50497399999999 0.0 0.4
37.274336999999996 -89.511575 0.0 0.4
37.283026 -89.517596 0.0 0.4
37.293971 -89.51655699999999 0.0 0.4
37.303776 -89.51404199999999 0.0 0.4
37.31426 -89.509699 0.0 0.4
37.320743 -89.5004 0.0 0.4
37.328162 -89.49319299999999 0.0 0.4
37.335646 -89.484211 0.0 0.4
37.338367999999996 -89.470978 0.0 0.4
37.339172999999995 -89.457549 0.0 0.4
37.340475 -89.44755599999999 0.0 0.4
37.344440999999996 -89.43603999999999 0.0 0.4
37.352775 -89.429435 0.0 0.4
37.364135999999995 -89.426446 0.0 0.4
37.374984 -89.423557 0.0 0.4
37.388007 -89.420542 0.0 0.4
37.403499 -89.424472 0.0 0.4
37.41432 -89.42872899999999 0.0 0.4
37.42432 -89.433073 0.0 0.4
37.43534 -89.438611 0.0 0.4
37.443768999999996 -89.44496 0.0 0.4
37.451654999999995 -89.45264 0.0 0.4
37.459888 -89.462683 0.0 0.4
37.466473 -89.471201 0.0 0.4
37.474495 -89.47771999999999 0.0 0.4
37.48419 -89.484921 0.0 0.4
37.492922 -89.491303 0.0 0.4
37.50273 -89.496653 0.0 0.4
37.512347999999996 -89.500001 0.0 0.4
37.521397 -89.505512 0.0 0.4
37.52981 -89.5124 0.0 0.4
37.540254999999995 -89.517737 0.0 0.4
37.55135 -89.520568 0.0 0.4
37.563396999999995 -89.521979 0.0 0.4
37.574773 -89.521418 0.0 0.4
37.584261999999995 -89.51719 0.0 0.4
37.583209 -89.506374 0.0 0.4
37.580408 -89.495508 0.0 0.4
37.581415 -89.48433999999999 0.0 0.4
37.588156 -89.476511 0.0 0.4
37.598869 -89.478399 0.0 0.4
37.607157 -89.48579199999999 0.0 0.4
37.614526 -89.495064 0.0 0.4
37.621596 -89.50236 0.0 0.4
37.629991 -89.50926199999999 0.0 0.4
37.637937 -89.516296 0.0 0.4
37.648319 -89.51588199999999 0.0 0.4
37.658961 -89.51675999999999 0.0 0.4
37.669140999999996 -89.515902 0.0 0.4
37.679457 -89.512693 0.0 0.4
37.689495 -89.51403599999999 0.0 0.4
37.696329999999996 -89.521721 0.0 0.4
37.700334 -89.531427 0.0 0.4
37.703069 -89.548496 0.0 0.4
37.705819 -89.55971799999999 0.0 0.4
37.70803 -89.56976 0.0 0.4
37.711453 -89.579291 0.0 0.4
37.718357 -89.587615 0.0 0.4
37.727018 -89.59313 0.0 0.4
37.735003999999996 -89.59982699999999 0.0 0.4
37.739684 -89.608757 0.0 0.4
37.746739999999996 -89.615966 0.0 0.4
37.749046 -89.62633199999999 0.0 0.4
37.746133 -89.63623299999999 0.0 0.4
37.746030999999995 -89.646594 0.0 0.4
37.747476 -89.65769499999999 0.0 0.4
37.753571 -89.66599099999999 0.0 0.4
37.76405 -89.666506 0.0 0.4
37.773351999999996 -89.66217499999999 0.0 0.4
37.784681 -89.66024499999999 0.0 0.4
37.793946999999996 -89.665914 0.0 0.4
37.802254999999995 -89.673182 0.0 0.4
37.807514 -89.68244299999999 0.0 0.4
37.811991 -89.69179299999999 0.0 0.4
37.816603 -89.702389 0.0 0.4
37.82241 -89.711846 0.0 0.4
37.828061999999996 -89.720601 0.0 0.4
37.835114 -89.72943099999999 0.0 0.4
37.843455 -89.736385 0.0 0.4
37.84633 -89.746146 0.0 0.4
37.847604 -89.757353 0.0 0.4
37.85197 -89.767241 0.0 0.4
37.853871 -89.779811 0.0 0.4
37.857063 -89.793737 0.0 0.4
37.867512999999995 -89.79935499999999 0.0 0.4
37.878254999999996 -89.798306 0.0 0.4
37.884433 -89.806906 0.0 0.4
37.889661 -89.81680899999999 0.0 0.4
37.897672 -89.82974999999999 0.0 0.4
37.902975999999995 -89.83833299999999 0.0 0.4
37.904522 -89.848295 0.0 0.4
37.899204 -89.85707099999999 0.0 0.4
37.893676 -89.866686 0.0 0.4
37.886348999999996 -89.873716 0.0 0.4
37.879312 -89.88203299999999 0.0 0.4
37.874413 -89.890963 0.0 0.4
37.870134 -89.900894 0.0 0.4
37.8697 -89.913187 0.0 0.4
37.870697 -89.923375 0.0 0.4
37.873543 -89.933009 0.0 0.4
37.877395 -89.942847 0.0 0.4
37.883181 -89.952293 0.0 0.4
37.894675 -89.958811 0.0 0.4
37.902302999999996 -89.965285 0.0 0.4
37.913757 -89.97035799999999 0.0 0.4
37.923522 -89.974243 0.0 0.4
37.931753 -89.967885 0.0 0.4
37.938491 -89.96030499999999 0.0 0.4
37.940031 -89.948374 0.0 0.4
37.945356 -89.93928799999999 0.0 0.4
37.949825 -89.929902 0.0 0.4
37.958751 -89.925136 0.0 0.4
37.959581 -89.935885 0.0 0.4
37.969359 -89.940232 0.0 0.4
37.967987 -89.950745 0.0 0.4
37.96499 -89.962274 0.0 0.4
37.963868999999995 -89.972416 0.0 0.4
37.961906 -89.98450799999999 0.0 0.4
37.963218999999995 -89.996848 0.0 0.4
37.97011 -90.007936 0.0 0.4
37.979616 -90.01630899999999 0.0 0.4
37.988130999999996 -90.024242 0.0 0.4
37.995126 -90.031795 0.0 0.4
38.000222 -90.040446 0.0 0.4
38.005432 -90.051941 0.0 0.4
38.014362 -90.05726899999999 0.0 0.4
38.01686 -90.067848 0.0 0.4
38.015428 -90.080959 0.0 0.4
38.016971 -90.091445 0.0 0.4
38.022028999999996 -90.10214099999999 0.0 0.4
38.027156999999995 -90.111424 0.0 0.4
38.034549999999996 -90.120252 0.0 0.4
38.042412999999996 -90.126544 0.0 0.4
38.054286 -90.12629 0.0 0.4
38.063955 -90.133865 0.0 0.4
38.068418 -90.143202 0.0 0.4
38.072305 -90.15285899999999 0.0 0.4
38.074584 -90.162624 0.0 0.4
38.069635999999996 -90.17222 0.0 0.4
38.076851 -90.188115 0.0 0.4
38.085159 -90.20276799999999 0.0 0.4
38.093466 -90.217019 0.0 0.4
38.101268999999995 -90.22819199999999 0.0 0.4
38.108197 -90.23794699999999 0.0 0.4
38.115891 -90.245651 0.0 0.4
38.125054 -90.250118 0.0 0.4
38.135117 -90.258178 0.0 0.4
38.145393999999996 -90.26578599999999 0.0 0.4
38.157559 -90.27484299999999 0.0 0.4
38.164373 -90.28298 0.0 0.4
38.175139 -90.30032899999999 0.0 0.4
38.178573 -90.310627 0.0 0.4
38.18082 -90.320381 0.0 0.4
38.186523 -90.33017 0.0 0.4
38.19408 -90.337892 0.0 0.4
38.202549 -90.34436699999999 0.0 0.4
38.211649 -90.35220699999999 0.0 0.4
38.221981 -90.358628 0.0 0.4
38.236354999999996 -90.36392599999999 0.0 0.4
38.248343999999996 -90.366948 0.0 0.4
38.260183999999995 -90.36813099999999 0.0 0.4
38.271094999999995 -90.370408 0.0 0.4
38.283725 -90.372422 0.0 0.4
38.296417 -90.37262 0.0 0.4
38.307865 -90.37166099999999 0.0 0.4
38.319787999999996 -90.37194699999999 0.0 0.4
38.330897 -90.371476 0.0 0.4
38.341125999999996 -90.367387 0.0 0.4
38.352443 -90.36120799999999 0.0 0.4
38.363956 -90.354995 0.0 0.4
38.374762 -90.35061999999999 0.0 0.4
38.384040999999996 -90.344309 0.0 0.4
38.394844 -90.334277 0.0 0.4
38.400963 -90.325839 0.0 0.4
38.412352 -90.31437199999999 0.0 0.4
38.419951999999995 -90.304209 0.0 0.4
38.427459999999996 -90.293685 0.0 0.4
38.436861 -90.288541 0.0 0.4
38.451674 -90.284043 0.0 0.4
38.462736 -90.281823 0.0 0.4
38.474014 -90.279077 0.0 0.4
38.485085 -90.27556 0.0 0.4
38.497575999999995 -90.271261 0.0 0.4
38.512688 -90.26631599999999 0.0 0.4
38.522309 -90.263339 0.0 0.4
38.531852 -90.257413 0.0 0.4
38.542804 -90.25027899999999 0.0 0.4
38.551566 -90.243375 0.0 0.4
38.559832 -90.23663499999999 0.0 0.4
38.568981 -90.229176 0.0 0.4
38.57648 -90.222104 0.0 0.4
38.58398 -90.21010299999999 0.0 0.4
38.589434 -90.201658 0.0 0.4
38.596761 -90.193874 0.0 0.4
38.607864 -90.18666499999999 0.0 0.4
38.617867 -90.182467 0.0 0.4
38.628917 -90.178889 0.0 0.4
38.639680999999996 -90.17780499999999 0.0 0.4
38.650656 -90.17929 0.0 0.4
38.66512 -90.182537 0.0 0.4
38.674701999999996 -90.186375 0.0 0.4
38.684107999999995 -90.192816 0.0 0.4
38.693478999999996 -90.202202 0.0 0.4
38.702779 -90.20920199999999 0.0 0.4
38.716221999999995 -90.21193699999999 0.0 0.4
38.72605 -90.20991 0.0 0.4
38.742978 -90.191301 0.0 0.4
38.754478 -90.176301 0.0 0.4
38.763991 -90.172861 0.0 0.4
38.772448 -90.166574 0.0 0.4
38.779171999999996 -90.154405 0.0 0.4
38.784132 -90.14504699999999 0.0 0.4
38.791214 -90.13389099999999 0.0 0.4
38.798048 -90.12310699999999 0.0 0.4
38.811240999999995 -90.115935 0.0 0.4
38.824417 -90.112327 0.0 0.4
38.835518 -90.109552 0.0 0.4
38.846046 -90.11120799999999 0.0 0.4
38.852508 -90.12011 0.0 0.4
38.856942 -90.129727 0.0 0.4
38.861958 -90.13878299999999 0.0 0.4
38.865707 -90.148251 0.0 0.4
38.871047999999995 -90.157708 0.0 0.4
38.876348 -90.166409 0.0 0.4
38.88154 -90.17858299999999 0.0 0.4
38.885445 -90.188035 0.0 0.4
38.890324 -90.20100000000001 0.0 0.4
38.896648 -90.20900999999999 0.0 0.4
38.903076 -90.216979 0.0 0.4
38.908923 -90.22585 0.0 0.4
38.912549 -90.235863 0.0 0.4
38.917116 -90.246403 0.0 0.4
38.920763 -90.256993 0.0 0.4
38.922036999999996 -90.267904 0.0 0.4
38.923868 -90.279592 0.0 0.4
38.923611 -90.29095699999999 0.0 0.4
38.923457 -90.30129 0.0 0.4
38.925233999999996 -90.31182 0.0 0.4
38.929086999999996 -90.32112699999999 0.0 0.4
38.932215 -90.33063399999999 0.0 0.4
38.937548 -90.34061299999999 0.0 0.4
38.944472999999995 -90.355638 0.0 0.4
38.948997999999996 -90.366934 0.0 0.4
38.952624 -90.37639899999999 0.0 0.4
38.956438999999996 -90.385757 0.0 0.4
38.960037 -90.395816 0.0 0.4
38.962554 -90.40636699999999 0.0 0.4
38.963454999999996 -90.416598 0.0 0.4
38.963802 -90.427138 0.0 0.4
38.966750999999995 -90.43726099999999 0.0 0.4
38.967076 -90.447666 0.0 0.4
38.965644999999995 -90.458186 0.0 0.4
38.961808999999995 -90.467784 0.0 0.4
38.954544999999996 -90.474865 0.0 0.4
38.946062 -90.481229 0.0 0.4
38.93573 -90.482674 0.0 0.4
38.925861999999995 -90.48705799999999 0.0 0.4
38.917367 -90.49403699999999 0.0 0.4
38.907384 -90.503148 0.0 0.4
38.900923999999996 -90.51132799999999 0.0 0.4
38.889421 -90.528244 0.0 0.4
38.881775999999995 -90.53651599999999 0.0 0.4
38.87505 -90.54571 0.0 0.4
38.870456999999995 -90.557569 0.0 0.4
38.868742 -90.568356 0.0 0.4
38.86877 -90.581913 0.0 0.4
38.873565 -90.591826 0.0 0.4
38.880021 -90.60644099999999 0.0 0.4
38.884158 -90.616175 0.0 0.4
38.88942 -90.625991 0.0 0.4
38.903940999999996 -90.635896 0.0 0.4
38.910378 -90.644143 0.0 0.4
38.919421 -90.65504899999999 0.0 0.4
38.926283 -90.663018 0.0 0.4
38.937279 -90.664334 0.0 0.4
38.946962 -90.668874 0.0 0.4
38.95773 -90.67432199999999 0.0 0.4
38.96841 -90.676315 0.0 0.4
38.979777999999996 -90.675946 0.0 0.4
38.991851 -90.678193 0.0 0.4
39.001708 -90.685046 0.0 0.4
39.011542 -90.68982299999999 0.0 0.4
39.029074 -90.70059499999999 0.0 0.4
39.040774 -90.707059 0.0 0.4
39.049735999999996 -90.71272599999999 0.0 0.4
39.060184 -90.70843699999999 0.0 0.4
39.069928 -90.70126599999999 0.0 0.4
39.079237 -90.693551 0.0 0.4
39.085862999999996 -90.68529799999999 0.0 0.4
39.099491 -90.681038 0.0 0.4
39.113566999999996 -90.684518 0.0 0.4
39.122673999999996 -90.690102 0.0 0.4
39.131122 -90.695926 0.0 0.4
39.138749 -90.702923 0.0 0.4
39.148641999999995 -90.707115 0.0 0.4
39.160911 -90.709366 0.0 0.4
39.172923999999995 -90.709953 0.0 0.4
39.183339 -90.713713 0.0 0.4
39.197413999999995 -90.717404 0.0 0.4
39.210414 -90.716597 0.0 0.4
39.221388 -90.720542 0.0 0.4
39.23273 -90.721593 0.0 0.4
39.247338 -90.725929 0.0 0.4
39.257712999999995 -90.731967 0.0 0.4
39.262854 -90.74231499999999 0.0 0.4
39.266563999999995 -90.75274 0.0 0.4
39.279039 -90.76662999999999 0.0 0.4
39.290544 -90.773887 0.0 0.4
39.297163999999995 -90.783789 0.0 0.4
39.304277 -90.791305 0.0 0.4
39.312393 -90.798208 0.0 0.4
39.316721 -90.80747799999999 0.0 0.4
39.320496 -90.816851 0.0 0.4
39.335460999999995 -90.83475299999999 0.0 0.4
39.345272 -90.84750000000001 0.0 0.4
39.351369999999996 -90.859113 0.0 0.4
39.355578 -90.868432 0.0 0.4
39.360599 -90.87856599999999 0.0 0.4
39.365524 -90.89049 0.0 0.4
39.372354 -90.900095 0.0 0.4
39.380393999999995 -90.906798 0.0 0.4
39.382503 -90.916833 0.0 0.4
39.386384 -90.92678699999999 0.0 0.4
39.393529 -90.93478499999999 0.0 0.4
39.402744 -90.939025 0.0 0.4
39.407502 -90.94829899999999 0.0 0.4
39.410267 -90.96229799999999 0.0 0.4
39.414144 -90.972465 0.0 0.4
39.419762 -90.98132 0.0 0.4
39.422413 -90.992317 0.0 0.4
39.427082 -91.002603 0.0 0.4
39.432660999999996 -91.011954 0.0 0.4
39.438694 -91.02360999999999 0.0 0.4
39.445204 -91.033349 0.0 0.4
39.452059 -91.042352 0.0 0.4
39.458987 -91.0496 0.0 0.4
39.466086 -91.057114 0.0 0.4
39.478047 -91.062789 0.0 0.4
39.491718 -91.06405699999999 0.0 0.4
39.500046 -91.07176899999999 0.0 0.4
39.507728 -91.079769 0.0 0.4
39.517140999999995 -91.086292 0.0 0.4
39.529275 -91.092869 0.0 0.4
39.538695 -91.100307 0.0 0.4
39.541098 -91.114305 0.0 0.4
39.542068 -91.12513899999999 0.0 0.4
39.543883 -91.135002 0.0 0.4
39.545238999999995 -91.144937 0.0 0.4
39.550576 -91.15624199999999 0.0 0.4
39.558566 -91.163634 0.0 0.4
39.568072 -91.169371 0.0 0.4
39.579482 -91.171144 0.0 0.4
39.591975 -91.17423199999999 0.0 0.4
39.601135 -91.180396 0.0 0.4
39.606165 -91.18911399999999 0.0 0.4
39.609127 -91.19909899999999 0.0 0.4
39.612499 -91.208895 0.0 0.4
39.615918 -91.218817 0.0 0.4
39.620853 -91.229317 0.0 0.4
39.628648 -91.23974 0.0 0.4
39.637311 -91.245914 0.0 0.4
39.644601 -91.25427499999999 0.0 0.4
39.652544999999996 -91.263055 0.0 0.4
39.660683 -91.270456 0.0 0.4
39.666975 -91.27855699999999 0.0 0.4
39.672768 -91.28933699999999 0.0 0.4
39.677448999999996 -91.29841599999999 0.0 0.4
39.684864999999995 -91.306693 0.0 0.4
39.692591 -91.317814 0.0 0.4
39.699742 -91.330401 0.0 0.4
39.705666 -91.339567 0.0 0.4
39.712185 -91.348919 0.0 0.4
39.718725 -91.356686 0.0 0.4
39.729029 -91.367753 0.0 0.4
39.739081 -91.369784 0.0 0.4
39.750045 -91.368419 0.0 0.4
39.760149999999996 -91.365211 0.0 0.4
39.770845 -91.365729 0.0 0.4
39.781123 -91.364122 0.0 0.4
39.792804 -91.363444 0.0 0.4
39.801511 -91.369005 0.0 0.4
39.810033 -91.376488 0.0 0.4
39.816297 -91.386665 0.0 0.4
39.821472 -91.39731599999999 0.0 0.4
39.826471999999995 -91.406223 0.0 0.4
39.831120999999996 -91.415097 0.0 0.4
39.837626 -91.42846899999999 0.0 0.4
39.845074 -91.435541 0.0 0.4
39.856567 -91.439196 0.0 0.4
39.867101999999996 -91.44393199999999 0.0 0.4
39.877950999999996 -91.44784399999999 0.0 0.4
39.891774 -91.44428099999999 0.0 0.4
39.90031 -91.436673 0.0 0.4
39.907728999999996 -91.428956 0.0 0.4
39.914865 -91.420878 0.0 0.4
39.925422 -91.41903699999999 0.0 0.4
39.934684999999995 -91.42323999999999 0.0 0.4
39.941901 -91.430657 0.0 0.4
39.948465 -91.43910799999999 0.0 0.4
39.956477 -91.445267 0.0 0.4
39.967192999999995 -91.45131599999999 0.0 0.4
39.975769 -91.457191 0.0 0.4
39.983129 -91.464692 0.0 0.4
39.993742 -91.46849 0.0 0.4
40.002283 -91.474051 0.0 0.4
40.012372 -91.479509 0.0 0.4
40.021012 -91.485284 0.0 0.4
40.030059 -91.49124599999999 0.0 0.4
40.041315999999995 -91.493888 0.0 0.4
40.056427 -91.489734 0.0 0.4
40.070951 -91.49536499999999 0.0 0.4
40.088279 -91.500143 0.0 0.4
40.098848 -91.502617 0.0 0.4
40.109966 -91.506453 0.0 0.4
40.120478999999996 -91.508731 0.0 0.4
40.130465 -91.510401 0.0 0.4
40.140743 -91.511504 0.0 0.4
40.15105 -91.510858 0.0 0.4
40.161212 -91.509193 0.0 0.4
40.172941 -91.51230199999999 0.0 0.4
40.184717 -91.512316 0.0 0.4
40.195606 -91.505495 0.0 0.4
40.206927 -91.507019 0.0 0.4
40.218254 -91.506159 0.0 0.4
40.229563999999996 -91.504272 0.0 0.4
40.239903 -91.505252 0.0 0.4
40.247422 -91.498104 0.0 0.4
40.257062999999995 -91.49173499999999 0.0 0.4
40.267427 -91.49204 0.0 0.4
40.278217 -91.492727 0.0 0.4
40.288556 -91.488553 0.0 0.4
40.298086 -91.483741 0.0 0.4
40.308254 -91.477083 0.0 0.4
40.31734 -91.471826 0.0 0.4
40.332876999999996 -91.46713799999999 0.0 0.4
40.342134 -91.462322 0.0 0.4
40.350159999999995 -91.455516 0.0 0.4
40.358495 -91.44837799999999 0.0 0.4
40.366569 -91.439342 0.0 0.4
40.370385999999996 -91.429442 0.0 0.4
40.377559999999995 -91.420174 0.0 0.4
40.382413 -91.411037 0.0 0.4
40.383126999999995 -91.396996 0.0 0.4
40.38643 -91.38420099999999 0.0 0.4
40.391925 -91.375712 0.0 0.4
40.40277 -91.372435 0.0 0.4
40.414279 -91.37282599999999 0.0 0.4
40.424321 -91.376515 0.0 0.4
40.435395 -91.38096499999999 0.0 0.4
40.446039999999996 -91.381468 0.0 0.4
40.456393999999996 -91.37814399999999 0.0 0.4
40.465495 -91.373267 0.0 0.4
40.474641999999996 -91.368074 0.0 0.4
40.484168 -91.364915 0.0 0.4
40.494211 -91.363683 0.0 0.4
40.506795 -91.366489 0.0 0.4
40.519858 -91.375152 0.0 0.4
40.528247 -91.381857 0.0 0.4
40.534543 -91.394475 0.0 0.4
40.539127 -91.404125 0.0 0.4
40.551831 -91.406373 0.0 0.4
40.568608 -91.388179 0.0 0.4
40.57445 -91.379752 0.0 0.4
40.586841 -91.37114 0.0 0.4
40.595394999999996 -91.364752 0.0 0.4
40.604262999999996 -91.357058 0.0 0.4
40.612835 -91.34127 0.0 0.4
40.625040999999996 -91.310048 0.0 0.4
40.627883 -91.29813399999999 0.0 0.4
40.6299 -91.28667 0.0 0.4
40.632239999999996 -91.276175 0.0 0.4
40.633893 -91.26495299999999 0.0 0.4
40.63745 -91.25540199999999 0.0 0.4
40.638115 -91.23244 0.0 0.4
40.638436999999996 -91.218437 0.0 0.4
40.636593999999995 -91.202384 0.0 0.4
40.637297 -91.18697999999999 0.0 0.4
