40.476876 -87.526589 0.0 0.4
40.486984 -87.52643499999999 0.0 0.4
40.497271999999995 -87.526293 0.0 0.4
40.507355 -87.526179 0.0 0.4
40.517942999999995 -87.526331 0.0 0.4
40.531729 -87.52628 0.0 0.4
40.542173 -87.52632799999999 0.0 0.4
40.552417999999996 -87.526305 0.0 0.4
40.563275 -87.52628 0.0 0.4
40.573298 -87.526242 0.0 0.4
40.583597 -87.526164 0.0 0.4
40.593897 -87.526125 0.0 0.4
40.604490999999996 -87.52602999999999 0.0 0.4
40.616369 -87.526054 0.0 0.4
40.626425999999995 -87.526091 0.0 0.4
40.63651 -87.526134 0.0 0.4
40.646837999999995 -87.526208 0.0 0.4
40.657337 -87.52623299999999 0.0 0.4
40.667609999999996 -87.526213 0.0 0.4
40.678111 -87.52629499999999 0.0 0.4
40.688899 -87.526236 0.0 0.4
40.699768999999996 -87.526219 0.0 0.4
40.709966 -87.526173 0.0 0.4
40.720616 -87.526095 0.0 0.4
40.73131 -87.526072 0.0 0.4
40.744136 -87.526011 0.0 0.4
40.756130999999996 -87.52600000000001 0.0 0.4
40.767941 -87.525983 0.0 0.4
40.777947 -87.52594599999999 0.0 0.4
40.789016 -87.52584399999999 0.0 0.4
40.800785 -87.525892 0.0 0.4
40.811023 -87.52581099999999 0.0 0.4
40.821560999999996 -87.52571999999999 0.0 0.4
40.833057 -87.525678 0.0 0.4
40.843661 -87.525696 0.0 0.4
40.853845 -87.525835 0.0 0.4
40.865017 -87.525975 0.0 0.4
40.875035 -87.52592399999999 0.0 0.4
40.894154 -87.52643599999999 0.0 0.4
40.905018999999996 -87.525973 0.0 0.4
40.919148 -87.526048 0.0 0.4
40.929249 -87.52610399999999 0.0 0.4
40.944921 -87.526054 0.0 0.4
40.955192 -87.52599 0.0 0.4
40.966288999999996 -87.52600199999999 0.0 0.4
40.976504999999996 -87.526094 0.0 0.4
40.987012 -87.526203 0.0 0.4
40.9983 -87.526271 0.0 0.4
41.008548999999995 -87.52627199999999 0.0 0.4
41.019116 -87.526321 0.0 0.4
41.031546 -87.526394 0.0 0.4
41.042015 -87.526341 0.0 0.4
41.052056 -87.526377 0.0 0.4
41.062431 -87.5265 0.0 0.4
41.07272 -87.526528 0.0 0.4
41.083192 -87.526561 0.0 0.4
41.093765 -87.52658699999999 0.0 0.4
41.103919 -87.52660399999999 0.0 0.4
41.115362999999995 -87.526659 0.0 0.4
41.126152 -87.52664 0.0 0.4
41.136555 -87.526619 0.0 0.4
41.147327 -87.526684 0.0 0.4
41.157512 -87.526656 0.0 0.4
41.169773 -87.52657599999999 0.0 0.4
41.181794 -87.526573 0.0 0.4
41.19448 -87.52651499999999 0.0 0.4
41.20914 -87.52650799999999 0.0 0.4
41.223040999999995 -87.526502 0.0 0.4
41.238521999999996 -87.52651999999999 0.0 0.4
41.250040999999996 -87.52658 0.0 0.4
41.261036999999995 -87.526634 0.0 0.4
41.272461 -87.526691 0.0 0.4
41.282658999999995 -87.526743 0.0 0.4
41.298052 -87.526731 0.0 0.4
41.308324999999996 -87.52675699999999 0.0 0.4
41.323715 -87.526656 0.0 0.4
41.333814 -87.526613 0.0 0.4
41.344082 -87.526547 0.0 0.4
41.354271999999995 -87.52644099999999 0.0 0.4
41.365286999999995 -87.526367 0.0 0.4
41.375339 -87.526285 0.0 0.4
41.386148999999996 -87.52620999999999 0.0 0.4
41.397214999999996 -87.526167 0.0 0.4
41.408024999999995 -87.526169 0.0 0.4
41.419447 -87.525994 0.0 0.4
41.430025 -87.525869 0.0 0.4
41.440231999999995 -87.52581699999999 0.0 0.4
41.45102 -87.525888 0.0 0.4
41.461152999999996 -87.52560299999999 0.0 0.4
41.471525 -87.52564 0.0 0.4
41.482811 -87.525538 0.0 0.4
41.49463 -87.52553999999999 0.0 0.4
41.506812 -87.525543 0.0 0.4
41.517436 -87.525611 0.0 0.4
41.528344 -87.525607 0.0 0.4
41.539887 -87.525437 0.0 0.4
41.549958 -87.525407 0.0 0.4
41.561412999999995 -87.525317 0.0 0.4
41.573837999999995 -87.52528199999999 0.0 0.4
41.585353999999995 -87.525384 0.0 0.4
41.595585 -87.525196 0.0 0.4
41.605953 -87.525217 0.0 0.4
41.616805 -87.525132 0.0 0.4
41.628976 -87.525052 0.0 0.4
41.639283 -87.52505 0.0 0.4
41.650116 -87.524794 0.0 0.4
41.660435 -87.524743 0.0 0.4
41.671979 -87.52478099999999 0.0 0.4
41.686411 -87.524805 0.0 0.4
41.697237 -87.524624 0.0 0.4
41.707511 -87.524215 0.0 0.4
41.71821 -87.524311 0.0 0.4
41.735127999999996 -87.52399199999999 0.0 0.4
41.759907 -87.52366099999999 0.0 0.4
41.760092 -87.50478799999999 0.0 0.4
41.760343999999996 -87.444234 0.0 0.4
41.76025 -87.375042 0.0 0.4
41.760537 -87.27680699999999 0.0 0.4
41.760616 -87.250039 0.0 0.4
41.760889 -87.221 0.0 0.4
41.760942 -87.210419 0.0 0.4
41.761038 -87.191226 0.0 0.4
41.761285 -87.141583 0.0 0.4
41.761368 -87.125036 0.0 0.4
41.760521999999995 -87.086902 0.0 0.4
41.760743999999995 -87.000033 0.0 0.4
41.760867999999995 -86.97250000000001 0.0 0.4
41.76104 -86.934367 0.0 0.4
41.760894 -86.921673 0.0 0.4
41.760473999999995 -86.88669 0.0 0.4
41.760335 -86.87503 0.0 0.4
41.760279 -86.848371 0.0 0.4
41.760335999999995 -86.83835599999999 0.0 0.4
41.760359 -86.828305 0.0 0.4
41.760295 -86.81741699999999 0.0 0.4
41.760279 -86.807386 0.0 0.4
41.760255 -86.792942 0.0 0.4
41.760214999999995 -86.780525 0.0 0.4
41.760114 -86.76763299999999 0.0 0.4
41.759963 -86.75298099999999 0.0 0.4
41.759865999999995 -86.72777699999999 0.0 0.4
41.759816 -86.715622 0.0 0.4
41.759792 -86.701678 0.0 0.4
41.75972 -86.688463 0.0 0.4
41.759709 -86.670096 0.0 0.4
41.759713999999995 -86.65686099999999 0.0 0.4
41.75973 -86.641181 0.0 0.4
41.759696 -86.630223 0.0 0.4
41.759636 -86.613277 0.0 0.4
41.759539 -86.602599 0.0 0.4
41.759487 -86.591616 0.0 0.4
41.759546 -86.572402 0.0 0.4
41.759592 -86.55234999999999 0.0 0.4
41.759626999999995 -86.535155 0.0 0.4
41.759659 -86.524217 0.0 0.4
41.759679 -86.513021 0.0 0.4
41.759678 -86.50260399999999 0.0 0.4
41.759648999999996 -86.486361 0.0 0.4
41.759613 -86.474542 0.0 0.4
41.759614 -86.455232 0.0 0.4
41.759553 -86.44356599999999 0.0 0.4
41.759636 -86.429324 0.0 0.4
41.759631999999996 -86.416584 0.0 0.4
41.759873 -86.398484 0.0 0.4
41.759875 -86.378913 0.0 0.4
41.75987 -86.36881 0.0 0.4
41.760013 -86.350786 0.0 0.4
41.760134 -86.33988599999999 0.0 0.4
41.760253999999996 -86.32343999999999 0.0 0.4
41.76028 -86.31304 0.0 0.4
41.760469 -86.294823 0.0 0.4
41.76052 -86.28442199999999 0.0 0.4
41.760425 -86.274215 0.0 0.4
41.760487999999995 -86.263795 0.0 0.4
41.760538 -86.253276 0.0 0.4
41.760512999999996 -86.241846 0.0 0.4
41.760391999999996 -86.231815 0.0 0.4
41.760438 -86.220491 0.0 0.4
41.760455 -86.20985399999999 0.0 0.4
41.76048 -86.18907999999999 0.0 0.4
41.760466 -86.178675 0.0 0.4
41.760461 -86.166823 0.0 0.4
41.760534 -86.15220000000001 0.0 0.4
41.760549 -86.137787 0.0 0.4
41.760605 -86.127723 0.0 0.4
41.760649 -86.115915 0.0 0.4
41.760638 -86.088465 0.0 0.4
41.760574 -86.069199 0.0 0.4
41.760462 -86.055763 0.0 0.4
41.76045 -86.04108099999999 0.0 0.4
41.760404 -86.030166 0.0 0.4
41.760287999999996 -86.010806 0.0 0.4
41.76021 -86.000152 0.0 0.4
41.760017 -85.97497 0.0 0.4
41.759941 -85.962724 0.0 0.4
41.760011 -85.95047699999999 0.0 0.4
41.759813 -85.940253 0.0 0.4
41.759747 -85.926132 0.0 0.4
41.759651999999996 -85.90709 0.0 0.4
41.759508 -85.895521 0.0 0.4
41.759411 -85.88530899999999 0.0 0.4
41.759295 -85.87508299999999 0.0 0.4
41.759277999999995 -85.861237 0.0 0.4
41.759236 -85.847912 0.0 0.4
41.759197 -85.837355 0.0 0.4
41.759147999999996 -85.819082 0.0 0.4
41.759063999999995 -85.800657 0.0 0.4
41.759079 -85.790511 0.0 0.4
41.759115 -85.77982999999999 0.0 0.4
41.759074 -85.767094 0.0 0.4
41.758969 -85.75029099999999 0.0 0.4
41.759032999999995 -85.738035 0.0 0.4
41.75904 -85.72464599999999 0.0 0.4
41.759035999999995 -85.711252 0.0 0.4
41.759052 -85.699197 0.0 0.4
41.759043999999996 -85.682571 0.0 0.4
41.759057 -85.67048799999999 0.0 0.4
41.759066999999995 -85.659983 0.0 0.4
41.759101 -85.649896 0.0 0.4
41.759100000000004 -85.63968899999999 0.0 0.4
41.759094 -85.629409 0.0 0.4
41.759131 -85.608205 0.0 0.4
41.759181 -85.597365 0.0 0.4
41.759232999999995 -85.58631299999999 0.0 0.4
41.759268999999996 -85.571212 0.0 0.4
41.759315 -85.55709399999999 0.0 0.4
41.75944 -85.54536 0.0 0.4
41.759355 -85.525757 0.0 0.4
41.759312 -85.515624 0.0 0.4
41.759374 -85.50119 0.0 0.4
41.759266 -85.486638 0.0 0.4
41.759456 -85.47474299999999 0.0 0.4
41.759591 -85.447756 0.0 0.4
41.759608 -85.43253299999999 0.0 0.4
41.759674 -85.420609 0.0 0.4
41.759848999999996 -85.408749 0.0 0.4
41.759771 -85.39773 0.0 0.4
41.759763 -85.379238 0.0 0.4
41.759879 -85.369019 0.0 0.4
41.759862 -85.355024 0.0 0.4
41.75992 -85.33798999999999 0.0 0.4
41.759893999999996 -85.326245 0.0 0.4
41.759930999999995 -85.311756 0.0 0.4
41.759872 -85.301498 0.0 0.4
41.759792999999995 -85.28661799999999 0.0 0.4
41.759813 -85.273814 0.0 0.4
41.759763 -85.254142 0.0 0.4
41.759766 -85.235473 0.0 0.4
41.759707 -85.22545 0.0 0.4
41.759679 -85.215103 0.0 0.4
41.759634 -85.202344 0.0 0.4
41.759609999999995 -85.190711 0.0 0.4
41.759619 -85.17561599999999 0.0 0.4
41.759538 -85.156179 0.0 0.4
41.759589 -85.136709 0.0 0.4
41.759613 -85.12293 0.0 0.4
41.759659 -85.111814 0.0 0.4
41.759668999999995 -85.10154399999999 0.0 0.4
41.759671 -85.090676 0.0 0.4
41.759648 -85.07829 0.0 0.4
41.759623999999995 -85.06611 0.0 0.4
41.759637999999995 -85.053101 0.0 0.4
41.759682999999995 -85.03928599999999 0.0 0.4
41.759730999999995 -85.01979399999999 0.0 0.4
41.759678 -85.00332999999999 0.0 0.4
41.759594 -84.99269199999999 0.0 0.4
41.759491 -84.980969 0.0 0.4
41.759613 -84.961343 0.0 0.4
41.759681 -84.947701 0.0 0.4
41.759724 -84.932384 0.0 0.4
41.759718 -84.917723 0.0 0.4
41.759752 -84.90302 0.0 0.4
41.759865999999995 -84.883682 0.0 0.4
41.759906 -84.873194 0.0 0.4
41.759907999999996 -84.861156 0.0 0.4
41.759975 -84.84476599999999 0.0 0.4
41.759994999999996 -84.830052 0.0 0.4
41.760025999999996 -84.820013 0.0 0.4
41.760017999999995 -84.810008 0.0 0.4
41.750401 -84.805838 0.0 0.4
41.739968999999995 -84.80600799999999 0.0 0.4
41.728457999999996 -84.80594599999999 0.0 0.4
41.712033999999996 -84.80599099999999 0.0 0.4
41.701895 -84.80595199999999 0.0 0.4
41.69117 -84.805998 0.0 0.4
41.680859999999996 -84.806026 0.0 0.4
41.670103999999995 -84.806102 0.0 0.4
41.654877 -84.805857 0.0 0.4
41.643854999999995 -84.80579399999999 0.0 0.4
41.632869 -84.80594699999999 0.0 0.4
41.620004 -84.805793 0.0 0.4
41.609995999999995 -84.805658 0.0 0.4
41.599893 -84.80554099999999 0.0 0.4
41.589434 -84.805431 0.0 0.4
41.579282 -84.80533199999999 0.0 0.4
41.568833999999995 -84.80516899999999 0.0 0.4
41.558797999999996 -84.805033 0.0 0.4
41.548787999999995 -84.804872 0.0 0.4
41.536944999999996 -84.804752 0.0 0.4
41.526466 -84.80465799999999 0.0 0.4
41.51643 -84.80456199999999 0.0 0.4
41.505567 -84.804476 0.0 0.4
41.488153 -84.80434 0.0 0.4
41.477939 -84.804245 0.0 0.4
41.467512 -84.80418399999999 0.0 0.4
41.456465 -84.804163 0.0 0.4
41.445705 -84.80407699999999 0.0 0.4
41.433845999999996 -84.804041 0.0 0.4
41.42267 -84.803961 0.0 0.4
41.411529 -84.803916 0.0 0.4
41.386586 -84.803996 0.0 0.4
41.376247 -84.803922 0.0 0.4
41.365742999999995 -84.80400399999999 0.0 0.4
41.355118999999995 -84.804011 0.0 0.4
41.343574 -84.804028 0.0 0.4
41.332719 -84.804 0.0 0.4
41.321867999999995 -84.80393699999999 0.0 0.4
41.311243999999995 -84.803887 0.0 0.4
41.300578 -84.803811 0.0 0.4
41.290458 -84.80372 0.0 0.4
41.280272 -84.803651 0.0 0.4
41.270156 -84.80357599999999 0.0 0.4
41.259831999999996 -84.80353699999999 0.0 0.4
41.247794999999996 -84.803517 0.0 0.4
41.237263999999996 -84.80350899999999 0.0 0.4
41.227213 -84.803495 0.0 0.4
41.216367 -84.803552 0.0 0.4
41.204508 -84.80352599999999 0.0 0.4
41.193211999999995 -84.80347599999999 0.0 0.4
41.18208 -84.80342 0.0 0.4
41.172075 -84.80355 0.0 0.4
41.161622 -84.80350899999999 0.0 0.4
41.151120999999996 -84.803501 0.0 0.4
41.140696999999996 -84.803491 0.0 0.4
41.130438 -84.80349 0.0 0.4
41.119827 -84.803488 0.0 0.4
41.107516 -84.803434 0.0 0.4
41.096866999999996 -84.803388 0.0 0.4
41.086301999999996 -84.803354 0.0 0.4
41.07508 -84.803327 0.0 0.4
41.063755 -84.803309 0.0 0.4
41.053255 -84.803253 0.0 0.4
41.042544 -84.80321699999999 0.0 0.4
41.030308999999995 -84.803179 0.0 0.4
41.018795 -84.803294 0.0 0.4
41.008517 -84.80328899999999 0.0 0.4
40.998352 -84.80331699999999 0.0 0.4
40.988276 -84.80325599999999 0.0 0.4
40.977709 -84.80321099999999 0.0 0.4
40.967670999999996 -84.803174 0.0 0.4
40.956201 -84.80313699999999 0.0 0.4
40.946069 -84.803049 0.0 0.4
40.935953999999995 -84.80301 0.0 0.4
40.925034 -84.802931 0.0 0.4
40.915009999999995 -84.802883 0.0 0.4
40.902248 -84.802812 0.0 0.4
40.892134 -84.80273 0.0 0.4
40.880902999999996 -84.802638 0.0 0.4
40.870816999999995 -84.802534 0.0 0.4
40.860423999999995 -84.80246799999999 0.0 0.4
40.849779 -84.80240599999999 0.0 0.4
40.839388 -84.80234899999999 0.0 0.4
40.829336 -84.802325 0.0 0.4
40.81919 -84.802317 0.0 0.4
40.807933999999996 -84.802264 0.0 0.4
40.797726999999995 -84.802241 0.0 0.4
40.78588 -84.80228 0.0 0.4
40.773046 -84.802343 0.0 0.4
40.762913999999995 -84.802464 0.0 0.4
40.75266 -84.802387 0.0 0.4
40.742455 -84.80232099999999 0.0 0.4
40.731732 -84.802284 0.0 0.4
40.718579 -84.802269 0.0 0.4
40.706838999999995 -84.802283 0.0 0.4
40.691500999999995 -84.802093 0.0 0.4
40.681021 -84.802143 0.0 0.4
40.669666 -84.802358 0.0 0.4
40.658798999999995 -84.802326 0.0 0.4
40.644935 -84.802302 0.0 0.4
40.631879 -84.802257 0.0 0.4
40.615908 -84.80228199999999 0.0 0.4
40.605639 -84.802318 0.0 0.4
40.594221999999995 -84.80236099999999 0.0 0.4
40.58358 -84.802416 0.0 0.4
40.572669 -84.802483 0.0 0.4
40.561859999999996 -84.80253599999999 0.0 0.4
40.550736 -84.802613 0.0 0.4
40.540321 -84.802655 0.0 0.4
40.530315 -84.80267099999999 0.0 0.4
40.518302999999996 -84.80268 0.0 0.4
40.507652 -84.80277199999999 0.0 0.4
40.492039 -84.80297 0.0 0.4
40.481662 -84.803131 0.0 0.4
40.469314 -84.80336199999999 0.0 0.4
40.457308 -84.80354899999999 0.0 0.4
40.44716 -84.803749 0.0 0.4
40.435742999999995 -84.803891 0.0 0.4
40.425418 -84.804056 0.0 0.4
40.414857 -84.804115 0.0 0.4
40.404629 -84.80421299999999 0.0 0.4
40.393308 -84.804163 0.0 0.4
40.382325 -84.804059 0.0 0.4
40.371165999999995 -84.804029 0.0 0.4
40.360783999999995 -84.803978 0.0 0.4
40.350615 -84.803877 0.0 0.4
40.340311 -84.80373999999999 0.0 0.4
40.329327 -84.80363299999999 0.0 0.4
40.319024 -84.803632 0.0 0.4
40.308014 -84.803709 0.0 0.4
40.296797999999995 -84.803816 0.0 0.4
40.286299 -84.803964 0.0 0.4
40.275045999999996 -84.804159 0.0 0.4
40.264708999999996 -84.804445 0.0 0.4
40.254022 -84.804631 0.0 0.4
40.242619999999995 -84.804845 0.0 0.4
40.231764999999996 -84.805116 0.0 0.4
40.220855 -84.805449 0.0 0.4
40.209841999999995 -84.805718 0.0 0.4
40.199193 -84.805966 0.0 0.4
40.187976 -84.806264 0.0 0.4
40.177802 -84.80656499999999 0.0 0.4
40.167465 -84.806826 0.0 0.4
40.153842 -84.807228 0.0 0.4
40.143068 -84.807544 0.0 0.4
40.132759 -84.807794 0.0 0.4
40.122496 -84.808056 0.0 0.4
40.107189 -84.808461 0.0 0.4
40.097077999999996 -84.80885099999999 0.0 0.4
40.085696999999996 -84.809018 0.0 0.4
40.063829999999996 -84.809392 0.0 0.4
40.048911 -84.809737 0.0 0.4
40.038886 -84.809983 0.0 0.4
40.020253 -84.810447 0.0 0.4
40.008503999999995 -84.81073099999999 0.0 0.4
39.99545 -84.81120899999999 0.0 0.4
39.984598 -84.811371 0.0 0.4
39.974316 -84.811526 0.0 0.4
39.964087 -84.811674 0.0 0.4
39.944247 -84.811977 0.0 0.4
39.931767 -84.81216599999999 0.0 0.4
39.921728 -84.81244 0.0 0.4
39.909143 -84.812567 0.0 0.4
39.891608 -84.812799 0.0 0.4
39.87993 -84.81299899999999 0.0 0.4
39.865275 -84.813187 0.0 0.4
39.854743 -84.81346099999999 0.0 0.4
39.844417 -84.81365199999999 0.0 0.4
39.834196999999996 -84.813842 0.0 0.4
39.821056 -84.81396099999999 0.0 0.4
39.807479 -84.81415 0.0 0.4
39.793763999999996 -84.81422099999999 0.0 0.4
39.783422 -84.814296 0.0 0.4
39.773143999999995 -84.81428199999999 0.0 0.4
39.763056 -84.814312 0.0 0.4
39.750009999999996 -84.81433799999999 0.0 0.4
39.737234 -84.814375 0.0 0.4
39.72662 -84.81437299999999 0.0 0.4
39.715211 -84.814363 0.0 0.4
39.704271 -84.814427 0.0 0.4
39.693321 -84.814509 0.0 0.4
39.683206999999996 -84.814613 0.0 0.4
39.670995 -84.814576 0.0 0.4
39.66092 -84.81455799999999 0.0 0.4
39.644408999999996 -84.814684 0.0 0.4
39.63214 -84.814724 0.0 0.4
39.621703 -84.814734 0.0 0.4
39.611612 -84.814841 0.0 0.4
39.599638999999996 -84.814954 0.0 0.4
39.589182 -84.81500199999999 0.0 0.4
39.578752 -84.814987 0.0 0.4
39.568494 -84.815164 0.0 0.4
39.549032 -84.815158 0.0 0.4
39.536141 -84.815248 0.0 0.4
39.52319 -84.81534599999999 0.0 0.4
39.512952 -84.815455 0.0 0.4
39.499652 -84.81565499999999 0.0 0.4
39.47945 -84.815749 0.0 0.4
39.465941 -84.816319 0.0 0.4
39.455768 -84.81645499999999 0.0 0.4
39.444334 -84.81665699999999 0.0 0.4
39.433935 -84.816818 0.0 0.4
39.423266999999996 -84.81702399999999 0.0 0.4
39.413228 -84.817242 0.0 0.4
39.402488999999996 -84.817516 0.0 0.4
39.391816 -84.817647 0.0 0.4
39.379025 -84.817953 0.0 0.4
39.368038 -84.818255 0.0 0.4
39.355095999999996 -84.818613 0.0 0.4
39.343894999999996 -84.818829 0.0 0.4
39.333147 -84.818968 0.0 0.4
39.323055 -84.819054 0.0 0.4
39.305153 -84.81944999999999 0.0 0.4
39.292819 -84.819351 0.0 0.4
39.281118 -84.819482 0.0 0.4
39.270689999999995 -84.81962299999999 0.0 0.4
39.26039 -84.819948 0.0 0.4
39.249201 -84.82007899999999 0.0 0.4
39.230776 -84.82014 0.0 0.4
39.220462 -84.82015 0.0 0.4
39.210161 -84.820078 0.0 0.4
39.196464999999996 -84.820059 0.0 0.4
39.182593 -84.819948 0.0 0.4
39.170919 -84.81993 0.0 0.4
39.158529 -84.81981499999999 0.0 0.4
39.14803 -84.820111 0.0 0.4
39.13406 -84.82004599999999 0.0 0.4
39.122189 -84.820166 0.0 0.4
39.112007 -84.82020399999999 0.0 0.4
39.103480999999995 -84.82544399999999 0.0 0.4
39.098029 -84.835909 0.0 0.4
39.092161999999995 -84.84410199999999 0.0 0.4
39.085274999999996 -84.851789 0.0 0.4
39.077985999999996 -84.861019 0.0 0.4
39.073319 -84.870069 0.0 0.4
39.070009999999996 -84.879609 0.0 0.4
39.066126 -84.889059 0.0 0.4
39.058602 -84.895956 0.0 0.4
39.048376999999995 -84.892781 0.0 0.4
39.039674 -84.88734199999999 0.0 0.4
39.033319 -84.878743 0.0 0.4
39.02448 -84.868816 0.0 0.4
39.017086 -84.86165 0.0 0.4
39.009609 -84.85486399999999 0.0 0.4
39.000446 -84.84871199999999 0.0 0.4
38.991963 -84.840707 0.0 0.4
38.983681 -84.834722 0.0 0.4
38.974233 -84.830395 0.0 0.4
38.963363 -84.83176999999999 0.0 0.4
38.955268 -84.83878399999999 0.0 0.4
38.949290999999995 -84.847212 0.0 0.4
38.942096 -84.854793 0.0 0.4
38.936082 -84.863169 0.0 0.4
38.929398 -84.870616 0.0 0.4
38.920812999999995 -84.87755 0.0 0.4
38.910764 -84.877527 0.0 0.4
38.902398999999996 -84.871884 0.0 0.4
38.897752 -84.861874 0.0 0.4
38.897341 -84.85060299999999 0.0 0.4
38.897585 -84.84029199999999 0.0 0.4
38.897123 -84.829453 0.0 0.4
38.895483999999996 -84.819176 0.0 0.4
38.893864 -84.809023 0.0 0.4
38.890519 -84.79924299999999 0.0 0.4
38.88469 -84.78947099999999 0.0 0.4
38.875592999999995 -84.78459199999999 0.0 0.4
38.865117999999995 -84.787916 0.0 0.4
38.857349 -84.794719 0.0 0.4
38.850432999999995 -84.803747 0.0 0.4
38.845521 -84.81336 0.0 0.4
38.839662 -84.822625 0.0 0.4
38.831675 -84.829413 0.0 0.4
38.821711 -84.82854999999999 0.0 0.4
38.812903999999996 -84.822442 0.0 0.4
38.804711999999995 -84.816231 0.0 0.4
38.795122 -84.812784 0.0 0.4
38.785075 -84.813819 0.0 0.4
38.783086999999995 -84.82382199999999 0.0 0.4
38.784296 -84.835537 0.0 0.4
38.787687 -84.84644 0.0 0.4
38.790583999999996 -84.858943 0.0 0.4
38.791854 -84.869998 0.0 0.4
38.793213 -84.88061499999999 0.0 0.4
38.793999 -84.89307699999999 0.0 0.4
38.790017 -84.903435 0.0 0.4
38.784994 -84.913365 0.0 0.4
38.781613 -84.92281299999999 0.0 0.4
38.777280999999995 -84.93401999999999 0.0 0.4
38.77532 -84.94388099999999 0.0 0.4
38.776531999999996 -84.954544 0.0 0.4
38.77814 -84.96442499999999 0.0 0.4
38.778949999999995 -84.974575 0.0 0.4
38.779122 -84.98469899999999 0.0 0.4
38.777166 -84.995097 0.0 0.4
38.771578999999996 -85.003526 0.0 0.4
38.7661 -85.011995 0.0 0.4
38.762115 -85.021174 0.0 0.4
38.758128 -85.033052 0.0 0.4
38.752176999999996 -85.04610000000001 0.0 0.4
38.747220999999996 -85.05592299999999 0.0 0.4
38.743294 -85.06541899999999 0.0 0.4
38.739557 -85.075791 0.0 0.4
38.734088 -85.085008 0.0 0.4
38.729726 -85.09409 0.0 0.4
38.724709 -85.103951 0.0 0.4
38.717858 -85.111434 0.0 0.4
38.711925 -85.12009599999999 0.0 0.4
38.704645 -85.129936 0.0 0.4
38.699000999999996 -85.139241 0.0 0.4
38.694804999999995 -85.148867 0.0 0.4
38.691524 -85.158378 0.0 0.4
38.689038 -85.16878 0.0 0.4
38.688376 -85.178814 0.0 0.4
38.687585 -85.18887099999999 0.0 0.4
38.690467999999996 -85.19891 0.0 0.4
38.693399 -85.20866699999999 0.0 0.4
38.698969 -85.218261 0.0 0.4
38.705993 -85.226418 0.0 0.4
38.714206 -85.23313399999999 0.0 0.4
38.722792 -85.23897199999999 0.0 0.4
38.730717999999996 -85.245747 0.0 0.4
38.736047 -85.254975 0.0 0.4
38.739529 -85.265856 0.0 0.4
38.74123 -85.275791 0.0 0.4
38.742277 -85.28681999999999 0.0 0.4
38.741977 -85.297564 0.0 0.4
38.741067 -85.308989 0.0 0.4
38.739002 -85.319458 0.0 0.4
38.736397 -85.332607 0.0 0.4
38.73353 -85.342582 0.0 0.4
38.731494 -85.352603 0.0 0.4
38.730478 -85.363329 0.0 0.4
38.730727 -85.3737 0.0 0.4
38.732673 -85.384226 0.0 0.4
38.735445999999996 -85.397008 0.0 0.4
38.737075999999995 -85.40772299999999 0.0 0.4
38.735513 -85.41954 0.0 0.4
38.73155 -85.42882499999999 0.0 0.4
38.72631 -85.438062 0.0 0.4
38.718005 -85.444003 0.0 0.4
38.710079 -85.450655 0.0 0.4
38.700278999999995 -85.454572 0.0 0.4
38.690495999999996 -85.45679299999999 0.0 0.4
38.680716 -85.454661 0.0 0.4
38.673251 -85.447796 0.0 0.4
38.665157 -85.44186599999999 0.0 0.4
38.655319999999996 -85.43865199999999 0.0 0.4
38.645317999999996 -85.438606 0.0 0.4
38.634184999999995 -85.439482 0.0 0.4
38.623616999999996 -85.439207 0.0 0.4
38.613572 -85.438772 0.0 0.4
38.603065 -85.437575 0.0 0.4
38.593852999999996 -85.43294499999999 0.0 0.4
38.585208 -85.427089 0.0 0.4
38.574793 -85.42074199999999 0.0 0.4
38.565315999999996 -85.416484 0.0 0.4
38.554843999999996 -85.415166 0.0 0.4
38.543195 -85.415911 0.0 0.4
38.533995 -85.420878 0.0 0.4
38.526883 -85.428613 0.0 0.4
38.521961999999995 -85.437781 0.0 0.4
38.51831 -85.447997 0.0 0.4
38.513936 -85.457307 0.0 0.4
38.510096 -85.467079 0.0 0.4
38.503051 -85.474846 0.0 0.4
38.49369 -85.479738 0.0 0.4
38.484094 -85.48396699999999 0.0 0.4
38.475992 -85.490416 0.0 0.4
38.468802 -85.498094 0.0 0.4
38.464334 -85.507041 0.0 0.4
38.460631 -85.516598 0.0 0.4
38.456455999999996 -85.530889 0.0 0.4
38.454844 -85.541665 0.0 0.4
38.453741 -85.55194999999999 0.0 0.4
38.453373 -85.562556 0.0 0.4
38.452615 -85.574794 0.0 0.4
38.450246 -85.585518 0.0 0.4
38.446157 -85.594815 0.0 0.4
38.440915 -85.60422799999999 0.0 0.4
38.432536999999996 -85.611932 0.0 0.4
38.424848 -85.619422 0.0 0.4
38.41502 -85.622866 0.0 0.4
38.406217 -85.62767199999999 0.0 0.4
38.397144999999995 -85.63233799999999 0.0 0.4
38.387398 -85.63560299999999 0.0 0.4
38.377325 -85.63829 0.0 0.4
38.366664 -85.638457 0.0 0.4
38.356539 -85.641289 0.0 0.4
38.346903 -85.64417499999999 0.0 0.4
38.336780999999995 -85.648862 0.0 0.4
38.327618 -85.652998 0.0 0.4
38.319722 -85.659334 0.0 0.4
38.312529 -85.666291 0.0 0.4
38.304432999999996 -85.672439 0.0 0.4
38.297585 -85.67996199999999 0.0 0.4
38.292729 -85.689347 0.0 0.4
38.288202 -85.699542 0.0 0.4
38.28268 -85.710329 0.0 0.4
38.278127 -85.720091 0.0 0.4
38.273567 -85.72974099999999 0.0 0.4
38.268933 -85.738742 0.0 0.4
38.267365999999996 -85.748646 0.0 0.4
38.270928999999995 -85.758314 0.0 0.4
38.276508 -85.766841 0.0 0.4
38.285332 -85.772427 0.0 0.4
38.288395 -85.782162 0.0 0.4
38.287455 -85.792301 0.0 0.4
38.284724 -85.80212 0.0 0.4
38.283383 -85.812203 0.0 0.4
38.280741 -85.822447 0.0 0.4
38.274314 -85.830503 0.0 0.4
38.265457 -85.83605 0.0 0.4
38.255226 -85.837265 0.0 0.4
38.244783999999996 -85.838183 0.0 0.4
38.233827 -85.84249799999999 0.0 0.4
38.224979999999995 -85.849595 0.0 0.4
38.218188999999995 -85.857981 0.0 0.4
38.211701999999995 -85.86837 0.0 0.4
38.205914 -85.877211 0.0 0.4
38.198541999999996 -85.88484299999999 0.0 0.4
38.190656 -85.89169 0.0 0.4
38.182715 -85.898004 0.0 0.4
38.174217 -85.903447 0.0 0.4
38.164804 -85.907057 0.0 0.4
38.154652999999996 -85.908248 0.0 0.4
38.144267 -85.908959 0.0 0.4
38.133846 -85.90845399999999 0.0 0.4
38.122761 -85.907108 0.0 0.4
38.112784 -85.90557799999999 0.0 0.4
38.101988 -85.904409 0.0 0.4
38.091333999999996 -85.904911 0.0 0.4
38.081814 -85.908182 0.0 0.4
38.071425999999995 -85.912983 0.0 0.4
38.061541999999996 -85.916377 0.0 0.4
38.051379 -85.917924 0.0 0.4
38.041194999999995 -85.91891199999999 0.0 0.4
38.030319999999996 -85.921275 0.0 0.4
38.020223 -85.92688299999999 0.0 0.4
38.013259999999995 -85.934609 0.0 0.4
38.006816 -85.94269899999999 0.0 0.4
38.004743999999995 -85.952852 0.0 0.4
38.003139 -85.962925 0.0 0.4
38.002537 -85.972934 0.0 0.4
38.002176999999996 -85.984342 0.0 0.4
38.000375999999996 -85.995899 0.0 0.4
37.99883 -86.00638 0.0 0.4
37.996986 -86.016297 0.0 0.4
37.994023 -86.026547 0.0 0.4
37.986135 -86.034311 0.0 0.4
37.97607 -86.034466 0.0 0.4
37.965401 -86.03411 0.0 0.4
37.958194 -86.041364 0.0 0.4
37.961255 -86.05110499999999 0.0 0.4
37.96859 -86.058846 0.0 0.4
37.976673 -86.065235 0.0 0.4
37.985447 -86.070815 0.0 0.4
37.994395999999995 -86.075389 0.0 0.4
38.002013999999996 -86.081874 0.0 0.4
38.008809 -86.094602 0.0 0.4
38.012419 -86.104002 0.0 0.4
38.014762999999995 -86.113822 0.0 0.4
38.016144 -86.12379299999999 0.0 0.4
38.016009 -86.13552899999999 0.0 0.4
38.01504 -86.145898 0.0 0.4
38.012015999999996 -86.155954 0.0 0.4
38.00987 -86.1666 0.0 0.4
38.010377 -86.176977 0.0 0.4
38.014469999999996 -86.18630499999999 0.0 0.4
38.018526 -86.196501 0.0 0.4
38.02225 -86.206198 0.0 0.4
38.026008999999995 -86.215699 0.0 0.4
38.032705 -86.22468599999999 0.0 0.4
38.03818 -86.233448 0.0 0.4
38.043261 -86.24307499999999 0.0 0.4
38.047533 -86.25284599999999 0.0 0.4
38.052926 -86.26179499999999 0.0 0.4
38.059346 -86.269633 0.0 0.4
38.068450999999996 -86.273907 0.0 0.4
38.078835 -86.277265 0.0 0.4
38.090011 -86.278669 0.0 0.4
38.100012 -86.279022 0.0 0.4
38.11014 -86.276698 0.0 0.4
38.120006 -86.273581 0.0 0.4
38.130652999999995 -86.270241 0.0 0.4
38.140834999999996 -86.272847 0.0 0.4
38.148576999999996 -86.279375 0.0 0.4
38.157199 -86.28635899999999 0.0 0.4
38.163385 -86.29459299999999 0.0 0.4
38.168002 -86.304362 0.0 0.4
38.172132999999995 -86.315186 0.0 0.4
38.179058 -86.325997 0.0 0.4
38.186743 -86.336501 0.0 0.4
38.193061 -86.34432199999999 0.0 0.4
38.197508 -86.3533 0.0 0.4
38.198476 -86.36345299999999 0.0 0.4
38.194241 -86.37303299999999 0.0 0.4
38.185475 -86.377898 0.0 0.4
38.17525 -86.378012 0.0 0.4
38.165666 -86.37333699999999 0.0 0.4
38.160861 -86.36313899999999 0.0 0.4
38.159600000000005 -86.353208 0.0 0.4
38.158865999999996 -86.343169 0.0 0.4
38.156684 -86.333389 0.0 0.4
38.152374 -86.323933 0.0 0.4
38.142314999999996 -86.322245 0.0 0.4
38.133427999999995 -86.327578 0.0 0.4
38.127986 -86.33805799999999 0.0 0.4
38.127654 -86.34823899999999 0.0 0.4
38.129419 -86.35863599999999 0.0 0.4
38.130396999999995 -86.36961 0.0 0.4
38.129400000000004 -86.379571 0.0 0.4
38.123729999999995 -86.387907 0.0 0.4
38.114664999999995 -86.392552 0.0 0.4
38.105331 -86.398673 0.0 0.4
38.108795 -86.408138 0.0 0.4
38.116079 -86.416558 0.0 0.4
38.122203999999996 -86.42512699999999 0.0 0.4
38.126728 -86.43485 0.0 0.4
38.127673 -86.445548 0.0 0.4
38.125031 -86.455742 0.0 0.4
38.118469999999995 -86.463642 0.0 0.4
38.10556 -86.465777 0.0 0.4
38.096005999999996 -86.458833 0.0 0.4
38.091857999999995 -86.449415 0.0 0.4
38.088822 -86.438429 0.0 0.4
38.081841 -86.430689 0.0 0.4
38.071805 -86.43152599999999 0.0 0.4
38.06207 -86.43691799999999 0.0 0.4
38.054272999999995 -86.446418 0.0 0.4
38.049088999999995 -86.456662 0.0 0.4
38.046743 -86.466454 0.0 0.4
38.045822 -86.476682 0.0 0.4
38.045745 -86.490641 0.0 0.4
38.045701 -86.501392 0.0 0.4
38.044053999999996 -86.513233 0.0 0.4
38.039001999999996 -86.52201 0.0 0.4
38.029250999999995 -86.52497799999999 0.0 0.4
38.018608 -86.524382 0.0 0.4
38.008488 -86.52561299999999 0.0 0.4
37.996676 -86.525865 0.0 0.4
37.986503 -86.524778 0.0 0.4
37.975093 -86.52497699999999 0.0 0.4
37.964549 -86.52449 0.0 0.4
37.955090999999996 -86.52081 0.0 0.4
37.947527 -86.513088 0.0 0.4
37.938032 -86.507605 0.0 0.4
37.927506 -86.50918 0.0 0.4
37.922131 -86.519477 0.0 0.4
37.917789 -86.531347 0.0 0.4
37.917034 -86.541991 0.0 0.4
37.919191999999995 -86.55250000000001 0.0 0.4
37.921703 -86.56386599999999 0.0 0.4
37.92273 -86.578322 0.0 0.4
37.92109 -86.588687 0.0 0.4
37.912922 -86.59722599999999 0.0 0.4
37.901779 -86.600022 0.0 0.4
37.889621999999996 -86.598584 0.0 0.4
37.879245999999995 -86.59857699999999 0.0 0.4
37.86891 -86.597477 0.0 0.4
37.860518 -86.603126 0.0 0.4
37.854206999999995 -86.61187 0.0 0.4
37.849328 -86.621241 0.0 0.4
37.845037999999995 -86.630853 0.0 0.4
37.842268 -86.64128699999999 0.0 0.4
37.841601 -86.651961 0.0 0.4
37.847854999999996 -86.660952 0.0 0.4
37.860251999999996 -86.661762 0.0 0.4
37.869769999999995 -86.65824099999999 0.0 0.4
37.879976 -86.652248 0.0 0.4
37.888765 -86.647438 0.0 0.4
37.898479 -86.644035 0.0 0.4
37.908339 -86.64672 0.0 0.4
37.912199 -86.656748 0.0 0.4
37.913875 -86.667169 0.0 0.4
37.915040999999995 -86.677207 0.0 0.4
37.910807 -86.68820199999999 0.0 0.4
37.90559 -86.697616 0.0 0.4
37.8967 -86.71107599999999 0.0 0.4
37.892728 -86.72065599999999 0.0 0.4
37.89412 -86.730752 0.0 0.4
37.901638 -86.740022 0.0 0.4
37.911346 -86.749461 0.0 0.4
37.919681 -86.755313 0.0 0.4
37.927895 -86.761658 0.0 0.4
37.938779 -86.768694 0.0 0.4
37.947901 -86.77392499999999 0.0 0.4
37.956282 -86.77998199999999 0.0 0.4
37.965317 -86.784493 0.0 0.4
37.974544 -86.788482 0.0 0.4
37.985839 -86.793515 0.0 0.4
37.992143 -86.802362 0.0 0.4
37.997423 -86.81156399999999 0.0 0.4
37.99895 -86.822565 0.0 0.4
37.995031 -86.83193899999999 0.0 0.4
37.991495 -86.843508 0.0 0.4
37.988487 -86.853437 0.0 0.4
37.981878 -86.863877 0.0 0.4
37.974743 -86.871377 0.0 0.4
37.969017 -86.879645 0.0 0.4
37.962167 -86.88708199999999 0.0 0.4
37.954167 -86.894239 0.0 0.4
37.946537 -86.901882 0.0 0.4
37.941753 -86.91067199999999 0.0 0.4
37.936354 -86.920206 0.0 0.4
37.935064 -86.930869 0.0 0.4
37.933794 -86.94187 0.0 0.4
37.933181 -86.95320099999999 0.0 0.4
37.932505 -86.96338 0.0 0.4
37.931512999999995 -86.97406 0.0 0.4
37.928526 -86.984098 0.0 0.4
37.925422999999995 -86.99389 0.0 0.4
37.922281999999996 -87.003486 0.0 0.4
37.918167 -87.01333699999999 0.0 0.4
37.912709 -87.022785 0.0 0.4
37.907058 -87.032978 0.0 0.4
37.900422 -87.040668 0.0 0.4
37.89178 -87.046128 0.0 0.4
37.881709 -87.04400199999999 0.0 0.4
37.871570999999996 -87.042936 0.0 0.4
37.861758 -87.045992 0.0 0.4
37.852336 -87.04972599999999 0.0 0.4
37.842709 -87.052493 0.0 0.4
37.83282 -87.05485399999999 0.0 0.4
37.823457999999995 -87.058745 0.0 0.4
37.813469 -87.062389 0.0 0.4
37.80479 -87.067377 0.0 0.4
37.797329999999995 -87.075042 0.0 0.4
37.79052 -87.085115 0.0 0.4
37.785865 -87.09428299999999 0.0 0.4
37.783401999999995 -87.104334 0.0 0.4
37.782427999999996 -87.116216 0.0 0.4
37.784801 -87.126114 0.0 0.4
37.791877 -87.13346 0.0 0.4
37.801988 -87.135437 0.0 0.4
37.813846999999996 -87.140204 0.0 0.4
37.822711999999996 -87.14630000000001 0.0 0.4
37.830943999999995 -87.15248299999999 0.0 0.4
37.838194 -87.15960199999999 0.0 0.4
37.842129 -87.16899099999999 0.0 0.4
37.841393 -87.17909399999999 0.0 0.4
37.842687 -87.189612 0.0 0.4
37.843845 -87.19986399999999 0.0 0.4
37.845825999999995 -87.20980899999999 0.0 0.4
37.848752 -87.219664 0.0 0.4
37.853853 -87.22928999999999 0.0 0.4
37.859355 -87.238773 0.0 0.4
37.864004 -87.247798 0.0 0.4
37.868587999999995 -87.256779 0.0 0.4
37.875046 -87.265343 0.0 0.4
37.880593 -87.273814 0.0 0.4
37.886762999999995 -87.282119 0.0 0.4
37.891743 -87.290846 0.0 0.4
37.89692 -87.300489 0.0 0.4
37.900711 -87.309829 0.0 0.4
37.905266 -87.31882399999999 0.0 0.4
37.90771 -87.32933299999999 0.0 0.4
37.908982 -87.339922 0.0 0.4
37.914204 -87.349651 0.0 0.4
37.920376999999995 -87.357575 0.0 0.4
37.924949999999995 -87.366863 0.0 0.4
37.932623 -87.374862 0.0 0.4
37.937804 -87.386179 0.0 0.4
37.940252 -87.396064 0.0 0.4
37.943342 -87.40580899999999 0.0 0.4
37.94479 -87.417157 0.0 0.4
37.944803 -87.427307 0.0 0.4
37.944114 -87.437479 0.0 0.4
37.942124 -87.447791 0.0 0.4
37.936451 -87.459808 0.0 0.4
37.930867 -87.468837 0.0 0.4
37.924729 -87.478991 0.0 0.4
37.918082 -87.48750199999999 0.0 0.4
37.91182 -87.49585599999999 0.0 0.4
37.907264 -87.50521499999999 0.0 0.4
37.911082 -87.51790299999999 0.0 0.4
37.915107 -87.52791599999999 0.0 0.4
37.919957 -87.539908 0.0 0.4
37.924334 -87.549359 0.0 0.4
37.932113 -87.560896 0.0 0.4
37.941559999999996 -87.56908399999999 0.0 0.4
37.951662 -87.57355299999999 0.0 0.4
37.961998 -87.574297 0.0 0.4
37.971499 -87.579579 0.0 0.4
37.975345 -87.589564 0.0 0.4
37.972507 -87.600101 0.0 0.4
37.962827 -87.603321 0.0 0.4
37.952584 -87.604942 0.0 0.4
37.944403 -87.610838 0.0 0.4
37.938517 -87.61904899999999 0.0 0.4
37.929621 -87.62527399999999 0.0 0.4
37.918533 -87.626554 0.0 0.4
37.909528 -87.62194799999999 0.0 0.4
37.902968 -87.614329 0.0 0.4
37.897998 -87.605279 0.0 0.4
37.892364 -87.596513 0.0 0.4
37.884858 -87.587141 0.0 0.4
37.874998999999995 -87.583916 0.0 0.4
37.864646 -87.588932 0.0 0.4
37.855042999999995 -87.59336599999999 0.0 0.4
37.846672999999996 -87.599113 0.0 0.4
37.838696 -87.60655299999999 0.0 0.4
37.832448 -87.614452 0.0 0.4
37.829423999999996 -87.624481 0.0 0.4
37.827483 -87.634402 0.0 0.4
37.826215999999995 -87.645026 0.0 0.4
37.82644 -87.65737399999999 0.0 0.4
37.827563 -87.66764099999999 0.0 0.4
37.833078 -87.676767 0.0 0.4
37.843157 -87.680841 0.0 0.4
37.854243 -87.681602 0.0 0.4
37.863872 -87.676767 0.0 0.4
37.87249 -87.671143 0.0 0.4
37.881367999999995 -87.66626699999999 0.0 0.4
37.891718999999995 -87.664829 0.0 0.4
37.899598 -87.671476 0.0 0.4
37.903374 -87.680798 0.0 0.4
37.901325 -87.69080199999999 0.0 0.4
37.89742 -87.700786 0.0 0.4
37.893913999999995 -87.710763 0.0 0.4
37.892336 -87.722729 0.0 0.4
37.89433 -87.733587 0.0 0.4
37.893905 -87.74364299999999 0.0 0.4
37.892438 -87.753641 0.0 0.4
37.890229 -87.763774 0.0 0.4
37.883801999999996 -87.774397 0.0 0.4
37.878164 -87.782771 0.0 0.4
37.875356 -87.79417699999999 0.0 0.4
37.875277 -87.804187 0.0 0.4
37.875592 -87.81572899999999 0.0 0.4
37.87647 -87.826129 0.0 0.4
37.878737 -87.836075 0.0 0.4
37.885475 -87.844185 0.0 0.4
37.896561999999996 -87.850813 0.0 0.4
37.904173 -87.859167 0.0 0.4
37.913072 -87.86443799999999 0.0 0.4
37.920142 -87.87209 0.0 0.4
37.926198 -87.882802 0.0 0.4
37.928049 -87.893637 0.0 0.4
37.925537 -87.903864 0.0 0.4
37.918791 -87.911463 0.0 0.4
37.910692 -87.91907499999999 0.0 0.4
37.902778 -87.925885 0.0 0.4
37.896208 -87.933505 0.0 0.4
37.887599 -87.94006 0.0 0.4
37.876934999999996 -87.940478 0.0 0.4
37.867106 -87.93556199999999 0.0 0.4
37.85915 -87.92789499999999 0.0 0.4
37.853117 -87.91966699999999 0.0 0.4
37.846016999999996 -87.912528 0.0 0.4
37.836858 -87.907669 0.0 0.4
37.826028 -87.90527999999999 0.0 0.4
37.816069999999996 -87.903724 0.0 0.4
37.80684 -87.907848 0.0 0.4
37.802326 -87.918553 0.0 0.4
37.799619 -87.928416 0.0 0.4
37.79154 -87.934794 0.0 0.4
37.782799 -87.940601 0.0 0.4
37.773931 -87.945543 0.0 0.4
37.772704 -87.958561 0.0 0.4
37.779328 -87.966762 0.0 0.4
37.794053999999996 -87.991168 0.0 0.4
37.798907 -88.00134 0.0 0.4
37.801635 -88.01205999999999 0.0 0.4
37.800962999999996 -88.023038 0.0 0.4
37.807328999999996 -88.03078099999999 0.0 0.4
37.809213 -88.042102 0.0 0.4
37.804738 -88.05252999999999 0.0 0.4
37.800581 -88.062223 0.0 0.4
37.804635 -88.076404 0.0 0.4
37.812104999999995 -88.084228 0.0 0.4
37.820913 -88.09176699999999 0.0 0.4
37.829388 -88.08572699999999 0.0 0.4
37.82916 -88.07404199999999 0.0 0.4
37.823862 -88.063672 0.0 0.4
37.822122 -88.051941 0.0 0.4
37.821926 -88.041941 0.0 0.4
37.825092 -88.031533 0.0 0.4
37.833687999999995 -88.02605299999999 0.0 0.4
37.841916999999995 -88.033309 0.0 0.4
37.844173999999995 -88.043323 0.0 0.4
37.846316 -88.05348099999999 0.0 0.4
37.851341999999995 -88.06272899999999 0.0 0.4
37.859831 -88.069339 0.0 0.4
37.869243999999995 -88.073771 0.0 0.4
37.879118 -88.07852899999999 0.0 0.4
37.888677 -88.089333 0.0 0.4
37.901517 -88.097892 0.0 0.4
37.905713 -88.086237 0.0 0.4
37.895813 -88.071449 0.0 0.4
37.892753 -88.058156 0.0 0.4
37.891216 -88.04492599999999 0.0 0.4
37.892779999999995 -88.03459099999999 0.0 0.4
37.88886 -88.024818 0.0 0.4
37.891915999999995 -88.01435099999999 0.0 0.4
37.902696 -88.017816 0.0 0.4
37.9129 -88.02006 0.0 0.4
37.914345999999995 -88.030199 0.0 0.4
37.914921 -88.04045599999999 0.0 0.4
37.916067 -88.053372 0.0 0.4
37.918585 -88.063803 0.0 0.4
37.926848 -88.06961299999999 0.0 0.4
37.933831 -88.059902 0.0 0.4
37.928129999999996 -88.050539 0.0 0.4
37.92429 -88.041296 0.0 0.4
37.928889 -88.031067 0.0 0.4
37.942744999999995 -88.036125 0.0 0.4
37.956275999999995 -88.037013 0.0 0.4
37.959351 -88.020868 0.0 0.4
37.966544 -88.012929 0.0 0.4
37.977062 -88.012574 0.0 0.4
37.991057 -88.019492 0.0 0.4
38.000344999999996 -88.023331 0.0 0.4
38.010632 -88.02525899999999 0.0 0.4
38.021944999999995 -88.018931 0.0 0.4
38.027544999999996 -88.008631 0.0 0.4
38.034645 -88.015931 0.0 0.4
38.031745 -88.027731 0.0 0.4
38.033944999999996 -88.037932 0.0 0.4
38.043272 -88.042371 0.0 0.4
38.051145 -88.035332 0.0 0.4
38.051944999999996 -88.024131 0.0 0.4
38.051445 -88.014031 0.0 0.4
38.051545 -88.00133 0.0 0.4
38.055591 -87.98877 0.0 0.4
38.059815 -87.978735 0.0 0.4
38.067105 -87.967226 0.0 0.4
38.078295 -87.96126 0.0 0.4
38.088284 -87.95687799999999 0.0 0.4
38.099086 -87.96046299999999 0.0 0.4
38.094167999999996 -87.9753 0.0 0.4
38.090340999999995 -87.98554999999999 0.0 0.4
38.086650999999996 -87.996988 0.0 0.4
38.083923999999996 -88.006717 0.0 0.4
38.090398 -88.01463299999999 0.0 0.4
38.101411 -88.015114 0.0 0.4
38.10727 -88.00323 0.0 0.4
38.107462 -87.991275 0.0 0.4
38.108019999999996 -87.97992599999999 0.0 0.4
38.118248 -87.973951 0.0 0.4
38.12817 -87.971308 0.0 0.4
38.132095 -87.960482 0.0 0.4
38.129073999999996 -87.949176 0.0 0.4
38.135773 -87.938812 0.0 0.4
38.140727 -87.929423 0.0 0.4
38.150892999999996 -87.92827 0.0 0.4
38.155132 -87.91909 0.0 0.4
38.16174 -87.911428 0.0 0.4
38.173322 -87.915666 0.0 0.4
38.170316 -87.92528899999999 0.0 0.4
38.159341999999995 -87.925963 0.0 0.4
38.168372999999995 -87.935048 0.0 0.4
38.17756 -87.945135 0.0 0.4
38.18204 -87.954833 0.0 0.4
38.191786 -87.969865 0.0 0.4
38.199783 -87.977494 0.0 0.4
38.207972999999996 -87.983402 0.0 0.4
38.217993 -87.985627 0.0 0.4
38.22826 -87.984929 0.0 0.4
38.238946 -87.979689 0.0 0.4
38.248695999999995 -87.9824 0.0 0.4
38.257380999999995 -87.987618 0.0 0.4
38.252894 -87.97833299999999 0.0 0.4
38.245415 -87.97108 0.0 0.4
38.236411 -87.965381 0.0 0.4
38.244963999999996 -87.958839 0.0 0.4
38.25405 -87.950723 0.0 0.4
38.260301 -87.942067 0.0 0.4
38.266819 -87.950651 0.0 0.4
38.277345 -87.94927899999999 0.0 0.4
38.281528 -87.93992 0.0 0.4
38.292046 -87.937519 0.0 0.4
38.29726 -87.92879099999999 0.0 0.4
38.299397 -87.918548 0.0 0.4
38.295054 -87.90897299999999 0.0 0.4
38.284515 -87.913692 0.0 0.4
38.275908 -87.919292 0.0 0.4
38.268133 -87.91284999999999 0.0 0.4
38.272759 -87.903716 0.0 0.4
38.28115 -87.89563199999999 0.0 0.4
38.286465 -87.886859 0.0 0.4
38.29603 -87.883118 0.0 0.4
38.306506999999996 -87.87938899999999 0.0 0.4
38.312219999999996 -87.870537 0.0 0.4
38.307826 -87.86112 0.0 0.4
38.297906 -87.863086 0.0 0.4
38.287822999999996 -87.86603199999999 0.0 0.4
38.278636999999996 -87.861774 0.0 0.4
38.27512 -87.85113 0.0 0.4
38.280105 -87.84098399999999 0.0 0.4
38.290614 -87.833934 0.0 0.4
38.301355 -87.830754 0.0 0.4
38.311482 -87.832534 0.0 0.4
38.321656999999995 -87.83320499999999 0.0 0.4
38.332001 -87.82876 0.0 0.4
38.342286 -87.824773 0.0 0.4
38.350466999999995 -87.818146 0.0 0.4
38.357939 -87.811015 0.0 0.4
38.364592 -87.801986 0.0 0.4
38.366609 -87.79158799999999 0.0 0.4
38.369777 -87.78168199999999 0.0 0.4
38.378515 -87.77202299999999 0.0 0.4
38.388526 -87.76311799999999 0.0 0.4
38.396651999999996 -87.75595899999999 0.0 0.4
38.40696 -87.74689 0.0 0.4
38.416889999999995 -87.743533 0.0 0.4
38.427335 -87.742828 0.0 0.4
38.437079 -87.740394 0.0 0.4
38.442164999999996 -87.731641 0.0 0.4
38.452498999999996 -87.73459 0.0 0.4
38.454623 -87.74538799999999 0.0 0.4
38.455875999999996 -87.75593099999999 0.0 0.4
38.465931999999995 -87.753952 0.0 0.4
38.477266 -87.744644 0.0 0.4
38.480039999999995 -87.73486 0.0 0.4
38.479608999999996 -87.72398299999999 0.0 0.4
38.480624 -87.711558 0.0 0.4
38.484835 -87.700969 0.0 0.4
38.488893999999995 -87.691504 0.0 0.4
38.494617999999996 -87.682324 0.0 0.4
38.504397999999995 -87.674911 0.0 0.4
38.503395999999995 -87.664536 0.0 0.4
38.502615999999996 -87.653798 0.0 0.4
38.509082 -87.64581 0.0 0.4
38.519363999999996 -87.652644 0.0 0.4
38.526711 -87.659476 0.0 0.4
38.541078 -87.66878799999999 0.0 0.4
38.550543 -87.664238 0.0 0.4
38.554686 -87.653289 0.0 0.4
38.565039 -87.652738 0.0 0.4
38.571774 -87.645089 0.0 0.4
38.579467 -87.63858599999999 0.0 0.4
38.589794999999995 -87.64021 0.0 0.4
38.588101 -87.628157 0.0 0.4
38.587029 -87.616604 0.0 0.4
38.595648 -87.622636 0.0 0.4
38.605205999999995 -87.627247 0.0 0.4
38.612786 -87.620352 0.0 0.4
38.623214999999995 -87.616152 0.0 0.4
38.632737 -87.61981899999999 0.0 0.4
38.643038 -87.61432099999999 0.0 0.4
38.648356 -87.60432999999999 0.0 0.4
38.659053 -87.602031 0.0 0.4
38.667401999999996 -87.593678 0.0 0.4
38.672475 -87.579397 0.0 0.4
38.674915999999996 -87.564674 0.0 0.4
38.677613 -87.545538 0.0 0.4
38.681436999999995 -87.535164 0.0 0.4
38.689311 -87.525694 0.0 0.4
38.699526 -87.519038 0.0 0.4
38.710454999999996 -87.519519 0.0 0.4
38.723348 -87.510706 0.0 0.4
38.733533 -87.506221 0.0 0.4
38.738532 -87.497526 0.0 0.4
38.74708 -87.503318 0.0 0.4
38.756808 -87.499647 0.0 0.4
38.766818 -87.496906 0.0 0.4
38.767312 -87.508183 0.0 0.4
38.775652 -87.50001999999999 0.0 0.4
38.784625999999996 -87.495509 0.0 0.4
38.792874 -87.503129 0.0 0.4
38.800765999999996 -87.512272 0.0 0.4
38.810477999999996 -87.51921999999999 0.0 0.4
38.817369 -87.526816 0.0 0.4
38.826575999999996 -87.521681 0.0 0.4
38.836197999999996 -87.525961 0.0 0.4
38.847507 -87.525908 0.0 0.4
38.853124 -87.53452 0.0 0.4
38.856828 -87.54482999999999 0.0 0.4
38.86241 -87.553394 0.0 0.4
38.864214 -87.543188 0.0 0.4
38.874013999999995 -87.54773899999999 0.0 0.4
38.877407999999996 -87.536816 0.0 0.4
38.886914999999995 -87.540612 0.0 0.4
38.900017 -87.53404599999999 0.0 0.4
38.90239 -87.522939 0.0 0.4
38.913073 -87.526046 0.0 0.4
38.921665 -87.520634 0.0 0.4
38.931467 -87.517046 0.0 0.4
38.940553 -87.52187099999999 0.0 0.4
38.947837 -87.51431099999999 0.0 0.4
38.957935 -87.517539 0.0 0.4
38.964877 -87.525486 0.0 0.4
38.973058 -87.532449 0.0 0.4
38.975587 -87.54243699999999 0.0 0.4
38.979886 -87.55441499999999 0.0 0.4
38.983022 -87.56436599999999 0.0 0.4
38.986166 -87.575605 0.0 0.4
38.988794999999996 -87.565193 0.0 0.4
38.995534 -87.57311299999999 0.0 0.4
39.006426999999995 -87.575649 0.0 0.4
39.017333 -87.570317 0.0 0.4
39.034062 -87.57502699999999 0.0 0.4
39.043527999999995 -87.578824 0.0 0.4
39.052738999999995 -87.57192599999999 0.0 0.4
39.061698 -87.57870199999999 0.0 0.4
39.069728999999995 -87.585687 0.0 0.4
39.076325 -87.593398 0.0 0.4
39.081558 -87.60290499999999 0.0 0.4
39.081784 -87.614171 0.0 0.4
39.088966 -87.62114199999999 0.0 0.4
39.097778 -87.61430899999999 0.0 0.4
39.104476 -87.623509 0.0 0.4
39.105387 -87.634721 0.0 0.4
39.104268 -87.64707 0.0 0.4
39.110453 -87.65493599999999 0.0 0.4
39.115395 -87.646165 0.0 0.4
39.118328999999996 -87.635903 0.0 0.4
39.126891 -87.642335 0.0 0.4
39.132283 -87.655239 0.0 0.4
39.142686999999995 -87.65408 0.0 0.4
39.15247 -87.64820499999999 0.0 0.4
39.157151999999996 -87.63901899999999 0.0 0.4
39.153394 -87.629713 0.0 0.4
39.159138999999996 -87.638324 0.0 0.4
39.168993 -87.63479199999999 0.0 0.4
39.169413 -87.62416499999999 0.0 0.4
39.181943 -87.621436 0.0 0.4
39.184042999999996 -87.60997599999999 0.0 0.4
39.191303999999995 -87.603045 0.0 0.4
39.197824 -87.58861399999999 0.0 0.4
39.206703999999995 -87.582881 0.0 0.4
39.213837 -87.57560099999999 0.0 0.4
39.223931 -87.574615 0.0 0.4
39.239184 -87.577609 0.0 0.4
39.247825 -87.572088 0.0 0.4
39.255385 -87.578662 0.0 0.4
39.249615999999996 -87.587158 0.0 0.4
39.254093 -87.598135 0.0 0.4
39.261122 -87.605543 0.0 0.4
39.270714999999996 -87.60215 0.0 0.4
39.278535 -87.609438 0.0 0.4
39.289321 -87.60548399999999 0.0 0.4
39.296388 -87.597545 0.0 0.4
39.303217 -87.60534799999999 0.0 0.4
39.300869999999996 -87.615813 0.0 0.4
39.309445 -87.609737 0.0 0.4
39.317684 -87.601226 0.0 0.4
39.328320999999995 -87.59299 0.0 0.4
39.337329 -87.584852 0.0 0.4
39.341423 -87.57408 0.0 0.4
39.33893 -87.562465 0.0 0.4
39.34148 -87.55214 0.0 0.4
39.350511999999995 -87.547522 0.0 0.4
39.352089 -87.53727099999999 0.0 0.4
39.368209 -87.531685 0.0 0.4
39.383569 -87.531409 0.0 0.4
39.401886999999995 -87.53138 0.0 0.4
39.41215 -87.53136599999999 0.0 0.4
39.430324 -87.531356 0.0 0.4
39.444734 -87.531453 0.0 0.4
39.466223 -87.53160799999999 0.0 0.4
39.476473999999996 -87.53166 0.0 0.4
39.48652 -87.531751 0.0 0.4
39.4986 -87.53173199999999 0.0 0.4
39.50881 -87.53186199999999 0.0 0.4
39.52036 -87.531927 0.0 0.4
39.533134 -87.53183399999999 0.0 0.4
39.544115999999995 -87.531823 0.0 0.4
39.554828 -87.53184 0.0 0.4
39.568354 -87.53202499999999 0.0 0.4
39.57843 -87.53206899999999 0.0 0.4
39.592979 -87.53213099999999 0.0 0.4
39.607306 -87.53219399999999 0.0 0.4
39.61792 -87.532241 0.0 0.4
39.632674 -87.532275 0.0 0.4
39.643229 -87.53235699999999 0.0 0.4
39.654008999999995 -87.53246899999999 0.0 0.4
39.664378 -87.532568 0.0 0.4
39.674527 -87.532738 0.0 0.4
39.684703999999996 -87.532775 0.0 0.4
39.698994 -87.532816 0.0 0.4
39.712771 -87.532859 0.0 0.4
39.730762999999996 -87.53291899999999 0.0 0.4
39.745301999999995 -87.532969 0.0 0.4
39.759845999999996 -87.532989 0.0 0.4
39.774285 -87.53304 0.0 0.4
39.784321999999996 -87.53318 0.0 0.4
39.796256 -87.533203 0.0 0.4
39.806703 -87.533228 0.0 0.4
39.823330999999996 -87.533131 0.0 0.4
39.85338 -87.53317799999999 0.0 0.4
39.868899 -87.533243 0.0 0.4
39.883 -87.533228 0.0 0.4
39.893322 -87.53315099999999 0.0 0.4
39.903833 -87.533079 0.0 0.4
39.914241 -87.532983 0.0 0.4
39.924672 -87.532873 0.0 0.4
39.935703 -87.532752 0.0 0.4
39.94663 -87.532747 0.0 0.4
39.957741 -87.53276 0.0 0.4
39.969321 -87.53277299999999 0.0 0.4
39.97932 -87.5325 0.0 0.4
39.98999 -87.53238999999999 0.0 0.4
40.010928 -87.532324 0.0 0.4
40.026557 -87.53235 0.0 0.4
40.042342999999995 -87.532276 0.0 0.4
40.056149999999995 -87.53218799999999 0.0 0.4
40.066403 -87.53214 0.0 0.4
40.077577 -87.53204799999999 0.0 0.4
40.088865 -87.531955 0.0 0.4
40.101918999999995 -87.531846 0.0 0.4
40.115891999999995 -87.53170999999999 0.0 0.4
40.127429 -87.53166 0.0 0.4
40.138453999999996 -87.53153999999999 0.0 0.4
40.148832999999996 -87.531432 0.0 0.4
40.16077 -87.53125399999999 0.0 0.4
40.171420999999995 -87.531112 0.0 0.4
40.188311999999996 -87.530855 0.0 0.4
40.198492 -87.53081399999999 0.0 0.4
40.210027 -87.530558 0.0 0.4
40.220273 -87.53043799999999 0.0 0.4
40.231835 -87.530372 0.0 0.4
40.24389 -87.53011 0.0 0.4
40.254998 -87.52993699999999 0.0 0.4
40.265558999999996 -87.529761 0.0 0.4
40.276576999999996 -87.529645 0.0 0.4
40.2866 -87.529541 0.0 0.4
40.296611 -87.529358 0.0 0.4
40.307176999999996 -87.52919 0.0 0.4
40.317949999999996 -87.529017 0.0 0.4
40.329518 -87.528826 0.0 0.4
40.339998 -87.52861899999999 0.0 0.4
40.349998 -87.52846 0.0 0.4
40.36024 -87.528382 0.0 0.4
40.370747 -87.528108 0.0 0.4
40.386375 -87.528035 0.0 0.4
40.398610999999995 -87.527845 0.0 0.4
40.408812 -87.527549 0.0 0.4
40.419346 -87.52743699999999 0.0 0.4
40.431211 -87.52732 0.0 0.4
40.441463999999996 -87.527153 0.0 0.4
40.452054 -87.52694199999999 0.0 0.4
40.462278 -87.526758 0.0 0.4
40.474528 -87.52661599999999 0.0 0.4
