38.697567 -102.045212 0.0 0.4
38.718841999999995 -102.04528 0.0 0.4
38.742217 -102.045395 0.0 0.4
38.754339 -102.045375 0.0 0.4
38.770105 -102.045356 0.0 0.4
38.783352 -102.045385 0.0 0.4
38.799014 -102.045334 0.0 0.4
38.812658 -102.045445 0.0 0.4
38.825972 -102.045395 0.0 0.4
38.842785 -102.045409 0.0 0.4
38.856897 -102.045351 0.0 0.4
38.870571 -102.045551 0.0 0.4
38.886261 -102.04560000000001 0.0 0.4
38.917221999999995 -102.04576 0.0 0.4
38.938725 -102.045868 0.0 0.4
38.973214 -102.046042 0.0 0.4
39.000004 -102.046282 0.0 0.4
39.016960999999995 -102.046424 0.0 0.4
39.032768 -102.046486 0.0 0.4
39.047038 -102.046571 0.0 0.4
39.060210999999995 -102.046649 0.0 0.4
39.075627 -102.046741 0.0 0.4
39.10393 -102.046908 0.0 0.4
39.121247 -102.047012 0.0 0.4
39.133147 -102.047161 0.0 0.4
39.143913 -102.047263 0.0 0.4
39.198665999999996 -102.047618 0.0 0.4
39.214687999999995 -102.047717 0.0 0.4
39.234107 -102.047838 0.0 0.4
39.249994 -102.048074 0.0 0.4
39.274139 -102.04822 0.0 0.4
39.302915999999996 -102.04853 0.0 0.4
39.314215 -102.04856 0.0 0.4
39.326957 -102.048673 0.0 0.4
39.338127 -102.048766 0.0 0.4
39.350673 -102.048872 0.0 0.4
39.362784999999995 -102.048956 0.0 0.4
39.373131 -102.049046 0.0 0.4
39.394064 -102.049179 0.0 0.4
39.408409999999996 -102.049064 0.0 0.4
39.423333 -102.049364 0.0 0.4
39.443239 -102.049455 0.0 0.4
39.465343 -102.049506 0.0 0.4
39.47882 -102.049406 0.0 0.4
39.495599 -102.049675 0.0 0.4
39.505797 -102.049568 0.0 0.4
39.521757 -102.049616 0.0 0.4
39.536578999999996 -102.049673 0.0 0.4
39.548952 -102.04964 0.0 0.4
39.562349999999995 -102.049755 0.0 0.4
39.574058 -102.049806 0.0 0.4
39.590478999999995 -102.049925 0.0 0.4
39.606144 -102.050188 0.0 0.4
39.620672 -102.050276 0.0 0.4
39.633465 -102.050283 0.0 0.4
39.645896 -102.050418 0.0 0.4
39.657182999999996 -102.050283 0.0 0.4
39.670722999999995 -102.050535 0.0 0.4
39.690771 -102.050666 0.0 0.4
39.707539 -102.050745 0.0 0.4
39.71909 -102.050642 0.0 0.4
39.741794 -102.050866 0.0 0.4
39.761572 -102.051007 0.0 0.4
39.790203 -102.051128 0.0 0.4
39.804649999999995 -102.051191 0.0 0.4
39.818992 -102.051254 0.0 0.4
39.833315 -102.051318 0.0 0.4
39.843441999999996 -102.051363 0.0 0.4
39.857456 -102.051505 0.0 0.4
39.870982 -102.051391 0.0 0.4
39.888087999999996 -102.051416 0.0 0.4
39.905296 -102.051495 0.0 0.4
39.920217 -102.051515 0.0 0.4
39.943771 -102.051602 0.0 0.4
39.954930999999995 -102.051642 0.0 0.4
39.973388 -102.051708 0.0 0.4
39.984865 -102.051754 0.0 0.4
39.995984 -102.051756 0.0 0.4
40.003085999999996 -102.037082 0.0 0.4
40.003094999999995 -102.020537 0.0 0.4
40.003052 -102.009237 0.0 0.4
40.002984999999995 -101.999092 0.0 0.4
40.002995 -101.985068 0.0 0.4
40.002998999999996 -101.973646 0.0 0.4
40.003005 -101.959005 0.0 0.4
40.003011 -101.942075 0.0 0.4
40.003015999999995 -101.931809 0.0 0.4
40.003022 -101.919975 0.0 0.4
40.002995999999996 -101.909535 0.0 0.4
40.003164 -101.883009 0.0 0.4
40.003036 -101.872946 0.0 0.4
40.003017 -101.861742 0.0 0.4
40.002784 -101.841025 0.0 0.4
40.002956 -101.822794 0.0 0.4
40.002798 -101.807687 0.0 0.4
40.002894 -101.783391 0.0 0.4
40.002871999999996 -101.769344 0.0 0.4
40.002842 -101.75045 0.0 0.4
40.002871999999996 -101.714635 0.0 0.4
40.002884 -101.701944 0.0 0.4
40.002893 -101.691649 0.0 0.4
40.002869 -101.675664 0.0 0.4
40.002849 -101.663065 0.0 0.4
40.002834 -101.652959 0.0 0.4
40.002812999999996 -101.63905 0.0 0.4
40.002626 -101.627011 0.0 0.4
40.002703 -101.597806 0.0 0.4
40.002713 -101.57964 0.0 0.4
40.002693 -101.568818 0.0 0.4
40.002724 -101.557457 0.0 0.4
40.00268 -101.547313 0.0 0.4
40.002671 -101.533478 0.0 0.4
40.002635999999995 -101.522807 0.0 0.4
40.002657 -101.512408 0.0 0.4
40.002663999999996 -101.499997 0.0 0.4
40.002657 -101.487636 0.0 0.4
40.002632 -101.476508 0.0 0.4
40.002583 -101.466366 0.0 0.4
40.002601999999996 -101.455192 0.0 0.4
40.002615 -101.439711 0.0 0.4
40.002637 -101.429363 0.0 0.4
40.002596 -101.418299 0.0 0.4
40.002604 -101.407515 0.0 0.4
40.002624 -101.39637 0.0 0.4
40.002632 -101.386201 0.0 0.4
40.002649 -101.375642 0.0 0.4
40.002632 -101.361651 0.0 0.4
40.002632 -101.346464 0.0 0.4
40.002680999999995 -101.335865 0.0 0.4
40.002702 -101.32557 0.0 0.4
40.002662 -101.313023 0.0 0.4
40.002586 -101.299428 0.0 0.4
40.002558 -101.287209 0.0 0.4
40.002570999999996 -101.276419 0.0 0.4
40.002541 -101.266094 0.0 0.4
40.002586 -101.255825 0.0 0.4
40.00255 -101.24357 0.0 0.4
40.002548999999995 -101.232145 0.0 0.4
40.002536 -101.221909 0.0 0.4
40.002507 -101.211386 0.0 0.4
40.002517 -101.199797 0.0 0.4
40.002486 -101.189541 0.0 0.4
40.002472 -101.17889 0.0 0.4
40.002548 -101.168698 0.0 0.4
40.002551 -101.15218 0.0 0.4
40.002472 -101.135819 0.0 0.4
40.002468 -101.125438 0.0 0.4
40.002452 -101.112341 0.0 0.4
40.002441 -101.098029 0.0 0.4
40.002429 -101.088024 0.0 0.4
40.002373999999996 -101.07548 0.0 0.4
40.002381 -101.064882 0.0 0.4
40.002285 -101.048725 0.0 0.4
40.002271 -101.034964 0.0 0.4
40.002275999999995 -101.024156 0.0 0.4
40.002297999999996 -101.013442 0.0 0.4
40.002289999999995 -101.001287 0.0 0.4
40.002297 -100.985631 0.0 0.4
40.002277 -100.973124 0.0 0.4
40.002255 -100.962668 0.0 0.4
40.002221 -100.952195 0.0 0.4
40.002209 -100.939832 0.0 0.4
40.002158 -100.928925 0.0 0.4
40.002178 -100.917312 0.0 0.4
40.002168 -100.904904 0.0 0.4
40.002159999999996 -100.894446 0.0 0.4
40.002157 -100.882852 0.0 0.4
40.002156 -100.872133 0.0 0.4
40.002173 -100.859356 0.0 0.4
40.002185999999995 -100.849243 0.0 0.4
40.0022 -100.83454 0.0 0.4
40.002218 -100.823345 0.0 0.4
40.00224 -100.805668 0.0 0.4
40.002268 -100.789173 0.0 0.4
40.002289 -100.775491 0.0 0.4
40.002299 -100.765119 0.0 0.4
40.002145999999996 -100.752814 0.0 0.4
40.002119 -100.742203 0.0 0.4
40.002136 -100.730442 0.0 0.4
40.002127 -100.720435 0.0 0.4
40.002134999999996 -100.706397 0.0 0.4
40.002103999999996 -100.691642 0.0 0.4
40.002103 -100.681237 0.0 0.4
40.002022 -100.668627 0.0 0.4
40.002035 -100.656876 0.0 0.4
40.001889 -100.645917 0.0 0.4
40.002041 -100.635626 0.0 0.4
40.002005 -100.62525 0.0 0.4
40.001978 -100.615071 0.0 0.4
40.001906999999996 -100.604924 0.0 0.4
40.001802999999995 -100.594916 0.0 0.4
40.001940999999995 -100.584429 0.0 0.4
40.00192 -100.574404 0.0 0.4
40.001892999999995 -100.564121 0.0 0.4
40.001929 -100.553469 0.0 0.4
40.001903 -100.542846 0.0 0.4
40.001906999999996 -100.532003 0.0 0.4
40.002058 -100.521895 0.0 0.4
40.001841999999996 -100.511182 0.0 0.4
40.001805999999995 -100.500424 0.0 0.4
40.001765 -100.487516 0.0 0.4
40.001843 -100.477509 0.0 0.4
40.001737999999996 -100.463463 0.0 0.4
40.001776 -100.450587 0.0 0.4
40.001899 -100.44048 0.0 0.4
40.001751 -100.430453 0.0 0.4
40.001756 -100.420011 0.0 0.4
40.001774 -100.403696 0.0 0.4
40.001888 -100.393139 0.0 0.4
40.001827999999996 -100.381811 0.0 0.4
40.001827999999996 -100.369765 0.0 0.4
40.001836 -100.359429 0.0 0.4
40.001799 -100.348168 0.0 0.4
40.001774 -100.338144 0.0 0.4
40.001765999999996 -100.327938 0.0 0.4
40.001740999999996 -100.317688 0.0 0.4
40.001757999999995 -100.307484 0.0 0.4
40.001737999999996 -100.29496 0.0 0.4
40.001705 -100.284862 0.0 0.4
40.001695999999995 -100.272167 0.0 0.4
40.001706 -100.260961 0.0 0.4
40.001642 -100.25005 0.0 0.4
40.001625 -100.237822 0.0 0.4
40.001646 -100.22757 0.0 0.4
40.001638 -100.216594 0.0 0.4
40.001655 -100.205888 0.0 0.4
40.001678 -100.194987 0.0 0.4
40.001629 -100.184621 0.0 0.4
40.001644 -100.169375 0.0 0.4
40.001638 -100.158186 0.0 0.4
40.001657 -100.148016 0.0 0.4
40.001639999999995 -100.137939 0.0 0.4
40.001661 -100.127441 0.0 0.4
40.001653999999995 -100.116159 0.0 0.4
40.001642 -100.104424 0.0 0.4
40.001601 -100.094093 0.0 0.4
40.001613 -100.084009 0.0 0.4
40.001619 -100.07274 0.0 0.4
40.001711 -100.061812 0.0 0.4
40.001661999999996 -100.042975 0.0 0.4
40.001636999999995 -100.032247 0.0 0.4
40.001656 -100.021638 0.0 0.4
40.001667 -100.009533 0.0 0.4
40.001646 -99.998718 0.0 0.4
40.001653 -99.987973 0.0 0.4
40.001712999999995 -99.96275899999999 0.0 0.4
40.001818 -99.94853099999999 0.0 0.4
40.001614 -99.92456 0.0 0.4
40.001619999999996 -99.91202899999999 0.0 0.4
40.00159 -99.90108099999999 0.0 0.4
40.001653999999995 -99.890641 0.0 0.4
40.001675999999996 -99.875399 0.0 0.4
40.001542 -99.85754299999999 0.0 0.4
40.001626 -99.84610699999999 0.0 0.4
40.001571 -99.835651 0.0 0.4
40.001531 -99.823304 0.0 0.4
40.001492 -99.79890999999999 0.0 0.4
40.001602999999996 -99.780609 0.0 0.4
40.001574 -99.764957 0.0 0.4
40.001694 -99.749951 0.0 0.4
40.001768 -99.73972599999999 0.0 0.4
40.001799 -99.729559 0.0 0.4
40.001809 -99.717913 0.0 0.4
40.001807 -99.70701799999999 0.0 0.4
40.001813 -99.69492299999999 0.0 0.4
40.001827 -99.684865 0.0 0.4
40.001823 -99.67295 0.0 0.4
40.00181 -99.661029 0.0 0.4
40.001822 -99.650303 0.0 0.4
40.001829 -99.63998 0.0 0.4
40.001841 -99.629324 0.0 0.4
40.001858999999996 -99.615675 0.0 0.4
40.001871 -99.60484 0.0 0.4
40.001864 -99.59391099999999 0.0 0.4
40.001906 -99.581437 0.0 0.4
40.001967 -99.569852 0.0 0.4
40.001937 -99.555263 0.0 0.4
40.001945 -99.542963 0.0 0.4
40.001943 -99.529297 0.0 0.4
40.001968 -99.517851 0.0 0.4
40.00201 -99.505184 0.0 0.4
40.001931 -99.494357 0.0 0.4
40.001932 -99.484197 0.0 0.4
40.00199 -99.471222 0.0 0.4
40.002123999999995 -99.451358 0.0 0.4
40.002162999999996 -99.441023 0.0 0.4
40.002241 -99.429045 0.0 0.4
40.00192 -99.414065 0.0 0.4
40.002120999999995 -99.403869 0.0 0.4
40.002036 -99.392118 0.0 0.4
40.002136 -99.37537599999999 0.0 0.4
40.001895 -99.355835 0.0 0.4
40.001833 -99.33844099999999 0.0 0.4
40.00187 -99.31649499999999 0.0 0.4
40.00194 -99.29184599999999 0.0 0.4
40.002013 -99.281407 0.0 0.4
40.002019 -99.26742 0.0 0.4
40.002051 -99.256211 0.0 0.4
40.002083999999996 -99.244564 0.0 0.4
40.00205 -99.233384 0.0 0.4
40.002027999999996 -99.222195 0.0 0.4
40.002019 -99.21141899999999 0.0 0.4
40.002030999999995 -99.198983 0.0 0.4
40.002023 -99.18890499999999 0.0 0.4
40.002114999999996 -99.170153 0.0 0.4
40.002092999999995 -99.15913499999999 0.0 0.4
40.002089999999995 -99.14762999999999 0.0 0.4
40.002114 -99.132898 0.0 0.4
40.002165 -99.11998299999999 0.0 0.4
40.002179 -99.107174 0.0 0.4
40.002154999999995 -99.097163 0.0 0.4
40.002133 -99.08570999999999 0.0 0.4
40.002311 -99.074379 0.0 0.4
40.002255 -99.059596 0.0 0.4
40.002202 -99.048405 0.0 0.4
40.002190999999996 -99.037801 0.0 0.4
40.002226 -99.02600000000001 0.0 0.4
40.002209 -99.014686 0.0 0.4
40.002237 -99.003621 0.0 0.4
40.002252999999996 -98.9936 0.0 0.4
40.002246 -98.972286 0.0 0.4
40.002319 -98.96101 0.0 0.4
40.002249 -98.94040799999999 0.0 0.4
40.002248 -98.92879699999999 0.0 0.4
40.002286 -98.91765099999999 0.0 0.4
40.002289999999995 -98.903784 0.0 0.4
40.002323 -98.892499 0.0 0.4
40.002294 -98.881423 0.0 0.4
40.002376 -98.86938599999999 0.0 0.4
40.002372 -98.85909 0.0 0.4
40.00234 -98.84452999999999 0.0 0.4
40.002409 -98.831808 0.0 0.4
40.00237 -98.819577 0.0 0.4
40.002362999999995 -98.80937999999999 0.0 0.4
40.002348999999995 -98.798036 0.0 0.4
40.002375 -98.787385 0.0 0.4
40.00233 -98.777306 0.0 0.4
40.002331 -98.76724399999999 0.0 0.4
40.002246 -98.75710199999999 0.0 0.4
40.002283 -98.74583 0.0 0.4
40.002297 -98.73582499999999 0.0 0.4
40.002205 -98.719927 0.0 0.4
40.002372 -98.709412 0.0 0.4
40.002395 -98.698967 0.0 0.4
40.002466 -98.682215 0.0 0.4
40.00241 -98.669724 0.0 0.4
40.002286999999995 -98.65615799999999 0.0 0.4
40.002523 -98.641165 0.0 0.4
40.002368 -98.629716 0.0 0.4
40.002395 -98.618168 0.0 0.4
40.002382999999995 -98.60683 0.0 0.4
40.002455 -98.596317 0.0 0.4
40.002385 -98.584199 0.0 0.4
40.00235 -98.56805399999999 0.0 0.4
40.002404999999996 -98.557062 0.0 0.4
40.002285 -98.543184 0.0 0.4
40.002311999999996 -98.53034 0.0 0.4
40.002443 -98.519527 0.0 0.4
40.002375 -98.509306 0.0 0.4
40.002396 -98.494579 0.0 0.4
40.002399 -98.48333 0.0 0.4
40.002412 -98.47293599999999 0.0 0.4
40.00241 -98.462267 0.0 0.4
40.002361 -98.45118 0.0 0.4
40.002376 -98.440438 0.0 0.4
40.002407 -98.430281 0.0 0.4
40.002438999999995 -98.420261 0.0 0.4
40.002441999999995 -98.410021 0.0 0.4
40.002418999999996 -98.399785 0.0 0.4
40.00241 -98.38964999999999 0.0 0.4
40.002403 -98.37500899999999 0.0 0.4
40.002415 -98.36246299999999 0.0 0.4
40.002418999999996 -98.349538 0.0 0.4
40.002423 -98.336944 0.0 0.4
40.002441 -98.326824 0.0 0.4
40.002443 -98.31608399999999 0.0 0.4
40.002472 -98.30584999999999 0.0 0.4
40.002457 -98.29416599999999 0.0 0.4
40.002447 -98.28197 0.0 0.4
40.002489 -98.26832499999999 0.0 0.4
40.002395 -98.256075 0.0 0.4
40.002355 -98.24521 0.0 0.4
40.002382999999995 -98.228794 0.0 0.4
40.002396999999995 -98.21355299999999 0.0 0.4
40.002362 -98.20214999999999 0.0 0.4
40.00253 -98.1871 0.0 0.4
40.002392 -98.175179 0.0 0.4
40.002299 -98.16141999999999 0.0 0.4
40.002274 -98.142603 0.0 0.4
40.002292 -98.132481 0.0 0.4
40.002279 -98.122462 0.0 0.4
40.002266 -98.111139 0.0 0.4
40.002238 -98.10096399999999 0.0 0.4
40.002261999999995 -98.087605 0.0 0.4
40.002289999999995 -98.07605199999999 0.0 0.4
40.002334999999995 -98.06308899999999 0.0 0.4
40.002278 -98.050057 0.0 0.4
40.002188 -98.03868299999999 0.0 0.4
40.002224 -98.01586499999999 0.0 0.4
40.002173 -98.00032999999999 0.0 0.4
40.002227 -97.989785 0.0 0.4
40.002142 -97.979659 0.0 0.4
40.002113 -97.968586 0.0 0.4
40.002106 -97.95795199999999 0.0 0.4
40.002098 -97.947881 0.0 0.4
40.002089 -97.93697499999999 0.0 0.4
40.002074 -97.91632899999999 0.0 0.4
40.002085 -97.906329 0.0 0.4
40.002072 -97.89374099999999 0.0 0.4
40.002075 -97.883262 0.0 0.4
40.002078999999995 -97.870691 0.0 0.4
40.002075999999995 -97.859116 0.0 0.4
40.002052 -97.840263 0.0 0.4
40.002026 -97.82974 0.0 0.4
40.002053 -97.819261 0.0 0.4
40.00204 -97.808864 0.0 0.4
40.002063 -97.79151 0.0 0.4
40.002069999999996 -97.779203 0.0 0.4
40.001995 -97.76908 0.0 0.4
40.002139 -97.757195 0.0 0.4
40.002144 -97.746118 0.0 0.4
40.002139 -97.735005 0.0 0.4
40.002136 -97.71974499999999 0.0 0.4
40.002125 -97.708342 0.0 0.4
40.002148999999996 -97.694442 0.0 0.4
40.002122 -97.684319 0.0 0.4
40.002142 -97.673647 0.0 0.4
40.002116 -97.663175 0.0 0.4
40.002109999999995 -97.651848 0.0 0.4
40.002096 -97.63689 0.0 0.4
40.002075 -97.623661 0.0 0.4
40.00206 -97.61338099999999 0.0 0.4
40.002069 -97.60256799999999 0.0 0.4
40.002061 -97.592379 0.0 0.4
40.002038999999996 -97.57840399999999 0.0 0.4
40.002033 -97.567291 0.0 0.4
40.002036 -97.556781 0.0 0.4
40.002026 -97.53864899999999 0.0 0.4
40.002033 -97.528446 0.0 0.4
40.001996999999996 -97.517625 0.0 0.4
40.002082 -97.507475 0.0 0.4
40.00193 -97.49656399999999 0.0 0.4
40.001787 -97.48165499999999 0.0 0.4
40.002046 -97.463346 0.0 0.4
40.002010999999996 -97.452433 0.0 0.4
40.001996999999996 -97.438283 0.0 0.4
40.002026 -97.425636 0.0 0.4
40.001978 -97.415047 0.0 0.4
40.001962999999996 -97.403537 0.0 0.4
40.001961 -97.38798299999999 0.0 0.4
40.001965999999996 -97.37697299999999 0.0 0.4
40.002033999999995 -97.36266499999999 0.0 0.4
40.001932 -97.351074 0.0 0.4
40.001982999999996 -97.339702 0.0 0.4
40.001977 -97.327462 0.0 0.4
40.001971 -97.31608899999999 0.0 0.4
40.001988 -97.304937 0.0 0.4
40.002016 -97.294415 0.0 0.4
40.001982999999996 -97.28164699999999 0.0 0.4
40.001945 -97.269431 0.0 0.4
40.001891 -97.258736 0.0 0.4
40.001532999999995 -97.24550099999999 0.0 0.4
40.001312999999996 -97.233836 0.0 0.4
40.001183 -97.221368 0.0 0.4
40.001365 -97.20393299999999 0.0 0.4
40.001807 -97.19238299999999 0.0 0.4
40.001777 -97.18234799999999 0.0 0.4
40.001450999999996 -97.172135 0.0 0.4
40.0015 -97.161023 0.0 0.4
40.001677 -97.146073 0.0 0.4
40.001856 -97.133563 0.0 0.4
40.001855 -97.12346699999999 0.0 0.4
40.001708 -97.107889 0.0 0.4
40.001674 -97.097481 0.0 0.4
40.001591 -97.087158 0.0 0.4
40.001391 -97.059523 0.0 0.4
40.001391999999996 -97.04854999999999 0.0 0.4
40.001563 -97.036099 0.0 0.4
40.001391 -97.020163 0.0 0.4
40.001459 -97.009328 0.0 0.4
40.001538 -96.998567 0.0 0.4
40.001546 -96.98628 0.0 0.4
40.001532 -96.974997 0.0 0.4
40.001515999999995 -96.963543 0.0 0.4
40.001503 -96.94673399999999 0.0 0.4
40.001489 -96.93631099999999 0.0 0.4
40.001508 -96.926244 0.0 0.4
40.001494 -96.915684 0.0 0.4
40.001473 -96.902391 0.0 0.4
40.001501999999995 -96.882589 0.0 0.4
40.001478999999996 -96.872171 0.0 0.4
40.001504 -96.86197 0.0 0.4
40.001528 -96.850493 0.0 0.4
40.001559 -96.83865999999999 0.0 0.4
40.001525 -96.82477999999999 0.0 0.4
40.001484 -96.812597 0.0 0.4
40.001458 -96.801548 0.0 0.4
40.001484999999995 -96.79105899999999 0.0 0.4
40.001429 -96.768857 0.0 0.4
40.001401 -96.7581 0.0 0.4
40.001417 -96.747331 0.0 0.4
40.001414 -96.734112 0.0 0.4
40.001466 -96.723709 0.0 0.4
40.001536 -96.71330999999999 0.0 0.4
40.001396 -96.70182299999999 0.0 0.4
40.001345 -96.69138099999999 0.0 0.4
40.001341 -96.680836 0.0 0.4
40.001341 -96.669489 0.0 0.4
40.001332999999995 -96.657423 0.0 0.4
40.001318999999995 -96.647339 0.0 0.4
40.001278 -96.63358199999999 0.0 0.4
40.001289 -96.62339899999999 0.0 0.4
40.000968 -96.613384 0.0 0.4
40.000875 -96.601598 0.0 0.4
40.00094 -96.589293 0.0 0.4
40.001159 -96.578319 0.0 0.4
40.001024 -96.56382099999999 0.0 0.4
40.001121999999995 -96.552624 0.0 0.4
40.00109 -96.541941 0.0 0.4
40.000959 -96.53179399999999 0.0 0.4
40.001042999999996 -96.52033999999999 0.0 0.4
40.001025 -96.51017499999999 0.0 0.4
40.001056999999996 -96.500005 0.0 0.4
40.001021 -96.489791 0.0 0.4
40.001011 -96.477082 0.0 0.4
40.001000999999995 -96.46649 0.0 0.4
40.001008999999996 -96.45281899999999 0.0 0.4
40.001024 -96.440899 0.0 0.4
40.001028999999996 -96.428632 0.0 0.4
40.001003 -96.41716 0.0 0.4
40.000997 -96.407044 0.0 0.4
40.000982 -96.396681 0.0 0.4
40.000985 -96.385424 0.0 0.4
40.000966999999996 -96.375 0.0 0.4
40.000955 -96.361087 0.0 0.4
40.000944 -96.350707 0.0 0.4
40.000921999999996 -96.340564 0.0 0.4
40.000972 -96.3305 0.0 0.4
40.0009 -96.317037 0.0 0.4
40.000856 -96.306648 0.0 0.4
40.000878 -96.29590499999999 0.0 0.4
40.000856 -96.280711 0.0 0.4
40.000854 -96.270326 0.0 0.4
40.000876 -96.260218 0.0 0.4
40.000879 -96.248746 0.0 0.4
40.000904 -96.237737 0.0 0.4
40.000859999999996 -96.223777 0.0 0.4
40.000838 -96.213535 0.0 0.4
40.000854 -96.201723 0.0 0.4
40.000833 -96.191526 0.0 0.4
40.000809 -96.180515 0.0 0.4
40.000814999999996 -96.169564 0.0 0.4
40.000769 -96.158318 0.0 0.4
40.000479 -96.147167 0.0 0.4
40.000437999999995 -96.12611799999999 0.0 0.4
40.000738999999996 -96.11166399999999 0.0 0.4
40.000715 -96.099305 0.0 0.4
40.00073 -96.086145 0.0 0.4
40.000648999999996 -96.071316 0.0 0.4
40.000686 -96.06131599999999 0.0 0.4
40.000752999999996 -96.05106699999999 0.0 0.4
40.000709 -96.04095799999999 0.0 0.4
40.000685 -96.025221 0.0 0.4
40.000675 -96.01471199999999 0.0 0.4
40.000634999999996 -96.002158 0.0 0.4
40.000625 -95.99184799999999 0.0 0.4
40.000583 -95.977063 0.0 0.4
40.000617 -95.966923 0.0 0.4
40.000585 -95.954087 0.0 0.4
40.000568 -95.943564 0.0 0.4
40.000547 -95.93211099999999 0.0 0.4
40.000589 -95.90950199999999 0.0 0.4
40.000603 -95.8974 0.0 0.4
40.000568 -95.884166 0.0 0.4
40.000693 -95.86754599999999 0.0 0.4
40.000625 -95.855823 0.0 0.4
40.000522 -95.84539799999999 0.0 0.4
40.000507 -95.835031 0.0 0.4
40.000493 -95.825025 0.0 0.4
40.000507999999996 -95.814601 0.0 0.4
40.000478 -95.803327 0.0 0.4
40.000454999999995 -95.791046 0.0 0.4
40.000440999999995 -95.77777599999999 0.0 0.4
40.000445 -95.766995 0.0 0.4
40.000444 -95.75616099999999 0.0 0.4
40.000457 -95.743875 0.0 0.4
40.00045 -95.733813 0.0 0.4
40.00046 -95.723196 0.0 0.4
40.000436 -95.71297799999999 0.0 0.4
40.0004 -95.70254899999999 0.0 0.4
40.000384 -95.69211899999999 0.0 0.4
40.000355 -95.68207699999999 0.0 0.4
40.000333999999995 -95.67179399999999 0.0 0.4
40.000349 -95.660764 0.0 0.4
40.000326 -95.649873 0.0 0.4
40.000318 -95.639765 0.0 0.4
40.000292 -95.627805 0.0 0.4
40.000288 -95.6177 0.0 0.4
40.000262 -95.607466 0.0 0.4
40.000254 -95.596306 0.0 0.4
40.000243999999995 -95.58394299999999 0.0 0.4
40.000233 -95.572363 0.0 0.4
40.000232 -95.560878 0.0 0.4
40.000192 -95.550254 0.0 0.4
40.000158 -95.54012 0.0 0.4
40.000175999999996 -95.52810000000001 0.0 0.4
40.000156 -95.51493699999999 0.0 0.4
40.000130999999996 -95.50439899999999 0.0 0.4
40.000113 -95.493213 0.0 0.4
40.000074999999995 -95.48271199999999 0.0 0.4
40.000037 -95.47063999999999 0.0 0.4
40.000246 -95.456563 0.0 0.4
40.000234 -95.441214 0.0 0.4
40.000175 -95.429704 0.0 0.4
40.000147 -95.4169 0.0 0.4
39.999984999999995 -95.40603 0.0 0.4
39.999967 -95.394244 0.0 0.4
39.999983 -95.382832 0.0 0.4
40.0 -95.37216 0.0 0.4
39.999942 -95.361701 0.0 0.4
39.99995 -95.35071099999999 0.0 0.4
39.999998999999995 -95.339896 0.0 0.4
39.999998999999995 -95.329611 0.0 0.4
39.999998 -95.312883 0.0 0.4
39.99069 -95.307661 0.0 0.4
39.983331 -95.300315 0.0 0.4
39.977799 -95.289654 0.0 0.4
39.974027 -95.279759 0.0 0.4
39.969395999999996 -95.269886 0.0 0.4
39.960618 -95.261854 0.0 0.4
39.952444 -95.255065 0.0 0.4
39.946476 -95.245409 0.0 0.4
39.943827999999996 -95.234687 0.0 0.4
39.944367 -95.221616 0.0 0.4
39.942454999999995 -95.211725 0.0 0.4
39.937408999999995 -95.20296499999999 0.0 0.4
39.925784 -95.200463 0.0 0.4
39.916236999999995 -95.205229 0.0 0.4
39.905654 -95.20347699999999 0.0 0.4
39.900971999999996 -95.193793 0.0 0.4
39.900048999999996 -95.18336699999999 0.0 0.4
39.901685 -95.17222199999999 0.0 0.4
39.90641 -95.16163399999999 0.0 0.4
39.906431 -95.151375 0.0 0.4
39.900402 -95.142838 0.0 0.4
39.889356 -95.14340299999999 0.0 0.4
39.879504 -95.13842199999999 0.0 0.4
39.874334999999995 -95.128609 0.0 0.4
39.871671 -95.118488 0.0 0.4
39.869774 -95.106569 0.0 0.4
39.86314 -95.090158 0.0 0.4
39.861489999999996 -95.077597 0.0 0.4
39.862701 -95.066074 0.0 0.4
39.864546 -95.05075599999999 0.0 0.4
39.864832 -95.039403 0.0 0.4
39.868988 -95.030249 0.0 0.4
39.878166 -95.024829 0.0 0.4
39.888126 -95.025734 0.0 0.4
39.897372 -95.018743 0.0 0.4
39.900596 -95.00844 0.0 0.4
39.899094999999996 -94.997636 0.0 0.4
39.896319999999996 -94.987059 0.0 0.4
39.897721 -94.97583499999999 0.0 0.4
39.900828 -94.964293 0.0 0.4
39.901137999999996 -94.954155 0.0 0.4
39.898129999999995 -94.943867 0.0 0.4
39.892835 -94.933696 0.0 0.4
39.883966 -94.927359 0.0 0.4
39.874278 -94.929949 0.0 0.4
39.867578 -94.938071 0.0 0.4
39.857034 -94.942567 0.0 0.4
39.84841 -94.935487 0.0 0.4
39.841322 -94.92614999999999 0.0 0.4
39.835806999999996 -94.916766 0.0 0.4
39.833735999999995 -94.90634 0.0 0.4
39.834461999999995 -94.896277 0.0 0.4
39.832418 -94.88482599999999 0.0 0.4
39.82497 -94.877605 0.0 0.4
39.81447 -94.87603999999999 0.0 0.4
39.803594 -94.87764399999999 0.0 0.4
39.793997 -94.884652 0.0 0.4
39.790842999999995 -94.894402 0.0 0.4
39.790292 -94.906476 0.0 0.4
39.790251 -94.918486 0.0 0.4
39.78865 -94.928838 0.0 0.4
39.781149 -94.935605 0.0 0.4
39.771553 -94.93242 0.0 0.4
39.765018 -94.923941 0.0 0.4
39.760266 -94.914997 0.0 0.4
39.759642 -94.90482 0.0 0.4
39.76318 -94.895427 0.0 0.4
39.770179999999996 -94.88394799999999 0.0 0.4
39.772636999999996 -94.87344499999999 0.0 0.4
39.768138 -94.863767 0.0 0.4
39.75853 -94.859984 0.0 0.4
39.748408 -94.860807 0.0 0.4
39.738591 -94.865048 0.0 0.4
39.731134999999995 -94.87477299999999 0.0 0.4
39.726794 -94.884143 0.0 0.4
39.724525 -94.895219 0.0 0.4
39.724787 -94.905284 0.0 0.4
39.72762 -94.91546 0.0 0.4
39.732698 -94.925365 0.0 0.4
39.738186 -94.934069 0.0 0.4
39.743581 -94.942775 0.0 0.4
39.745961 -94.95263 0.0 0.4
39.741673 -94.962166 0.0 0.4
39.733928999999996 -94.96919 0.0 0.4
39.723146 -94.97107799999999 0.0 0.4
39.713232999999995 -94.969392 0.0 0.4
39.701035 -94.968713 0.0 0.4
39.690729999999995 -94.96933299999999 0.0 0.4
39.68241 -94.975141 0.0 0.4
39.67785 -94.984149 0.0 0.4
39.676553999999996 -94.994149 0.0 0.4
39.676044 -95.006969 0.0 0.4
39.673635999999995 -95.01669 0.0 0.4
39.665454 -95.027644 0.0 0.4
39.657367 -95.034044 0.0 0.4
39.648959 -95.039757 0.0 0.4
39.63948 -95.04829 0.0 0.4
39.630347 -95.053367 0.0 0.4
39.620067999999996 -95.054952 0.0 0.4
39.610150999999995 -95.05047599999999 0.0 0.4
39.599557 -95.04636099999999 0.0 0.4
39.589583 -95.04927699999999 0.0 0.4
39.580566999999995 -95.05689699999999 0.0 0.4
39.576502 -95.067095 0.0 0.4
39.577543999999996 -95.078901 0.0 0.4
39.580836 -95.088612 0.0 0.4
39.579691 -95.09909499999999 0.0 0.4
39.573743 -95.107474 0.0 0.4
39.563517 -95.111426 0.0 0.4
39.553712999999995 -95.113502 0.0 0.4
39.542504 -95.10940599999999 0.0 0.4
39.53411 -95.10360999999999 0.0 0.4
39.524240999999996 -95.092704 0.0 0.4
39.516712 -95.082714 0.0 0.4
39.510736 -95.07097499999999 0.0 0.4
39.507199 -95.060982 0.0 0.4
39.500735 -95.052942 0.0 0.4
39.488938999999995 -95.04874 0.0 0.4
39.477536 -95.047671 0.0 0.4
39.468029 -95.042153 0.0 0.4
39.460876 -95.033408 0.0 0.4
39.455453 -95.022025 0.0 0.4
39.452017999999995 -95.011534 0.0 0.4
39.449895 -95.00123099999999 0.0 0.4
39.446191999999996 -94.990172 0.0 0.4
39.438573999999996 -94.980419 0.0 0.4
39.428426 -94.977122 0.0 0.4
39.420347 -94.971164 0.0 0.4
39.41551 -94.95985399999999 0.0 0.4
39.410295999999995 -94.94958299999999 0.0 0.4
39.399716999999995 -94.94666199999999 0.0 0.4
39.389499 -94.942039 0.0 0.4
39.385166 -94.93124399999999 0.0 0.4
39.385174 -94.919225 0.0 0.4
39.389140999999995 -94.909791 0.0 0.4
39.393333 -94.900132 0.0 0.4
39.392432 -94.888972 0.0 0.4
39.383899 -94.880979 0.0 0.4
39.372446 -94.88032 0.0 0.4
39.364564 -94.889151 0.0 0.4
39.361852999999996 -94.898918 0.0 0.4
39.355639 -94.908289 0.0 0.4
39.344735 -94.910353 0.0 0.4
39.333566999999995 -94.90865699999999 0.0 0.4
39.323451 -94.907904 0.0 0.4
39.312000999999995 -94.905153 0.0 0.4
39.301874 -94.900678 0.0 0.4
39.292775999999996 -94.89332 0.0 0.4
39.284512 -94.884093 0.0 0.4
39.280159999999995 -94.874816 0.0 0.4
39.276289 -94.86352 0.0 0.4
39.272000999999996 -94.85313599999999 0.0 0.4
39.266313 -94.84289299999999 0.0 0.4
39.259944 -94.835015 0.0 0.4
39.251872999999996 -94.828487 0.0 0.4
39.241729 -94.82566299999999 0.0 0.4
39.231313 -94.829391 0.0 0.4
39.222516 -94.835054 0.0 0.4
39.212984999999996 -94.827269 0.0 0.4
39.207930999999995 -94.81651699999999 0.0 0.4
39.206357 -94.80550000000001 0.0 0.4
39.206756999999996 -94.795379 0.0 0.4
39.20767 -94.78487299999999 0.0 0.4
39.201809999999995 -94.776398 0.0 0.4
39.191795 -94.77126899999999 0.0 0.4
39.180988 -94.763768 0.0 0.4
39.173493 -94.752803 0.0 0.4
39.170318 -94.741858 0.0 0.4
39.169003 -94.723637 0.0 0.4
39.171904999999995 -94.710832 0.0 0.4
39.177247 -94.69932399999999 0.0 0.4
39.183228 -94.688788 0.0 0.4
39.184169 -94.67824 0.0 0.4
39.18116 -94.666671 0.0 0.4
39.174126 -94.659162 0.0 0.4
39.163889999999995 -94.66116199999999 0.0 0.4
39.154202999999995 -94.651135 0.0 0.4
39.153707 -94.63977899999999 0.0 0.4
39.156611 -94.623924 0.0 0.4
39.160883 -94.611071 0.0 0.4
39.159273 -94.600932 0.0 0.4
39.154767 -94.590661 0.0 0.4
39.144041 -94.58883499999999 0.0 0.4
39.134389 -94.593628 0.0 0.4
39.12508 -94.603304 0.0 0.4
39.116243999999995 -94.608519 0.0 0.4
39.105942999999996 -94.607233 0.0 0.4
39.091204 -94.60723399999999 0.0 0.4
39.079571 -94.607316 0.0 0.4
39.068903999999996 -94.607331 0.0 0.4
39.058887 -94.607332 0.0 0.4
39.048801 -94.607334 0.0 0.4
39.038072 -94.60743699999999 0.0 0.4
39.026086 -94.60759399999999 0.0 0.4
39.015274999999995 -94.607745 0.0 0.4
39.005134999999996 -94.60783599999999 0.0 0.4
38.994966 -94.607918 0.0 0.4
38.984877 -94.608154 0.0 0.4
38.9747 -94.60826999999999 0.0 0.4
38.964112 -94.608102 0.0 0.4
38.953509 -94.60814599999999 0.0 0.4
38.943163999999996 -94.608147 0.0 0.4
38.932856 -94.608036 0.0 0.4
38.922473 -94.607996 0.0 0.4
38.912254999999995 -94.60797699999999 0.0 0.4
38.901829 -94.607979 0.0 0.4
38.890941999999995 -94.607958 0.0 0.4
38.880171 -94.608004 0.0 0.4
38.869749999999996 -94.608032 0.0 0.4
38.859503 -94.608032 0.0 0.4
38.847207 -94.60803299999999 0.0 0.4
38.832916 -94.607736 0.0 0.4
38.816398 -94.607902 0.0 0.4
38.805343 -94.608216 0.0 0.4
38.79529 -94.60833 0.0 0.4
38.784974 -94.60842 0.0 0.4
38.774195999999996 -94.608505 0.0 0.4
38.764195 -94.60866999999999 0.0 0.4
38.753662 -94.608848 0.0 0.4
38.742504 -94.609051 0.0 0.4
38.731755 -94.60931 0.0 0.4
38.721705 -94.609504 0.0 0.4
38.710844 -94.609726 0.0 0.4
38.700675 -94.609973 0.0 0.4
38.690475 -94.610171 0.0 0.4
38.679216 -94.61043699999999 0.0 0.4
38.668507999999996 -94.61064999999999 0.0 0.4
38.658324 -94.610793 0.0 0.4
38.647535999999995 -94.610991 0.0 0.4
38.636527 -94.611269 0.0 0.4
38.625693999999996 -94.611475 0.0 0.4
38.614639 -94.611678 0.0 0.4
38.602089 -94.611903 0.0 0.4
38.588538 -94.61189 0.0 0.4
38.578491 -94.611802 0.0 0.4
38.565534 -94.612167 0.0 0.4
38.550323 -94.61215299999999 0.0 0.4
38.535216999999996 -94.612298 0.0 0.4
38.522286 -94.612324 0.0 0.4
38.506343 -94.612399 0.0 0.4
38.495839 -94.612538 0.0 0.4
38.484366 -94.612866 0.0 0.4
38.472775999999996 -94.613079 0.0 0.4
38.462137 -94.61327999999999 0.0 0.4
38.451574 -94.613373 0.0 0.4
38.440332 -94.613292 0.0 0.4
38.429859 -94.61343 0.0 0.4
38.418707999999995 -94.613428 0.0 0.4
38.407965 -94.613357 0.0 0.4
38.396074999999996 -94.613298 0.0 0.4
38.375505 -94.61323999999999 0.0 0.4
38.364701 -94.613238 0.0 0.4
38.353466 -94.613148 0.0 0.4
38.337373 -94.612932 0.0 0.4
38.324387 -94.612825 0.0 0.4
38.314229 -94.61271599999999 0.0 0.4
38.302527 -94.612673 0.0 0.4
38.291423 -94.612844 0.0 0.4
38.280186 -94.61269899999999 0.0 0.4
38.268712 -94.612647 0.0 0.4
38.257794 -94.612619 0.0 0.4
38.244192999999996 -94.612534 0.0 0.4
38.232636 -94.612526 0.0 0.4
38.222179 -94.61247 0.0 0.4
38.210972999999996 -94.612594 0.0 0.4
38.20037 -94.61282399999999 0.0 0.4
38.190186 -94.61296999999999 0.0 0.4
38.17961 -94.61316099999999 0.0 0.4
38.16961 -94.613391 0.0 0.4
38.154165 -94.613697 0.0 0.4
38.140932 -94.613687 0.0 0.4
38.130921 -94.613784 0.0 0.4
38.119972 -94.613771 0.0 0.4
38.109926 -94.613798 0.0 0.4
38.099528 -94.613806 0.0 0.4
38.089478 -94.61393 0.0 0.4
38.075154 -94.613974 0.0 0.4
38.062791 -94.614114 0.0 0.4
38.051767999999996 -94.61405099999999 0.0 0.4
38.040426 -94.614097 0.0 0.4
38.030068 -94.614071 0.0 0.4
38.019154 -94.61402199999999 0.0 0.4
38.008876 -94.614032 0.0 0.4
37.993417 -94.614266 0.0 0.4
37.982715 -94.61416899999999 0.0 0.4
37.972539999999995 -94.61425799999999 0.0 0.4
37.956409 -94.61454599999999 0.0 0.4
37.944362 -94.614612 0.0 0.4
37.93421 -94.614779 0.0 0.4
37.922174999999996 -94.615043 0.0 0.4
37.907801 -94.61536199999999 0.0 0.4
37.89729 -94.615444 0.0 0.4
37.886731999999995 -94.615692 0.0 0.4
37.875039 -94.61585799999999 0.0 0.4
37.864588999999995 -94.61594799999999 0.0 0.4
37.851777999999996 -94.61627 0.0 0.4
37.841259 -94.616379 0.0 0.4
37.828196999999996 -94.616663 0.0 0.4
37.81719 -94.61699399999999 0.0 0.4
37.80658 -94.617116 0.0 0.4
37.796405 -94.617311 0.0 0.4
37.78568 -94.617464 0.0 0.4
37.775331 -94.617654 0.0 0.4
37.763399 -94.617632 0.0 0.4
37.752635999999995 -94.617723 0.0 0.4
37.741977 -94.61774199999999 0.0 0.4
37.731139999999996 -94.617807 0.0 0.4
37.72061 -94.617893 0.0 0.4
37.709097 -94.617902 0.0 0.4
37.698878 -94.617879 0.0 0.4
37.687788999999995 -94.617657 0.0 0.4
37.677595 -94.617791 0.0 0.4
37.665645 -94.617812 0.0 0.4
37.654891 -94.61770399999999 0.0 0.4
37.643991 -94.61762 0.0 0.4
37.633874 -94.617533 0.0 0.4
37.616983 -94.61743399999999 0.0 0.4
37.606349 -94.617414 0.0 0.4
37.591218 -94.617347 0.0 0.4
37.579214 -94.617345 0.0 0.4
37.56706 -94.61704999999999 0.0 0.4
37.556535 -94.61708399999999 0.0 0.4
37.544149 -94.61702199999999 0.0 0.4
37.532289999999996 -94.616963 0.0 0.4
37.521985 -94.616756 0.0 0.4
37.510552 -94.61673599999999 0.0 0.4
37.500530999999995 -94.616728 0.0 0.4
37.487432 -94.61688699999999 0.0 0.4
37.477017 -94.617093 0.0 0.4
37.46539 -94.61708999999999 0.0 0.4
37.454775999999995 -94.61711 0.0 0.4
37.444558 -94.61730299999999 0.0 0.4
37.433268999999996 -94.617226 0.0 0.4
37.42182 -94.617313 0.0 0.4
37.410959 -94.617414 0.0 0.4
37.399797 -94.6175 0.0 0.4
37.387114 -94.617492 0.0 0.4
37.376546999999995 -94.617521 0.0 0.4
37.366496 -94.61755 0.0 0.4
37.355243 -94.61759599999999 0.0 0.4
37.344969999999996 -94.617656 0.0 0.4
37.333214 -94.617678 0.0 0.4
37.323175 -94.617802 0.0 0.4
37.313022 -94.61786699999999 0.0 0.4
37.300430999999996 -94.617886 0.0 0.4
37.288675999999995 -94.617961 0.0 0.4
37.278589 -94.617981 0.0 0.4
37.267969 -94.618033 0.0 0.4
37.257363999999995 -94.618051 0.0 0.4
37.24725 -94.61807499999999 0.0 0.4
37.237193999999995 -94.61814799999999 0.0 0.4
37.227185999999996 -94.61815999999999 0.0 0.4
37.216829 -94.618134 0.0 0.4
37.204688999999995 -94.618203 0.0 0.4
37.194687 -94.618313 0.0 0.4
37.183946999999996 -94.618308 0.0 0.4
37.173511999999995 -94.618228 0.0 0.4
37.163475 -94.618257 0.0 0.4
37.153241 -94.618219 0.0 0.4
37.143198 -94.618067 0.0 0.4
37.133112 -94.617814 0.0 0.4
37.120134 -94.61815 0.0 0.4
37.10942 -94.618039 0.0 0.4
37.09917 -94.61808599999999 0.0 0.4
37.088873 -94.61806399999999 0.0 0.4
37.07882 -94.61793399999999 0.0 0.4
37.068112 -94.617871 0.0 0.4
37.057922 -94.61783899999999 0.0 0.4
37.047305 -94.617942 0.0 0.4
37.03684 -94.617971 0.0 0.4
37.014708999999996 -94.61793999999999 0.0 0.4
37.004365 -94.61791699999999 0.0 0.4
36.998677 -94.63084599999999 0.0 0.4
36.998667999999995 -94.650488 0.0 0.4
36.99867 -94.661367 0.0 0.4
36.99867 -94.674403 0.0 0.4
36.998748 -94.685808 0.0 0.4
36.998689999999996 -94.70011 0.0 0.4
36.998796999999996 -94.710279 0.0 0.4
36.998712 -94.721993 0.0 0.4
36.99867 -94.73281899999999 0.0 0.4
36.998653999999995 -94.74320499999999 0.0 0.4
36.998621 -94.754691 0.0 0.4
36.99868 -94.76724 0.0 0.4
36.998702 -94.777245 0.0 0.4
36.998742 -94.787267 0.0 0.4
36.998759 -94.800005 0.0 0.4
36.998709999999996 -94.81348 0.0 0.4
36.998747 -94.825437 0.0 0.4
36.99879 -94.83681 0.0 0.4
36.998824 -94.847775 0.0 0.4
36.998841 -94.858359 0.0 0.4
36.998844 -94.87016899999999 0.0 0.4
36.99886 -94.88484 0.0 0.4
36.99895 -94.89511 0.0 0.4
36.999095 -94.908468 0.0 0.4
36.9991 -94.921 0.0 0.4
36.999174 -94.931508 0.0 0.4
36.999265 -94.944604 0.0 0.4
36.99939 -94.95711 0.0 0.4
36.999469999999995 -94.967237 0.0 0.4
36.999500000000005 -94.97941999999999 0.0 0.4
36.99951 -94.99300000000001 0.0 0.4
36.999496 -95.00432599999999 0.0 0.4
36.999531 -95.015211 0.0 0.4
36.99952 -95.026545 0.0 0.4
36.999572 -95.03741699999999 0.0 0.4
36.999589 -95.04949099999999 0.0 0.4
36.999559999999995 -95.06483 0.0 0.4
36.99955 -95.07548 0.0 0.4
36.999584 -95.085797 0.0 0.4
36.999569 -95.096582 0.0 0.4
36.999595 -95.106741 0.0 0.4
36.999587 -95.117012 0.0 0.4
36.999553 -95.128103 0.0 0.4
36.999592 -95.138148 0.0 0.4
36.999582 -95.149547 0.0 0.4
36.999601999999996 -95.15983399999999 0.0 0.4
36.999624 -95.170288 0.0 0.4
36.999474 -95.182666 0.0 0.4
36.999572 -95.19568 0.0 0.4
36.99958 -95.20601599999999 0.0 0.4
36.999581 -95.216134 0.0 0.4
36.999589 -95.22740999999999 0.0 0.4
36.999587 -95.238519 0.0 0.4
36.999567 -95.249774 0.0 0.4
36.999535 -95.26012999999999 0.0 0.4
36.999505 -95.270145 0.0 0.4
36.999548 -95.28157999999999 0.0 0.4
36.99955 -95.2947 0.0 0.4
36.999469999999995 -95.30879499999999 0.0 0.4
36.999407 -95.319389 0.0 0.4
36.999379 -95.331015 0.0 0.4
36.999373 -95.34140699999999 0.0 0.4
36.999415 -95.35399799999999 0.0 0.4
36.999432 -95.365208 0.0 0.4
36.999368 -95.37526199999999 0.0 0.4
36.999336 -95.38541 0.0 0.4
36.999317 -95.39555 0.0 0.4
36.999319 -95.405906 0.0 0.4
36.999300000000005 -95.416252 0.0 0.4
36.999268 -95.426456 0.0 0.4
36.999286 -95.44053199999999 0.0 0.4
36.999306 -95.45116499999999 0.0 0.4
36.999333 -95.46150999999999 0.0 0.4
36.999392 -95.47313 0.0 0.4
36.999355 -95.483857 0.0 0.4
36.999358 -95.49574 0.0 0.4
36.999271 -95.50672 0.0 0.4
36.999269 -95.519905 0.0 0.4
36.99932 -95.534498 0.0 0.4
36.999313 -95.545868 0.0 0.4
36.999361 -95.557267 0.0 0.4
36.999347 -95.567504 0.0 0.4
36.999272999999995 -95.583136 0.0 0.4
36.999293 -95.596345 0.0 0.4
36.999309 -95.606386 0.0 0.4
36.999358 -95.620274 0.0 0.4
36.99939 -95.630279 0.0 0.4
36.999376999999996 -95.64237 0.0 0.4
36.999348999999995 -95.65285999999999 0.0 0.4
36.999323 -95.664152 0.0 0.4
36.999269999999996 -95.674476 0.0 0.4
36.999252999999996 -95.68656999999999 0.0 0.4
36.99931 -95.70475499999999 0.0 0.4
36.999255 -95.71476299999999 0.0 0.4
36.999280999999996 -95.725079 0.0 0.4
36.999258 -95.73894399999999 0.0 0.4
36.999246 -95.749996 0.0 0.4
36.999252999999996 -95.761217 0.0 0.4
36.999262 -95.77884999999999 0.0 0.4
36.999244 -95.794276 0.0 0.4
36.999147 -95.80779799999999 0.0 0.4
36.999165999999995 -95.81931399999999 0.0 0.4
36.999221 -95.829819 0.0 0.4
36.999204999999996 -95.840222 0.0 0.4
36.999187 -95.85031699999999 0.0 0.4
36.999199 -95.861226 0.0 0.4
36.999283 -95.872473 0.0 0.4
36.999187 -95.88604699999999 0.0 0.4
36.999327 -95.909446 0.0 0.4
36.99935 -95.919979 0.0 0.4
36.999292 -95.930745 0.0 0.4
36.999176999999996 -95.941671 0.0 0.4
36.999125 -95.953789 0.0 0.4
36.999103999999996 -95.96427 0.0 0.4
36.999054 -95.979157 0.0 0.4
36.999034 -95.995014 0.0 0.4
36.998908 -96.016589 0.0 0.4
36.998967 -96.035772 0.0 0.4
36.999004 -96.04832499999999 0.0 0.4
36.999036 -96.059209 0.0 0.4
36.999100999999996 -96.08057699999999 0.0 0.4
36.999134999999995 -96.091279 0.0 0.4
36.999186 -96.108628 0.0 0.4
36.999114999999996 -96.119154 0.0 0.4
36.998998 -96.13357099999999 0.0 0.4
36.999009 -96.14506999999999 0.0 0.4
36.999072 -96.156757 0.0 0.4
36.99913 -96.168494 0.0 0.4
36.999338 -96.184708 0.0 0.4
36.9992 -96.194904 0.0 0.4
36.999095 -96.20592599999999 0.0 0.4
36.999171 -96.21759399999999 0.0 0.4
36.999168 -96.228416 0.0 0.4
36.999065 -96.240049 0.0 0.4
36.999252 -96.25088 0.0 0.4
36.999215 -96.263369 0.0 0.4
36.999215 -96.274069 0.0 0.4
36.999269999999996 -96.28415299999999 0.0 0.4
36.99937 -96.29444699999999 0.0 0.4
36.999141 -96.305815 0.0 0.4
36.999302 -96.318885 0.0 0.4
36.999299 -96.329611 0.0 0.4
36.999295 -96.341751 0.0 0.4
36.999292 -96.35177399999999 0.0 0.4
36.999300000000005 -96.366456 0.0 0.4
36.999255 -96.378732 0.0 0.4
36.999224999999996 -96.391699 0.0 0.4
36.999192 -96.402546 0.0 0.4
36.999283999999996 -96.412562 0.0 0.4
36.999108 -96.435791 0.0 0.4
36.999103 -96.45043199999999 0.0 0.4
36.99896 -96.466715 0.0 0.4
36.998816 -96.481966 0.0 0.4
36.998644 -96.500115 0.0 0.4
36.998681999999995 -96.51489099999999 0.0 0.4
36.998709999999996 -96.525365 0.0 0.4
36.998788 -96.55372299999999 0.0 0.4
36.998827999999996 -96.56763099999999 0.0 0.4
36.998855999999996 -96.577901 0.0 0.4
36.998898 -96.59303299999999 0.0 0.4
36.998929 -96.60403199999999 0.0 0.4
36.998984 -96.62409699999999 0.0 0.4
36.999072 -96.641643 0.0 0.4
36.999092999999995 -96.651895 0.0 0.4
36.99914 -96.675224 0.0 0.4
36.999165 -96.68693599999999 0.0 0.4
36.999198 -96.698038 0.0 0.4
36.999207 -96.70925299999999 0.0 0.4
36.999277 -96.720782 0.0 0.4
36.999283 -96.731983 0.0 0.4
36.998988 -96.749838 0.0 0.4
36.999155 -96.765789 0.0 0.4
36.999175 -96.777422 0.0 0.4
36.999207 -96.787791 0.0 0.4
36.998903999999996 -96.799048 0.0 0.4
36.999038999999996 -96.81059599999999 0.0 0.4
36.999156 -96.820619 0.0 0.4
36.999249999999996 -96.83082999999999 0.0 0.4
36.999157 -96.840882 0.0 0.4
36.999244999999995 -96.85435 0.0 0.4
36.999252999999996 -96.867469 0.0 0.4
36.999238 -96.877624 0.0 0.4
36.999204999999996 -96.888553 0.0 0.4
36.999162999999996 -96.900762 0.0 0.4
36.999147 -96.91130199999999 0.0 0.4
36.999151999999995 -96.92185699999999 0.0 0.4
36.999078 -96.933025 0.0 0.4
36.99905 -96.94657 0.0 0.4
36.999069999999996 -96.95738 0.0 0.4
36.999071 -96.968661 0.0 0.4
36.999067 -96.97878 0.0 0.4
36.999041 -96.990939 0.0 0.4
36.999086 -97.001441 0.0 0.4
36.99903 -97.01178999999999 0.0 0.4
36.999054 -97.02217499999999 0.0 0.4
36.998965 -97.037229 0.0 0.4
36.998988 -97.048091 0.0 0.4
36.999019 -97.059899 0.0 0.4
36.999006 -97.07051299999999 0.0 0.4
36.999010999999996 -97.086552 0.0 0.4
36.999007 -97.098676 0.0 0.4
36.999024999999996 -97.10989099999999 0.0 0.4
36.99903 -97.12030999999999 0.0 0.4
36.999007999999996 -97.132865 0.0 0.4
36.999029 -97.146175 0.0 0.4
36.999026 -97.156239 0.0 0.4
36.999018 -97.16968999999999 0.0 0.4
36.999026 -97.181061 0.0 0.4
36.999038999999996 -97.191553 0.0 0.4
36.998945 -97.201714 0.0 0.4
36.998931999999996 -97.21600000000001 0.0 0.4
36.998894 -97.228394 0.0 0.4
36.998912 -97.239234 0.0 0.4
36.998905 -97.250755 0.0 0.4
36.998909 -97.262779 0.0 0.4
36.998884 -97.273589 0.0 0.4
36.998889 -97.284262 0.0 0.4
36.998877 -97.29537099999999 0.0 0.4
36.998858 -97.306445 0.0 0.4
36.998884 -97.317983 0.0 0.4
36.998878999999995 -97.33231599999999 0.0 0.4
36.998826 -97.342581 0.0 0.4
36.998844999999996 -97.354377 0.0 0.4
36.998813 -97.36486599999999 0.0 0.4
36.99887 -97.375974 0.0 0.4
36.998824 -97.389517 0.0 0.4
36.998782999999996 -97.400328 0.0 0.4
36.998740999999995 -97.411887 0.0 0.4
36.998765 -97.424326 0.0 0.4
36.998737 -97.43690099999999 0.0 0.4
36.998734999999996 -97.44862099999999 0.0 0.4
36.998702 -97.458725 0.0 0.4
36.998653 -97.469297 0.0 0.4
36.998681 -97.480246 0.0 0.4
36.998643 -97.49194399999999 0.0 0.4
36.99865 -97.504713 0.0 0.4
36.998652 -97.51601699999999 0.0 0.4
36.998641 -97.527003 0.0 0.4
36.998737 -97.53898699999999 0.0 0.4
36.998732 -97.559353 0.0 0.4
36.998621 -97.570146 0.0 0.4
36.998650999999995 -97.58031799999999 0.0 0.4
36.998546 -97.595028 0.0 0.4
36.998633 -97.60509599999999 0.0 0.4
36.998765 -97.615265 0.0 0.4
36.99888 -97.625328 0.0 0.4
36.999085 -97.636844 0.0 0.4
36.998833999999995 -97.64766999999999 0.0 0.4
36.998905 -97.670262 0.0 0.4
36.998849 -97.69218 0.0 0.4
36.998825 -97.710404 0.0 0.4
36.998733 -97.72873899999999 0.0 0.4
36.998740999999995 -97.73901599999999 0.0 0.4
36.998734999999996 -97.74994799999999 0.0 0.4
36.998759 -97.76244899999999 0.0 0.4
36.998959 -97.78327399999999 0.0 0.4
36.998736 -97.794693 0.0 0.4
36.998739 -97.80566999999999 0.0 0.4
36.998725 -97.816803 0.0 0.4
36.998711 -97.828013 0.0 0.4
36.998683 -97.838202 0.0 0.4
36.998687 -97.848817 0.0 0.4
36.998673 -97.859477 0.0 0.4
36.998653999999995 -97.87404099999999 0.0 0.4
36.998663 -97.885829 0.0 0.4
36.998647999999996 -97.902073 0.0 0.4
36.998616 -97.912917 0.0 0.4
36.998633 -97.92392799999999 0.0 0.4
36.998602999999996 -97.940372 0.0 0.4
36.99858 -97.95038799999999 0.0 0.4
36.998551 -97.960819 0.0 0.4
36.998484999999995 -97.97165199999999 0.0 0.4
36.998459 -97.983617 0.0 0.4
36.998508 -97.994149 0.0 0.4
36.998501999999995 -98.00442199999999 0.0 0.4
36.998478 -98.016211 0.0 0.4
36.998416 -98.028634 0.0 0.4
36.998398 -98.038686 0.0 0.4
36.998366 -98.053799 0.0 0.4
36.998293 -98.063825 0.0 0.4
36.99828 -98.075356 0.0 0.4
36.998225 -98.091703 0.0 0.4
36.998115 -98.10695899999999 0.0 0.4
36.998087 -98.119677 0.0 0.4
36.998081 -98.13135 0.0 0.4
36.998107999999995 -98.14148899999999 0.0 0.4
36.998087 -98.153087 0.0 0.4
36.997937 -98.164216 0.0 0.4
36.997938999999995 -98.17773199999999 0.0 0.4
36.997899 -98.190399 0.0 0.4
36.997878 -98.20088799999999 0.0 0.4
36.997959 -98.212301 0.0 0.4
36.997963999999996 -98.224953 0.0 0.4
36.997971 -98.236188 0.0 0.4
36.997698 -98.250334 0.0 0.4
36.997709 -98.273721 0.0 0.4
36.997690999999996 -98.291799 0.0 0.4
36.997713999999995 -98.309536 0.0 0.4
36.997851 -98.32797 0.0 0.4
36.997962 -98.346143 0.0 0.4
36.998013 -98.360935 0.0 0.4
36.998317 -98.37535 0.0 0.4
36.998498 -98.40651 0.0 0.4
36.998413 -98.418328 0.0 0.4
36.998345 -98.42862699999999 0.0 0.4
36.998371999999996 -98.43866399999999 0.0 0.4
36.998385 -98.450059 0.0 0.4
36.998412 -98.46059 0.0 0.4
36.998478999999996 -98.472372 0.0 0.4
36.99854 -98.482388 0.0 0.4
36.998579 -98.492639 0.0 0.4
36.99867 -98.503474 0.0 0.4
36.998806 -98.514545 0.0 0.4
36.99886 -98.525443 0.0 0.4
36.99883 -98.535882 0.0 0.4
36.998757999999995 -98.545885 0.0 0.4
36.998802999999995 -98.556793 0.0 0.4
36.998815 -98.567295 0.0 0.4
36.998821 -98.577846 0.0 0.4
36.998813 -98.59163 0.0 0.4
36.998843 -98.603411 0.0 0.4
36.99886 -98.613788 0.0 0.4
36.998884 -98.624999 0.0 0.4
36.998912 -98.635476 0.0 0.4
36.998861999999995 -98.648844 0.0 0.4
36.998895 -98.659324 0.0 0.4
36.998926999999995 -98.671033 0.0 0.4
36.998940999999995 -98.68423299999999 0.0 0.4
36.99899 -98.694351 0.0 0.4
36.999038 -98.707077 0.0 0.4
36.999181 -98.717815 0.0 0.4
36.999137999999995 -98.73504 0.0 0.4
36.999213999999995 -98.746878 0.0 0.4
36.999305 -98.76170499999999 0.0 0.4
36.999368 -98.77727399999999 0.0 0.4
36.999461 -98.793725 0.0 0.4
36.999295 -98.811832 0.0 0.4
36.999404 -98.834762 0.0 0.4
36.999441999999995 -98.846256 0.0 0.4
36.999432999999996 -98.869365 0.0 0.4
36.999469 -98.87967599999999 0.0 0.4
36.999506 -98.905051 0.0 0.4
36.999558 -98.92303899999999 0.0 0.4
36.999576999999995 -98.93384999999999 0.0 0.4
36.999590999999995 -98.945296 0.0 0.4
36.999595 -98.95888599999999 0.0 0.4
36.999598 -98.977458 0.0 0.4
36.999535 -98.987596 0.0 0.4
36.999462 -98.999443 0.0 0.4
36.999519 -99.01170499999999 0.0 0.4
36.999547 -99.02277 0.0 0.4
36.999474 -99.03589199999999 0.0 0.4
36.999268 -99.0471 0.0 0.4
36.999296 -99.072165 0.0 0.4
36.999385 -99.09165899999999 0.0 0.4
36.999451 -99.105701 0.0 0.4
36.999468 -99.11962 0.0 0.4
36.999432999999996 -99.139056 0.0 0.4
36.999452999999995 -99.155557 0.0 0.4
36.999472 -99.171498 0.0 0.4
36.999527 -99.18154799999999 0.0 0.4
36.999537 -99.205584 0.0 0.4
36.999570999999996 -99.21982899999999 0.0 0.4
36.999527 -99.24813499999999 0.0 0.4
36.99952 -99.260081 0.0 0.4
36.999497 -99.273868 0.0 0.4
36.999618999999996 -99.284684 0.0 0.4
36.999700000000004 -99.301926 0.0 0.4
36.999779 -99.319876 0.0 0.4
36.99984 -99.333717 0.0 0.4
36.999898 -99.346783 0.0 0.4
36.999944 -99.35708699999999 0.0 0.4
37.000177 -99.375391 0.0 0.4
37.000116999999996 -99.385739 0.0 0.4
36.999838 -99.396675 0.0 0.4
36.999579 -99.407015 0.0 0.4
36.999562999999995 -99.417823 0.0 0.4
36.999538 -99.434094 0.0 0.4
36.999473 -99.455742 0.0 0.4
36.99946 -99.465813 0.0 0.4
36.999597 -99.48083 0.0 0.4
36.999691 -99.497059 0.0 0.4
36.999736 -99.507117 0.0 0.4
36.999747 -99.525617 0.0 0.4
36.999658 -99.53565499999999 0.0 0.4
36.999539 -99.549253 0.0 0.4
36.999849999999995 -99.56114799999999 0.0 0.4
36.999874 -99.57228099999999 0.0 0.4
36.999902 -99.582338 0.0 0.4
36.999900000000004 -99.59293799999999 0.0 0.4
36.999977 -99.605029 0.0 0.4
36.999961 -99.616952 0.0 0.4
36.99999 -99.627293 0.0 0.4
37.000012999999996 -99.64008 0.0 0.4
37.00008 -99.652405 0.0 0.4
37.000088999999996 -99.663113 0.0 0.4
37.0002 -99.674831 0.0 0.4
37.000308 -99.685632 0.0 0.4
37.000372999999996 -99.69694 0.0 0.4
37.000406999999996 -99.707186 0.0 0.4
37.000471999999995 -99.71727399999999 0.0 0.4
37.000577 -99.72902599999999 0.0 0.4
37.000688 -99.73997 0.0 0.4
37.000788 -99.75000399999999 0.0 0.4
37.000928 -99.76792499999999 0.0 0.4
37.000931 -99.78601599999999 0.0 0.4
37.001011999999996 -99.796331 0.0 0.4
37.001093999999995 -99.806854 0.0 0.4
37.001211999999995 -99.82604099999999 0.0 0.4
37.001287999999995 -99.83637499999999 0.0 0.4
37.001642 -99.873651 0.0 0.4
37.001653 -99.887473 0.0 0.4
37.001644999999996 -99.90489699999999 0.0 0.4
37.001632 -99.93712099999999 0.0 0.4
37.001616999999996 -99.97362 0.0 0.4
37.001608999999995 -99.99306 0.0 0.4
37.001725 -100.005634 0.0 0.4
37.001883 -100.016475 0.0 0.4
37.001951 -100.027193 0.0 0.4
37.001979999999996 -100.03863 0.0 0.4
37.002049 -100.049101 0.0 0.4
37.002119 -100.061189 0.0 0.4
37.002142 -100.072789 0.0 0.4
37.002223 -100.083256 0.0 0.4
37.002293 -100.094032 0.0 0.4
37.002296 -100.105964 0.0 0.4
37.002190999999996 -100.116778 0.0 0.4
37.002255999999996 -100.128776 0.0 0.4
37.002219 -100.14099 0.0 0.4
37.002134 -100.169667 0.0 0.4
37.002106999999995 -100.187547 0.0 0.4
37.002143 -100.197733 0.0 0.4
37.002021 -100.216075 0.0 0.4
37.001881999999995 -100.249931 0.0 0.4
37.001913 -100.264307 0.0 0.4
37.001847 -100.279585 0.0 0.4
37.001823 -100.29381 0.0 0.4
37.001813999999996 -100.305029 0.0 0.4
37.001663 -100.325233 0.0 0.4
37.001540999999996 -100.342575 0.0 0.4
37.00152 -100.359136 0.0 0.4
37.001433999999996 -100.370925 0.0 0.4
37.001283 -100.389257 0.0 0.4
37.001216 -100.404655 0.0 0.4
37.001166999999995 -100.416744 0.0 0.4
37.001076999999995 -100.42882 0.0 0.4
37.001107 -100.442363 0.0 0.4
37.001024 -100.454082 0.0 0.4
37.000992 -100.464904 0.0 0.4
37.000951 -100.475396 0.0 0.4
37.000884 -100.489901 0.0 0.4
37.000980999999996 -100.500428 0.0 0.4
37.000848999999995 -100.515997 0.0 0.4
37.000707 -100.527624 0.0 0.4
37.000637999999995 -100.540086 0.0 0.4
37.000613 -100.550521 0.0 0.4
37.000474 -100.563271 0.0 0.4
37.000406999999996 -100.577862 0.0 0.4
37.000375999999996 -100.591598 0.0 0.4
37.000267 -100.605971 0.0 0.4
37.000212 -100.616345 0.0 0.4
37.000022 -100.62976 0.0 0.4
37.0001 -100.64062 0.0 0.4
37.000029999999995 -100.65230000000001 0.0 0.4
36.99997 -100.66526 0.0 0.4
36.999739999999996 -100.67529 0.0 0.4
36.999598 -100.693555 0.0 0.4
36.999127 -100.729365 0.0 0.4
36.999286999999995 -100.750194 0.0 0.4
36.999413 -100.760857 0.0 0.4
36.999159999999996 -100.773491 0.0 0.4
36.999108 -100.797959 0.0 0.4
36.999086 -100.812644 0.0 0.4
36.998830999999996 -100.822781 0.0 0.4
36.998737 -100.837461 0.0 0.4
36.998706999999996 -100.85000000000001 0.0 0.4
36.998669 -100.861056 0.0 0.4
36.998858999999996 -100.87248 0.0 0.4
36.998644999999996 -100.882843 0.0 0.4
36.998632 -100.89418 0.0 0.4
36.998743999999995 -100.904216 0.0 0.4
36.998556 -100.91578 0.0 0.4
36.99849 -100.92793 0.0 0.4
36.998439999999995 -100.93824 0.0 0.4
36.998394 -100.951585 0.0 0.4
36.998335 -100.963505 0.0 0.4
36.998279 -100.975919 0.0 0.4
36.998168 -100.986756 0.0 0.4
36.998028 -100.997027 0.0 0.4
36.998233 -101.012646 0.0 0.4
36.998109 -101.02644 0.0 0.4
36.998084999999996 -101.036486 0.0 0.4
36.99802 -101.048802 0.0 0.4
36.997921999999996 -101.066451 0.0 0.4
36.997885 -101.085306 0.0 0.4
36.997834 -101.096243 0.0 0.4
36.997791 -101.106256 0.0 0.4
36.997608 -101.117017 0.0 0.4
36.997521 -101.139184 0.0 0.4
36.997367 -101.162066 0.0 0.4
36.997254 -101.175391 0.0 0.4
36.997261 -101.190365 0.0 0.4
36.997184 -101.20241 0.0 0.4
36.997107 -101.213498 0.0 0.4
36.996874 -101.238758 0.0 0.4
36.996905 -101.248834 0.0 0.4
36.996835 -101.2617 0.0 0.4
36.996700000000004 -101.283208 0.0 0.4
36.996612 -101.297225 0.0 0.4
36.996482 -101.320272 0.0 0.4
36.996289 -101.358014 0.0 0.4
36.996204999999996 -101.368939 0.0 0.4
36.996176999999996 -101.378945 0.0 0.4
36.996114999999996 -101.390231 0.0 0.4
36.996097 -101.40097 0.0 0.4
36.996047 -101.411184 0.0 0.4
36.995991 -101.422451 0.0 0.4
36.99595 -101.437504 0.0 0.4
36.995844 -101.447735 0.0 0.4
36.995813 -101.458856 0.0 0.4
36.995748999999996 -101.469342 0.0 0.4
36.995702 -101.483137 0.0 0.4
36.995633999999995 -101.493459 0.0 0.4
36.995599 -101.504172 0.0 0.4
36.995543999999995 -101.514695 0.0 0.4
36.995467 -101.527692 0.0 0.4
36.995393 -101.540458 0.0 0.4
36.995324 -101.555259 0.0 0.4
36.995256 -101.566054 0.0 0.4
36.995193 -101.577391 0.0 0.4
36.995115 -101.590176 0.0 0.4
36.995064 -101.600404 0.0 0.4
36.994997999999995 -101.613404 0.0 0.4
36.99494 -101.624972 0.0 0.4
36.994898 -101.636192 0.0 0.4
36.994847 -101.649729 0.0 0.4
36.994774 -101.66387399999999 0.0 0.4
36.994743 -101.675899 0.0 0.4
36.994672 -101.68737899999999 0.0 0.4
36.994600999999996 -101.698496 0.0 0.4
36.994558999999995 -101.708748 0.0 0.4
36.994509 -101.721751 0.0 0.4
36.994454 -101.733354 0.0 0.4
36.994382 -101.744547 0.0 0.4
36.994333999999995 -101.756076 0.0 0.4
36.994282 -101.767312 0.0 0.4
36.994225 -101.778469 0.0 0.4
36.994178999999995 -101.791895 0.0 0.4
36.994085999999996 -101.808739 0.0 0.4
36.994017 -101.820809 0.0 0.4
36.993953999999995 -101.832122 0.0 0.4
36.993885 -101.842833 0.0 0.4
36.993843999999996 -101.853532 0.0 0.4
36.993786 -101.864707 0.0 0.4
36.993758 -101.874912 0.0 0.4
36.993718 -101.885135 0.0 0.4
36.993663999999995 -101.895648 0.0 0.4
36.993606 -101.906525 0.0 0.4
36.993583 -101.91714 0.0 0.4
36.993525 -101.932506 0.0 0.4
36.993489 -101.942687 0.0 0.4
36.993449999999996 -101.953264 0.0 0.4
36.993407 -101.964476 0.0 0.4
36.993327 -101.975272 0.0 0.4
36.993276 -101.985614 0.0 0.4
36.993224 -101.996601 0.0 0.4
36.993203 -102.006667 0.0 0.4
36.99314 -102.017422 0.0 0.4
36.993102 -102.028204 0.0 0.4
36.993018 -102.040617 0.0 0.4
37.005477 -102.042036 0.0 0.4
37.018026 -102.042031 0.0 0.4
37.028334 -102.042054 0.0 0.4
37.047343999999995 -102.042086 0.0 0.4
37.065135 -102.042066 0.0 0.4
37.07521 -102.042053 0.0 0.4
37.090827 -102.04204 0.0 0.4
37.10514 -102.042032 0.0 0.4
37.123618 -102.041949 0.0 0.4
37.133796 -102.041921 0.0 0.4
37.149175 -102.04193 0.0 0.4
37.163151 -102.041991 0.0 0.4
37.185409 -102.042025 0.0 0.4
37.199583 -102.041972 0.0 0.4
37.210801 -102.041966 0.0 0.4
37.22191 -102.041962 0.0 0.4
37.250021 -102.042124 0.0 0.4
37.265571 -102.041954 0.0 0.4
37.279331 -102.041986 0.0 0.4
37.294754 -102.041842 0.0 0.4
37.305734 -102.041852 0.0 0.4
37.318728 -102.04189 0.0 0.4
37.333850999999996 -102.041911 0.0 0.4
37.344457 -102.04193 0.0 0.4
37.375021 -102.041522 0.0 0.4
37.38919 -102.041642 0.0 0.4
37.407126 -102.041794 0.0 0.4
37.427534 -102.041671 0.0 0.4
37.447601 -102.04161 0.0 0.4
37.457899 -102.041808 0.0 0.4
37.468001 -102.041776 0.0 0.4
37.478349 -102.041794 0.0 0.4
37.489014999999995 -102.041804 0.0 0.4
37.499632 -102.041783 0.0 0.4
37.512386 -102.041835 0.0 0.4
37.528844 -102.041965 0.0 0.4
37.541185999999996 -102.041899 0.0 0.4
37.557977 -102.041894 0.0 0.4
37.578556 -102.041683 0.0 0.4
37.601234 -102.041793 0.0 0.4
37.625014 -102.041593 0.0 0.4
37.636900000000004 -102.041589 0.0 0.4
37.650403 -102.041583 0.0 0.4
37.665681 -102.041691 0.0 0.4
37.680436 -102.041702 0.0 0.4
37.696698999999995 -102.041626 0.0 0.4
37.723965 -102.041878 0.0 0.4
37.738541 -102.042155 0.0 0.4
37.750031 -102.042195 0.0 0.4
37.760279 -102.042276 0.0 0.4
37.770441 -102.042393 0.0 0.4
37.781883 -102.042532 0.0 0.4
37.797112999999996 -102.042824 0.0 0.4
37.809407 -102.04285899999999 0.0 0.4
37.824228999999995 -102.042923 0.0 0.4
37.837435 -102.043064 0.0 0.4
37.853349 -102.043174 0.0 0.4
37.86786 -102.043195 0.0 0.4
37.884462 -102.043308 0.0 0.4
37.897107 -102.043472 0.0 0.4
37.914004 -102.043692 0.0 0.4
37.926134 -102.043845 0.0 0.4
37.943034 -102.044018 0.0 0.4
37.984575 -102.044515 0.0 0.4
38.000012 -102.04452 0.0 0.4
38.017474 -102.044571 0.0 0.4
38.029691 -102.0446 0.0 0.4
38.041257 -102.044708 0.0 0.4
38.055051 -102.044574 0.0 0.4
38.065374 -102.044483 0.0 0.4
38.109441 -102.044271 0.0 0.4
38.128589 -102.044274 0.0 0.4
38.141777999999995 -102.044251 0.0 0.4
38.155305999999996 -102.044405 0.0 0.4
38.166681 -102.044386 0.0 0.4
38.181498999999995 -102.044298 0.0 0.4
38.193092 -102.044319 0.0 0.4
38.204415 -102.044357 0.0 0.4
38.217193 -102.04442 0.0 0.4
38.227193 -102.044457 0.0 0.4
38.23905 -102.044486 0.0 0.4
38.249976 -102.044796 0.0 0.4
38.261283 -102.044833 0.0 0.4
38.273703 -102.04449 0.0 0.4
38.28591 -102.044611 0.0 0.4
38.296887 -102.044529 0.0 0.4
38.309303 -102.044537 0.0 0.4
38.349174 -102.044524 0.0 0.4
38.384358 -102.044946 0.0 0.4
38.394878999999996 -102.044921 0.0 0.4
38.419675999999995 -102.044804 0.0 0.4
38.436569 -102.044795 0.0 0.4
38.447089 -102.044823 0.0 0.4
38.457259 -102.045005 0.0 0.4
38.46815 -102.045025 0.0 0.4
38.484794 -102.044985 0.0 0.4
38.496092 -102.045003 0.0 0.4
38.506237999999996 -102.045012 0.0 0.4
38.518048 -102.045001 0.0 0.4
38.528687999999995 -102.044924 0.0 0.4
38.55869 -102.044883 0.0 0.4
38.577141999999995 -102.04517799999999 0.0 0.4
38.587519 -102.045142 0.0 0.4
38.599272 -102.045217 0.0 0.4
38.609359999999995 -102.045095 0.0 0.4
38.625009 -102.044988 0.0 0.4
38.635703 -102.045114 0.0 0.4
38.651776999999996 -102.04511 0.0 0.4
38.663847 -102.045139 0.0 0.4
38.674946 -102.045102 0.0 0.4
38.686724999999996 -102.045127 0.0 0.4
38.697567 -102.045212 0.0 0.4
