37.505331999999996 -88.061298 0.0 0.4
37.515322999999995 -88.063035 0.0 0.4
37.523875 -88.06823399999999 0.0 0.4
37.531321999999996 -88.076257 0.0 0.4
37.534605 -88.086287 0.0 0.4
37.541326 -88.093983 0.0 0.4
37.549769999999995 -88.09992799999999 0.0 0.4
37.557545 -88.107 0.0 0.4
37.563311999999996 -88.115214 0.0 0.4
37.569509 -88.123179 0.0 0.4
37.573662999999996 -88.132318 0.0 0.4
37.58483 -88.14059 0.0 0.4
37.597648 -88.141623 0.0 0.4
37.607777999999996 -88.144365 0.0 0.4
37.616912 -88.149362 0.0 0.4
37.625896 -88.15389599999999 0.0 0.4
37.63559 -88.157659 0.0 0.4
37.646158 -88.158566 0.0 0.4
37.656357 -88.160307 0.0 0.4
37.666591 -88.156849 0.0 0.4
37.675632 -88.15135699999999 0.0 0.4
37.683305 -88.144716 0.0 0.4
37.689786999999995 -88.137062 0.0 0.4
37.698327 -88.131501 0.0 0.4
37.707223 -88.12499299999999 0.0 0.4
37.712866 -88.11668999999999 0.0 0.4
37.717532 -88.103214 0.0 0.4
37.724174999999995 -88.094116 0.0 0.4
37.729341 -88.083299 0.0 0.4
37.732997999999995 -88.071044 0.0 0.4
37.739191999999996 -88.063147 0.0 0.4
37.747344 -88.056766 0.0 0.4
37.755072999999996 -88.049183 0.0 0.4
37.763827 -88.044249 0.0 0.4
37.774327 -88.04034999999999 0.0 0.4
37.784506 -88.038589 0.0 0.4
37.793670999999996 -88.034414 0.0 0.4
37.799882 -88.026316 0.0 0.4
37.801971 -88.016289 0.0 0.4
37.800407 -88.006199 0.0 0.4
37.794053999999996 -87.991168 0.0 0.4
37.785378 -87.972985 0.0 0.4
37.778115 -87.96560799999999 0.0 0.4
37.772028999999996 -87.955089 0.0 0.4
37.774398 -87.94518699999999 0.0 0.4
37.783315 -87.940392 0.0 0.4
37.792244 -87.93453 0.0 0.4
37.799996 -87.927095 0.0 0.4
37.803329999999995 -87.915382 0.0 0.4
37.808209 -87.906584 0.0 0.4
37.818943 -87.904063 0.0 0.4
37.829743 -87.906661 0.0 0.4
37.839385 -87.909858 0.0 0.4
37.848622 -87.91420099999999 0.0 0.4
37.854771 -87.922097 0.0 0.4
37.861574999999995 -87.930211 0.0 0.4
37.870287 -87.937986 0.0 0.4
37.880127 -87.940879 0.0 0.4
37.889956 -87.938839 0.0 0.4
37.89779 -87.93170599999999 0.0 0.4
37.904663 -87.924143 0.0 0.4
37.913236999999995 -87.91667699999999 0.0 0.4
37.920421999999995 -87.90969199999999 0.0 0.4
37.926809 -87.900502 0.0 0.4
37.927338 -87.88927699999999 0.0 0.4
37.924723 -87.878385 0.0 0.4
37.91847 -87.870294 0.0 0.4
37.911381 -87.862977 0.0 0.4
37.901776 -87.857878 0.0 0.4
37.894608 -87.847793 0.0 0.4
37.88378 -87.84155899999999 0.0 0.4
37.877238 -87.833337 0.0 0.4
37.876075 -87.82334999999999 0.0 0.4
37.875536 -87.81330899999999 0.0 0.4
37.875493 -87.80162899999999 0.0 0.4
37.875661 -87.791429 0.0 0.4
37.879191 -87.781127 0.0 0.4
37.885808999999995 -87.77161199999999 0.0 0.4
37.890738999999996 -87.762591 0.0 0.4
37.892897999999995 -87.75003099999999 0.0 0.4
37.8945 -87.739718 0.0 0.4
37.893076 -87.72844099999999 0.0 0.4
37.892601 -87.71820799999999 0.0 0.4
37.894686 -87.708336 0.0 0.4
37.898281 -87.697965 0.0 0.4
37.902473 -87.688723 0.0 0.4
37.902615999999995 -87.678077 0.0 0.4
37.897839999999995 -87.669086 0.0 0.4
37.888318 -87.664182 0.0 0.4
37.87805 -87.6679 0.0 0.4
37.869116999999996 -87.673498 0.0 0.4
37.860172999999996 -87.678669 0.0 0.4
37.850487 -87.681478 0.0 0.4
37.840208 -87.680646 0.0 0.4
37.830915 -87.67469899999999 0.0 0.4
37.82732 -87.664948 0.0 0.4
37.826087 -87.653838 0.0 0.4
37.826243 -87.643754 0.0 0.4
37.827639999999995 -87.6336 0.0 0.4
37.829598 -87.62347 0.0 0.4
37.832674 -87.613879 0.0 0.4
37.840151 -87.605278 0.0 0.4
37.847372 -87.59812199999999 0.0 0.4
37.85637 -87.59210399999999 0.0 0.4
37.86748 -87.58808499999999 0.0 0.4
37.87808 -87.583737 0.0 0.4
37.888016 -87.590789 0.0 0.4
37.893994 -87.599108 0.0 0.4
37.899443 -87.607862 0.0 0.4
37.905522 -87.61815299999999 0.0 0.4
37.914159999999995 -87.624434 0.0 0.4
37.92389 -87.627297 0.0 0.4
37.931875999999995 -87.620628 0.0 0.4
37.940763 -87.61580000000001 0.0 0.4
37.946974 -87.607905 0.0 0.4
37.956987 -87.603905 0.0 0.4
37.96765 -87.603155 0.0 0.4
37.97472 -87.59607799999999 0.0 0.4
37.974948999999995 -87.586032 0.0 0.4
37.969134 -87.576888 0.0 0.4
37.958999 -87.57443599999999 0.0 0.4
37.948477 -87.57279199999999 0.0 0.4
37.938738 -87.56702299999999 0.0 0.4
37.928168 -87.556045 0.0 0.4
37.922762999999996 -87.54605099999999 0.0 0.4
37.918068 -87.535553 0.0 0.4
37.914463999999995 -87.525848 0.0 0.4
37.908958 -87.514851 0.0 0.4
37.907893 -87.503467 0.0 0.4
37.915023 -87.491745 0.0 0.4
37.92181 -87.48302 0.0 0.4
37.9275 -87.47469699999999 0.0 0.4
37.933766 -87.465018 0.0 0.4
37.938794 -87.45554899999999 0.0 0.4
37.942793 -87.44444 0.0 0.4
37.944379 -87.434298 0.0 0.4
37.944317999999996 -87.424151 0.0 0.4
37.944772 -87.41413399999999 0.0 0.4
37.942916 -87.40424399999999 0.0 0.4
37.939807 -87.394402 0.0 0.4
37.934325 -87.37863 0.0 0.4
37.928338 -87.370502 0.0 0.4
37.921381 -87.362302 0.0 0.4
37.916374 -87.35298499999999 0.0 0.4
37.910986 -87.34436199999999 0.0 0.4
37.907883 -87.33461799999999 0.0 0.4
37.90659 -87.324142 0.0 0.4
37.903031 -87.314454 0.0 0.4
37.898595 -87.30510699999999 0.0 0.4
37.893885999999995 -87.29489099999999 0.0 0.4
37.888104 -87.28474299999999 0.0 0.4
37.881606 -87.274956 0.0 0.4
37.875046 -87.265343 0.0 0.4
37.868587999999995 -87.256779 0.0 0.4
37.864004 -87.247798 0.0 0.4
37.859355 -87.238773 0.0 0.4
37.854287 -87.229984 0.0 0.4
37.849064999999996 -87.220466 0.0 0.4
37.846115999999995 -87.21076 0.0 0.4
37.843845 -87.19986399999999 0.0 0.4
37.842687 -87.189612 0.0 0.4
37.841393 -87.17909399999999 0.0 0.4
37.842129 -87.16899099999999 0.0 0.4
37.838232 -87.159662 0.0 0.4
37.830943999999995 -87.15248299999999 0.0 0.4
37.822711999999996 -87.14630000000001 0.0 0.4
37.81409 -87.140338 0.0 0.4
37.804635999999995 -87.136107 0.0 0.4
37.794256 -87.13399299999999 0.0 0.4
37.785581 -87.128813 0.0 0.4
37.782748999999995 -87.11837299999999 0.0 0.4
37.782728999999996 -87.108333 0.0 0.4
37.784625 -87.098411 0.0 0.4
37.789047 -87.08731 0.0 0.4
37.794971 -87.077535 0.0 0.4
37.801513 -87.06967499999999 0.0 0.4
37.810097999999996 -87.06431099999999 0.0 0.4
37.819593999999995 -87.06086599999999 0.0 0.4
37.82907 -87.05614399999999 0.0 0.4
37.838725 -87.053433 0.0 0.4
37.848523 -87.050952 0.0 0.4
37.858176 -87.047641 0.0 0.4
37.867494 -87.043486 0.0 0.4
37.877956 -87.04305099999999 0.0 0.4
37.887709 -87.046059 0.0 0.4
37.897686 -87.04296699999999 0.0 0.4
37.905466 -87.035174 0.0 0.4
37.911106 -87.025707 0.0 0.4
37.916553 -87.016076 0.0 0.4
37.922281999999996 -87.003486 0.0 0.4
37.925422999999995 -86.99389 0.0 0.4
37.928526 -86.984098 0.0 0.4
37.931512999999995 -86.97406 0.0 0.4
37.932445 -86.96396999999999 0.0 0.4
37.933178 -86.953318 0.0 0.4
37.933695 -86.94288999999999 0.0 0.4
37.93494 -86.932959 0.0 0.4
37.93581 -86.922547 0.0 0.4
37.940231 -86.913539 0.0 0.4
37.945039 -86.90422199999999 0.0 0.4
37.952019 -86.896372 0.0 0.4
37.959236 -86.889105 0.0 0.4
37.966767 -86.88223099999999 0.0 0.4
37.972615 -86.873651 0.0 0.4
37.97996 -86.866186 0.0 0.4
37.986177999999995 -86.857838 0.0 0.4
37.99023 -86.848298 0.0 0.4
37.992881 -86.838213 0.0 0.4
37.997164 -86.827911 0.0 0.4
37.999249 -86.81808099999999 0.0 0.4
37.995488 -86.807859 0.0 0.4
37.990075999999995 -86.79715399999999 0.0 0.4
37.979800999999995 -86.79043899999999 0.0 0.4
37.96936 -86.787413 0.0 0.4
37.961490999999995 -86.781179 0.0 0.4
37.951688 -86.777839 0.0 0.4
37.943477 -86.77167899999999 0.0 0.4
37.933865999999995 -86.765766 0.0 0.4
37.925191999999996 -86.759667 0.0 0.4
37.91682 -86.753631 0.0 0.4
37.908487 -86.746669 0.0 0.4
37.900315 -86.738601 0.0 0.4
37.893730999999995 -86.728505 0.0 0.4
37.893152 -86.718415 0.0 0.4
37.900470999999996 -86.70510999999999 0.0 0.4
37.906129 -86.696665 0.0 0.4
37.912416 -86.6866 0.0 0.4
37.915040999999995 -86.676233 0.0 0.4
37.913754 -86.665999 0.0 0.4
37.911559 -86.65373699999999 0.0 0.4
37.905485 -86.64516599999999 0.0 0.4
37.894991 -86.644719 0.0 0.4
37.885052 -86.649245 0.0 0.4
37.876158 -86.654505 0.0 0.4
37.864446 -86.66055899999999 0.0 0.4
37.853958999999996 -86.66236099999999 0.0 0.4
37.844454 -86.658453 0.0 0.4
37.841423999999996 -86.648541 0.0 0.4
37.84269 -86.638279 0.0 0.4
37.845894 -86.62826799999999 0.0 0.4
37.851239 -86.617663 0.0 0.4
37.855703 -86.608655 0.0 0.4
37.863546 -86.60082899999999 0.0 0.4
37.873536 -86.598565 0.0 0.4
37.884738 -86.598098 0.0 0.4
37.894960999999995 -86.59946699999999 0.0 0.4
37.905170999999996 -86.600126 0.0 0.4
37.914820999999996 -86.595747 0.0 0.4
37.921409 -86.5882 0.0 0.4
37.922064999999996 -86.573595 0.0 0.4
37.921054999999996 -86.561138 0.0 0.4
37.918144 -86.54937 0.0 0.4
37.916905 -86.53769199999999 0.0 0.4
37.919174999999996 -86.527039 0.0 0.4
37.923031 -86.517466 0.0 0.4
37.929038 -86.507691 0.0 0.4
37.939709 -86.508223 0.0 0.4
37.948642 -86.514434 0.0 0.4
37.956016 -86.521304 0.0 0.4
37.966494999999995 -86.524937 0.0 0.4
37.977675 -86.52500599999999 0.0 0.4
37.989236 -86.525364 0.0 0.4
37.999381 -86.525842 0.0 0.4
38.01007 -86.525401 0.0 0.4
38.020756 -86.52466199999999 0.0 0.4
38.031492 -86.524405 0.0 0.4
38.040929999999996 -86.52009 0.0 0.4
38.044816 -86.510086 0.0 0.4
38.045809999999996 -86.499982 0.0 0.4
38.045764 -86.486313 0.0 0.4
38.046034 -86.473745 0.0 0.4
38.047239999999995 -86.463577 0.0 0.4
38.050081 -86.453903 0.0 0.4
38.055768 -86.444372 0.0 0.4
38.062911 -86.436093 0.0 0.4
38.072747 -86.431305 0.0 0.4
38.083736 -86.431551 0.0 0.4
38.089422 -86.440129 0.0 0.4
38.09215 -86.450406 0.0 0.4
38.097457999999996 -86.46092999999999 0.0 0.4
38.109164 -86.466464 0.0 0.4
38.118684 -86.46333299999999 0.0 0.4
38.125825 -86.45400000000001 0.0 0.4
38.127689 -86.442792 0.0 0.4
38.126429 -86.432738 0.0 0.4
38.121379999999995 -86.423923 0.0 0.4
38.114819 -86.41499499999999 0.0 0.4
38.107821 -86.407164 0.0 0.4
38.106891 -86.396463 0.0 0.4
38.116244 -86.392112 0.0 0.4
38.125012 -86.386808 0.0 0.4
38.130193 -86.37687 0.0 0.4
38.13016 -86.365792 0.0 0.4
38.129041 -86.35581499999999 0.0 0.4
38.127517 -86.345438 0.0 0.4
38.128591 -86.335222 0.0 0.4
38.134378 -86.326708 0.0 0.4
38.143404 -86.32195899999999 0.0 0.4
38.153327 -86.325097 0.0 0.4
38.156943 -86.334454 0.0 0.4
38.159023999999995 -86.344258 0.0 0.4
38.159746 -86.354755 0.0 0.4
38.161367 -86.365342 0.0 0.4
38.166463 -86.374173 0.0 0.4
38.176064 -86.378087 0.0 0.4
38.186189999999996 -86.377737 0.0 0.4
38.194824 -86.372271 0.0 0.4
38.198575 -86.362668 0.0 0.4
38.196881 -86.351722 0.0 0.4
38.191733 -86.342443 0.0 0.4
38.184373 -86.333479 0.0 0.4
38.175478999999996 -86.320977 0.0 0.4
38.170291 -86.310574 0.0 0.4
38.166579 -86.301045 0.0 0.4
38.161501 -86.29140199999999 0.0 0.4
38.153687 -86.28347699999999 0.0 0.4
38.145461 -86.27644599999999 0.0 0.4
38.137006 -86.27098699999999 0.0 0.4
38.126687 -86.270997 0.0 0.4
38.116918999999996 -86.274005 0.0 0.4
38.10635 -86.277603 0.0 0.4
38.095614999999995 -86.278829 0.0 0.4
38.084219999999995 -86.27809599999999 0.0 0.4
38.074275 -86.276125 0.0 0.4
38.064824 -86.272773 0.0 0.4
38.056681999999995 -86.266961 0.0 0.4
38.050487 -86.25818 0.0 0.4
38.045499 -86.248988 0.0 0.4
38.041823 -86.239494 0.0 0.4
38.03641 -86.230871 0.0 0.4
38.030452 -86.222437 0.0 0.4
38.024335 -86.21135 0.0 0.4
38.020447 -86.201472 0.0 0.4
38.01642 -86.190831 0.0 0.4
38.01081 -86.17893 0.0 0.4
38.009843 -86.16814699999999 0.0 0.4
38.011494 -86.15764 0.0 0.4
38.014843 -86.14767499999999 0.0 0.4
38.015913999999995 -86.13761199999999 0.0 0.4
38.016196 -86.125518 0.0 0.4
38.015147 -86.11546799999999 0.0 0.4
38.012975 -86.105688 0.0 0.4
38.008809 -86.094602 0.0 0.4
38.004321999999995 -86.085478 0.0 0.4
37.998636999999995 -86.077227 0.0 0.4
37.987442 -86.071737 0.0 0.4
37.978457999999996 -86.06634 0.0 0.4
37.969882 -86.06003199999999 0.0 0.4
37.961255 -86.05110499999999 0.0 0.4
37.958194 -86.041364 0.0 0.4
37.96524 -86.03416299999999 0.0 0.4
37.975422 -86.03428799999999 0.0 0.4
37.986135 -86.034311 0.0 0.4
37.993826 -86.02689099999999 0.0 0.4
37.996986 -86.016297 0.0 0.4
37.99883 -86.00638 0.0 0.4
38.000375999999996 -85.995899 0.0 0.4
38.001981 -85.985404 0.0 0.4
38.002756999999995 -85.97435 0.0 0.4
38.003139 -85.962925 0.0 0.4
38.004743999999995 -85.952852 0.0 0.4
38.006816 -85.94269899999999 0.0 0.4
38.013259999999995 -85.934609 0.0 0.4
38.020223 -85.92688299999999 0.0 0.4
38.030319999999996 -85.921275 0.0 0.4
38.040261 -85.91906 0.0 0.4
38.050225 -85.918131 0.0 0.4
38.060618999999996 -85.916343 0.0 0.4
38.071853999999995 -85.913868 0.0 0.4
38.081814 -85.908182 0.0 0.4
38.091333999999996 -85.904911 0.0 0.4
38.101324 -85.904409 0.0 0.4
38.11195 -85.905445 0.0 0.4
38.121876 -85.90701 0.0 0.4
38.132197 -85.908322 0.0 0.4
38.142193 -85.90907899999999 0.0 0.4
38.152522999999995 -85.90834 0.0 0.4
38.162501999999996 -85.90748599999999 0.0 0.4
38.172064999999996 -85.904404 0.0 0.4
38.180862999999995 -85.899333 0.0 0.4
38.189045 -85.89305399999999 0.0 0.4
38.196771999999996 -85.886499 0.0 0.4
38.20408 -85.87908399999999 0.0 0.4
38.210353999999995 -85.870538 0.0 0.4
38.217259999999996 -85.859651 0.0 0.4
38.223377 -85.851021 0.0 0.4
38.231564 -85.844048 0.0 0.4
38.240241 -85.838971 0.0 0.4
38.250912 -85.837248 0.0 0.4
38.261882 -85.83699299999999 0.0 0.4
38.271782 -85.83201799999999 0.0 0.4
38.279378 -85.825243 0.0 0.4
38.282757 -85.815658 0.0 0.4
38.284506 -85.804486 0.0 0.4
38.286744999999996 -85.794501 0.0 0.4
38.288456 -85.783755 0.0 0.4
38.28575 -85.774014 0.0 0.4
38.279376 -85.765952 0.0 0.4
38.271314 -85.75939199999999 0.0 0.4
38.267613 -85.749646 0.0 0.4
38.268504 -85.73957899999999 0.0 0.4
38.272979 -85.73033699999999 0.0 0.4
38.277448 -85.721307 0.0 0.4
38.282035 -85.711659 0.0 0.4
38.287164 -85.701545 0.0 0.4
38.29137 -85.692312 0.0 0.4
38.296426 -85.681919 0.0 0.4
38.302247 -85.673762 0.0 0.4
38.310424999999995 -85.667958 0.0 0.4
38.319722 -85.659334 0.0 0.4
38.327618 -85.652998 0.0 0.4
38.336780999999995 -85.648862 0.0 0.4
38.346007 -85.64452299999999 0.0 0.4
38.355913 -85.64152299999999 0.0 0.4
38.365500000000004 -85.638502 0.0 0.4
38.376104999999995 -85.63833799999999 0.0 0.4
38.385908 -85.636231 0.0 0.4
38.395641 -85.63282699999999 0.0 0.4
38.405812 -85.62790299999999 0.0 0.4
38.41502 -85.622866 0.0 0.4
38.424848 -85.619422 0.0 0.4
38.432536999999996 -85.611932 0.0 0.4
38.440915 -85.60422799999999 0.0 0.4
38.445927 -85.595238 0.0 0.4
38.450064999999995 -85.586013 0.0 0.4
38.452526999999996 -85.575574 0.0 0.4
38.452987 -85.565062 0.0 0.4
38.453565 -85.554093 0.0 0.4
38.454718 -85.543711 0.0 0.4
38.455918 -85.53370699999999 0.0 0.4
38.458309 -85.523187 0.0 0.4
38.462261 -85.512271 0.0 0.4
38.467563 -85.500474 0.0 0.4
38.473707999999995 -85.492464 0.0 0.4
38.482151 -85.485423 0.0 0.4
38.490963 -85.48061 0.0 0.4
38.500386 -85.476502 0.0 0.4
38.508012 -85.469689 0.0 0.4
38.512991 -85.46051 0.0 0.4
38.517205 -85.450678 0.0 0.4
38.520945999999995 -85.44027899999999 0.0 0.4
38.525532 -85.430498 0.0 0.4
38.532281 -85.42265599999999 0.0 0.4
38.540904999999995 -85.41685199999999 0.0 0.4
38.550922 -85.415097 0.0 0.4
38.561271 -85.415584 0.0 0.4
38.570926 -85.418478 0.0 0.4
38.579671 -85.423571 0.0 0.4
38.589399 -85.429874 0.0 0.4
38.598873999999995 -85.435901 0.0 0.4
38.608875999999995 -85.438692 0.0 0.4
38.619316999999995 -85.439173 0.0 0.4
38.630264 -85.43957999999999 0.0 0.4
38.64025 -85.43856 0.0 0.4
38.650624 -85.43765499999999 0.0 0.4
38.66061 -85.43988399999999 0.0 0.4
38.669576 -85.44435299999999 0.0 0.4
38.677158 -85.451303 0.0 0.4
38.686357 -85.456723 0.0 0.4
38.696737999999996 -85.455801 0.0 0.4
38.707333 -85.45249199999999 0.0 0.4
38.717788 -85.44437599999999 0.0 0.4
38.72631 -85.438062 0.0 0.4
38.731392 -85.429163 0.0 0.4
38.735513 -85.41954 0.0 0.4
38.737151 -85.40870799999999 0.0 0.4
38.735782 -85.398744 0.0 0.4
38.733444 -85.388649 0.0 0.4
38.731274 -85.376784 0.0 0.4
38.731280999999996 -85.36629599999999 0.0 0.4
38.731317 -85.355451 0.0 0.4
38.733011999999995 -85.345542 0.0 0.4
38.735842 -85.335323 0.0 0.4
38.737984999999995 -85.324046 0.0 0.4
38.740196999999995 -85.313591 0.0 0.4
38.741960999999996 -85.301987 0.0 0.4
38.742267 -85.291737 0.0 0.4
38.741864 -85.281515 0.0 0.4
38.74058 -85.271368 0.0 0.4
38.738121 -85.25994299999999 0.0 0.4
38.733804 -85.249956 0.0 0.4
38.72472 -85.240741 0.0 0.4
38.716674999999995 -85.234706 0.0 0.4
38.708701 -85.228263 0.0 0.4
38.701346 -85.221381 0.0 0.4
38.695453 -85.213053 0.0 0.4
38.691570999999996 -85.20354499999999 0.0 0.4
38.689676999999996 -85.193163 0.0 0.4
38.688096 -85.181613 0.0 0.4
38.688528999999996 -85.171235 0.0 0.4
38.690695999999996 -85.161329 0.0 0.4
38.693850999999995 -85.151376 0.0 0.4
38.698856 -85.139549 0.0 0.4
38.703933 -85.130736 0.0 0.4
38.710986 -85.12163799999999 0.0 0.4
38.716654 -85.112876 0.0 0.4
38.723445999999996 -85.104793 0.0 0.4
38.728907 -85.095654 0.0 0.4
38.733461999999996 -85.086103 0.0 0.4
38.738548 -85.077124 0.0 0.4
38.742761 -85.067905 0.0 0.4
38.746336 -85.057937 0.0 0.4
38.750564 -85.048183 0.0 0.4
38.756305999999995 -85.037713 0.0 0.4
38.758868 -85.027998 0.0 0.4
38.76323 -85.018704 0.0 0.4
38.767652999999996 -85.009491 0.0 0.4
38.773438999999996 -85.00129199999999 0.0 0.4
38.778284 -84.991924 0.0 0.4
38.779277 -84.981937 0.0 0.4
38.778759 -84.971721 0.0 0.4
38.777943 -84.961545 0.0 0.4
38.77605 -84.95154099999999 0.0 0.4
38.775687999999995 -84.941119 0.0 0.4
38.778439 -84.930514 0.0 0.4
38.782447 -84.921054 0.0 0.4
38.786131999999995 -84.911171 0.0 0.4
38.791492999999996 -84.899841 0.0 0.4
38.794393 -84.89012 0.0 0.4
38.792635 -84.877676 0.0 0.4
38.791086 -84.861989 0.0 0.4
38.788593 -84.84965299999999 0.0 0.4
38.785714999999996 -84.840026 0.0 0.4
38.783271 -84.828857 0.0 0.4
38.783543 -84.818271 0.0 0.4
38.791959999999996 -84.811599 0.0 0.4
38.801483 -84.814673 0.0 0.4
38.810102 -84.819912 0.0 0.4
38.817785 -84.826487 0.0 0.4
38.828393999999996 -84.830051 0.0 0.4
38.837707 -84.824837 0.0 0.4
38.843779999999995 -84.816357 0.0 0.4
38.848614999999995 -84.80722399999999 0.0 0.4
38.855281 -84.798459 0.0 0.4
38.863358 -84.78895399999999 0.0 0.4
38.873312 -84.784902 0.0 0.4
38.883297999999996 -84.787564 0.0 0.4
38.889359 -84.797393 0.0 0.4
38.893364999999996 -84.806817 0.0 0.4
38.895073 -84.817033 0.0 0.4
38.897022 -84.828639 0.0 0.4
38.897585 -84.84029199999999 0.0 0.4
38.897341 -84.85060299999999 0.0 0.4
38.89767 -84.86078499999999 0.0 0.4
38.900906 -84.870623 0.0 0.4
38.909413 -84.877247 0.0 0.4
38.920148999999995 -84.877934 0.0 0.4
38.928557999999995 -84.87134499999999 0.0 0.4
38.936082 -84.863169 0.0 0.4
38.942096 -84.854793 0.0 0.4
38.949137 -84.847607 0.0 0.4
38.95491 -84.83937399999999 0.0 0.4
38.962533 -84.83206799999999 0.0 0.4
38.97256 -84.830049 0.0 0.4
38.982872 -84.834229 0.0 0.4
38.991963 -84.840707 0.0 0.4
38.999494 -84.848202 0.0 0.4
39.009609 -84.85486399999999 0.0 0.4
39.017086 -84.86165 0.0 0.4
39.02448 -84.868816 0.0 0.4
39.031119 -84.87736699999999 0.0 0.4
39.037264 -84.885348 0.0 0.4
39.046006999999996 -84.891532 0.0 0.4
39.054407 -84.897178 0.0 0.4
39.06417 -84.891477 0.0 0.4
39.069227 -84.882491 0.0 0.4
39.072258 -84.872481 0.0 0.4
39.076792999999995 -84.86296399999999 0.0 0.4
39.083166999999996 -84.854131 0.0 0.4
39.089999 -84.846457 0.0 0.4
39.096374999999995 -84.83840699999999 0.0 0.4
39.101779 -84.829375 0.0 0.4
39.105506999999996 -84.819856 0.0 0.4
39.109643999999996 -84.808661 0.0 0.4
39.112054 -84.797673 0.0 0.4
39.115313 -84.787768 0.0 0.4
39.122617999999996 -84.780394 0.0 0.4
39.130469 -84.774097 0.0 0.4
39.138000000000005 -84.76720399999999 0.0 0.4
39.144233 -84.759284 0.0 0.4
39.147690999999995 -84.748899 0.0 0.4
39.146544 -84.73859499999999 0.0 0.4
39.143178999999996 -84.72842899999999 0.0 0.4
39.13789 -84.71989599999999 0.0 0.4
39.130829999999996 -84.712741 0.0 0.4
39.122395 -84.70527 0.0 0.4
39.113375999999995 -84.697908 0.0 0.4
39.105320999999996 -84.690924 0.0 0.4
39.099484 -84.682226 0.0 0.4
39.097594 -84.67209 0.0 0.4
39.096596999999996 -84.660992 0.0 0.4
39.092528 -84.651692 0.0 0.4
39.08593 -84.644072 0.0 0.4
39.079558 -84.635747 0.0 0.4
39.074760999999995 -84.62494099999999 0.0 0.4
39.07346 -84.61379 0.0 0.4
39.073814 -84.603436 0.0 0.4
39.077914 -84.59244199999999 0.0 0.4
39.079952999999996 -84.58259799999999 0.0 0.4
39.082215999999995 -84.572508 0.0 0.4
39.087816 -84.564143 0.0 0.4
39.095606 -84.55702699999999 0.0 0.4
39.099964 -84.546713 0.0 0.4
39.097606999999996 -84.536732 0.0 0.4
39.09274 -84.52668899999999 0.0 0.4
39.092897 -84.515934 0.0 0.4
39.095177 -84.50616099999999 0.0 0.4
39.100076 -84.497404 0.0 0.4
39.108091 -84.490393 0.0 0.4
39.116005 -84.482675 0.0 0.4
39.121190999999996 -84.47253599999999 0.0 0.4
39.121885 -84.462458 0.0 0.4
39.119239 -84.452534 0.0 0.4
39.112818 -84.44383599999999 0.0 0.4
39.104482 -84.43733999999999 0.0 0.4
39.094919 -84.433735 0.0 0.4
39.084873 -84.43419899999999 0.0 0.4
39.074107 -84.43366 0.0 0.4
39.061845 -84.43144 0.0 0.4
39.053798 -84.424785 0.0 0.4
39.048468 -84.415622 0.0 0.4
39.045640999999996 -84.403734 0.0 0.4
39.045204 -84.393529 0.0 0.4
39.044972 -84.383045 0.0 0.4
39.043372 -84.372925 0.0 0.4
39.041830999999995 -84.362821 0.0 0.4
39.039023 -84.35222499999999 0.0 0.4
39.035495 -84.342265 0.0 0.4
39.030803 -84.33291299999999 0.0 0.4
39.025264 -84.32415 0.0 0.4
39.018730999999995 -84.316242 0.0 0.4
39.010374999999996 -84.308246 0.0 0.4
39.001748 -84.302604 0.0 0.4
38.992351 -84.29866799999999 0.0 0.4
38.981699 -84.29751999999999 0.0 0.4
38.971303 -84.296238 0.0 0.4
38.961121999999996 -84.291967 0.0 0.4
38.952542 -84.286536 0.0 0.4
38.944908999999996 -84.279635 0.0 0.4
38.937787 -84.27175299999999 0.0 0.4
38.930059 -84.264887 0.0 0.4
38.922649 -84.25703899999999 0.0 0.4
38.913934999999995 -84.250815 0.0 0.4
38.90559 -84.244877 0.0 0.4
38.897467999999996 -84.237743 0.0 0.4
38.887631999999996 -84.23302199999999 0.0 0.4
38.877432 -84.231933 0.0 0.4
38.866952 -84.232432 0.0 0.4
38.856615 -84.23360000000001 0.0 0.4
38.845603 -84.233543 0.0 0.4
38.835431 -84.232305 0.0 0.4
38.824923999999996 -84.229226 0.0 0.4
38.816051 -84.224205 0.0 0.4
38.808887999999996 -84.216445 0.0 0.4
38.802685 -84.205879 0.0 0.4
38.800698 -84.195731 0.0 0.4
38.799309 -84.185738 0.0 0.4
38.797948999999996 -84.17528999999999 0.0 0.4
38.796355999999996 -84.165067 0.0 0.4
38.794767 -84.155183 0.0 0.4
38.792187999999996 -84.14455799999999 0.0 0.4
38.789027999999995 -84.13326699999999 0.0 0.4
38.78548 -84.12328699999999 0.0 0.4
38.782199 -84.11373999999999 0.0 0.4
38.7779 -84.103673 0.0 0.4
38.774615 -84.09297 0.0 0.4
38.772613 -84.082227 0.0 0.4
38.770500999999996 -84.071375 0.0 0.4
38.771198999999996 -84.061101 0.0 0.4
38.77149 -84.050316 0.0 0.4
38.771405 -84.03945999999999 0.0 0.4
38.773707 -84.029343 0.0 0.4
38.776033999999996 -84.01956899999999 0.0 0.4
38.779655999999996 -84.008302 0.0 0.4
38.781568 -83.99771899999999 0.0 0.4
38.784196 -83.987859 0.0 0.4
38.787363 -83.978095 0.0 0.4
38.78741 -83.96770699999999 0.0 0.4
38.786542 -83.957369 0.0 0.4
38.784738999999995 -83.947148 0.0 0.4
38.780224 -83.938181 0.0 0.4
38.774865 -83.92890899999999 0.0 0.4
38.769929999999995 -83.920013 0.0 0.4
38.769127 -83.909905 0.0 0.4
38.767367 -83.899142 0.0 0.4
38.765805 -83.888052 0.0 0.4
38.763248 -83.878368 0.0 0.4
38.760808 -83.868032 0.0 0.4
38.756523 -83.858642 0.0 0.4
38.750081 -83.850904 0.0 0.4
38.740275 -83.845711 0.0 0.4
38.729636 -83.842906 0.0 0.4
38.720022 -83.839204 0.0 0.4
38.714058 -83.82990000000001 0.0 0.4
38.709196999999996 -83.820354 0.0 0.4
38.706914 -83.809038 0.0 0.4
38.704685 -83.798839 0.0 0.4
38.701011 -83.789402 0.0 0.4
38.692972 -83.78281299999999 0.0 0.4
38.682713 -83.77934599999999 0.0 0.4
38.670691999999995 -83.77676699999999 0.0 0.4
38.661061 -83.773631 0.0 0.4
38.653582 -83.766669 0.0 0.4
38.650527 -83.754825 0.0 0.4
38.648607 -83.744423 0.0 0.4
38.647656 -83.734411 0.0 0.4
38.647076 -83.723497 0.0 0.4
38.642312 -83.714451 0.0 0.4
38.639759999999995 -83.70470399999999 0.0 0.4
38.634329 -83.692497 0.0 0.4
38.630517 -83.682087 0.0 0.4
38.627381 -83.671443 0.0 0.4
38.627241999999995 -83.66027 0.0 0.4
38.630334 -83.650746 0.0 0.4
38.638343 -83.64402 0.0 0.4
38.647765 -83.640659 0.0 0.4
38.657903 -83.638575 0.0 0.4
38.667927999999996 -83.636212 0.0 0.4
38.67583 -83.629824 0.0 0.4
38.68102 -83.620981 0.0 0.4
38.684653 -83.611516 0.0 0.4
38.684239999999996 -83.60107099999999 0.0 0.4
38.688804999999995 -83.591737 0.0 0.4
38.690695999999996 -83.581166 0.0 0.4
38.692943 -83.56920699999999 0.0 0.4
38.696096 -83.55927799999999 0.0 0.4
38.698865999999995 -83.549376 0.0 0.4
38.701101 -83.539373 0.0 0.4
38.702669 -83.528761 0.0 0.4
38.702661 -83.518562 0.0 0.4
38.700797 -83.508707 0.0 0.4
38.697128 -83.499147 0.0 0.4
38.692596 -83.49018799999999 0.0 0.4
38.686292 -83.481445 0.0 0.4
38.679608 -83.47369499999999 0.0 0.4
38.67483 -83.464779 0.0 0.4
38.672374999999995 -83.452601 0.0 0.4
38.669596999999996 -83.44209599999999 0.0 0.4
38.668979 -83.430838 0.0 0.4
38.668132 -83.42060599999999 0.0 0.4
38.666751 -83.410607 0.0 0.4
38.665241 -83.400471 0.0 0.4
38.663775 -83.390328 0.0 0.4
38.661809 -83.377573 0.0 0.4
38.659154 -83.367869 0.0 0.4
38.655131 -83.358392 0.0 0.4
38.650377 -83.349386 0.0 0.4
38.644732 -83.338498 0.0 0.4
38.639156 -83.32957499999999 0.0 0.4
38.631439 -83.322896 0.0 0.4
38.621347 -83.320312 0.0 0.4
38.610782 -83.318392 0.0 0.4
38.603117 -83.31130399999999 0.0 0.4
38.597978 -83.30112799999999 0.0 0.4
38.597322999999996 -83.290791 0.0 0.4
38.603209 -83.281876 0.0 0.4
38.609983 -83.274295 0.0 0.4
38.617729 -83.26796399999999 0.0 0.4
38.622952999999995 -83.258138 0.0 0.4
38.627161 -83.248871 0.0 0.4
38.628299 -83.237298 0.0 0.4
38.625924 -83.22752899999999 0.0 0.4
38.621573 -83.218505 0.0 0.4
38.617576 -83.208953 0.0 0.4
38.6167 -83.198869 0.0 0.4
38.617689999999996 -83.18875 0.0 0.4
38.619161999999996 -83.178803 0.0 0.4
38.619187 -83.167968 0.0 0.4
38.618488 -83.15796399999999 0.0 0.4
38.622028 -83.148332 0.0 0.4
38.628921 -83.137811 0.0 0.4
38.638227 -83.130217 0.0 0.4
38.650383999999995 -83.124676 0.0 0.4
38.660098 -83.122067 0.0 0.4
38.668239 -83.115759 0.0 0.4
38.674986 -83.107646 0.0 0.4
38.678267 -83.098008 0.0 0.4
38.68027 -83.08785499999999 0.0 0.4
38.683605 -83.077518 0.0 0.4
38.687324 -83.068202 0.0 0.4
38.692344 -83.058984 0.0 0.4
38.69901 -83.05051399999999 0.0 0.4
38.706555 -83.043696 0.0 0.4
38.715790999999996 -83.038637 0.0 0.4
38.724329 -83.032271 0.0 0.4
38.728604 -83.021315 0.0 0.4
38.729912999999996 -83.010744 0.0 0.4
38.729365 -83.000236 0.0 0.4
38.727450999999995 -82.98984999999999 0.0 0.4
38.725943 -82.979535 0.0 0.4
38.728302 -82.969523 0.0 0.4
38.733926 -82.96092999999999 0.0 0.4
38.738645 -82.951831 0.0 0.4
38.743016 -82.94268 0.0 0.4
38.747111 -82.93325999999999 0.0 0.4
38.750212 -82.923296 0.0 0.4
38.752714999999995 -82.91246799999999 0.0 0.4
38.754968999999996 -82.902549 0.0 0.4
38.756443 -82.892425 0.0 0.4
38.751633999999996 -82.88278799999999 0.0 0.4
38.745723999999996 -82.87454799999999 0.0 0.4
38.73629 -82.87091099999999 0.0 0.4
38.726324999999996 -82.87002199999999 0.0 0.4
38.716218 -82.872233 0.0 0.4
38.706313 -82.87473399999999 0.0 0.4
38.696556 -82.87696199999999 0.0 0.4
38.686409999999995 -82.876547 0.0 0.4
38.67787 -82.869964 0.0 0.4
38.669874 -82.863764 0.0 0.4
38.660644999999995 -82.859696 0.0 0.4
38.650683 -82.857152 0.0 0.4
38.640507 -82.85677199999999 0.0 0.4
38.628648 -82.856431 0.0 0.4
38.617826 -82.855232 0.0 0.4
38.607074 -82.85239 0.0 0.4
38.597871 -82.84814399999999 0.0 0.4
38.58891 -82.842472 0.0 0.4
38.582464 -82.8341 0.0 0.4
38.576474 -82.826067 0.0 0.4
38.571169999999995 -82.816785 0.0 0.4
38.566469 -82.807096 0.0 0.4
38.562515 -82.79779599999999 0.0 0.4
38.559722 -82.78817 0.0 0.4
38.559281 -82.776825 0.0 0.4
38.560607 -82.766712 0.0 0.4
38.560003 -82.756513 0.0 0.4
38.559324 -82.745575 0.0 0.4
38.559191999999996 -82.735182 0.0 0.4
38.557976 -82.72519199999999 0.0 0.4
38.552707 -82.716393 0.0 0.4
38.547957 -82.70756 0.0 0.4
38.543769999999995 -82.698285 0.0 0.4
38.53619 -82.68941799999999 0.0 0.4
38.527136 -82.68355799999999 0.0 0.4
38.518353999999995 -82.67763699999999 0.0 0.4
38.510715999999995 -82.670403 0.0 0.4
38.502123 -82.66233799999999 0.0 0.4
38.494431 -82.654133 0.0 0.4
38.488909 -82.645659 0.0 0.4
38.483993999999996 -82.636545 0.0 0.4
38.480579999999996 -82.626785 0.0 0.4
38.476286 -82.617251 0.0 0.4
38.469966 -82.609476 0.0 0.4
38.460769 -82.60465099999999 0.0 0.4
38.449978 -82.602717 0.0 0.4
38.439701 -82.601012 0.0 0.4
38.430068 -82.598073 0.0 0.4
38.420026 -82.594605 0.0 0.4
38.410177999999995 -82.597019 0.0 0.4
38.40042 -82.594736 0.0 0.4
38.391366999999995 -82.599361 0.0 0.4
38.381553 -82.594201 0.0 0.4
38.370965 -82.594509 0.0 0.4
38.361151 -82.597911 0.0 0.4
38.350226 -82.598255 0.0 0.4
38.341754 -82.592576 0.0 0.4
38.334517999999996 -82.585225 0.0 0.4
38.328514999999996 -82.57672 0.0 0.4
38.31896 -82.572581 0.0 0.4
38.308639 -82.576156 0.0 0.4
38.300169 -82.581662 0.0 0.4
38.290379 -82.57938899999999 0.0 0.4
38.280271 -82.577995 0.0 0.4
38.26996 -82.574691 0.0 0.4
38.259721 -82.576371 0.0 0.4
38.250296 -82.58057699999999 0.0 0.4
38.245595 -82.590006 0.0 0.4
38.246724 -82.601 0.0 0.4
38.241222 -82.609681 0.0 0.4
38.230236 -82.611257 0.0 0.4
38.221143 -82.605355 0.0 0.4
38.213069999999995 -82.598545 0.0 0.4
38.203001 -82.598767 0.0 0.4
38.192992 -82.60186499999999 0.0 0.4
38.182869 -82.606634 0.0 0.4
38.173686 -82.61078599999999 0.0 0.4
38.169136 -82.621101 0.0 0.4
38.170943 -82.63237199999999 0.0 0.4
38.169446 -82.642952 0.0 0.4
38.159317 -82.640862 0.0 0.4
38.148927 -82.638393 0.0 0.4
38.138718 -82.636989 0.0 0.4
38.135065 -82.627325 0.0 0.4
38.12529 -82.621248 0.0 0.4
38.120681999999995 -82.611835 0.0 0.4
38.118086999999996 -82.601815 0.0 0.4
38.111663 -82.59409099999999 0.0 0.4
38.106634 -82.585342 0.0 0.4
38.096387 -82.585426 0.0 0.4
38.087258999999996 -82.57932199999999 0.0 0.4
38.081427999999995 -82.568818 0.0 0.4
38.074495 -82.56123699999999 0.0 0.4
38.070797 -82.55123499999999 0.0 0.4
38.061212 -82.54724399999999 0.0 0.4
38.051835 -82.543658 0.0 0.4
38.044104999999995 -82.537083 0.0 0.4
38.03355 -82.53613299999999 0.0 0.4
38.027701 -82.527632 0.0 0.4
38.017503 -82.525069 0.0 0.4
38.008375 -82.51975499999999 0.0 0.4
37.999227999999995 -82.514417 0.0 0.4
38.000062 -82.503647 0.0 0.4
37.998908 -82.49368899999999 0.0 0.4
37.992027 -82.486199 0.0 0.4
37.985164999999995 -82.478602 0.0 0.4
37.985822999999996 -82.46858499999999 0.0 0.4
37.975831 -82.466363 0.0 0.4
37.973307 -82.477148 0.0 0.4
37.96664 -82.484813 0.0 0.4
37.961515 -82.47614 0.0 0.4
37.951767 -82.478403 0.0 0.4
37.945498 -82.486221 0.0 0.4
37.946667 -82.496155 0.0 0.4
37.939066 -82.48957999999999 0.0 0.4
37.936820999999995 -82.499954 0.0 0.4
37.927299 -82.496692 0.0 0.4
37.927037999999996 -82.485456 0.0 0.4
37.917189 -82.488018 0.0 0.4
37.913793999999996 -82.47795599999999 0.0 0.4
37.903956 -82.475872 0.0 0.4
37.911788 -82.46878 0.0 0.4
37.909208 -82.45894 0.0 0.4
37.906146 -82.449083 0.0 0.4
37.901022999999995 -82.440077 0.0 0.4
37.893012999999996 -82.433724 0.0 0.4
37.887322 -82.424933 0.0 0.4
37.878279 -82.419241 0.0 0.4
37.869116 -82.414873 0.0 0.4
37.863441 -82.42362 0.0 0.4
37.856712 -82.415842 0.0 0.4
37.847854999999996 -82.420592 0.0 0.4
37.842544 -82.411526 0.0 0.4
37.834057 -82.406055 0.0 0.4
37.826675 -82.398968 0.0 0.4
37.816787999999995 -82.400728 0.0 0.4
37.815597 -82.390537 0.0 0.4
37.812065 -82.38062699999999 0.0 0.4
37.802614999999996 -82.377116 0.0 0.4
37.799512 -82.367052 0.0 0.4
37.793797999999995 -82.35756599999999 0.0 0.4
37.787233 -82.34944 0.0 0.4
37.784089 -82.339401 0.0 0.4
37.774451 -82.336512 0.0 0.4
37.775906 -82.32624 0.0 0.4
37.767737 -82.332863 0.0 0.4
37.763362 -82.323666 0.0 0.4
37.765326 -82.313728 0.0 0.4
37.757591999999995 -82.32063 0.0 0.4
37.749566 -82.327154 0.0 0.4
37.742367 -82.334132 0.0 0.4
37.735897 -82.326258 0.0 0.4
37.72909 -82.3184 0.0 0.4
37.720075 -82.313816 0.0 0.4
37.711290999999996 -82.308628 0.0 0.4
37.705231999999995 -82.299268 0.0 0.4
37.695505 -82.30254099999999 0.0 0.4
37.687214 -82.296791 0.0 0.4
37.679231 -82.30306 0.0 0.4
37.673088 -82.294826 0.0 0.4
37.674535999999996 -82.284802 0.0 0.4
37.669274 -82.276185 0.0 0.4
37.662605 -82.268609 0.0 0.4
37.65774 -82.25978599999999 0.0 0.4
37.658061 -82.249524 0.0 0.4
37.661507 -82.23997299999999 0.0 0.4
37.655221 -82.232173 0.0 0.4
37.647701999999995 -82.225402 0.0 0.4
37.641869 -82.217029 0.0 0.4
37.631974 -82.218597 0.0 0.4
37.625191 -82.210563 0.0 0.4
37.62799 -82.20089 0.0 0.4
37.626066 -82.190201 0.0 0.4
37.635719 -82.186829 0.0 0.4
37.645137 -82.190756 0.0 0.4
37.648754 -82.179625 0.0 0.4
37.638504 -82.17631399999999 0.0 0.4
37.628386 -82.179684 0.0 0.4
37.61846 -82.177306 0.0 0.4
37.621779 -82.167529 0.0 0.4
37.611135 -82.168937 0.0 0.4
37.609553 -82.158788 0.0 0.4
37.598786 -82.157287 0.0 0.4
37.591203 -82.150487 0.0 0.4
37.595044 -82.141143 0.0 0.4
37.592707 -82.131288 0.0 0.4
37.583152 -82.12647199999999 0.0 0.4
37.572407 -82.128175 0.0 0.4
37.571349999999995 -82.13850000000001 0.0 0.4
37.562367 -82.134068 0.0 0.4
37.552366 -82.13208499999999 0.0 0.4
37.552988 -82.122047 0.0 0.4
37.558768 -82.11188299999999 0.0 0.4
37.552838 -82.103717 0.0 0.4
37.554552 -82.09344 0.0 0.4
37.555223999999995 -82.082078 0.0 0.4
37.552254999999995 -82.072496 0.0 0.4
37.545069 -82.065285 0.0 0.4
37.535871 -82.06096199999999 0.0 0.4
37.53561 -82.0507 0.0 0.4
37.543894 -82.04485199999999 0.0 0.4
37.541616999999995 -82.034872 0.0 0.4
37.538250999999995 -82.02515 0.0 0.4
37.533954 -82.01600599999999 0.0 0.4
37.534573 -82.005952 0.0 0.4
37.542696 -81.99996 0.0 0.4
37.542041999999995 -81.98992 0.0 0.4
37.543146 -81.97963899999999 0.0 0.4
37.546724 -81.970092 0.0 0.4
37.529658 -81.97991499999999 0.0 0.4
37.523382 -81.988923 0.0 0.4
37.513788999999996 -82.00267099999999 0.0 0.4
37.502882 -82.018228 0.0 0.4
37.496336 -82.027688 0.0 0.4
37.486267 -82.04240399999999 0.0 0.4
37.480578 -82.05071699999999 0.0 0.4
37.471866 -82.06173299999999 0.0 0.4
37.462514 -82.07504 0.0 0.4
37.453902 -82.087329 0.0 0.4
37.447781 -82.096001 0.0 0.4
37.437846 -82.11005999999999 0.0 0.4
37.43176 -82.11877299999999 0.0 0.4
37.419174999999996 -82.136744 0.0 0.4
37.410228 -82.149776 0.0 0.4
37.403287999999996 -82.16002 0.0 0.4
37.394071 -82.173413 0.0 0.4
37.386866 -82.184012 0.0 0.4
37.38028 -82.193683 0.0 0.4
37.374162999999996 -82.202576 0.0 0.4
37.368026 -82.211496 0.0 0.4
37.359242 -82.223913 0.0 0.4
37.352376 -82.233628 0.0 0.4
37.346571 -82.241911 0.0 0.4
37.337741 -82.254513 0.0 0.4
37.331221 -82.263764 0.0 0.4
37.323533999999995 -82.274737 0.0 0.4
37.31776 -82.283107 0.0 0.4
37.311403999999996 -82.29218999999999 0.0 0.4
37.305229 -82.30101499999999 0.0 0.4
37.299482999999995 -82.30928999999999 0.0 0.4
37.293347 -82.31732199999999 0.0 0.4
37.28498 -82.322987 0.0 0.4
37.281347 -82.33335 0.0 0.4
37.280933999999995 -82.343462 0.0 0.4
37.272255 -82.34855 0.0 0.4
37.265279 -82.35574199999999 0.0 0.4
37.263667 -82.36563199999999 0.0 0.4
37.260002 -82.376458 0.0 0.4
37.259144 -82.38645 0.0 0.4
37.256878 -82.396209 0.0 0.4
37.254213 -82.40587599999999 0.0 0.4
37.252013 -82.415694 0.0 0.4
37.248768999999996 -82.425343 0.0 0.4
37.246770999999995 -82.435143 0.0 0.4
37.243316 -82.444707 0.0 0.4
37.240569 -82.454371 0.0 0.4
37.236984 -82.463922 0.0 0.4
37.235282999999995 -82.473805 0.0 0.4
37.231874999999995 -82.483302 0.0 0.4
37.225370999999996 -82.49091299999999 0.0 0.4
37.225750999999995 -82.501046 0.0 0.4
37.220095 -82.509303 0.0 0.4
37.21431 -82.517478 0.0 0.4
37.214064 -82.527997 0.0 0.4
37.206612 -82.534759 0.0 0.4
37.204153999999996 -82.544454 0.0 0.4
37.202428 -82.55436999999999 0.0 0.4
37.197176999999996 -82.563028 0.0 0.4
37.191745999999995 -82.57299499999999 0.0 0.4
37.187312 -82.58196799999999 0.0 0.4
37.183439 -82.591324 0.0 0.4
37.176688999999996 -82.599031 0.0 0.4
37.172473 -82.608719 0.0 0.4
37.167761 -82.61798999999999 0.0 0.4
37.161622 -82.626104 0.0 0.4
37.154475999999995 -82.63332 0.0 0.4
37.152532 -82.644008 0.0 0.4
37.150749 -82.653849 0.0 0.4
37.144297 -82.661698 0.0 0.4
37.139122 -82.670733 0.0 0.4
37.137009 -82.680607 0.0 0.4
37.133472 -82.690507 0.0 0.4
37.129263 -82.700023 0.0 0.4
37.125112 -82.710067 0.0 0.4
37.121399 -82.71940000000001 0.0 0.4
37.114318 -82.72648199999999 0.0 0.4
37.105286 -82.72201199999999 0.0 0.4
37.094805 -82.722056 0.0 0.4
37.084801 -82.722844 0.0 0.4
37.076049999999995 -82.717968 0.0 0.4
37.069458999999995 -82.725601 0.0 0.4
37.059802999999995 -82.722892 0.0 0.4
37.049382 -82.72278299999999 0.0 0.4
37.043344999999995 -82.730814 0.0 0.4
37.042804 -82.740909 0.0 0.4
37.033904 -82.74562 0.0 0.4
37.024162 -82.748342 0.0 0.4
37.027423999999996 -82.758343 0.0 0.4
37.021629 -82.766772 0.0 0.4
37.01547 -82.77485999999999 0.0 0.4
37.008052 -82.782268 0.0 0.4
37.006039 -82.79258899999999 0.0 0.4
37.007784 -82.802633 0.0 0.4
37.005883 -82.812461 0.0 0.4
37.004106 -82.822525 0.0 0.4
36.996475 -82.829516 0.0 0.4
36.988804 -82.836029 0.0 0.4
36.983824999999996 -82.84495199999999 0.0 0.4
36.983377 -82.855116 0.0 0.4
36.979178 -82.86475999999999 0.0 0.4
36.970065 -82.86887899999999 0.0 0.4
36.960516 -82.86562099999999 0.0 0.4
36.953751 -82.856753 0.0 0.4
36.944855 -82.86137099999999 0.0 0.4
36.934653 -82.86007 0.0 0.4
36.924335 -82.861779 0.0 0.4
36.916827999999995 -82.868551 0.0 0.4
36.910135 -82.87624199999999 0.0 0.4
36.901922 -82.870301 0.0 0.4
36.894985999999996 -82.87791399999999 0.0 0.4
36.887972 -82.885257 0.0 0.4
36.882732 -82.89458499999999 0.0 0.4
36.87994 -82.904889 0.0 0.4
36.874123 -82.913946 0.0 0.4
36.873036 -82.924106 0.0 0.4
36.870232 -82.934296 0.0 0.4
36.866558 -82.943821 0.0 0.4
36.864278999999996 -82.95360199999999 0.0 0.4
36.861367 -82.96318699999999 0.0 0.4
36.859075 -82.97330000000001 0.0 0.4
36.858663 -82.983463 0.0 0.4
36.857816 -82.993624 0.0 0.4
36.85299 -83.002904 0.0 0.4
36.847637 -83.01156999999999 0.0 0.4
36.849987999999996 -83.021495 0.0 0.4
36.85537 -83.03020099999999 0.0 0.4
36.855013 -83.041028 0.0 0.4
36.85201 -83.05089699999999 0.0 0.4
36.853947999999995 -83.060749 0.0 0.4
36.853538 -83.07077799999999 0.0 0.4
36.843140999999996 -83.074291 0.0 0.4
36.839006 -83.08407 0.0 0.4
36.833726999999996 -83.093105 0.0 0.4
36.828238 -83.101936 0.0 0.4
36.818253 -83.099023 0.0 0.4
36.809014999999995 -83.10345699999999 0.0 0.4
36.801066 -83.109747 0.0 0.4
36.793555999999995 -83.11647099999999 0.0 0.4
36.786502999999996 -83.1237 0.0 0.4
36.783212999999996 -83.13324399999999 0.0 0.4
36.77315 -83.131917 0.0 0.4
36.763236 -83.12975899999999 0.0 0.4
36.753251999999996 -83.128923 0.0 0.4
36.744509 -83.133904 0.0 0.4
36.741803999999995 -83.143819 0.0 0.4
36.741603999999995 -83.154822 0.0 0.4
36.739418 -83.16497 0.0 0.4
36.73938 -83.175246 0.0 0.4
36.739388999999996 -83.185763 0.0 0.4
36.738687 -83.195831 0.0 0.4
36.735648 -83.206175 0.0 0.4
36.733401 -83.216242 0.0 0.4
36.730288 -83.225875 0.0 0.4
36.727252 -83.235675 0.0 0.4
36.725581999999996 -83.246132 0.0 0.4
36.722057 -83.255969 0.0 0.4
36.719909 -83.266667 0.0 0.4
36.716597 -83.277633 0.0 0.4
36.714148 -83.287762 0.0 0.4
36.712649 -83.298408 0.0 0.4
36.710878 -83.308492 0.0 0.4
36.707645 -83.318334 0.0 0.4
36.704871 -83.327967 0.0 0.4
36.702038 -83.338152 0.0 0.4
36.69997 -83.347963 0.0 0.4
36.693686 -83.35828099999999 0.0 0.4
36.692059 -83.368781 0.0 0.4
36.689201 -83.378819 0.0 0.4
36.685728 -83.388317 0.0 0.4
36.679128 -83.395907 0.0 0.4
36.673704 -83.40484 0.0 0.4
36.670434 -83.414329 0.0 0.4
36.667339999999996 -83.424713 0.0 0.4
36.6664 -83.435284 0.0 0.4
36.666045 -83.44630599999999 0.0 0.4
36.664978999999995 -83.45630299999999 0.0 0.4
36.664708999999995 -83.466611 0.0 0.4
36.665847 -83.476587 0.0 0.4
36.667370999999996 -83.48692199999999 0.0 0.4
36.670063999999996 -83.49673899999999 0.0 0.4
36.668966 -83.50695999999999 0.0 0.4
36.668501 -83.517088 0.0 0.4
36.665923 -83.526825 0.0 0.4
36.660622 -83.535857 0.0 0.4
36.655302 -83.544635 0.0 0.4
36.652955999999996 -83.554794 0.0 0.4
36.648607 -83.564228 0.0 0.4
36.644425999999996 -83.574017 0.0 0.4
36.641549 -83.583676 0.0 0.4
36.640653 -83.593704 0.0 0.4
36.637116 -83.603466 0.0 0.4
36.634949 -83.61367299999999 0.0 0.4
36.627376 -83.62051 0.0 0.4
36.62393 -83.630392 0.0 0.4
36.624763 -83.640727 0.0 0.4
36.617699 -83.649211 0.0 0.4
36.61202 -83.65774499999999 0.0 0.4
36.605869 -83.665729 0.0 0.4
36.602025999999995 -83.675006 0.0 0.4
36.593584 -83.680707 0.0 0.4
36.586673999999995 -83.688047 0.0 0.4
36.582733999999995 -83.701985 0.0 0.4
36.582879999999996 -83.71375499999999 0.0 0.4
36.583206 -83.739858 0.0 0.4
36.583329 -83.750123 0.0 0.4
36.58351 -83.76487 0.0 0.4
36.583769 -83.780033 0.0 0.4
36.583977 -83.79070899999999 0.0 0.4
36.584202 -83.80118399999999 0.0 0.4
36.584474 -83.81241299999999 0.0 0.4
36.584714 -83.822603 0.0 0.4
36.584969 -83.83328 0.0 0.4
36.585476 -83.854689 0.0 0.4
36.585725 -83.865211 0.0 0.4
36.586224 -83.883293 0.0 0.4
36.586532 -83.89331 0.0 0.4
36.586946 -83.906705 0.0 0.4
36.587343 -83.91950899999999 0.0 0.4
36.587669 -83.930049 0.0 0.4
36.588082 -83.943231 0.0 0.4
36.588516999999996 -83.95712499999999 0.0 0.4
36.588934 -83.97049799999999 0.0 0.4
36.589372 -83.984438 0.0 0.4
36.589856999999995 -83.999943 0.0 0.4
36.589971999999996 -84.010415 0.0 0.4
36.590088 -84.020983 0.0 0.4
36.590207 -84.03179899999999 0.0 0.4
36.590339 -84.044011 0.0 0.4
36.590505 -84.059114 0.0 0.4
36.590654 -84.07273099999999 0.0 0.4
36.590931999999995 -84.08601 0.0 0.4
36.591232999999995 -84.09870099999999 0.0 0.4
36.591338 -84.12204299999999 0.0 0.4
36.591378999999996 -84.132342 0.0 0.4
36.591456 -84.142923 0.0 0.4
36.591623999999996 -84.165387 0.0 0.4
36.591753 -84.184271 0.0 0.4
36.591845 -84.197615 0.0 0.4
36.591977 -84.217458 0.0 0.4
36.592048999999996 -84.22785999999999 0.0 0.4
36.591784 -84.261337 0.0 0.4
36.591702999999995 -84.271545 0.0 0.4
36.592217 -84.29102499999999 0.0 0.4
36.593070999999995 -84.320304 0.0 0.4
36.593728999999996 -84.34454099999999 0.0 0.4
36.59418 -84.361215 0.0 0.4
36.594536999999995 -84.374318 0.0 0.4
36.595020999999996 -84.393169 0.0 0.4
36.595362 -84.406544 0.0 0.4
36.595591999999996 -84.417982 0.0 0.4
36.595931 -84.434938 0.0 0.4
36.59614 -84.445358 0.0 0.4
36.596303999999996 -84.45868399999999 0.0 0.4
36.596486 -84.478354 0.0 0.4
36.596582 -84.490822 0.0 0.4
36.596567 -84.501217 0.0 0.4
36.596438 -84.518768 0.0 0.4
36.596328 -84.536447 0.0 0.4
36.596931 -84.556986 0.0 0.4
36.597657999999996 -84.576216 0.0 0.4
36.598233 -84.591105 0.0 0.4
36.598628 -84.601293 0.0 0.4
36.599539 -84.62490199999999 0.0 0.4
36.600108 -84.642153 0.0 0.4
36.600612 -84.658441 0.0 0.4
36.600919999999995 -84.669651 0.0 0.4
36.601363 -84.685446 0.0 0.4
36.601628 -84.69873199999999 0.0 0.4
36.602049 -84.721375 0.0 0.4
36.602387 -84.739982 0.0 0.4
36.602956999999996 -84.766015 0.0 0.4
36.60329 -84.778454 0.0 0.4
36.603531 -84.789119 0.0 0.4
36.6039 -84.804294 0.0 0.4
36.604259 -84.81898199999999 0.0 0.4
36.604514 -84.829123 0.0 0.4
36.605243 -84.83952699999999 0.0 0.4
36.606274 -84.85448 0.0 0.4
36.607637 -84.873958 0.0 0.4
36.608647999999995 -84.8904 0.0 0.4
36.609622 -84.90513899999999 0.0 0.4
36.610479 -84.917504 0.0 0.4
36.611233999999996 -84.929012 0.0 0.4
36.612237 -84.941513 0.0 0.4
36.613412 -84.95273999999999 0.0 0.4
36.614762999999996 -84.96735799999999 0.0 0.4
36.617041 -84.991632 0.0 0.4
36.619102 -85.023789 0.0 0.4
36.619870999999996 -85.03995599999999 0.0 0.4
36.621184 -85.069121 0.0 0.4
36.621609 -85.079516 0.0 0.4
36.622323 -85.095919 0.0 0.4
36.622885 -85.109237 0.0 0.4
36.62346 -85.125153 0.0 0.4
36.62381 -85.13591699999999 0.0 0.4
36.624365 -85.154375 0.0 0.4
36.624798 -85.168763 0.0 0.4
36.625135 -85.18238099999999 0.0 0.4
36.625372999999996 -85.196105 0.0 0.4
36.625558999999996 -85.207137 0.0 0.4
36.625823 -85.221927 0.0 0.4
36.626149 -85.240162 0.0 0.4
36.626337 -85.250661 0.0 0.4
36.626591999999995 -85.264175 0.0 0.4
36.626799 -85.2753 0.0 0.4
36.626494 -85.288804 0.0 0.4
36.624793 -85.29922499999999 0.0 0.4
36.624497999999996 -85.31706899999999 0.0 0.4
36.623591999999995 -85.330632 0.0 0.4
36.622261 -85.35049599999999 0.0 0.4
36.621466 -85.369621 0.0 0.4
36.620826 -85.382476 0.0 0.4
36.620381 -85.39257099999999 0.0 0.4
36.61996 -85.402571 0.0 0.4
36.619532 -85.413562 0.0 0.4
36.619138 -85.42535 0.0 0.4
36.618655 -85.436442 0.0 0.4
36.618012 -85.446727 0.0 0.4
36.616839999999996 -85.46547699999999 0.0 0.4
36.615395 -85.488497 0.0 0.4
36.614926 -85.49961499999999 0.0 0.4
36.615247 -85.520376 0.0 0.4
36.615514999999995 -85.532827 0.0 0.4
36.615828 -85.55076799999999 0.0 0.4
36.616113 -85.568803 0.0 0.4
36.616355 -85.58130799999999 0.0 0.4
36.616571 -85.592444 0.0 0.4
36.616772 -85.60278699999999 0.0 0.4
36.617135 -85.61876699999999 0.0 0.4
36.617367 -85.630313 0.0 0.4
36.617536 -85.64039 0.0 0.4
36.61811 -85.660534 0.0 0.4
36.618254 -85.672928 0.0 0.4
36.618697999999995 -85.68643999999999 0.0 0.4
36.61924 -85.70279099999999 0.0 0.4
36.619876 -85.71959799999999 0.0 0.4
36.620506999999996 -85.732596 0.0 0.4
36.620571999999996 -85.742938 0.0 0.4
36.621097999999996 -85.758573 0.0 0.4
36.621516 -85.771312 0.0 0.4
36.621899 -85.783519 0.0 0.4
36.622188 -85.796565 0.0 0.4
36.622153 -85.81107399999999 0.0 0.4
36.622119 -85.824725 0.0 0.4
36.622637 -85.84470999999999 0.0 0.4
36.623304999999995 -85.86004299999999 0.0 0.4
36.623909999999995 -85.873899 0.0 0.4
36.625318 -85.905423 0.0 0.4
36.625907 -85.91852899999999 0.0 0.4
36.62663 -85.934747 0.0 0.4
36.627589 -85.956216 0.0 0.4
36.628076 -85.966991 0.0 0.4
36.628583 -85.978915 0.0 0.4
36.629021 -85.99114999999999 0.0 0.4
36.629405 -86.00189499999999 0.0 0.4
36.630159 -86.021654 0.0 0.4
36.630688 -86.032049 0.0 0.4
36.631418 -86.042602 0.0 0.4
36.63263 -86.059349 0.0 0.4
36.633432 -86.07055199999999 0.0 0.4
36.633981 -86.080545 0.0 0.4
36.634592999999995 -86.0943 0.0 0.4
36.635061 -86.104827 0.0 0.4
36.63578 -86.120952 0.0 0.4
36.636603 -86.13941299999999 0.0 0.4
36.637319999999995 -86.155383 0.0 0.4
36.637764 -86.165435 0.0 0.4
36.638915 -86.18203299999999 0.0 0.4
36.639485 -86.19389799999999 0.0 0.4
36.640129 -86.20443999999999 0.0 0.4
36.640769 -86.21589499999999 0.0 0.4
36.641518 -86.22954899999999 0.0 0.4
36.642393 -86.24425099999999 0.0 0.4
36.643060999999996 -86.254553 0.0 0.4
36.644176 -86.273432 0.0 0.4
36.645182 -86.291113 0.0 0.4
36.64648 -86.30667 0.0 0.4
36.647798 -86.321782 0.0 0.4
36.648700999999996 -86.332126 0.0 0.4
36.64922 -86.347433 0.0 0.4
36.649726 -86.358661 0.0 0.4
36.650062 -86.373638 0.0 0.4
36.650701 -86.401659 0.0 0.4
36.650996 -86.415418 0.0 0.4
36.651215 -86.42773 0.0 0.4
36.651388 -86.439657 0.0 0.4
36.651537 -86.450319 0.0 0.4
36.651731999999996 -86.462299 0.0 0.4
36.651899 -86.47251399999999 0.0 0.4
36.652117 -86.485832 0.0 0.4
36.652237 -86.496911 0.0 0.4
36.652367999999996 -86.50701099999999 0.0 0.4
36.647636999999996 -86.52208499999999 0.0 0.4
36.644416 -86.531778 0.0 0.4
36.640426999999995 -86.54382199999999 0.0 0.4
36.636697999999996 -86.555066 0.0 0.4
36.63487 -86.56600399999999 0.0 0.4
36.640802 -86.574061 0.0 0.4
36.647524 -86.583215 0.0 0.4
36.652347999999996 -86.59422699999999 0.0 0.4
36.652117 -86.60463299999999 0.0 0.4
36.651726 -86.62221 0.0 0.4
36.651464 -86.632402 0.0 0.4
36.650922 -86.65091 0.0 0.4
36.65057 -86.664726 0.0 0.4
36.650248999999995 -86.67584099999999 0.0 0.4
36.649771 -86.692534 0.0 0.4
36.649501 -86.708046 0.0 0.4
36.649173 -86.721249 0.0 0.4
36.648897999999996 -86.734208 0.0 0.4
36.648939 -86.749904 0.0 0.4
36.648966 -86.76095199999999 0.0 0.4
36.648674 -86.77533 0.0 0.4
36.648387 -86.787599 0.0 0.4
36.648134999999996 -86.798386 0.0 0.4
36.647797 -86.81285799999999 0.0 0.4
36.647400999999995 -86.83288999999999 0.0 0.4
36.647202 -86.842942 0.0 0.4
36.647006 -86.85404 0.0 0.4
36.646879 -86.868515 0.0 0.4
36.646726 -86.88201099999999 0.0 0.4
36.646611 -86.894064 0.0 0.4
36.646327 -86.90600599999999 0.0 0.4
36.645922 -86.91973999999999 0.0 0.4
36.645514999999996 -86.930065 0.0 0.4
36.645179999999996 -86.945987 0.0 0.4
36.644922 -86.957234 0.0 0.4
36.644524 -86.97345899999999 0.0 0.4
36.644337 -86.987462 0.0 0.4
36.644296 -86.999989 0.0 0.4
36.644034999999995 -87.01183999999999 0.0 0.4
36.643176 -87.050189 0.0 0.4
36.642963 -87.06084899999999 0.0 0.4
36.64264 -87.085593 0.0 0.4
36.642562 -87.096907 0.0 0.4
36.642371 -87.114983 0.0 0.4
36.642221 -87.12991 0.0 0.4
36.642164 -87.14436599999999 0.0 0.4
36.642114 -87.155519 0.0 0.4
36.642061999999996 -87.167997 0.0 0.4
36.641937 -87.19773699999999 0.0 0.4
36.641875 -87.21279299999999 0.0 0.4
36.641805 -87.22917199999999 0.0 0.4
36.641760999999995 -87.239954 0.0 0.4
36.641718 -87.25004 0.0 0.4
36.641740999999996 -87.264568 0.0 0.4
36.64176 -87.27520899999999 0.0 0.4
36.641769 -87.28558199999999 0.0 0.4
36.641725 -87.30090899999999 0.0 0.4
36.641683 -87.314859 0.0 0.4
36.641659 -87.33597999999999 0.0 0.4
36.641587 -87.34756 0.0 0.4
36.641498999999996 -87.361977 0.0 0.4
36.641434 -87.372345 0.0 0.4
36.641346999999996 -87.38290099999999 0.0 0.4
36.641247 -87.39348 0.0 0.4
36.641098 -87.409448 0.0 0.4
36.640964 -87.42371 0.0 0.4
36.640861 -87.43464999999999 0.0 0.4
36.640741999999996 -87.445409 0.0 0.4
36.640622 -87.456177 0.0 0.4
36.640508 -87.46646 0.0 0.4
36.640274 -87.481427 0.0 0.4
36.640053 -87.49201 0.0 0.4
36.639489 -87.523062 0.0 0.4
36.639238 -87.536991 0.0 0.4
36.638916 -87.550654 0.0 0.4
36.638811 -87.562241 0.0 0.4
36.638726 -87.57293 0.0 0.4
36.638625 -87.585653 0.0 0.4
36.638522 -87.59853299999999 0.0 0.4
36.638424 -87.61048699999999 0.0 0.4
36.638341 -87.62115 0.0 0.4
36.638162 -87.63691399999999 0.0 0.4
36.638027 -87.64775 0.0 0.4
36.637814 -87.658664 0.0 0.4
36.637564 -87.670852 0.0 0.4
36.637333 -87.682678 0.0 0.4
36.637108 -87.694192 0.0 0.4
36.63688 -87.70667 0.0 0.4
36.636434 -87.725526 0.0 0.4
36.636033999999995 -87.744267 0.0 0.4
36.635721 -87.757729 0.0 0.4
36.635475 -87.76903399999999 0.0 0.4
36.635191999999996 -87.782178 0.0 0.4
36.634919 -87.794775 0.0 0.4
36.634612 -87.808922 0.0 0.4
36.63433 -87.82117799999999 0.0 0.4
36.633634 -87.840867 0.0 0.4
36.63316 -87.853319 0.0 0.4
36.647351 -87.851565 0.0 0.4
36.658218999999995 -87.85022099999999 0.0 0.4
36.664789999999996 -87.866828 0.0 0.4
36.665588 -87.8792 0.0 0.4
36.666461999999996 -87.893042 0.0 0.4
36.667103 -87.903564 0.0 0.4
36.667995999999995 -87.914773 0.0 0.4
36.668935999999995 -87.926875 0.0 0.4
36.670262 -87.940572 0.0 0.4
36.671473 -87.95311099999999 0.0 0.4
36.672595 -87.964632 0.0 0.4
36.673673 -87.975793 0.0 0.4
36.675432 -87.993974 0.0 0.4
36.677189999999996 -88.012203 0.0 0.4
36.677624 -88.025399 0.0 0.4
36.67794 -88.036883 0.0 0.4
36.678065 -88.04916999999999 0.0 0.4
36.678104 -88.060589 0.0 0.4
36.675062 -88.070191 0.0 0.4
36.661961999999995 -88.068635 0.0 0.4
36.651295999999995 -88.064591 0.0 0.4
36.641515 -88.057559 0.0 0.4
36.63034 -88.05562499999999 0.0 0.4
36.620809 -88.051582 0.0 0.4
36.611149999999995 -88.047664 0.0 0.4
36.600564999999996 -88.044328 0.0 0.4
36.585161 -88.041444 0.0 0.4
36.574861 -88.03995599999999 0.0 0.4
36.561983 -88.035536 0.0 0.4
36.551983 -88.033987 0.0 0.4
36.541063 -88.03259899999999 0.0 0.4
36.530069 -88.03414 0.0 0.4
36.519678 -88.037396 0.0 0.4
36.509437 -88.039823 0.0 0.4
36.501926 -88.048158 0.0 0.4
36.497257999999995 -88.057428 0.0 0.4
36.497675 -88.0685 0.0 0.4
36.497814999999996 -88.078578 0.0 0.4
36.497943 -88.089152 0.0 0.4
36.498159 -88.103493 0.0 0.4
36.498357 -88.114481 0.0 0.4
36.498567 -88.125073 0.0 0.4
36.498672 -88.13773599999999 0.0 0.4
36.498878 -88.151262 0.0 0.4
36.499068 -88.16179799999999 0.0 0.4
36.499247 -88.17192299999999 0.0 0.4
36.49944 -88.183246 0.0 0.4
36.499566 -88.194 0.0 0.4
36.499753999999996 -88.21027199999999 0.0 0.4
36.499867 -88.231989 0.0 0.4
36.499893 -88.24315 0.0 0.4
36.500052 -88.25829499999999 0.0 0.4
36.500194 -88.26973799999999 0.0 0.4
36.500323 -88.281352 0.0 0.4
36.500388 -88.295666 0.0 0.4
36.500417999999996 -88.30932299999999 0.0 0.4
36.500437 -88.32021 0.0 0.4
36.500454 -88.330393 0.0 0.4
36.500473 -88.340971 0.0 0.4
36.500505 -88.35752099999999 0.0 0.4
36.500527 -88.36756199999999 0.0 0.4
36.500554 -88.380505 0.0 0.4
36.500628999999996 -88.393007 0.0 0.4
36.500786 -88.410563 0.0 0.4
36.500947 -88.425125 0.0 0.4
36.501196 -88.438672 0.0 0.4
36.501149999999996 -88.45003 0.0 0.4
36.501142 -88.465374 0.0 0.4
36.501157 -88.488387 0.0 0.4
36.501311 -88.500106 0.0 0.4
36.501504 -88.510538 0.0 0.4
36.5017 -88.521569 0.0 0.4
36.502023 -88.53293099999999 0.0 0.4
36.502137 -88.544303 0.0 0.4
36.502120999999995 -88.55451599999999 0.0 0.4
36.502103999999996 -88.56765299999999 0.0 0.4
36.502099 -88.580798 0.0 0.4
36.502159999999996 -88.59472799999999 0.0 0.4
36.50214 -88.60851199999999 0.0 0.4
36.502114999999996 -88.618848 0.0 0.4
36.502023 -88.634301 0.0 0.4
36.502193 -88.64559899999999 0.0 0.4
36.502296 -88.657488 0.0 0.4
36.502462 -88.670867 0.0 0.4
36.502589 -88.681665 0.0 0.4
36.502635 -88.695482 0.0 0.4
36.502642 -88.70634299999999 0.0 0.4
36.502648 -88.721274 0.0 0.4
36.502635 -88.73240799999999 0.0 0.4
36.502625 -88.743438 0.0 0.4
36.502654 -88.755605 0.0 0.4
36.502728999999995 -88.77157299999999 0.0 0.4
36.502717 -88.78165399999999 0.0 0.4
36.502703 -88.79284799999999 0.0 0.4
36.502688 -88.805961 0.0 0.4
36.502665 -88.816763 0.0 0.4
36.502632999999996 -88.827303 0.0 0.4
36.502617 -88.83892 0.0 0.4
36.502584 -88.850521 0.0 0.4
36.502496 -88.860733 0.0 0.4
36.502398 -88.87074199999999 0.0 0.4
36.502365 -88.88132499999999 0.0 0.4
36.502325 -88.891356 0.0 0.4
36.502289 -88.904427 0.0 0.4
36.502266 -88.915132 0.0 0.4
36.502223 -88.92612299999999 0.0 0.4
36.502217 -88.951728 0.0 0.4
36.502122 -88.96416599999999 0.0 0.4
36.502263 -88.97781599999999 0.0 0.4
36.502392 -88.99024899999999 0.0 0.4
36.502635 -89.00128199999999 0.0 0.4
36.502803 -89.01454199999999 0.0 0.4
36.502911 -89.026922 0.0 0.4
36.502997 -89.036943 0.0 0.4
36.503097 -89.05021599999999 0.0 0.4
36.50308 -89.06114699999999 0.0 0.4
36.503125 -89.072408 0.0 0.4
36.50337 -89.086934 0.0 0.4
36.50355 -89.097538 0.0 0.4
36.503733 -89.117516 0.0 0.4
36.503820999999995 -89.128002 0.0 0.4
36.503989 -89.138294 0.0 0.4
36.504419999999996 -89.15402 0.0 0.4
36.504602999999996 -89.16407199999999 0.0 0.4
36.505077 -89.17894199999999 0.0 0.4
36.505278 -89.1897 0.0 0.4
36.505462 -89.20195199999999 0.0 0.4
36.50566 -89.215041 0.0 0.4
36.505938 -89.233542 0.0 0.4
36.506166 -89.24865199999999 0.0 0.4
36.506429 -89.261851 0.0 0.4
36.506648 -89.27252 0.0 0.4
36.507054 -89.292276 0.0 0.4
36.507065 -89.302917 0.0 0.4
36.505956999999995 -89.315379 0.0 0.4
36.504947 -89.326751 0.0 0.4
36.504056 -89.33679 0.0 0.4
36.502269 -89.356892 0.0 0.4
36.50067 -89.374899 0.0 0.4
36.499216 -89.39105699999999 0.0 0.4
36.499114999999996 -89.404044 0.0 0.4
36.499010999999996 -89.41727499999999 0.0 0.4
36.508385 -89.413327 0.0 0.4
36.519408999999996 -89.409314 0.0 0.4
36.529058 -89.40524599999999 0.0 0.4
36.540532 -89.399405 0.0 0.4
36.551797 -89.39676299999999 0.0 0.4
36.561734 -89.394796 0.0 0.4
36.570352 -89.38967799999999 0.0 0.4
36.579642 -89.384765 0.0 0.4
36.591514 -89.38044699999999 0.0 0.4
36.605075 -89.378356 0.0 0.4
36.61611 -89.37504 0.0 0.4
36.623706999999996 -89.36784999999999 0.0 0.4
36.628633 -89.35615899999999 0.0 0.4
36.631888 -89.343902 0.0 0.4
36.632881 -89.332034 0.0 0.4
36.629754 -89.32243299999999 0.0 0.4
36.621843999999996 -89.314657 0.0 0.4
36.612905999999995 -89.308359 0.0 0.4
36.602624 -89.30037899999999 0.0 0.4
36.593779 -89.294675 0.0 0.4
36.576588 -89.277943 0.0 0.4
36.569716 -89.26954599999999 0.0 0.4
36.565224 -89.259896 0.0 0.4
36.565956 -89.246174 0.0 0.4
36.56735 -89.234544 0.0 0.4
36.574270999999996 -89.22018 0.0 0.4
36.584058 -89.211184 0.0 0.4
36.593866 -89.20596599999999 0.0 0.4
36.604814999999995 -89.202654 0.0 0.4
36.616544999999995 -89.20126499999999 0.0 0.4
36.628971 -89.19775299999999 0.0 0.4
36.638128 -89.190788 0.0 0.4
36.645668 -89.182056 0.0 0.4
36.651596999999995 -89.17357 0.0 0.4
36.658688999999995 -89.16628999999999 0.0 0.4
36.666354 -89.15911799999999 0.0 0.4
36.671892 -89.168798 0.0 0.4
36.684168 -89.167958 0.0 0.4
36.692799 -89.173766 0.0 0.4
36.699552 -89.182953 0.0 0.4
36.708041 -89.19166799999999 0.0 0.4
36.715624 -89.199311 0.0 0.4
36.725881 -89.2014 0.0 0.4
36.736168 -89.199362 0.0 0.4
36.747668999999995 -89.191296 0.0 0.4
36.754715999999995 -89.183296 0.0 0.4
36.758770999999996 -89.172887 0.0 0.4
36.757963 -89.162672 0.0 0.4
36.756329 -89.152163 0.0 0.4
36.755274 -89.14181699999999 0.0 0.4
36.751801 -89.12880799999999 0.0 0.4
36.758437 -89.119992 0.0 0.4
36.768671 -89.11645999999999 0.0 0.4
36.780986999999996 -89.11991499999999 0.0 0.4
36.78733 -89.127674 0.0 0.4
36.788612 -89.138526 0.0 0.4
36.788486999999996 -89.14895899999999 0.0 0.4
36.790123 -89.158993 0.0 0.4
36.795215999999996 -89.168016 0.0 0.4
36.803909 -89.17506 0.0 0.4
36.813016999999995 -89.179565 0.0 0.4
36.823295 -89.178855 0.0 0.4
36.833335999999996 -89.178855 0.0 0.4
36.841105999999996 -89.17190000000001 0.0 0.4
36.842687 -89.161845 0.0 0.4
36.847105 -89.152681 0.0 0.4
36.847322999999996 -89.138109 0.0 0.4
36.857596 -89.131934 0.0 0.4
36.868741 -89.128248 0.0 0.4
36.879065 -89.122275 0.0 0.4
36.888684999999995 -89.117115 0.0 0.4
36.90126 -89.114109 0.0 0.4
36.915676999999995 -89.11043 0.0 0.4
36.92575 -89.107383 0.0 0.4
36.936471 -89.103099 0.0 0.4
36.95122 -89.099634 0.0 0.4
36.962575 -89.09933099999999 0.0 0.4
36.971806 -89.104717 0.0 0.4
36.979428 -89.113494 0.0 0.4
36.983193 -89.123442 0.0 0.4
36.983758 -89.13655899999999 0.0 0.4
36.990033 -89.147161 0.0 0.4
36.996179 -89.155924 0.0 0.4
37.002322 -89.164397 0.0 0.4
37.009328 -89.171542 0.0 0.4
37.017668 -89.177088 0.0 0.4
37.027 -89.181039 0.0 0.4
37.036949 -89.18235299999999 0.0 0.4
37.046876999999995 -89.181027 0.0 0.4
37.057795999999996 -89.177857 0.0 0.4
37.067208 -89.172955 0.0 0.4
37.075409 -89.167079 0.0 0.4
37.085240999999996 -89.15814 0.0 0.4
37.091229 -89.148229 0.0 0.4
37.100342999999995 -89.140456 0.0 0.4
37.105176 -89.131678 0.0 0.4
37.110589 -89.123087 0.0 0.4
37.117973 -89.115455 0.0 0.4
37.12506 -89.108252 0.0 0.4
37.133742999999996 -89.10301 0.0 0.4
37.143848999999996 -89.097799 0.0 0.4
37.155074 -89.09367999999999 0.0 0.4
37.163571 -89.08794999999999 0.0 0.4
37.170893 -89.08071199999999 0.0 0.4
37.177562 -89.07248899999999 0.0 0.4
37.183862999999995 -89.06442899999999 0.0 0.4
37.190782 -89.05533299999999 0.0 0.4
37.198747999999995 -89.046131 0.0 0.4
37.204015999999996 -89.037459 0.0 0.4
37.211065 -89.029866 0.0 0.4
37.214245 -89.02022199999999 0.0 0.4
37.218084 -89.01058599999999 0.0 0.4
37.223746999999996 -89.00227199999999 0.0 0.4
37.226349 -88.992588 0.0 0.4
37.228735 -88.98268399999999 0.0 0.4
37.229856999999996 -88.972624 0.0 0.4
37.22594 -88.96325499999999 0.0 0.4
37.224810999999995 -88.953154 0.0 0.4
37.224337 -88.94248999999999 0.0 0.4
37.227565999999996 -88.932649 0.0 0.4
37.224906 -88.922991 0.0 0.4
37.222891 -88.912525 0.0 0.4
37.219311 -88.901788 0.0 0.4
37.216172 -88.891731 0.0 0.4
37.212891 -88.87956899999999 0.0 0.4
37.209931 -88.870009 0.0 0.4
37.206542999999996 -88.860303 0.0 0.4
37.202706 -88.850921 0.0 0.4
37.198581 -88.84006 0.0 0.4
37.195122999999995 -88.83032899999999 0.0 0.4
37.192039 -88.820531 0.0 0.4
37.189129 -88.808162 0.0 0.4
37.184771 -88.797197 0.0 0.4
37.179184 -88.78843599999999 0.0 0.4
37.173172 -88.78012299999999 0.0 0.4
37.164667 -88.768532 0.0 0.4
37.15895 -88.76020299999999 0.0 0.4
37.153633 -88.750378 0.0 0.4
37.148779 -88.74151499999999 0.0 0.4
37.143982 -88.73257 0.0 0.4
37.141193 -88.72291799999999 0.0 0.4
37.141557 -88.712745 0.0 0.4
37.142678 -88.70279099999999 0.0 0.4
37.141163 -88.692865 0.0 0.4
37.138090999999996 -88.683308 0.0 0.4
37.134299 -88.67402 0.0 0.4
37.129549 -88.66275499999999 0.0 0.4
37.126083 -88.653218 0.0 0.4
37.122291 -88.643661 0.0 0.4
37.121162999999996 -88.63191599999999 0.0 0.4
37.118069999999996 -88.621845 0.0 0.4
37.113717 -88.61253599999999 0.0 0.4
37.108861 -88.603669 0.0 0.4
37.102803 -88.59529599999999 0.0 0.4
37.096378 -88.587411 0.0 0.4
37.088761 -88.580214 0.0 0.4
37.081327 -88.573438 0.0 0.4
37.075162999999996 -88.565417 0.0 0.4
37.073761 -88.55541699999999 0.0 0.4
37.070567 -88.545869 0.0 0.4
37.068343999999996 -88.53609 0.0 0.4
37.066216 -88.525331 0.0 0.4
37.06541 -88.51520000000001 0.0 0.4
37.06558 -88.504295 0.0 0.4
37.067119999999996 -88.494389 0.0 0.4
37.067907 -88.48424899999999 0.0 0.4
37.069773999999995 -88.47283999999999 0.0 0.4
37.073262 -88.462796 0.0 0.4
37.080838 -88.455722 0.0 0.4
37.08854 -88.44910899999999 0.0 0.4
37.098196 -88.444985 0.0 0.4
37.107637 -88.440912 0.0 0.4
37.118306 -88.439531 0.0 0.4
37.127053 -88.434482 0.0 0.4
37.136323999999995 -88.43069799999999 0.0 0.4
37.145638 -88.427039 0.0 0.4
37.155946 -88.42679299999999 0.0 0.4
37.163547 -88.43343 0.0 0.4
37.173826999999996 -88.43606799999999 0.0 0.4
37.183288999999995 -88.44014299999999 0.0 0.4
37.193008999999996 -88.44397099999999 0.0 0.4
37.203261 -88.44787099999999 0.0 0.4
37.210664 -88.455573 0.0 0.4
37.216135 -88.464446 0.0 0.4
37.221368 -88.473109 0.0 0.4
37.22912 -88.47953799999999 0.0 0.4
37.238468999999995 -88.483796 0.0 0.4
37.246441 -88.489953 0.0 0.4
37.252016999999995 -88.498364 0.0 0.4
37.259088999999996 -88.50616199999999 0.0 0.4
37.269449 -88.508453 0.0 0.4
37.278464 -88.51308399999999 0.0 0.4
37.288314 -88.51493699999999 0.0 0.4
37.298117 -88.511478 0.0 0.4
37.306579 -88.50602699999999 0.0 0.4
37.315512999999996 -88.501515 0.0 0.4
37.328568 -88.493731 0.0 0.4
37.338215999999996 -88.487917 0.0 0.4
37.347925 -88.484427 0.0 0.4
37.359366 -88.482393 0.0 0.4
37.369259 -88.480498 0.0 0.4
37.379021 -88.477651 0.0 0.4
37.389857 -88.47528299999999 0.0 0.4
37.397709 -88.46907 0.0 0.4
37.40432 -88.461545 0.0 0.4
37.410595 -88.453336 0.0 0.4
37.414854999999996 -88.444086 0.0 0.4
37.418458 -88.434527 0.0 0.4
37.420441 -88.424562 0.0 0.4
37.424054 -88.414819 0.0 0.4
37.424094 -88.404806 0.0 0.4
37.420533 -88.395218 0.0 0.4
37.415338999999996 -88.38591799999999 0.0 0.4
37.409793 -88.37747 0.0 0.4
37.402291999999996 -88.370295 0.0 0.4
37.403639999999996 -88.36032 0.0 0.4
37.408964999999995 -88.35158299999999 0.0 0.4
37.416651 -88.34369699999999 0.0 0.4
37.42427 -88.33604 0.0 0.4
37.431436999999995 -88.32696299999999 0.0 0.4
37.43646 -88.317323 0.0 0.4
37.442195999999996 -88.308847 0.0 0.4
37.446304999999995 -88.299719 0.0 0.4
37.450886 -88.28769 0.0 0.4
37.453481 -88.277339 0.0 0.4
37.455149 -88.267245 0.0 0.4
37.456638 -88.25613799999999 0.0 0.4
37.456545 -88.24580499999999 0.0 0.4
37.457018999999995 -88.235582 0.0 0.4
37.45758 -88.225093 0.0 0.4
37.459042 -88.21460599999999 0.0 0.4
37.460341 -88.20415799999999 0.0 0.4
37.461185 -88.19326 0.0 0.4
37.463224 -88.183442 0.0 0.4
37.465306 -88.173155 0.0 0.4
37.466411 -88.163099 0.0 0.4
37.467718999999995 -88.153052 0.0 0.4
37.470172 -88.143295 0.0 0.4
37.471816 -88.13342999999999 0.0 0.4
37.471894999999996 -88.122905 0.0 0.4
37.472300000000004 -88.11277299999999 0.0 0.4
37.473048999999996 -88.102494 0.0 0.4
37.473701 -88.092339 0.0 0.4
37.473043 -88.0819 0.0 0.4
37.480917 -88.075259 0.0 0.4
37.487390999999995 -88.066943 0.0 0.4
37.496448 -88.062641 0.0 0.4
36.552141999999996 -89.571203 0.0 0.4
36.562464999999996 -89.568614 0.0 0.4
36.571228 -89.561388 0.0 0.4
36.577477 -89.55238899999999 0.0 0.4
36.580703 -89.542616 0.0 0.4
36.581634 -89.532118 0.0 0.4
36.578587999999996 -89.52072299999999 0.0 0.4
36.576574 -89.510814 0.0 0.4
36.575468 -89.500824 0.0 0.4
36.572925 -89.488106 0.0 0.4
36.567865 -89.47876699999999 0.0 0.4
36.55884 -89.472861 0.0 0.4
36.54779 -89.468113 0.0 0.4
36.536994 -89.46565 0.0 0.4
36.527041 -89.466646 0.0 0.4
36.51721 -89.47052599999999 0.0 0.4
36.50841 -89.476021 0.0 0.4
36.497491 -89.485427 0.0 0.4
36.497596 -89.498134 0.0 0.4
36.497682 -89.508511 0.0 0.4
36.497769999999996 -89.518757 0.0 0.4
36.497852 -89.529168 0.0 0.4
36.497934 -89.539232 0.0 0.4
36.506112 -89.545193 0.0 0.4
36.514616 -89.553066 0.0 0.4
36.522659999999995 -89.559365 0.0 0.4
36.533006 -89.564621 0.0 0.4
36.54425 -89.569199 0.0 0.4
