33.00799 -92.06893 0.0 0.4
33.007751 -92.044963 0.0 0.4
33.007728 -92.020872 0.0 0.4
33.007818 -92.005867 0.0 0.4
33.007795 -91.99421199999999 0.0 0.4
33.007749 -91.981982 0.0 0.4
33.007698 -91.957425 0.0 0.4
33.007698 -91.942968 0.0 0.4
33.007706999999996 -91.932512 0.0 0.4
33.007697 -91.919045 0.0 0.4
33.007675 -91.909033 0.0 0.4
33.007701 -91.898871 0.0 0.4
33.007677 -91.88513999999999 0.0 0.4
33.007728 -91.87512799999999 0.0 0.4
33.007584 -91.855988 0.0 0.4
33.007565 -91.84548 0.0 0.4
33.007449 -91.81646099999999 0.0 0.4
33.007382 -91.80281699999999 0.0 0.4
33.007309 -91.792407 0.0 0.4
33.007252 -91.780039 0.0 0.4
33.007138 -91.768682 0.0 0.4
33.007197999999995 -91.753979 0.0 0.4
33.007309 -91.741171 0.0 0.4
33.007304 -91.7307 0.0 0.4
33.007298 -91.71651399999999 0.0 0.4
33.007201 -91.69911499999999 0.0 0.4
33.007007 -91.68122799999999 0.0 0.4
33.006972999999995 -91.66002 0.0 0.4
33.006800999999996 -91.637631 0.0 0.4
33.006758 -91.627522 0.0 0.4
33.006679999999996 -91.611021 0.0 0.4
33.006628 -91.601007 0.0 0.4
33.006504 -91.587685 0.0 0.4
33.006738999999996 -91.575598 0.0 0.4
33.006636 -91.563327 0.0 0.4
33.006771 -91.551124 0.0 0.4
33.006763 -91.541034 0.0 0.4
33.006617999999996 -91.529431 0.0 0.4
33.006755999999996 -91.512889 0.0 0.4
33.006606999999995 -91.501398 0.0 0.4
33.006446 -91.488924 0.0 0.4
33.006251 -91.46557399999999 0.0 0.4
33.006205 -91.453661 0.0 0.4
33.0062 -91.442093 0.0 0.4
33.006091 -91.43075499999999 0.0 0.4
33.006023 -91.420317 0.0 0.4
33.005964 -91.401721 0.0 0.4
33.005963 -91.39112999999999 0.0 0.4
33.005887 -91.380466 0.0 0.4
33.005841 -91.36945999999999 0.0 0.4
33.005874999999996 -91.358971 0.0 0.4
33.00578 -91.347805 0.0 0.4
33.005570999999996 -91.33321199999999 0.0 0.4
33.005612 -91.32260099999999 0.0 0.4
33.005466999999996 -91.312035 0.0 0.4
33.005446 -91.299892 0.0 0.4
33.005437 -91.28966199999999 0.0 0.4
33.005122 -91.279262 0.0 0.4
33.005100999999996 -91.26926 0.0 0.4
33.005088 -91.256406 0.0 0.4
33.004875 -91.24624 0.0 0.4
33.004987 -91.23582599999999 0.0 0.4
33.004925 -91.223804 0.0 0.4
33.004793 -91.212756 0.0 0.4
33.004646 -91.200705 0.0 0.4
33.004472 -91.18443099999999 0.0 0.4
33.004365 -91.17407999999999 0.0 0.4
32.996226 -91.16811899999999 0.0 0.4
32.987206 -91.17251999999999 0.0 0.4
32.979932999999996 -91.18065299999999 0.0 0.4
32.973692 -91.189392 0.0 0.4
32.964819999999996 -91.19743299999999 0.0 0.4
32.954982 -91.20119 0.0 0.4
32.945743 -91.205773 0.0 0.4
32.936076 -91.21282 0.0 0.4
32.924203 -91.213306 0.0 0.4
32.915354 -91.208263 0.0 0.4
32.908512 -91.199775 0.0 0.4
32.903774999999996 -91.18893299999999 0.0 0.4
32.900326 -91.17707399999999 0.0 0.4
32.899476 -91.163877 0.0 0.4
32.901249 -91.15383899999999 0.0 0.4
32.906594999999996 -91.144031 0.0 0.4
32.913975 -91.137047 0.0 0.4
32.923122 -91.132115 0.0 0.4
32.934165 -91.132271 0.0 0.4
32.943807 -91.13529899999999 0.0 0.4
32.954121 -91.13778599999999 0.0 0.4
32.962257 -91.130721 0.0 0.4
32.970608999999996 -91.138341 0.0 0.4
32.980108 -91.13509499999999 0.0 0.4
32.984668 -91.125107 0.0 0.4
32.98836 -91.111757 0.0 0.4
32.987136 -91.099361 0.0 0.4
32.981173999999996 -91.090887 0.0 0.4
32.962793999999995 -91.080355 0.0 0.4
32.952596 -91.079067 0.0 0.4
32.941772 -91.078395 0.0 0.4
32.933780999999996 -91.069344 0.0 0.4
32.924113 -91.063974 0.0 0.4
32.913986 -91.06472099999999 0.0 0.4
32.903929999999995 -91.063789 0.0 0.4
32.893952999999996 -91.067358 0.0 0.4
32.882284999999996 -91.07753 0.0 0.4
32.875127 -91.08475399999999 0.0 0.4
32.867337 -91.094386 0.0 0.4
32.860799 -91.10257399999999 0.0 0.4
32.856564 -91.11206399999999 0.0 0.4
32.855165 -91.12232999999999 0.0 0.4
32.852193 -91.13230899999999 0.0 0.4
32.846396 -91.141363 0.0 0.4
32.837806 -91.147018 0.0 0.4
32.828443 -91.151203 0.0 0.4
32.821191 -91.158901 0.0 0.4
32.811431999999996 -91.161549 0.0 0.4
32.801319 -91.161041 0.0 0.4
32.790704999999996 -91.163581 0.0 0.4
32.781095 -91.158583 0.0 0.4
32.769075 -91.16121799999999 0.0 0.4
32.758251 -91.16573 0.0 0.4
32.747045 -91.16342 0.0 0.4
32.742339 -91.154461 0.0 0.4
32.742773 -91.136898 0.0 0.4
32.743195 -91.125107 0.0 0.4
32.740305 -91.114784 0.0 0.4
32.738458 -91.104699 0.0 0.4
32.7361 -91.09057299999999 0.0 0.4
32.732534 -91.077176 0.0 0.4
32.729185 -91.066169 0.0 0.4
32.722259 -91.054481 0.0 0.4
32.712576 -91.057043 0.0 0.4
32.702925 -91.063946 0.0 0.4
32.693751 -91.076061 0.0 0.4
32.688916 -91.087577 0.0 0.4
32.685291 -91.098762 0.0 0.4
32.678837 -91.11032999999999 0.0 0.4
32.670968 -91.12186899999999 0.0 0.4
32.661622 -91.12947299999999 0.0 0.4
32.652825 -91.136032 0.0 0.4
32.647056 -91.14562 0.0 0.4
32.6389 -91.15277499999999 0.0 0.4
32.627963 -91.153689 0.0 0.4
32.615918 -91.15131799999999 0.0 0.4
32.606268 -91.147182 0.0 0.4
32.597209 -91.141148 0.0 0.4
32.589003999999996 -91.131686 0.0 0.4
32.584806 -91.121157 0.0 0.4
32.590016999999996 -91.110235 0.0 0.4
32.593084999999995 -91.100014 0.0 0.4
32.596317 -91.090087 0.0 0.4
32.600676 -91.07950699999999 0.0 0.4
32.60387 -91.066806 0.0 0.4
32.606449999999995 -91.054495 0.0 0.4
32.614354999999996 -91.048276 0.0 0.4
32.622853 -91.04283099999999 0.0 0.4
32.633339 -91.040117 0.0 0.4
32.640187 -91.032528 0.0 0.4
32.645657 -91.02293399999999 0.0 0.4
32.640482 -91.014286 0.0 0.4
32.632557999999996 -91.007778 0.0 0.4
32.622555 -91.002962 0.0 0.4
32.612271 -91.003545 0.0 0.4
32.601926999999996 -91.010228 0.0 0.4
32.595236 -91.018504 0.0 0.4
32.588693 -91.02665499999999 0.0 0.4
32.579555 -91.03617 0.0 0.4
32.573623999999995 -91.049312 0.0 0.4
32.568613 -91.058617 0.0 0.4
32.563052 -91.06935399999999 0.0 0.4
32.556467999999995 -91.080411 0.0 0.4
32.546743 -91.0754 0.0 0.4
32.540168 -91.06694399999999 0.0 0.4
32.533777 -91.057706 0.0 0.4
32.529168999999996 -91.04553899999999 0.0 0.4
32.525017999999996 -91.03164699999999 0.0 0.4
32.521018999999995 -91.018469 0.0 0.4
32.516371 -91.007075 0.0 0.4
32.508611 -90.994867 0.0 0.4
32.498481 -90.987669 0.0 0.4
32.488561 -90.990089 0.0 0.4
32.482675 -90.999158 0.0 0.4
32.48274 -91.00960599999999 0.0 0.4
32.484539999999996 -91.020906 0.0 0.4
32.487539999999996 -91.030506 0.0 0.4
32.49244 -91.04090699999999 0.0 0.4
32.498539 -91.049307 0.0 0.4
32.508621999999995 -91.05775299999999 0.0 0.4
32.51692 -91.063677 0.0 0.4
32.527056 -91.069777 0.0 0.4
32.53669 -91.078578 0.0 0.4
32.54549 -91.089306 0.0 0.4
32.537214 -91.097949 0.0 0.4
32.525599 -91.101304 0.0 0.4
32.514933 -91.106985 0.0 0.4
32.505235 -91.113564 0.0 0.4
32.495039 -91.117308 0.0 0.4
32.48494 -91.11640799999999 0.0 0.4
32.475339999999996 -91.111508 0.0 0.4
32.467641 -91.104608 0.0 0.4
32.459941 -91.09670799999999 0.0 0.4
32.45404 -91.088008 0.0 0.4
32.44914 -91.078907 0.0 0.4
32.44464 -91.068907 0.0 0.4
32.438542 -91.05290699999999 0.0 0.4
32.436141 -91.041507 0.0 0.4
32.433541999999996 -91.030706 0.0 0.4
32.437742 -91.02110599999999 0.0 0.4
32.442341 -91.011906 0.0 0.4
32.446940999999995 -91.002906 0.0 0.4
32.450762 -90.99331199999999 0.0 0.4
32.449076999999996 -90.983423 0.0 0.4
32.443889 -90.974873 0.0 0.4
32.435505 -90.96685699999999 0.0 0.4
32.425007 -90.96597299999999 0.0 0.4
32.414094 -90.97136499999999 0.0 0.4
32.408471999999996 -90.98026899999999 0.0 0.4
32.404708 -90.991526 0.0 0.4
32.392277 -90.994686 0.0 0.4
32.382975 -90.999651 0.0 0.4
32.373343999999996 -91.002906 0.0 0.4
32.363144999999996 -91.003906 0.0 0.4
32.354047 -90.993625 0.0 0.4
32.349913 -90.976995 0.0 0.4
32.347803 -90.965178 0.0 0.4
32.345858 -90.954583 0.0 0.4
32.345956 -90.94298099999999 0.0 0.4
32.344254 -90.93075999999999 0.0 0.4
32.340876 -90.917136 0.0 0.4
32.344325 -90.906965 0.0 0.4
32.355177999999995 -90.897179 0.0 0.4
32.365342999999996 -90.89333099999999 0.0 0.4
32.373818 -90.886243 0.0 0.4
32.373526 -90.875621 0.0 0.4
32.363993 -90.878894 0.0 0.4
32.354738999999995 -90.883578 0.0 0.4
32.346106 -90.889273 0.0 0.4
32.336673999999995 -90.896243 0.0 0.4
32.326847 -90.900716 0.0 0.4
32.315497 -90.90517299999999 0.0 0.4
32.307901 -90.91184899999999 0.0 0.4
32.298639 -90.922231 0.0 0.4
32.290343 -90.93399099999999 0.0 0.4
32.285533 -90.943118 0.0 0.4
32.284042 -90.953009 0.0 0.4
32.292434 -90.96047899999999 0.0 0.4
32.297430999999996 -90.969205 0.0 0.4
32.293701999999996 -90.979475 0.0 0.4
32.282883 -90.983024 0.0 0.4
32.272535999999995 -90.983302 0.0 0.4
32.263061 -90.97757399999999 0.0 0.4
32.255074 -90.97009899999999 0.0 0.4
32.246632 -90.977519 0.0 0.4
32.233939 -90.98275 0.0 0.4
32.223903 -90.982716 0.0 0.4
32.211767 -90.983381 0.0 0.4
32.201563 -90.98951199999999 0.0 0.4
32.193141 -90.99494399999999 0.0 0.4
32.203238999999996 -91.00383699999999 0.0 0.4
32.215061 -91.00461399999999 0.0 0.4
32.22515 -91.007806 0.0 0.4
32.235984 -91.021315 0.0 0.4
32.241548 -91.034302 0.0 0.4
32.241149 -91.04650699999999 0.0 0.4
32.22795 -91.053107 0.0 0.4
32.220107999999996 -91.05990299999999 0.0 0.4
32.22486 -91.069548 0.0 0.4
32.22645 -91.083708 0.0 0.4
32.222170999999996 -91.094431 0.0 0.4
32.208149999999996 -91.108509 0.0 0.4
32.207732 -91.11896399999999 0.0 0.4
32.213089 -91.128284 0.0 0.4
32.210375 -91.14052799999999 0.0 0.4
32.201955999999996 -91.15802599999999 0.0 0.4
32.194584 -91.16533199999999 0.0 0.4
32.182409 -91.16939699999999 0.0 0.4
32.171057999999995 -91.17221099999999 0.0 0.4
32.159832 -91.174348 0.0 0.4
32.1492 -91.17352799999999 0.0 0.4
32.138709 -91.16850000000001 0.0 0.4
32.132537 -91.158934 0.0 0.4
32.131132 -91.14898 0.0 0.4
32.128434999999996 -91.13911399999999 0.0 0.4
32.126039 -91.128703 0.0 0.4
32.125791 -91.11774899999999 0.0 0.4
32.127314999999996 -91.107762 0.0 0.4
32.131845 -91.098761 0.0 0.4
32.13395 -91.08652599999999 0.0 0.4
32.132968999999996 -91.074559 0.0 0.4
32.128746 -91.06468 0.0 0.4
32.125053 -91.055207 0.0 0.4
32.142576999999996 -91.051339 0.0 0.4
32.152752 -91.04900699999999 0.0 0.4
32.163751999999995 -91.055707 0.0 0.4
32.173555 -91.058757 0.0 0.4
32.175450999999995 -91.043707 0.0 0.4
32.169878 -91.034961 0.0 0.4
32.163751999999995 -91.026607 0.0 0.4
32.160852 -91.016606 0.0 0.4
32.161763 -91.006187 0.0 0.4
32.151452 -91.003706 0.0 0.4
32.141551 -91.005606 0.0 0.4
32.132152999999995 -91.011106 0.0 0.4
32.124853 -91.018306 0.0 0.4
32.120976 -91.027884 0.0 0.4
32.110130999999996 -91.030445 0.0 0.4
32.101053 -91.034707 0.0 0.4
32.096046 -91.043554 0.0 0.4
32.09026 -91.05603699999999 0.0 0.4
32.08551 -91.066289 0.0 0.4
32.080464 -91.077181 0.0 0.4
32.068863 -91.080933 0.0 0.4
32.058535 -91.079957 0.0 0.4
32.048355 -91.080208 0.0 0.4
32.048055 -91.09062899999999 0.0 0.4
32.049113 -91.10118299999999 0.0 0.4
32.054535 -91.109713 0.0 0.4
32.069134 -91.122149 0.0 0.4
32.076653 -91.12880899999999 0.0 0.4
32.081254 -91.137709 0.0 0.4
32.080354 -91.14801 0.0 0.4
32.074754 -91.15670999999999 0.0 0.4
32.066153 -91.16190999999999 0.0 0.4
32.056486 -91.159339 0.0 0.4
32.049554 -91.15200999999999 0.0 0.4
32.046054999999996 -91.142409 0.0 0.4
32.044154999999996 -91.13230899999999 0.0 0.4
32.042254 -91.12160899999999 0.0 0.4
32.040554 -91.111509 0.0 0.4
32.038455 -91.101508 0.0 0.4
32.036054 -91.091408 0.0 0.4
32.029556 -91.083208 0.0 0.4
32.019356 -91.08000799999999 0.0 0.4
32.006718 -91.084514 0.0 0.4
31.998776999999997 -91.09178 0.0 0.4
31.992601999999998 -91.09969799999999 0.0 0.4
31.988857 -91.109408 0.0 0.4
31.986856999999997 -91.120109 0.0 0.4
31.985704 -91.13024899999999 0.0 0.4
31.985073999999997 -91.140337 0.0 0.4
31.983856999999997 -91.15041 0.0 0.4
31.983057 -91.16091 0.0 0.4
31.979056999999997 -91.17021 0.0 0.4
31.972557 -91.17810999999999 0.0 0.4
31.964722 -91.18547699999999 0.0 0.4
31.954957999999998 -91.18901 0.0 0.4
31.944557999999997 -91.19021 0.0 0.4
31.93469 -91.192329 0.0 0.4
31.928258 -91.18431 0.0 0.4
31.918858999999998 -91.18061 0.0 0.4
31.914514999999998 -91.190013 0.0 0.4
31.908959 -91.19851 0.0 0.4
31.902258999999997 -91.20711 0.0 0.4
31.892816 -91.21800499999999 0.0 0.4
31.885105 -91.226951 0.0 0.4
31.877606999999998 -91.233903 0.0 0.4
31.870911 -91.246225 0.0 0.4
31.867739999999998 -91.256067 0.0 0.4
31.86486 -91.265812 0.0 0.4
31.855161 -91.268812 0.0 0.4
31.847061 -91.262013 0.0 0.4
31.840289 -91.254464 0.0 0.4
31.83325 -91.245755 0.0 0.4
31.822322999999997 -91.247367 0.0 0.4
31.814162 -91.253811 0.0 0.4
31.809261999999997 -91.262711 0.0 0.4
31.810261999999998 -91.273412 0.0 0.4
31.815261999999997 -91.282612 0.0 0.4
31.824161 -91.287812 0.0 0.4
31.835092 -91.290082 0.0 0.4
31.845461 -91.289312 0.0 0.4
31.854961 -91.292513 0.0 0.4
31.85786 -91.302313 0.0 0.4
31.855960999999997 -91.312713 0.0 0.4
31.855461 -91.322814 0.0 0.4
31.853261 -91.33381399999999 0.0 0.4
31.846860999999997 -91.343014 0.0 0.4
31.837061 -91.347314 0.0 0.4
31.827261 -91.35011399999999 0.0 0.4
31.817438 -91.353219 0.0 0.4
31.807862 -91.356214 0.0 0.4
31.798461999999997 -91.359714 0.0 0.4
31.788062 -91.36171399999999 0.0 0.4
31.776373 -91.36407799999999 0.0 0.4
31.760762999999997 -91.365614 0.0 0.4
31.758063 -91.355814 0.0 0.4
31.758463 -91.345614 0.0 0.4
31.760163 -91.335413 0.0 0.4
31.761663 -91.325513 0.0 0.4
31.764356 -91.315845 0.0 0.4
31.765964 -91.30442 0.0 0.4
31.769420999999998 -91.294665 0.0 0.4
31.772063 -91.284312 0.0 0.4
31.771162999999998 -91.27381199999999 0.0 0.4
31.767962999999998 -91.26421099999999 0.0 0.4
31.758663 -91.26001099999999 0.0 0.4
31.750864 -91.267011 0.0 0.4
31.745217999999998 -91.276125 0.0 0.4
31.745663999999998 -91.28621199999999 0.0 0.4
31.745469 -91.296283 0.0 0.4
31.748464 -91.30591199999999 0.0 0.4
31.749451999999998 -91.316012 0.0 0.4
31.750038999999997 -91.32855099999999 0.0 0.4
31.749997999999998 -91.340694 0.0 0.4
31.749965 -91.351006 0.0 0.4
31.748682 -91.362273 0.0 0.4
31.743782999999997 -91.371494 0.0 0.4
31.734485999999997 -91.379226 0.0 0.4
31.725763999999998 -91.385115 0.0 0.4
31.717664 -91.391915 0.0 0.4
31.709363999999997 -91.397915 0.0 0.4
31.699164 -91.39981499999999 0.0 0.4
31.688964 -91.400115 0.0 0.4
31.678463999999998 -91.39941499999999 0.0 0.4
31.668165 -91.39851499999999 0.0 0.4
31.658064999999997 -91.397615 0.0 0.4
31.647865 -91.396315 0.0 0.4
31.637688999999998 -91.396703 0.0 0.4
31.627364999999998 -91.398315 0.0 0.4
31.619464999999998 -91.404715 0.0 0.4
31.61392 -91.41480299999999 0.0 0.4
31.611265 -91.424616 0.0 0.4
31.612264999999997 -91.434716 0.0 0.4
31.615164999999998 -91.44491699999999 0.0 0.4
31.617827 -91.45472199999999 0.0 0.4
31.620665 -91.464417 0.0 0.4
31.624965 -91.473518 0.0 0.4
31.631065 -91.48221799999999 0.0 0.4
31.640278 -91.489559 0.0 0.4
31.644658 -91.49927799999999 0.0 0.4
31.636788 -91.51012899999999 0.0 0.4
31.628804 -91.516159 0.0 0.4
31.618641999999998 -91.517921 0.0 0.4
31.606885 -91.51301 0.0 0.4
31.599529999999998 -91.506213 0.0 0.4
31.592865 -91.498218 0.0 0.4
31.587865999999998 -91.489218 0.0 0.4
31.585466 -91.479418 0.0 0.4
31.585966 -91.469217 0.0 0.4
31.587543 -91.45764299999999 0.0 0.4
31.590964999999997 -91.447317 0.0 0.4
31.594431 -91.437764 0.0 0.4
31.596856 -91.427514 0.0 0.4
31.596325 -91.41745499999999 0.0 0.4
31.592665 -91.408115 0.0 0.4
31.582966 -91.40451499999999 0.0 0.4
31.571966 -91.406615 0.0 0.4
31.563665999999998 -91.413215 0.0 0.4
31.557278999999998 -91.42255 0.0 0.4
31.551074 -91.430955 0.0 0.4
31.544416 -91.440435 0.0 0.4
31.539731 -91.44986 0.0 0.4
31.536866 -91.459717 0.0 0.4
31.533365999999997 -91.470417 0.0 0.4
31.530365999999997 -91.480418 0.0 0.4
31.534266 -91.490118 0.0 0.4
31.532615999999997 -91.500118 0.0 0.4
31.532626999999998 -91.510592 0.0 0.4
31.527009 -91.518901 0.0 0.4
31.517492999999998 -91.52286199999999 0.0 0.4
31.510749999999998 -91.51538099999999 0.0 0.4
31.500441 -91.51581 0.0 0.4
31.489390999999998 -91.517738 0.0 0.4
31.476281 -91.51801499999999 0.0 0.4
31.460573999999998 -91.516999 0.0 0.4
31.449206 -91.51513 0.0 0.4
31.438927999999997 -91.510356 0.0 0.4
31.427068 -91.503743 0.0 0.4
31.415286 -91.493439 0.0 0.4
31.409055 -91.485446 0.0 0.4
31.400567 -91.478653 0.0 0.4
31.392737999999998 -91.472061 0.0 0.4
31.381076 -91.471809 0.0 0.4
31.371069 -91.47254199999999 0.0 0.4
31.364978999999998 -91.486153 0.0 0.4
31.365159 -91.496625 0.0 0.4
31.366276 -91.50807499999999 0.0 0.4
31.371712 -91.518034 0.0 0.4
31.378904 -91.525386 0.0 0.4
31.390275 -91.532336 0.0 0.4
31.400264999999997 -91.535077 0.0 0.4
31.411282999999997 -91.538676 0.0 0.4
31.421315 -91.53770899999999 0.0 0.4
31.431098 -91.54100000000001 0.0 0.4
31.430691999999997 -91.55274999999999 0.0 0.4
31.423447 -91.565179 0.0 0.4
31.415248 -91.573365 0.0 0.4
31.403858999999997 -91.578246 0.0 0.4
31.390886 -91.573931 0.0 0.4
31.380864 -91.570002 0.0 0.4
31.384559 -91.560524 0.0 0.4
31.384422999999998 -91.55 0.0 0.4
31.369214 -91.55014299999999 0.0 0.4
31.358901999999997 -91.550468 0.0 0.4
31.348761999999997 -91.548887 0.0 0.4
31.34116 -91.541517 0.0 0.4
31.334774999999997 -91.533799 0.0 0.4
31.328315999999997 -91.52602999999999 0.0 0.4
31.322246999999997 -91.517146 0.0 0.4
31.315893 -91.50928599999999 0.0 0.4
31.303396 -91.508496 0.0 0.4
31.291643999999998 -91.50885799999999 0.0 0.4
31.282196 -91.513218 0.0 0.4
31.273422999999998 -91.522397 0.0 0.4
31.268753 -91.533739 0.0 0.4
31.264826999999997 -91.546307 0.0 0.4
31.262176 -91.558684 0.0 0.4
31.261284 -91.569521 0.0 0.4
31.262158 -91.583443 0.0 0.4
31.264270999999997 -91.59643299999999 0.0 0.4
31.265900000000002 -91.60667199999999 0.0 0.4
31.26727 -91.617015 0.0 0.4
31.267878999999997 -91.63351 0.0 0.4
31.263973 -91.646048 0.0 0.4
31.255753 -91.654027 0.0 0.4
31.244843999999997 -91.65285 0.0 0.4
31.234413999999997 -91.644356 0.0 0.4
31.229874 -91.633623 0.0 0.4
31.225008 -91.62380999999999 0.0 0.4
31.217934999999997 -91.61393 0.0 0.4
31.210925999999997 -91.604609 0.0 0.4
31.201969 -91.595029 0.0 0.4
31.192133 -91.589686 0.0 0.4
31.181024999999998 -91.588695 0.0 0.4
31.170759999999998 -91.592857 0.0 0.4
31.159592 -91.59973199999999 0.0 0.4
31.150623 -91.607826 0.0 0.4
31.142716999999998 -91.61572799999999 0.0 0.4
31.133729 -91.624217 0.0 0.4
31.124112 -91.628179 0.0 0.4
31.103520999999997 -91.613208 0.0 0.4
31.097327 -91.603673 0.0 0.4
31.091444 -91.59469299999999 0.0 0.4
31.084189 -91.58590699999999 0.0 0.4
31.078179 -91.577373 0.0 0.4
31.070646999999997 -91.568201 0.0 0.4
31.060906 -91.56128299999999 0.0 0.4
31.049508 -91.56036499999999 0.0 0.4
31.038964999999997 -91.564397 0.0 0.4
31.029781999999997 -91.57169499999999 0.0 0.4
31.022793999999998 -91.58038599999999 0.0 0.4
31.01727 -91.590463 0.0 0.4
31.011215999999997 -91.60649 0.0 0.4
31.007119 -91.619467 0.0 0.4
31.000178 -91.635694 0.0 0.4
30.999166 -91.625027 0.0 0.4
30.999063999999997 -91.612496 0.0 0.4
30.999177999999997 -91.59231899999999 0.0 0.4
30.999246 -91.578936 0.0 0.4
30.999202999999998 -91.568055 0.0 0.4
30.99934 -91.55220899999999 0.0 0.4
30.999388999999997 -91.539689 0.0 0.4
30.999138 -91.52873699999999 0.0 0.4
30.998973999999997 -91.51870199999999 0.0 0.4
30.998808999999998 -91.50757999999999 0.0 0.4
30.999005999999998 -91.49739 0.0 0.4
30.999032 -91.487315 0.0 0.4
30.999071999999998 -91.476573 0.0 0.4
30.999112 -91.460083 0.0 0.4
30.999067 -91.44697 0.0 0.4
30.998980999999997 -91.436225 0.0 0.4
30.999005 -91.42588599999999 0.0 0.4
30.999008 -91.415177 0.0 0.4
30.999025999999997 -91.402755 0.0 0.4
30.998995999999998 -91.389184 0.0 0.4
30.998966999999997 -91.37679399999999 0.0 0.4
30.999081999999998 -91.36614 0.0 0.4
30.999053999999997 -91.356061 0.0 0.4
30.999098999999998 -91.345747 0.0 0.4
30.999188 -91.334156 0.0 0.4
30.999191999999997 -91.322998 0.0 0.4
30.999086 -91.292773 0.0 0.4
30.999121 -91.27989 0.0 0.4
30.999162 -91.26742899999999 0.0 0.4
30.999226999999998 -91.256925 0.0 0.4
30.999475 -91.246513 0.0 0.4
30.999295 -91.23291599999999 0.0 0.4
30.999167999999997 -91.222084 0.0 0.4
30.999087 -91.210861 0.0 0.4
30.999101 -91.200451 0.0 0.4
30.999132 -91.189549 0.0 0.4
30.999183 -91.17613899999999 0.0 0.4
30.999133999999998 -91.16051999999999 0.0 0.4
30.999081 -91.137574 0.0 0.4
30.999132 -91.125106 0.0 0.4
30.998918 -91.112284 0.0 0.4
30.998967999999998 -91.09964699999999 0.0 0.4
30.998903 -91.087278 0.0 0.4
30.999132 -91.076948 0.0 0.4
30.998927 -91.06021899999999 0.0 0.4
30.998936999999998 -91.04898999999999 0.0 0.4
30.99896 -91.023986 0.0 0.4
30.998928 -91.010616 0.0 0.4
30.998983 -91.000103 0.0 0.4
30.999060999999998 -90.98394499999999 0.0 0.4
30.999140999999998 -90.970236 0.0 0.4
30.999219999999998 -90.957202 0.0 0.4
30.999284 -90.94575999999999 0.0 0.4
30.999354 -90.93566899999999 0.0 0.4
30.999461999999998 -90.924677 0.0 0.4
30.999519 -90.911233 0.0 0.4
30.999579999999998 -90.897437 0.0 0.4
30.999636 -90.884473 0.0 0.4
30.999388 -90.87167 0.0 0.4
30.999306999999998 -90.861318 0.0 0.4
30.999301 -90.845293 0.0 0.4
30.999350999999997 -90.835146 0.0 0.4
30.999366 -90.82509 0.0 0.4
30.999439 -90.791495 0.0 0.4
30.999464999999997 -90.780293 0.0 0.4
30.999503999999998 -90.769736 0.0 0.4
30.999582999999998 -90.758775 0.0 0.4
30.99925 -90.741012 0.0 0.4
30.99924 -90.73025 0.0 0.4
30.999322999999997 -90.71822399999999 0.0 0.4
30.999399 -90.70724 0.0 0.4
30.999423999999998 -90.693631 0.0 0.4
30.999464999999997 -90.67281 0.0 0.4
30.999502999999997 -90.653787 0.0 0.4
30.999533 -90.64358999999999 0.0 0.4
30.999464 -90.62577999999999 0.0 0.4
30.999475999999998 -90.611791 0.0 0.4
30.99957 -90.597663 0.0 0.4
30.999608 -90.58759599999999 0.0 0.4
30.99971 -90.575594 0.0 0.4
30.999737999999997 -90.565049 0.0 0.4
30.999733 -90.554858 0.0 0.4
30.999719 -90.544601 0.0 0.4
30.999755999999998 -90.53239699999999 0.0 0.4
30.999857 -90.518684 0.0 0.4
30.999789 -90.508595 0.0 0.4
30.99972 -90.49094099999999 0.0 0.4
30.999809 -90.480931 0.0 0.4
30.999654999999997 -90.470041 0.0 0.4
30.999647999999997 -90.459964 0.0 0.4
30.999613 -90.44893499999999 0.0 0.4
31.000014 -90.438504 0.0 0.4
30.999989999999997 -90.42826699999999 0.0 0.4
30.999996999999997 -90.418106 0.0 0.4
31.000154 -90.407725 0.0 0.4
31.000173 -90.39712399999999 0.0 0.4
31.000134 -90.386804 0.0 0.4
31.000189 -90.37622999999999 0.0 0.4
31.000339999999998 -90.36482 0.0 0.4
31.000351 -90.35479 0.0 0.4
31.000353999999998 -90.344273 0.0 0.4
31.000431 -90.327557 0.0 0.4
31.000479 -90.31427099999999 0.0 0.4
31.000518 -90.304007 0.0 0.4
31.000609999999998 -90.279412 0.0 0.4
31.000636999999998 -90.269305 0.0 0.4
31.000833 -90.250428 0.0 0.4
31.000795999999998 -90.233499 0.0 0.4
31.000705 -90.223317 0.0 0.4
31.000736999999997 -90.211789 0.0 0.4
31.000750999999998 -90.194786 0.0 0.4
31.000816999999998 -90.18329 0.0 0.4
31.00098 -90.164749 0.0 0.4
31.001016999999997 -90.148406 0.0 0.4
31.001075999999998 -90.13816 0.0 0.4
31.001032 -90.125599 0.0 0.4
31.001113999999998 -90.114859 0.0 0.4
31.001112 -90.09747 0.0 0.4
31.001181 -90.0834 0.0 0.4
31.001208 -90.073127 0.0 0.4
31.001306 -90.050924 0.0 0.4
31.001372 -90.039255 0.0 0.4
31.001196999999998 -90.029209 0.0 0.4
31.001314999999998 -90.018996 0.0 0.4
31.001452999999998 -90.008794 0.0 0.4
31.001548999999997 -89.991192 0.0 0.4
31.001549999999998 -89.974999 0.0 0.4
31.001445 -89.961676 0.0 0.4
31.001479 -89.940973 0.0 0.4
31.00145 -89.92844799999999 0.0 0.4
31.001555999999997 -89.918039 0.0 0.4
31.001914 -89.89746 0.0 0.4
31.001738999999997 -89.886923 0.0 0.4
31.001704999999998 -89.876761 0.0 0.4
31.00197 -89.863698 0.0 0.4
31.001870999999998 -89.85322699999999 0.0 0.4
31.001966 -89.84290399999999 0.0 0.4
31.002053999999998 -89.82861299999999 0.0 0.4
31.001965 -89.818587 0.0 0.4
31.001963999999997 -89.79978299999999 0.0 0.4
31.001925 -89.785445 0.0 0.4
31.001869 -89.765654 0.0 0.4
31.001853999999998 -89.75363999999999 0.0 0.4
31.002900999999998 -89.74349699999999 0.0 0.4
31.004538 -89.733569 0.0 0.4
30.994408999999997 -89.732035 0.0 0.4
30.984399 -89.730412 0.0 0.4
30.976080999999997 -89.737149 0.0 0.4
30.971141 -89.728382 0.0 0.4
30.963946 -89.737776 0.0 0.4
30.954825 -89.74431 0.0 0.4
30.949060999999997 -89.752549 0.0 0.4
30.939542999999997 -89.75583499999999 0.0 0.4
30.932143999999997 -89.74908099999999 0.0 0.4
30.922416 -89.745161 0.0 0.4
30.91293 -89.750073 0.0 0.4
30.914886 -89.760431 0.0 0.4
30.904826 -89.758782 0.0 0.4
30.896918999999997 -89.765101 0.0 0.4
30.889239999999997 -89.77246199999999 0.0 0.4
30.879222 -89.77114 0.0 0.4
30.86835 -89.771349 0.0 0.4
30.857315999999997 -89.772217 0.0 0.4
30.856022 -89.783384 0.0 0.4
30.846235 -89.780228 0.0 0.4
30.851381999999997 -89.789509 0.0 0.4
30.840373999999997 -89.788941 0.0 0.4
30.830375 -89.788057 0.0 0.4
30.820902999999998 -89.78452899999999 0.0 0.4
30.817404999999997 -89.79452599999999 0.0 0.4
30.80969 -89.80139899999999 0.0 0.4
30.801104 -89.807041 0.0 0.4
30.791867999999997 -89.803085 0.0 0.4
30.787651999999998 -89.812175 0.0 0.4
30.795389999999998 -89.818567 0.0 0.4
30.784371 -89.819024 0.0 0.4
30.783040999999997 -89.829009 0.0 0.4
30.772264 -89.827542 0.0 0.4
30.762728 -89.830908 0.0 0.4
30.752798 -89.832617 0.0 0.4
30.755336999999997 -89.82294399999999 0.0 0.4
30.745533 -89.825876 0.0 0.4
30.740076 -89.81676399999999 0.0 0.4
30.736745 -89.826498 0.0 0.4
30.734913 -89.836939 0.0 0.4
30.728012 -89.82964299999999 0.0 0.4
30.71773 -89.83022299999999 0.0 0.4
30.720871 -89.839907 0.0 0.4
30.710189 -89.84079799999999 0.0 0.4
30.701051999999997 -89.836643 0.0 0.4
30.690887 -89.835825 0.0 0.4
30.688295 -89.845843 0.0 0.4
30.679043 -89.841309 0.0 0.4
30.670907999999997 -89.847267 0.0 0.4
30.661683999999997 -89.852203 0.0 0.4
30.660923 -89.841842 0.0 0.4
30.656814999999998 -89.832594 0.0 0.4
30.649782 -89.82541599999999 0.0 0.4
30.639871 -89.823448 0.0 0.4
30.637479 -89.81371299999999 0.0 0.4
30.629665 -89.82019 0.0 0.4
30.621259 -89.82624799999999 0.0 0.4
30.611824 -89.822135 0.0 0.4
30.6018 -89.819633 0.0 0.4
30.591967999999998 -89.817329 0.0 0.4
30.587722 -89.808273 0.0 0.4
30.577346 -89.809226 0.0 0.4
30.567414999999997 -89.807052 0.0 0.4
30.569951999999997 -89.797061 0.0 0.4
30.569361999999998 -89.787078 0.0 0.4
30.562469 -89.794364 0.0 0.4
30.559804 -89.80407699999999 0.0 0.4
30.556552 -89.794456 0.0 0.4
30.548133 -89.799949 0.0 0.4
30.544656 -89.78967999999999 0.0 0.4
30.544347 -89.779556 0.0 0.4
30.534661999999997 -89.776626 0.0 0.4
30.525828999999998 -89.771514 0.0 0.4
30.516223 -89.768592 0.0 0.4
30.518576999999997 -89.758865 0.0 0.4
30.509612999999998 -89.754334 0.0 0.4
30.500261 -89.757881 0.0 0.4
30.501586999999997 -89.74792 0.0 0.4
30.495727 -89.739722 0.0 0.4
30.492077 -89.73022399999999 0.0 0.4
30.488083999999997 -89.721 0.0 0.4
30.47879 -89.716278 0.0 0.4
30.472980999999997 -89.707965 0.0 0.4
30.464157 -89.702968 0.0 0.4
30.46107 -89.69341999999999 0.0 0.4
30.454318999999998 -89.685836 0.0 0.4
30.444709 -89.68262399999999 0.0 0.4
30.434673 -89.683982 0.0 0.4
30.425970999999997 -89.678947 0.0 0.4
30.415864 -89.67946599999999 0.0 0.4
30.406710999999998 -89.68401999999999 0.0 0.4
30.398488 -89.677841 0.0 0.4
30.389509 -89.673103 0.0 0.4
30.380346 -89.668014 0.0 0.4
30.37359 -89.660354 0.0 0.4
30.363647 -89.659111 0.0 0.4
30.354706999999998 -89.654067 0.0 0.4
30.349314999999997 -89.645645 0.0 0.4
30.344943999999998 -89.636619 0.0 0.4
30.336896 -89.630607 0.0 0.4
30.326815999999997 -89.632171 0.0 0.4
30.317118999999998 -89.62917999999999 0.0 0.4
30.308304999999997 -89.63416199999999 0.0 0.4
30.29911 -89.64029599999999 0.0 0.4
30.291293999999997 -89.647399 0.0 0.4
30.287212 -89.638 0.0 0.4
30.279768999999998 -89.631294 0.0 0.4
30.268687999999997 -89.632316 0.0 0.4
30.258526999999997 -89.63192699999999 0.0 0.4
30.251023999999997 -89.625282 0.0 0.4
30.246972999999997 -89.615341 0.0 0.4
30.235473 -89.615737 0.0 0.4
30.225071999999997 -89.616531 0.0 0.4
30.21767 -89.608848 0.0 0.4
30.212366 -89.596969 0.0 0.4
30.203857 -89.591186 0.0 0.4
30.194345 -89.586891 0.0 0.4
30.186332 -89.58069599999999 0.0 0.4
30.180721 -89.571907 0.0 0.4
30.182814999999998 -89.561714 0.0 0.4
30.187708999999998 -89.55242899999999 0.0 0.4
30.194298999999997 -89.544837 0.0 0.4
30.195383 -89.534835 0.0 0.4
30.188349 -89.52772499999999 0.0 0.4
30.17624 -89.522323 0.0 0.4
30.164589999999997 -89.516891 0.0 0.4
30.160708999999997 -89.500051 0.0 0.4
30.165733 -89.456818 0.0 0.4
30.169203999999997 -89.445437 0.0 0.4
30.171999 -89.43341699999999 0.0 0.4
30.177003 -89.421578 0.0 0.4
30.177940999999997 -89.401457 0.0 0.4
30.178317999999997 -89.384608 0.0 0.4
30.177940999999997 -89.306135 0.0 0.4
30.178469999999997 -89.288394 0.0 0.4
30.180013 -89.274397 0.0 0.4
30.181998 -89.260977 0.0 0.4
30.185519 -89.25004 0.0 0.4
30.192010999999997 -89.233863 0.0 0.4
30.195784 -89.22446099999999 0.0 0.4
30.209546 -89.19017 0.0 0.4
30.184286 -89.13091 0.0 0.4
30.179091999999997 -89.121127 0.0 0.4
30.172468 -89.10875 0.0 0.4
30.1672 -89.099001 0.0 0.4
30.161087 -89.057491 0.0 0.4
30.153959999999998 -89.000175 0.0 0.4
30.148003 -88.952111 0.0 0.4
30.145481 -88.93319799999999 0.0 0.4
30.143864999999998 -88.92147299999999 0.0 0.4
30.141937 -88.905925 0.0 0.4
30.139844999999998 -88.88902999999999 0.0 0.4
30.135531999999998 -88.854913 0.0 0.4
30.101629 -88.83935699999999 0.0 0.4
30.090708 -88.834347 0.0 0.4
30.083520999999998 -88.82547799999999 0.0 0.4
30.075028999999997 -88.816938 0.0 0.4
30.065478 -88.808521 0.0 0.4
30.047217 -88.796258 0.0 0.4
30.037378999999998 -88.790086 0.0 0.4
30.026684999999997 -88.783666 0.0 0.4
30.014066 -88.778234 0.0 0.4
30.004013999999998 -88.774777 0.0 0.4
29.992369 -88.771024 0.0 0.4
29.982073 -88.76727699999999 0.0 0.4
29.971943999999997 -88.764495 0.0 0.4
29.95478 -88.761851 0.0 0.4
29.944553 -88.760151 0.0 0.4
29.932854 -88.759419 0.0 0.4
29.918270999999997 -88.758388 0.0 0.4
29.905337 -88.758971 0.0 0.4
29.893739999999998 -88.759895 0.0 0.4
29.881576 -88.76132199999999 0.0 0.4
29.866988 -88.762723 0.0 0.4
29.851961 -88.765571 0.0 0.4
29.840771 -88.76725499999999 0.0 0.4
29.830126 -88.770556 0.0 0.4
29.818137 -88.77470699999999 0.0 0.4
29.802373 -88.780791 0.0 0.4
29.790180999999997 -88.785327 0.0 0.4
29.777414 -88.789745 0.0 0.4
29.759667 -88.797293 0.0 0.4
29.750197 -88.801817 0.0 0.4
29.734571 -88.810599 0.0 0.4
29.714992 -88.82343 0.0 0.4
29.695065999999997 -88.838572 0.0 0.4
29.677149 -88.853456 0.0 0.4
29.657099 -88.869937 0.0 0.4
29.648453 -88.878355 0.0 0.4
29.629326 -88.89728799999999 0.0 0.4
29.61178 -88.912657 0.0 0.4
29.601335 -88.92466399999999 0.0 0.4
29.586295 -88.944355 0.0 0.4
29.577104 -88.96020399999999 0.0 0.4
29.548807 -88.986907 0.0 0.4
29.535745 -88.997411 0.0 0.4
29.526919 -89.00723699999999 0.0 0.4
29.519033 -89.01735599999999 0.0 0.4
29.507478 -89.02621099999999 0.0 0.4
29.497459 -89.034227 0.0 0.4
29.489478 -89.04195999999999 0.0 0.4
29.480000999999998 -89.052859 0.0 0.4
29.475002999999997 -89.06178 0.0 0.4
29.470837999999997 -89.072295 0.0 0.4
29.467228 -89.087907 0.0 0.4
29.45986 -89.113271 0.0 0.4
29.453345 -89.12136199999999 0.0 0.4
29.436961999999998 -89.13442599999999 0.0 0.4
29.429465 -89.142073 0.0 0.4
29.387563999999998 -89.138181 0.0 0.4
29.378373999999997 -89.13283299999999 0.0 0.4
29.370939 -89.125045 0.0 0.4
29.361342999999998 -89.118583 0.0 0.4
29.349479 -89.113723 0.0 0.4
29.333963999999998 -89.10165099999999 0.0 0.4
29.318609 -89.085319 0.0 0.4
29.308505999999998 -89.079942 0.0 0.4
29.294297 -89.06942599999999 0.0 0.4
29.274462999999997 -89.022615 0.0 0.4
29.273574999999997 -89.009047 0.0 0.4
29.269430999999997 -88.99395299999999 0.0 0.4
29.263213999999998 -88.98241999999999 0.0 0.4
29.262622 -88.967495 0.0 0.4
29.25611 -88.95053399999999 0.0 0.4
29.248708999999998 -88.932896 0.0 0.4
29.236276 -88.91830999999999 0.0 0.4
29.220291 -88.910169 0.0 0.4
29.210226 -88.908812 0.0 0.4
29.200160999999998 -88.909151 0.0 0.4
29.187431999999998 -88.912882 0.0 0.4
29.174111 -88.916294 0.0 0.4
29.154574 -88.91324499999999 0.0 0.4
29.143621 -88.91460000000001 0.0 0.4
29.133556 -88.91731 0.0 0.4
29.117275 -88.927809 0.0 0.4
29.109873999999998 -88.936954 0.0 0.4
29.103953999999998 -88.94575999999999 0.0 0.4
29.098625 -88.956598 0.0 0.4
29.095073 -88.96743599999999 0.0 0.4
29.094185 -88.977935 0.0 0.4
29.085303999999997 -88.99690199999999 0.0 0.4
29.070026 -89.000045 0.0 0.4
29.057008999999997 -89.000998 0.0 0.4
29.040416999999998 -89.00617199999999 0.0 0.4
29.02768 -89.012688 0.0 0.4
29.015613 -89.02591199999999 0.0 0.4
29.008740999999997 -89.03971 0.0 0.4
28.998811999999997 -89.053322 0.0 0.4
28.961147 -89.088826 0.0 0.4
28.942493 -89.09605499999999 0.0 0.4
28.933007999999997 -89.105091 0.0 0.4
28.926368 -89.11484999999999 0.0 0.4
28.922541 -89.124674 0.0 0.4
28.919096 -89.150994 0.0 0.4
28.922573999999997 -89.169067 0.0 0.4
28.930477999999997 -89.185332 0.0 0.4
28.939964 -89.196536 0.0 0.4
28.952927 -89.20485 0.0 0.4
28.964865999999997 -89.208618 0.0 0.4
28.973471 -89.217567 0.0 0.4
28.98165 -89.229804 0.0 0.4
28.984326 -89.247481 0.0 0.4
28.982393 -89.25903799999999 0.0 0.4
28.977783 -89.27960399999999 0.0 0.4
28.968372 -89.288457 0.0 0.4
28.959366 -89.29968799999999 0.0 0.4
28.948974999999997 -89.310392 0.0 0.4
28.934395 -89.320668 0.0 0.4
28.922933 -89.3319 0.0 0.4
28.909969999999998 -89.344535 0.0 0.4
28.90151 -89.354518 0.0 0.4
28.881950999999997 -89.37504299999999 0.0 0.4
28.871502999999997 -89.384727 0.0 0.4
28.864355 -89.39460299999999 0.0 0.4
28.857682999999998 -89.40988899999999 0.0 0.4
28.855127 -89.425697 0.0 0.4
28.856216 -89.441574 0.0 0.4
28.860609 -89.456527 0.0 0.4
28.866508 -89.467315 0.0 0.4
28.872861 -89.476058 0.0 0.4
28.880972999999997 -89.483497 0.0 0.4
28.897337999999998 -89.491134 0.0 0.4
28.90796 -89.492858 0.0 0.4
28.919406 -89.491844 0.0 0.4
28.933743999999997 -89.485641 0.0 0.4
28.949941 -89.47462399999999 0.0 0.4
28.95968 -89.469856 0.0 0.4
28.972216999999997 -89.466827 0.0 0.4
29.000235999999997 -89.465431 0.0 0.4
29.017756 -89.464162 0.0 0.4
29.048212 -89.463455 0.0 0.4
29.070439999999998 -89.46343499999999 0.0 0.4
29.082819999999998 -89.46342399999999 0.0 0.4
29.096172 -89.467689 0.0 0.4
29.107460999999997 -89.468673 0.0 0.4
29.115897999999998 -89.476233 0.0 0.4
29.125228 -89.48239799999999 0.0 0.4
29.136039 -89.48580899999999 0.0 0.4
29.145453999999997 -89.49414 0.0 0.4
29.153793999999998 -89.50005399999999 0.0 0.4
29.165312999999998 -89.510322 0.0 0.4
29.172186999999997 -89.52046899999999 0.0 0.4
29.176841 -89.53137199999999 0.0 0.4
29.182689999999997 -89.54564099999999 0.0 0.4
29.187382999999997 -89.559015 0.0 0.4
29.191301 -89.57394599999999 0.0 0.4
29.193844 -89.58362799999999 0.0 0.4
29.197877 -89.599159 0.0 0.4
29.198635 -89.610427 0.0 0.4
29.196823 -89.622087 0.0 0.4
29.194616 -89.636467 0.0 0.4
29.189352 -89.670863 0.0 0.4
29.187597999999998 -89.682329 0.0 0.4
29.184654 -89.70176099999999 0.0 0.4
29.182955999999997 -89.713162 0.0 0.4
29.180069999999997 -89.732788 0.0 0.4
29.17758 -89.749759 0.0 0.4
29.172995999999998 -89.781047 0.0 0.4
29.171467999999997 -89.791476 0.0 0.4
29.166933999999998 -89.81981499999999 0.0 0.4
29.161542999999998 -89.855423 0.0 0.4
29.159335 -89.87185099999999 0.0 0.4
29.157757999999998 -89.88214099999999 0.0 0.4
29.155009 -89.899664 0.0 0.4
29.135043999999997 -90.032325 0.0 0.4
29.125170999999998 -90.050056 0.0 0.4
29.110412 -90.068589 0.0 0.4
29.102587 -90.078633 0.0 0.4
29.094648 -90.089092 0.0 0.4
29.084284 -90.103982 0.0 0.4
29.069900999999998 -90.125075 0.0 0.4
29.064542 -90.135532 0.0 0.4
29.059887999999997 -90.14445599999999 0.0 0.4
29.051249 -90.162662 0.0 0.4
29.047261 -90.172805 0.0 0.4
29.04214 -90.188788 0.0 0.4
29.036184 -90.200696 0.0 0.4
29.031532 -90.219206 0.0 0.4
29.031802 -90.23045599999999 0.0 0.4
29.029488999999998 -90.250068 0.0 0.4
29.026740999999998 -90.26049499999999 0.0 0.4
29.02356 -90.27017699999999 0.0 0.4
29.010842999999998 -90.311162 0.0 0.4
29.003178 -90.344319 0.0 0.4
29.003425 -90.368409 0.0 0.4
28.998071999999997 -90.384935 0.0 0.4
28.996288 -90.396129 0.0 0.4
28.995348999999997 -90.40623699999999 0.0 0.4
29.000232999999998 -90.435312 0.0 0.4
29.002588 -90.449472 0.0 0.4
29.006425999999998 -90.469606 0.0 0.4
29.008612 -90.47984699999999 0.0 0.4
29.011805 -90.491817 0.0 0.4
29.03003 -90.536512 0.0 0.4
29.036806 -90.55254699999999 0.0 0.4
29.026393 -90.58988099999999 0.0 0.4
29.016574 -90.62509 0.0 0.4
29.000235 -90.69003699999999 0.0 0.4
28.995756 -90.707191 0.0 0.4
28.99263 -90.720765 0.0 0.4
28.990702 -90.73446299999999 0.0 0.4
28.988595 -90.74685799999999 0.0 0.4
28.987690999999998 -90.75718599999999 0.0 0.4
28.988294 -90.77543399999999 0.0 0.4
28.988142999999997 -90.791271 0.0 0.4
28.986638 -90.80246 0.0 0.4
28.986338 -90.813007 0.0 0.4
28.987633 -90.833077 0.0 0.4
28.98901 -90.84980399999999 0.0 0.4
28.991592999999998 -90.86456199999999 0.0 0.4
28.990904 -90.877156 0.0 0.4
28.991138 -90.906279 0.0 0.4
28.992169999999998 -90.917104 0.0 0.4
28.994318999999997 -90.93210499999999 0.0 0.4
28.997719999999997 -90.941807 0.0 0.4
29.00123 -90.954567 0.0 0.4
29.005027 -90.970287 0.0 0.4
29.009546 -90.98187 0.0 0.4
29.014969999999998 -90.993453 0.0 0.4
29.020936 -91.00214 0.0 0.4
29.032145 -91.013103 0.0 0.4
29.046065 -91.02075599999999 0.0 0.4
29.059262 -91.02323799999999 0.0 0.4
29.075352 -91.02075599999999 0.0 0.4
29.090538 -91.012069 0.0 0.4
29.100481 -91.00089899999999 0.0 0.4
29.106446 -90.989396 0.0 0.4
29.110211 -90.976226 0.0 0.4
29.111064 -90.96037199999999 0.0 0.4
29.118382 -90.969234 0.0 0.4
29.121223999999998 -90.98655099999999 0.0 0.4
29.119944999999998 -90.996551 0.0 0.4
29.120839999999998 -91.011578 0.0 0.4
29.123379 -91.02689199999999 0.0 0.4
29.128538 -91.047794 0.0 0.4
29.130822 -91.05945899999999 0.0 0.4
29.131525 -91.07233 0.0 0.4
29.135039 -91.08661 0.0 0.4
29.138377 -91.103303 0.0 0.4
29.14277 -91.118387 0.0 0.4
29.151555 -91.133471 0.0 0.4
29.162975 -91.14594 0.0 0.4
29.168422 -91.15981699999999 0.0 0.4
29.170171 -91.17013999999999 0.0 0.4
29.169842 -91.187861 0.0 0.4
29.171159 -91.20784499999999 0.0 0.4
29.17478 -91.22255 0.0 0.4
29.177743 -91.23725499999999 0.0 0.4
29.183667999999997 -91.256861 0.0 0.4
29.189593 -91.27458299999999 0.0 0.4
29.196177 -91.292681 0.0 0.4
29.202430999999997 -91.30814 0.0 0.4
29.208357 -91.318698 0.0 0.4
29.215927999999998 -91.32737 0.0 0.4
29.222512 -91.33491099999999 0.0 0.4
29.239606 -91.354272 0.0 0.4
29.247822 -91.360258 0.0 0.4
29.258298999999997 -91.37172199999999 0.0 0.4
29.269728999999998 -91.38346 0.0 0.4
29.281872999999997 -91.391649 0.0 0.4
29.288065 -91.405024 0.0 0.4
29.297828 -91.416761 0.0 0.4
29.319325 -91.46412 0.0 0.4
29.325136999999998 -91.47926299999999 0.0 0.4
29.333377 -91.500114 0.0 0.4
29.344455 -91.52973999999999 0.0 0.4
29.342885 -91.544703 0.0 0.4
29.345398 -91.56074799999999 0.0 0.4
29.351224 -91.574647 0.0 0.4
29.356968 -91.582911 0.0 0.4
29.360305999999998 -91.594256 0.0 0.4
29.359983 -91.60645699999999 0.0 0.4
29.362023999999998 -91.61927299999999 0.0 0.4
29.366211999999997 -91.630488 0.0 0.4
29.372439999999997 -91.64034699999999 0.0 0.4
29.374588 -91.652424 0.0 0.4
29.374588 -91.66252899999999 0.0 0.4
29.366318999999997 -91.674853 0.0 0.4
29.36256 -91.685205 0.0 0.4
29.360089 -91.69999299999999 0.0 0.4
29.360626 -91.712193 0.0 0.4
29.363418 -91.72340799999999 0.0 0.4
29.369646999999997 -91.736718 0.0 0.4
29.376842 -91.745468 0.0 0.4
29.385754 -91.762919 0.0 0.4
29.392594 -91.773487 0.0 0.4
29.389104 -91.784376 0.0 0.4
29.382544 -91.793183 0.0 0.4
29.377798 -91.804391 0.0 0.4
29.370302 -91.816007 0.0 0.4
29.362561999999997 -91.832768 0.0 0.4
29.359066 -91.849386 0.0 0.4
29.358942 -91.859843 0.0 0.4
29.361991999999997 -91.87503199999999 0.0 0.4
29.368952999999998 -91.88969 0.0 0.4
29.375218999999998 -91.897652 0.0 0.4
29.387404 -91.906348 0.0 0.4
29.405685 -91.913011 0.0 0.4
29.420206999999998 -91.913207 0.0 0.4
29.426527999999998 -91.928102 0.0 0.4
29.430272 -91.938296 0.0 0.4
29.433311999999997 -91.95173799999999 0.0 0.4
29.439391999999998 -91.96483099999999 0.0 0.4
29.449120999999998 -91.97617799999999 0.0 0.4
29.460713 -91.98386699999999 0.0 0.4
29.461681 -91.99965499999999 0.0 0.4
29.466884999999998 -92.016353 0.0 0.4
29.475960999999998 -92.02985 0.0 0.4
29.486973 -92.03881799999999 0.0 0.4
29.499325 -92.044378 0.0 0.4
29.509691 -92.05186499999999 0.0 0.4
29.517421 -92.06294199999999 0.0 0.4
29.526920999999998 -92.07427299999999 0.0 0.4
29.531305999999997 -92.092109 0.0 0.4
29.533316 -92.107427 0.0 0.4
29.534778 -92.121906 0.0 0.4
29.533863999999998 -92.13344699999999 0.0 0.4
29.532037 -92.146666 0.0 0.4
29.527835 -92.156886 0.0 0.4
29.523815 -92.169686 0.0 0.4
29.518334 -92.183325 0.0 0.4
29.513218 -92.19192799999999 0.0 0.4
29.504448 -92.20829599999999 0.0 0.4
29.494712999999997 -92.223462 0.0 0.4
29.487157 -92.250137 0.0 0.4
29.484149 -92.263982 0.0 0.4
29.482892 -92.274092 0.0 0.4
29.481496 -92.29366999999999 0.0 0.4
29.482333999999998 -92.308433 0.0 0.4
29.484866 -92.33058199999999 0.0 0.4
29.488716 -92.353661 0.0 0.4
29.494919 -92.381405 0.0 0.4
29.498701999999998 -92.396912 0.0 0.4
29.501889 -92.426491 0.0 0.4
29.504921999999997 -92.44272699999999 0.0 0.4
29.506914 -92.45330899999999 0.0 0.4
29.511508 -92.49444799999999 0.0 0.4
29.515621 -92.53497899999999 0.0 0.4
29.517487 -92.550285 0.0 0.4
29.520944 -92.57670499999999 0.0 0.4
29.523190999999997 -92.593193 0.0 0.4
29.525439 -92.605311 0.0 0.4
29.527129 -92.617306 0.0 0.4
29.529718 -92.632538 0.0 0.4
29.533015 -92.645282 0.0 0.4
29.537875 -92.66578899999999 0.0 0.4
29.544119 -92.686695 0.0 0.4
29.549668999999998 -92.705013 0.0 0.4
29.553475 -92.714558 0.0 0.4
29.558487999999997 -92.72846299999999 0.0 0.4
29.561771999999998 -92.739786 0.0 0.4
29.564883 -92.750712 0.0 0.4
29.570933 -92.767597 0.0 0.4
29.577423999999997 -92.783436 0.0 0.4
29.586385999999997 -92.80675699999999 0.0 0.4
29.591261 -92.81724299999999 0.0 0.4
29.597707999999997 -92.832791 0.0 0.4
29.605097999999998 -92.849604 0.0 0.4
29.612645999999998 -92.867864 0.0 0.4
29.623495 -92.894672 0.0 0.4
29.62774 -92.904449 0.0 0.4
29.632928999999997 -92.91658 0.0 0.4
29.641105999999997 -92.93432399999999 0.0 0.4
29.645592999999998 -92.94419599999999 0.0 0.4
29.654541 -92.964517 0.0 0.4
29.659582 -92.977 0.0 0.4
29.664496999999997 -92.98991799999999 0.0 0.4
29.668277999999997 -93.000513 0.0 0.4
29.672109 -93.01221199999999 0.0 0.4
29.677854999999997 -93.029108 0.0 0.4
29.681762 -93.043623 0.0 0.4
29.686802999999998 -93.06394399999999 0.0 0.4
29.689545 -93.074308 0.0 0.4
29.697301 -93.09641099999999 0.0 0.4
29.706208999999998 -93.12514999999999 0.0 0.4
29.707489 -93.13647399999999 0.0 0.4
29.709918 -93.147899 0.0 0.4
29.713592 -93.160917 0.0 0.4
29.720799 -93.188092 0.0 0.4
29.723201 -93.20176099999999 0.0 0.4
29.72506 -93.21504399999999 0.0 0.4
29.726682999999998 -93.22863 0.0 0.4
29.727297999999998 -93.240815 0.0 0.4
29.727722 -93.258389 0.0 0.4
29.727439 -93.268478 0.0 0.4
29.726025999999997 -93.279218 0.0 0.4
29.720515 -93.28947 0.0 0.4
29.710341 -93.29825699999999 0.0 0.4
29.702004 -93.31078699999999 0.0 0.4
29.697764 -93.32177 0.0 0.4
29.695085 -93.339294 0.0 0.4
29.695406 -93.34944399999999 0.0 0.4
29.697812 -93.36070099999999 0.0 0.4
29.704067 -93.375096 0.0 0.4
29.711123999999998 -93.38432399999999 0.0 0.4
29.715134 -93.398738 0.0 0.4
29.71701 -93.415916 0.0 0.4
29.718529999999998 -93.43275799999999 0.0 0.4
29.717810999999998 -93.487754 0.0 0.4
29.715118 -93.514594 0.0 0.4
29.711976 -93.544015 0.0 0.4
29.707936999999998 -93.568274 0.0 0.4
29.705693 -93.58788799999999 0.0 0.4
29.702102999999997 -93.62453599999999 0.0 0.4
29.700269 -93.644792 0.0 0.4
29.697788 -93.66618799999999 0.0 0.4
29.694812 -93.686728 0.0 0.4
29.690347 -93.711547 0.0 0.4
29.687866999999997 -93.722673 0.0 0.4
29.67973 -93.750001 0.0 0.4
29.675459 -93.76119 0.0 0.4
29.670824999999997 -93.770147 0.0 0.4
29.652842999999997 -93.76609499999999 0.0 0.4
29.634304999999998 -93.766521 0.0 0.4
29.623924 -93.77036 0.0 0.4
29.611689 -93.77931699999999 0.0 0.4
29.601864 -93.79253899999999 0.0 0.4
29.596859 -93.806615 0.0 0.4
29.610788 -93.817548 0.0 0.4
29.624999 -93.820745 0.0 0.4
29.657574999999998 -93.828306 0.0 0.4
29.668878 -93.83138 0.0 0.4
29.679261 -93.83379599999999 0.0 0.4
29.688957 -93.836964 0.0 0.4
29.699644 -93.84450000000001 0.0 0.4
29.709851999999998 -93.85229199999999 0.0 0.4
29.718619 -93.85898 0.0 0.4
29.727355 -93.8653 0.0 0.4
29.736922 -93.87190799999999 0.0 0.4
29.740136999999997 -93.881709 0.0 0.4
29.743945999999998 -93.891013 0.0 0.4
29.754648999999997 -93.893429 0.0 0.4
29.765241 -93.892246 0.0 0.4
29.773056 -93.90115999999999 0.0 0.4
29.780984 -93.915447 0.0 0.4
29.789559999999998 -93.926504 0.0 0.4
29.802951999999998 -93.929208 0.0 0.4
29.814743999999997 -93.92572 0.0 0.4
29.824968 -93.91636 0.0 0.4
29.835 -93.903576 0.0 0.4
29.843159 -93.89067899999999 0.0 0.4
29.848215 -93.880999 0.0 0.4
29.852518999999997 -93.871078 0.0 0.4
29.858368 -93.862088 0.0 0.4
29.865053 -93.854412 0.0 0.4
29.872443999999998 -93.847329 0.0 0.4
29.880004999999997 -93.84064599999999 0.0 0.4
29.889878 -93.833446 0.0 0.4
29.898885999999997 -93.827878 0.0 0.4
29.908911999999997 -93.822204 0.0 0.4
29.918422 -93.817286 0.0 0.4
29.931732999999998 -93.814325 0.0 0.4
29.943396999999997 -93.811431 0.0 0.4
29.954549 -93.80781499999999 0.0 0.4
29.963684999999998 -93.802567 0.0 0.4
29.972037 -93.796151 0.0 0.4
29.981844 -93.791527 0.0 0.4
29.991956 -93.785191 0.0 0.4
29.995524 -93.775111 0.0 0.4
30.00338 -93.76723899999999 0.0 0.4
30.010835999999998 -93.760182 0.0 0.4
30.016595 -93.75146199999999 0.0 0.4
30.020771 -93.74207 0.0 0.4
30.031411 -93.739334 0.0 0.4
30.040803 -93.73448599999999 0.0 0.4
30.048105 -93.72546799999999 0.0 0.4
30.056721999999997 -93.71962099999999 0.0 0.4
30.066578999999997 -93.71546099999999 0.0 0.4
30.056089 -93.711871 0.0 0.4
30.055509999999998 -93.70177699999999 0.0 0.4
30.066260999999997 -93.703105 0.0 0.4
30.068429 -93.71296099999999 0.0 0.4
30.07376 -93.72143899999999 0.0 0.4
30.081172 -93.73024099999999 0.0 0.4
30.088721999999997 -93.723141 0.0 0.4
30.097745 -93.718565 0.0 0.4
30.10633 -93.713312 0.0 0.4
30.110657 -93.70425999999999 0.0 0.4
30.120016 -93.707954 0.0 0.4
30.127896999999997 -93.701611 0.0 0.4
30.138143999999997 -93.700744 0.0 0.4
30.137824 -93.690677 0.0 0.4
30.146939 -93.694982 0.0 0.4
30.148432 -93.70500799999999 0.0 0.4
30.158365999999997 -93.706498 0.0 0.4
30.167824 -93.702658 0.0 0.4
30.177121999999997 -93.70655699999999 0.0 0.4
30.186815 -93.709233 0.0 0.4
30.19707 -93.708778 0.0 0.4
30.205546 -93.71476899999999 0.0 0.4
30.214515 -93.719414 0.0 0.4
30.221380999999997 -93.71206099999999 0.0 0.4
30.231593 -93.711433 0.0 0.4
30.238011 -93.703683 0.0 0.4
30.247649 -93.707746 0.0 0.4
30.257866999999997 -93.704905 0.0 0.4
30.267934 -93.705732 0.0 0.4
30.278914 -93.704313 0.0 0.4
30.289721 -93.704578 0.0 0.4
30.294576 -93.714331 0.0 0.4
30.295386999999998 -93.724552 0.0 0.4
30.298813 -93.734228 0.0 0.4
30.303016 -93.743309 0.0 0.4
30.311808 -93.748423 0.0 0.4
30.321752999999998 -93.750711 0.0 0.4
30.331184 -93.755426 0.0 0.4
30.332428999999998 -93.765633 0.0 0.4
30.342447999999997 -93.76529699999999 0.0 0.4
30.349524 -93.758117 0.0 0.4
30.359168 -93.761022 0.0 0.4
30.359899 -93.750979 0.0 0.4
30.366391999999998 -93.758663 0.0 0.4
30.378847999999998 -93.755226 0.0 0.4
30.388748 -93.75847399999999 0.0 0.4
30.396279 -93.751413 0.0 0.4
30.400515 -93.742037 0.0 0.4
30.408338999999998 -93.734892 0.0 0.4
30.416525999999998 -93.72755099999999 0.0 0.4
30.427671999999998 -93.72715199999999 0.0 0.4
30.422579 -93.718051 0.0 0.4
30.432163 -93.713369 0.0 0.4
30.429471 -93.703396 0.0 0.4
30.438879999999997 -93.698135 0.0 0.4
30.443994 -93.70694499999999 0.0 0.4
30.455340999999997 -93.706936 0.0 0.4
30.465272 -93.705286 0.0 0.4
30.47394 -93.710303 0.0 0.4
30.481761 -93.716674 0.0 0.4
30.491592999999998 -93.71465599999999 0.0 0.4
30.499999 -93.708474 0.0 0.4
30.509909999999998 -93.706507 0.0 0.4
30.519970999999998 -93.707692 0.0 0.4
30.520042999999998 -93.717868 0.0 0.4
30.525211 -93.72668 0.0 0.4
30.532977 -93.73342 0.0 0.4
30.543456 -93.731747 0.0 0.4
30.553449999999998 -93.73097899999999 0.0 0.4
30.561828 -93.724256 0.0 0.4
30.571362999999998 -93.72751699999999 0.0 0.4
30.580323999999997 -93.721936 0.0 0.4
30.587584 -93.713782 0.0 0.4
30.588773 -93.70329699999999 0.0 0.4
30.594216999999997 -93.69397599999999 0.0 0.4
30.585658 -93.68811 0.0 0.4
30.59347 -93.680368 0.0 0.4
30.603609 -93.682232 0.0 0.4
30.611406 -93.689134 0.0 0.4
30.618584 -93.681983 0.0 0.4
30.628600000000002 -93.683887 0.0 0.4
30.639346 -93.682868 0.0 0.4
30.646656 -93.67580199999999 0.0 0.4
30.656149 -93.670569 0.0 0.4
30.661462 -93.662078 0.0 0.4
30.66976 -93.65525099999999 0.0 0.4
30.673105999999997 -93.645634 0.0 0.4
30.676319999999997 -93.636054 0.0 0.4
30.683730999999998 -93.627709 0.0 0.4
30.692527 -93.622231 0.0 0.4
30.702762 -93.621809 0.0 0.4
30.712387999999997 -93.61643699999999 0.0 0.4
30.716043 -93.607089 0.0 0.4
30.725742999999998 -93.609585 0.0 0.4
30.735604 -93.61192 0.0 0.4
30.745507 -93.608998 0.0 0.4
30.754942 -93.61380899999999 0.0 0.4
30.761958999999997 -93.606545 0.0 0.4
30.763029 -93.595142 0.0 0.4
30.772914 -93.593333 0.0 0.4
30.777047999999997 -93.58386999999999 0.0 0.4
30.786147 -93.589107 0.0 0.4
30.794283999999998 -93.58318799999999 0.0 0.4
30.801534 -93.576287 0.0 0.4
30.804529 -93.56580699999999 0.0 0.4
30.816125999999997 -93.56451 0.0 0.4
30.822098999999998 -93.556287 0.0 0.4
30.831785 -93.553744 0.0 0.4
30.840988 -93.559854 0.0 0.4
30.851684 -93.557823 0.0 0.4
30.861379 -93.561545 0.0 0.4
30.871734999999997 -93.563555 0.0 0.4
30.877962999999998 -93.5717 0.0 0.4
30.888562 -93.572057 0.0 0.4
30.895616999999998 -93.562872 0.0 0.4
30.896704 -93.552475 0.0 0.4
30.907152999999997 -93.552916 0.0 0.4
30.917229 -93.553141 0.0 0.4
30.926600999999998 -93.546838 0.0 0.4
30.923308 -93.53669099999999 0.0 0.4
30.928034999999998 -93.52747099999999 0.0 0.4
30.939009 -93.526395 0.0 0.4
30.947588 -93.53192 0.0 0.4
30.958216999999998 -93.531758 0.0 0.4
30.956694 -93.54266799999999 0.0 0.4
30.965405999999998 -93.547921 0.0 0.4
30.970861 -93.558861 0.0 0.4
30.969535999999998 -93.569772 0.0 0.4
30.979402999999998 -93.566858 0.0 0.4
30.989600999999997 -93.564289 0.0 0.4
30.993254 -93.57391799999999 0.0 0.4
31.003344 -93.573814 0.0 0.4
31.012672 -93.567548 0.0 0.4
31.003743999999998 -93.555927 0.0 0.4
31.010372999999998 -93.547626 0.0 0.4
31.012202 -93.537458 0.0 0.4
31.020242999999997 -93.531482 0.0 0.4
31.021596 -93.520403 0.0 0.4
31.028354 -93.510153 0.0 0.4
31.035586 -93.517288 0.0 0.4
31.045298 -93.520215 0.0 0.4
31.050836999999998 -93.529911 0.0 0.4
31.057274999999997 -93.52114499999999 0.0 0.4
31.066550999999997 -93.525131 0.0 0.4
31.074551999999997 -93.53262699999999 0.0 0.4
31.078336 -93.54245399999999 0.0 0.4
31.082489 -93.552467 0.0 0.4
31.091503999999997 -93.55858099999999 0.0 0.4
31.099411999999997 -93.55147699999999 0.0 0.4
31.108902999999998 -93.54695 0.0 0.4
31.122795999999997 -93.538281 0.0 0.4
31.132355999999998 -93.542113 0.0 0.4
31.141676 -93.545782 0.0 0.4
31.153674 -93.548645 0.0 0.4
31.157109 -93.53851499999999 0.0 0.4
31.167054999999998 -93.541079 0.0 0.4
31.174265 -93.53280699999999 0.0 0.4
31.184462999999997 -93.533307 0.0 0.4
31.183477999999997 -93.544365 0.0 0.4
31.184822999999998 -93.554592 0.0 0.4
31.180311999999997 -93.56401799999999 0.0 0.4
31.174547999999998 -93.572841 0.0 0.4
31.167206999999998 -93.580488 0.0 0.4
31.169534 -93.5931 0.0 0.4
31.176918999999998 -93.600652 0.0 0.4
31.187026 -93.60166 0.0 0.4
31.198681999999998 -93.60180299999999 0.0 0.4
31.208299 -93.60481999999999 0.0 0.4
31.219686999999997 -93.595981 0.0 0.4
31.230059999999998 -93.596514 0.0 0.4
31.227922 -93.607035 0.0 0.4
31.232013 -93.61622 0.0 0.4
31.243472999999998 -93.616436 0.0 0.4
31.253528 -93.614655 0.0 0.4
31.263371 -93.617999 0.0 0.4
31.27088 -93.625177 0.0 0.4
31.269979 -93.635168 0.0 0.4
31.276612 -93.644235 0.0 0.4
31.284519999999997 -93.65095699999999 0.0 0.4
31.285231 -93.66110499999999 0.0 0.4
31.294382 -93.667054 0.0 0.4
31.300862 -93.674915 0.0 0.4
31.30399 -93.68621999999999 0.0 0.4
31.314287999999998 -93.684344 0.0 0.4
31.321351 -93.67626299999999 0.0 0.4
31.331453999999997 -93.676535 0.0 0.4
31.338828999999997 -93.669024 0.0 0.4
31.350569999999998 -93.669547 0.0 0.4
31.35562 -93.657834 0.0 0.4
31.35804 -93.64792 0.0 0.4
31.366697 -93.642438 0.0 0.4
31.368361999999998 -93.65418199999999 0.0 0.4
31.365671 -93.665358 0.0 0.4
31.375182 -93.669343 0.0 0.4
31.387183999999998 -93.670182 0.0 0.4
31.396715999999998 -93.673594 0.0 0.4
31.399666999999997 -93.68336 0.0 0.4
31.407387999999997 -93.69217499999999 0.0 0.4
31.409519 -93.70199699999999 0.0 0.4
31.420371 -93.702953 0.0 0.4
31.42957 -93.69774199999999 0.0 0.4
31.438201 -93.692526 0.0 0.4
31.441283 -93.70544 0.0 0.4
31.452354999999997 -93.70454 0.0 0.4
31.455783999999998 -93.71462299999999 0.0 0.4
31.454359 -93.724942 0.0 0.4
31.459782999999998 -93.73430499999999 0.0 0.4
31.466189999999997 -93.74271999999999 0.0 0.4
31.474808 -93.748474 0.0 0.4
31.485117 -93.748492 0.0 0.4
31.484348999999998 -93.73834 0.0 0.4
31.488663 -93.728614 0.0 0.4
31.497600000000002 -93.723908 0.0 0.4
31.506921 -93.719567 0.0 0.4
31.512161 -93.711046 0.0 0.4
31.513848 -93.72135999999999 0.0 0.4
31.513768 -93.73165499999999 0.0 0.4
31.515365 -93.741615 0.0 0.4
31.525623999999997 -93.742558 0.0 0.4
31.528284 -93.75341399999999 0.0 0.4
31.523999 -93.763277 0.0 0.4
31.524832999999997 -93.773624 0.0 0.4
31.525934 -93.784825 0.0 0.4
31.532256999999998 -93.79382 0.0 0.4
31.538691999999998 -93.802799 0.0 0.4
31.547217999999997 -93.808965 0.0 0.4
31.554826 -93.81858199999999 0.0 0.4
31.564535999999997 -93.822267 0.0 0.4
31.57498 -93.823399 0.0 0.4
31.582447 -93.83242899999999 0.0 0.4
31.594708999999998 -93.838263 0.0 0.4
31.604967 -93.83865999999999 0.0 0.4
31.613913 -93.830094 0.0 0.4
31.614120999999997 -93.819582 0.0 0.4
31.621046999999997 -93.826852 0.0 0.4
31.622401 -93.816892 0.0 0.4
31.632583999999998 -93.81606 0.0 0.4
31.642853 -93.81748999999999 0.0 0.4
31.653404 -93.819931 0.0 0.4
31.662112999999998 -93.826139 0.0 0.4
31.672397 -93.823443 0.0 0.4
31.669193 -93.81386599999999 0.0 0.4
31.678845 -93.811239 0.0 0.4
31.686957 -93.805144 0.0 0.4
31.695594 -93.79856799999999 0.0 0.4
31.704974999999997 -93.79507 0.0 0.4
31.702813 -93.807047 0.0 0.4
31.707497 -93.81629099999999 0.0 0.4
31.718816999999998 -93.81339299999999 0.0 0.4
31.728737 -93.814955 0.0 0.4
31.734237999999998 -93.824373 0.0 0.4
31.7436 -93.830413 0.0 0.4
31.752174 -93.835599 0.0 0.4
31.760619 -93.829821 0.0 0.4
31.770449 -93.824568 0.0 0.4
31.777241999999998 -93.832387 0.0 0.4
31.787076 -93.83731 0.0 0.4
31.797414 -93.837981 0.0 0.4
31.79978 -93.849848 0.0 0.4
31.808055 -93.856892 0.0 0.4
31.814200999999997 -93.865128 0.0 0.4
31.820819 -93.872726 0.0 0.4
31.830603999999997 -93.87564499999999 0.0 0.4
31.840611 -93.874822 0.0 0.4
31.847042 -93.883245 0.0 0.4
31.855241999999997 -93.88897 0.0 0.4
31.863639 -93.882983 0.0 0.4
31.869767 -93.890936 0.0 0.4
31.873867999999998 -93.900624 0.0 0.4
31.883983999999998 -93.898733 0.0 0.4
31.894098999999997 -93.89846399999999 0.0 0.4
31.892245 -93.90904499999999 0.0 0.4
31.890898 -93.919051 0.0 0.4
31.892749 -93.92903199999999 0.0 0.4
31.902475 -93.925157 0.0 0.4
31.912157999999998 -93.92826699999999 0.0 0.4
31.909308999999997 -93.938035 0.0 0.4
31.910750999999998 -93.94917799999999 0.0 0.4
31.917748 -93.95642 0.0 0.4
31.923182999999998 -93.96488099999999 0.0 0.4
31.923659999999998 -93.975377 0.0 0.4
31.93329 -93.97970699999999 0.0 0.4
31.941724999999998 -93.98510999999999 0.0 0.4
31.949987999999998 -93.991053 0.0 0.4
31.957907 -93.997976 0.0 0.4
31.967253999999997 -94.003795 0.0 0.4
31.976482999999998 -94.01025399999999 0.0 0.4
31.98437 -94.01683799999999 0.0 0.4
31.992472999999997 -94.025559 0.0 0.4
31.993603 -94.035619 0.0 0.4
32.001292 -94.04268599999999 0.0 0.4
32.01278 -94.042715 0.0 0.4
32.022948 -94.042761 0.0 0.4
32.033415 -94.042743 0.0 0.4
32.043617999999995 -94.04267 0.0 0.4
32.054169 -94.04270299999999 0.0 0.4
32.064859 -94.042762 0.0 0.4
32.077644 -94.042717 0.0 0.4
32.091505999999995 -94.042648 0.0 0.4
32.103394 -94.0425 0.0 0.4
32.115707 -94.042408 0.0 0.4
32.128546 -94.04276 0.0 0.4
32.139483999999996 -94.042678 0.0 0.4
32.150362 -94.04276 0.0 0.4
32.16039 -94.04266899999999 0.0 0.4
32.177351 -94.042566 0.0 0.4
32.188426 -94.042576 0.0 0.4
32.205503 -94.042627 0.0 0.4
32.218145 -94.04266199999999 0.0 0.4
32.238769 -94.042749 0.0 0.4
32.25016 -94.042833 0.0 0.4
32.263022 -94.042649 0.0 0.4
32.277395999999996 -94.042868 0.0 0.4
32.28911 -94.042718 0.0 0.4
32.299531 -94.042873 0.0 0.4
32.309675 -94.042842 0.0 0.4
32.319849999999995 -94.042872 0.0 0.4
32.332958 -94.042869 0.0 0.4
32.343992 -94.04285999999999 0.0 0.4
32.354234999999996 -94.042856 0.0 0.4
32.365035 -94.042923 0.0 0.4
32.375150999999995 -94.04291599999999 0.0 0.4
32.385469 -94.04290499999999 0.0 0.4
32.399918 -94.042923 0.0 0.4
32.418394 -94.042963 0.0 0.4
32.430529 -94.04297 0.0 0.4
32.441888999999996 -94.04290999999999 0.0 0.4
32.452028999999996 -94.04288299999999 0.0 0.4
32.462261999999996 -94.042875 0.0 0.4
32.472662 -94.042897 0.0 0.4
32.484083 -94.043082 0.0 0.4
32.496691 -94.042941 0.0 0.4
32.5068 -94.04307299999999 0.0 0.4
32.517939999999996 -94.043213 0.0 0.4
32.531068 -94.04328199999999 0.0 0.4
32.542192 -94.043159 0.0 0.4
32.553896 -94.043026 0.0 0.4
32.564254 -94.043043 0.0 0.4
32.574534 -94.042817 0.0 0.4
32.58862 -94.04310000000001 0.0 0.4
32.602089 -94.042872 0.0 0.4
32.612212 -94.04314699999999 0.0 0.4
32.623329999999996 -94.04303999999999 0.0 0.4
32.634127 -94.04309699999999 0.0 0.4
32.6443 -94.043105 0.0 0.4
32.654562999999996 -94.043036 0.0 0.4
32.669365 -94.042991 0.0 0.4
32.682891999999995 -94.04303999999999 0.0 0.4
32.69303 -94.04314699999999 0.0 0.4
32.708404 -94.043093 0.0 0.4
32.723421 -94.043092 0.0 0.4
32.734809999999996 -94.04309099999999 0.0 0.4
32.75108 -94.043161 0.0 0.4
32.76121 -94.043193 0.0 0.4
32.771993 -94.043121 0.0 0.4
32.784832 -94.04298399999999 0.0 0.4
32.796959 -94.04318699999999 0.0 0.4
32.80743 -94.042993 0.0 0.4
32.819002999999995 -94.04310000000001 0.0 0.4
32.829647 -94.043092 0.0 0.4
32.842636 -94.043048 0.0 0.4
32.861151 -94.042964 0.0 0.4
32.872363 -94.04304599999999 0.0 0.4
32.884445 -94.04306 0.0 0.4
32.895224 -94.043099 0.0 0.4
32.906549999999996 -94.043042 0.0 0.4
32.93255 -94.043109 0.0 0.4
32.943232 -94.04307999999999 0.0 0.4
32.953702 -94.043004 0.0 0.4
32.965429 -94.043092 0.0 0.4
32.990459 -94.04303399999999 0.0 0.4
33.006532 -94.042993 0.0 0.4
33.019011 -94.042968 0.0 0.4
33.019327 -94.023364 0.0 0.4
33.019359 -94.01055099999999 0.0 0.4
33.019566 -94.000219 0.0 0.4
33.019571 -93.98822 0.0 0.4
33.01957 -93.976874 0.0 0.4
33.019568 -93.959053 0.0 0.4
33.019591 -93.945646 0.0 0.4
33.019619999999996 -93.926873 0.0 0.4
33.019572 -93.904281 0.0 0.4
33.019546 -93.89362299999999 0.0 0.4
33.019512 -93.87519499999999 0.0 0.4
33.01948 -93.864491 0.0 0.4
33.019414 -93.853082 0.0 0.4
33.019376 -93.832152 0.0 0.4
33.019351 -93.821275 0.0 0.4
33.019255 -93.80723599999999 0.0 0.4
33.019265 -93.796931 0.0 0.4
33.019265 -93.78199 0.0 0.4
33.01931 -93.765495 0.0 0.4
33.019342 -93.754859 0.0 0.4
33.019414999999995 -93.739385 0.0 0.4
33.019458 -93.72483299999999 0.0 0.4
33.019509 -93.713832 0.0 0.4
33.01947 -93.69689799999999 0.0 0.4
33.019428999999995 -93.67711399999999 0.0 0.4
33.019403 -93.666129 0.0 0.4
33.019391 -93.65348499999999 0.0 0.4
33.019354 -93.64048199999999 0.0 0.4
33.019245 -93.628102 0.0 0.4
33.019072 -93.61138299999999 0.0 0.4
33.018996 -93.599938 0.0 0.4
33.018913 -93.58487099999999 0.0 0.4
33.018856 -93.57184099999999 0.0 0.4
33.018763 -93.559501 0.0 0.4
33.018726 -93.547472 0.0 0.4
33.018663 -93.532372 0.0 0.4
33.018608 -93.52185899999999 0.0 0.4
33.018550999999995 -93.511589 0.0 0.4
33.018566 -93.49624399999999 0.0 0.4
33.018643 -93.486055 0.0 0.4
33.018643 -93.475903 0.0 0.4
33.018594 -93.46229799999999 0.0 0.4
33.018558999999996 -93.451736 0.0 0.4
33.018524 -93.441043 0.0 0.4
33.018478 -93.426204 0.0 0.4
33.018394 -93.415644 0.0 0.4
33.018327 -93.40010699999999 0.0 0.4
33.01831 -93.38902399999999 0.0 0.4
33.018356 -93.376885 0.0 0.4
33.018355 -93.36469199999999 0.0 0.4
33.01833 -93.354298 0.0 0.4
33.018355 -93.344225 0.0 0.4
33.018326 -93.334216 0.0 0.4
33.018294 -93.32388999999999 0.0 0.4
33.018243 -93.313739 0.0 0.4
33.018167 -93.303546 0.0 0.4
33.018094999999995 -93.293408 0.0 0.4
33.018024 -93.283227 0.0 0.4
33.017942999999995 -93.271757 0.0 0.4
33.017889 -93.261634 0.0 0.4
33.017849 -93.251464 0.0 0.4
33.018009 -93.241275 0.0 0.4
33.018192 -93.23122699999999 0.0 0.4
33.018372 -93.221103 0.0 0.4
33.018301 -93.21050199999999 0.0 0.4
33.018022 -93.20020699999999 0.0 0.4
33.017924 -93.190045 0.0 0.4
33.017795 -93.17991699999999 0.0 0.4
33.017783 -93.168128 0.0 0.4
33.017841 -93.15791899999999 0.0 0.4
33.017799 -93.147837 0.0 0.4
33.017807999999995 -93.137681 0.0 0.4
33.017812 -93.127624 0.0 0.4
33.01786 -93.117522 0.0 0.4
33.017825 -93.102115 0.0 0.4
33.017807999999995 -93.09142 0.0 0.4
33.017848 -93.081413 0.0 0.4
33.017856 -93.071399 0.0 0.4
33.017851 -93.061194 0.0 0.4
33.017799 -93.051092 0.0 0.4
33.017724 -93.040919 0.0 0.4
33.017614 -93.03088699999999 0.0 0.4
33.017416 -93.020873 0.0 0.4
33.017432 -93.010852 0.0 0.4
33.017617 -93.000017 0.0 0.4
33.01757 -92.98978199999999 0.0 0.4
33.017435 -92.979585 0.0 0.4
33.017278 -92.969005 0.0 0.4
33.017154 -92.958807 0.0 0.4
33.017009 -92.947666 0.0 0.4
33.016752 -92.937181 0.0 0.4
33.016624 -92.923074 0.0 0.4
33.016583 -92.91302499999999 0.0 0.4
33.016555 -92.90224099999999 0.0 0.4
33.016276999999995 -92.89159699999999 0.0 0.4
33.016146 -92.879252 0.0 0.4
33.016194 -92.86923399999999 0.0 0.4
33.016318999999996 -92.8585 0.0 0.4
33.016041 -92.846803 0.0 0.4
33.015836 -92.83626699999999 0.0 0.4
33.015623999999995 -92.824528 0.0 0.4
33.015477 -92.814481 0.0 0.4
33.015243999999996 -92.804315 0.0 0.4
33.014946 -92.78649899999999 0.0 0.4
33.014907 -92.775776 0.0 0.4
33.014882 -92.765396 0.0 0.4
33.014776999999995 -92.75305499999999 0.0 0.4
33.01468 -92.74289399999999 0.0 0.4
33.014444 -92.732787 0.0 0.4
33.014395 -92.72269399999999 0.0 0.4
33.014347 -92.711548 0.0 0.4
33.014209 -92.692075 0.0 0.4
33.014002999999995 -92.672095 0.0 0.4
33.013854 -92.65792499999999 0.0 0.4
33.013708 -92.645521 0.0 0.4
33.013546999999996 -92.633389 0.0 0.4
33.013452 -92.611881 0.0 0.4
33.013453 -92.601788 0.0 0.4
33.013208999999996 -92.590779 0.0 0.4
33.012945 -92.58076799999999 0.0 0.4
33.012885 -92.56996199999999 0.0 0.4
33.012806999999995 -92.559918 0.0 0.4
33.012691 -92.544229 0.0 0.4
33.012637999999995 -92.533716 0.0 0.4
33.012530999999996 -92.52366699999999 0.0 0.4
33.012405 -92.51277999999999 0.0 0.4
33.012223 -92.502488 0.0 0.4
33.012166 -92.491602 0.0 0.4
33.012147999999996 -92.480685 0.0 0.4
33.012067 -92.47044299999999 0.0 0.4
33.011919 -92.460402 0.0 0.4
33.011708999999996 -92.450177 0.0 0.4
33.011632999999996 -92.439801 0.0 0.4
33.011511 -92.42915699999999 0.0 0.4
33.011375 -92.417175 0.0 0.4
33.011251 -92.406975 0.0 0.4
33.011078999999995 -92.39411899999999 0.0 0.4
33.010965999999996 -92.380804 0.0 0.4
33.010965999999996 -92.370768 0.0 0.4
33.010842 -92.359218 0.0 0.4
33.010718 -92.348599 0.0 0.4
33.010602 -92.338296 0.0 0.4
33.010526 -92.327593 0.0 0.4
33.010445 -92.31615099999999 0.0 0.4
33.010323 -92.30603599999999 0.0 0.4
33.010298999999996 -92.29534 0.0 0.4
33.010128 -92.28513799999999 0.0 0.4
33.010006 -92.275005 0.0 0.4
33.009885 -92.263712 0.0 0.4
33.009673 -92.25339799999999 0.0 0.4
33.009546 -92.242413 0.0 0.4
33.009433 -92.23196 0.0 0.4
33.009318 -92.221564 0.0 0.4
33.009259 -92.21141 0.0 0.4
33.009197 -92.201172 0.0 0.4
33.009127 -92.18898 0.0 0.4
33.009055 -92.176161 0.0 0.4
33.008958 -92.165409 0.0 0.4
33.008727 -92.15083299999999 0.0 0.4
33.008598 -92.140472 0.0 0.4
33.008494999999996 -92.130434 0.0 0.4
33.008464 -92.11988699999999 0.0 0.4
33.008277 -92.10463899999999 0.0 0.4
33.007998 -92.06945999999999 0.0 0.4
