42.017272 -71.49825899999999 0.0 0.4
42.016372 -71.51041599999999 0.0 0.4
42.015631 -71.520411 0.0 0.4
42.014998 -71.531955 0.0 0.4
42.014759 -71.542512 0.0 0.4
42.014514 -71.55325599999999 0.0 0.4
42.014282 -71.563447 0.0 0.4
42.014032 -71.574761 0.0 0.4
42.013777999999995 -71.58535599999999 0.0 0.4
42.013503 -71.597206 0.0 0.4
42.013253999999996 -71.60785 0.0 0.4
42.013014 -71.61807999999999 0.0 0.4
42.012661 -71.633404 0.0 0.4
42.012372 -71.64533 0.0 0.4
42.011987 -71.6616 0.0 0.4
42.011682 -71.674437 0.0 0.4
42.011441 -71.684843 0.0 0.4
42.011134999999996 -71.698585 0.0 0.4
42.010898 -71.709165 0.0 0.4
42.010633 -71.72091 0.0 0.4
42.010334 -71.734064 0.0 0.4
42.010028 -71.747543 0.0 0.4
42.009611 -71.76571299999999 0.0 0.4
42.009147999999996 -71.777942 0.0 0.4
42.008514 -71.790239 0.0 0.4
42.012378 -71.799488 0.0 0.4
42.023514 -71.800671 0.0 0.4
42.023727 -71.82045099999999 0.0 0.4
42.023835 -71.830557 0.0 0.4
42.023941 -71.841353 0.0 0.4
42.024063999999996 -71.852419 0.0 0.4
42.024204999999995 -71.865951 0.0 0.4
42.024321 -71.877333 0.0 0.4
42.024435 -71.888025 0.0 0.4
42.024547 -71.899501 0.0 0.4
42.024854 -71.913145 0.0 0.4
42.025200000000005 -71.925692 0.0 0.4
42.025504 -71.936925 0.0 0.4
42.025884999999995 -71.950683 0.0 0.4
42.026174999999995 -71.961348 0.0 0.4
42.026471 -71.97227099999999 0.0 0.4
42.02686 -71.986828 0.0 0.4
42.026992 -71.998334 0.0 0.4
42.027087 -72.010044 0.0 0.4
42.027195999999996 -72.02256299999999 0.0 0.4
42.027304 -72.034578 0.0 0.4
42.027395 -72.044769 0.0 0.4
42.027522 -72.05937399999999 0.0 0.4
42.027637 -72.071826 0.0 0.4
42.028151 -72.084524 0.0 0.4
42.028575 -72.094949 0.0 0.4
42.028985 -72.105054 0.0 0.4
42.029534 -72.118634 0.0 0.4
42.029939999999996 -72.128697 0.0 0.4
42.030474999999996 -72.14201 0.0 0.4
42.030727 -72.165621 0.0 0.4
42.030840999999995 -72.178512 0.0 0.4
42.031020999999996 -72.198767 0.0 0.4
42.031104 -72.210889 0.0 0.4
42.031259 -72.226779 0.0 0.4
42.031358999999995 -72.239476 0.0 0.4
42.031552 -72.26211599999999 0.0 0.4
42.031684 -72.278933 0.0 0.4
42.031786 -72.291561 0.0 0.4
42.031898 -72.30563 0.0 0.4
42.03199 -72.317105 0.0 0.4
42.03209 -72.329762 0.0 0.4
42.032558 -72.35370499999999 0.0 0.4
42.032682 -72.36559199999999 0.0 0.4
42.032892 -72.38596 0.0 0.4
42.033069 -72.39743399999999 0.0 0.4
42.03344 -72.41538 0.0 0.4
42.033702999999996 -72.428131 0.0 0.4
42.033981 -72.441491 0.0 0.4
42.034253 -72.454702 0.0 0.4
42.034318 -72.46955899999999 0.0 0.4
42.034268999999995 -72.479759 0.0 0.4
42.034214 -72.49223599999999 0.0 0.4
42.034375999999995 -72.509233 0.0 0.4
42.034473 -72.520118 0.0 0.4
42.034577999999996 -72.531549 0.0 0.4
42.03347 -72.54164899999999 0.0 0.4
42.032243 -72.553077 0.0 0.4
42.030978999999995 -72.565382 0.0 0.4
42.028416 -72.575869 0.0 0.4
42.024837 -72.58732499999999 0.0 0.4
42.025034999999995 -72.598182 0.0 0.4
42.030795 -72.607935 0.0 0.4
42.031279999999995 -72.618123 0.0 0.4
42.031932999999995 -72.63697599999999 0.0 0.4
42.03272 -72.64719699999999 0.0 0.4
42.033707 -72.65749 0.0 0.4
42.035195 -72.67303199999999 0.0 0.4
42.036065 -72.686052 0.0 0.4
42.036753999999995 -72.696296 0.0 0.4
42.036922 -72.71094 0.0 0.4
42.036516999999996 -72.721921 0.0 0.4
42.03637 -72.751666 0.0 0.4
42.026562999999996 -72.754088 0.0 0.4
42.021553 -72.762889 0.0 0.4
42.011458 -72.762543 0.0 0.4
42.002883999999995 -72.770185 0.0 0.4
42.001504 -72.78258799999999 0.0 0.4
42.000229 -72.79412099999999 0.0 0.4
41.998628 -72.808585 0.0 0.4
42.006609 -72.816306 0.0 0.4
42.036744 -72.813784 0.0 0.4
42.036912 -72.824353 0.0 0.4
42.037079999999996 -72.834966 0.0 0.4
42.037258 -72.84639299999999 0.0 0.4
42.037422 -72.85686 0.0 0.4
42.0375 -72.869541 0.0 0.4
42.037715 -72.880205 0.0 0.4
42.03781 -72.897938 0.0 0.4
42.037929999999996 -72.921035 0.0 0.4
42.037988999999996 -72.932065 0.0 0.4
42.038049 -72.94348 0.0 0.4
42.038168999999996 -72.966222 0.0 0.4
42.038229 -72.977485 0.0 0.4
42.038553 -72.99624399999999 0.0 0.4
42.038785 -73.008766 0.0 0.4
42.038987999999996 -73.020021 0.0 0.4
42.039280999999995 -73.036131 0.0 0.4
42.039598 -73.04622499999999 0.0 0.4
42.040043 -73.060642 0.0 0.4
42.040551 -73.076578 0.0 0.4
42.04088 -73.08705499999999 0.0 0.4
42.041275999999996 -73.100253 0.0 0.4
42.041902 -73.119931 0.0 0.4
42.042231 -73.1306 0.0 0.4
42.042887 -73.154003 0.0 0.4
42.043231 -73.165534 0.0 0.4
42.0437 -73.183346 0.0 0.4
42.043999 -73.19444 0.0 0.4
42.044308 -73.205478 0.0 0.4
42.044802 -73.223975 0.0 0.4
42.045106 -73.234966 0.0 0.4
42.04555 -73.249532 0.0 0.4
42.045935 -73.261679 0.0 0.4
42.04627 -73.272379 0.0 0.4
42.046689 -73.285823 0.0 0.4
42.046997 -73.295898 0.0 0.4
42.047393 -73.308768 0.0 0.4
42.047708 -73.31924599999999 0.0 0.4
42.048221 -73.335956 0.0 0.4
42.048961 -73.365346 0.0 0.4
42.049406 -73.383838 0.0 0.4
42.049797999999996 -73.400106 0.0 0.4
42.050115 -73.41293 0.0 0.4
42.050426 -73.42616799999999 0.0 0.4
42.050511 -73.436758 0.0 0.4
42.050298999999995 -73.44773599999999 0.0 0.4
42.050039999999996 -73.46110399999999 0.0 0.4
42.049524999999996 -73.487319 0.0 0.4
42.057936999999995 -73.49956499999999 0.0 0.4
42.069269 -73.503023 0.0 0.4
42.085591 -73.508048 0.0 0.4
42.109989999999996 -73.499563 0.0 0.4
42.12509 -73.494025 0.0 0.4
42.135450999999996 -73.490269 0.0 0.4
42.144861 -73.486882 0.0 0.4
42.154447999999995 -73.48341599999999 0.0 0.4
42.165107 -73.479494 0.0 0.4
42.174898999999996 -73.47586799999999 0.0 0.4
42.189068999999996 -73.47067799999999 0.0 0.4
42.201851 -73.465952 0.0 0.4
42.217527 -73.460216 0.0 0.4
42.227553 -73.456537 0.0 0.4
42.242779 -73.450974 0.0 0.4
42.264018 -73.443116 0.0 0.4
42.279649 -73.43738499999999 0.0 0.4
42.295058 -73.43170599999999 0.0 0.4
42.329086 -73.41917 0.0 0.4
42.342262 -73.414344 0.0 0.4
42.351746 -73.410855 0.0 0.4
42.363856999999996 -73.40639 0.0 0.4
42.373416999999996 -73.40284199999999 0.0 0.4
42.386323 -73.398079 0.0 0.4
42.403765 -73.391667 0.0 0.4
42.419762999999996 -73.385772 0.0 0.4
42.429441 -73.382205 0.0 0.4
42.439223 -73.37859499999999 0.0 0.4
42.450029 -73.374585 0.0 0.4
42.46299 -73.369816 0.0 0.4
42.476012999999995 -73.365003 0.0 0.4
42.491417 -73.35931 0.0 0.4
42.505123 -73.35423899999999 0.0 0.4
42.524136999999996 -73.347202 0.0 0.4
42.535765999999995 -73.342951 0.0 0.4
42.573184999999995 -73.329072 0.0 0.4
42.583124999999995 -73.325346 0.0 0.4
42.594682 -73.321055 0.0 0.4
42.605700999999996 -73.316964 0.0 0.4
42.617715 -73.312511 0.0 0.4
42.629064 -73.30833299999999 0.0 0.4
42.667336 -73.294055 0.0 0.4
42.695859999999996 -73.28344299999999 0.0 0.4
42.708597 -73.278699 0.0 0.4
42.721193 -73.274003 0.0 0.4
42.743120999999995 -73.26583099999999 0.0 0.4
42.745487999999995 -73.245295 0.0 0.4
42.744909 -73.2149 0.0 0.4
42.744611 -73.198954 0.0 0.4
42.744420999999996 -73.188907 0.0 0.4
42.744142 -73.17411 0.0 0.4
42.743944 -73.163641 0.0 0.4
42.743739999999995 -73.153065 0.0 0.4
42.743528999999995 -73.142493 0.0 0.4
42.743088 -73.120096 0.0 0.4
42.742697 -73.100151 0.0 0.4
42.74249 -73.08990299999999 0.0 0.4
42.742287 -73.079694 0.0 0.4
42.742079 -73.069447 0.0 0.4
42.741775 -73.05457799999999 0.0 0.4
42.741526 -73.04219499999999 0.0 0.4
42.741178999999995 -73.025115 0.0 0.4
42.740849999999995 -73.010825 0.0 0.4
42.740592 -72.999386 0.0 0.4
42.740218999999996 -72.979548 0.0 0.4
42.740006 -72.967193 0.0 0.4
42.739647 -72.948354 0.0 0.4
42.739292999999996 -72.930258 0.0 0.4
42.739021 -72.91695399999999 0.0 0.4
42.738603999999995 -72.89765299999999 0.0 0.4
42.738264 -72.88279 0.0 0.4
42.737989 -72.870342 0.0 0.4
42.737697 -72.85812299999999 0.0 0.4
42.73724 -72.83748299999999 0.0 0.4
42.736748999999996 -72.816355 0.0 0.4
42.736024 -72.791078 0.0 0.4
42.735768 -72.779276 0.0 0.4
42.73547 -72.768068 0.0 0.4
42.734981 -72.749538 0.0 0.4
42.734199 -72.723506 0.0 0.4
42.733886 -72.713045 0.0 0.4
42.733582 -72.701357 0.0 0.4
42.733200000000004 -72.686667 0.0 0.4
42.732937 -72.67645399999999 0.0 0.4
42.732554 -72.661669 0.0 0.4
42.732073 -72.643089 0.0 0.4
42.731634 -72.624535 0.0 0.4
42.731227 -72.613491 0.0 0.4
42.730998 -72.602297 0.0 0.4
42.730681 -72.59203 0.0 0.4
42.730253999999995 -72.575862 0.0 0.4
42.729977 -72.56535199999999 0.0 0.4
42.729656 -72.554597 0.0 0.4
42.728905 -72.52933399999999 0.0 0.4
42.728541 -72.517166 0.0 0.4
42.728052999999996 -72.499533 0.0 0.4
42.727050999999996 -72.464955 0.0 0.4
42.726712 -72.45182 0.0 0.4
42.726262 -72.440528 0.0 0.4
42.725857999999995 -72.43009099999999 0.0 0.4
42.725522 -72.418814 0.0 0.4
42.725263 -72.40875799999999 0.0 0.4
42.724948 -72.398472 0.0 0.4
42.72466 -72.387227 0.0 0.4
42.724339 -72.37679 0.0 0.4
42.724011 -72.366627 0.0 0.4
42.723667999999996 -72.356236 0.0 0.4
42.723363 -72.345784 0.0 0.4
42.723096 -72.335285 0.0 0.4
42.722829 -72.324466 0.0 0.4
42.722561999999996 -72.314334 0.0 0.4
42.72231 -72.304187 0.0 0.4
42.721967 -72.29370399999999 0.0 0.4
42.721616 -72.283068 0.0 0.4
42.721333 -72.272615 0.0 0.4
42.721061 -72.262501 0.0 0.4
42.720738 -72.252397 0.0 0.4
42.720484 -72.239552 0.0 0.4
42.720075 -72.22364 0.0 0.4
42.719749 -72.210483 0.0 0.4
42.719242 -72.190345 0.0 0.4
42.718897 -72.176844 0.0 0.4
42.7183 -72.153413 0.0 0.4
42.717614 -72.126479 0.0 0.4
42.717206 -72.111059 0.0 0.4
42.716823999999995 -72.098373 0.0 0.4
42.716452 -72.08603699999999 0.0 0.4
42.715692999999995 -72.060852 0.0 0.4
42.715359 -72.049791 0.0 0.4
42.714846 -72.032741 0.0 0.4
42.71447 -72.02029399999999 0.0 0.4
42.714166 -72.010209 0.0 0.4
42.713859 -72.000109 0.0 0.4
42.713508 -71.98992799999999 0.0 0.4
42.713052999999995 -71.97276099999999 0.0 0.4
42.712837 -71.962366 0.0 0.4
42.712601 -71.950681 0.0 0.4
42.712377 -71.940468 0.0 0.4
42.712102 -71.92899299999999 0.0 0.4
42.711796 -71.917171 0.0 0.4
42.711513 -71.906322 0.0 0.4
42.711231 -71.89547999999999 0.0 0.4
42.710941 -71.88395899999999 0.0 0.4
42.710552 -71.868639 0.0 0.4
42.710266999999995 -71.85730699999999 0.0 0.4
42.709973999999995 -71.84609 0.0 0.4
42.709680999999996 -71.834594 0.0 0.4
42.709393999999996 -71.823802 0.0 0.4
42.709125 -71.812863 0.0 0.4
42.708802 -71.800677 0.0 0.4
42.708518 -71.790083 0.0 0.4
42.708228999999996 -71.77820799999999 0.0 0.4
42.707944 -71.767825 0.0 0.4
42.707602 -71.755065 0.0 0.4
42.707304 -71.744868 0.0 0.4
42.706978 -71.734523 0.0 0.4
42.706669 -71.724273 0.0 0.4
42.706362999999996 -71.713618 0.0 0.4
42.705966 -71.702731 0.0 0.4
42.705580999999995 -71.688824 0.0 0.4
42.705328 -71.678303 0.0 0.4
42.705117 -71.666293 0.0 0.4
42.704828 -71.65413099999999 0.0 0.4
42.704628 -71.64371799999999 0.0 0.4
42.704459 -71.63184799999999 0.0 0.4
42.70426 -71.621504 0.0 0.4
42.70408 -71.610573 0.0 0.4
42.703919 -71.60032799999999 0.0 0.4
42.703629 -71.588443 0.0 0.4
42.703384 -71.576448 0.0 0.4
42.703151 -71.564436 0.0 0.4
42.702886 -71.552689 0.0 0.4
42.702661 -71.542538 0.0 0.4
42.702428 -71.53166 0.0 0.4
42.702196 -71.518947 0.0 0.4
42.701817999999996 -71.505949 0.0 0.4
42.701539 -71.49568099999999 0.0 0.4
42.701274999999995 -71.48556099999999 0.0 0.4
42.700976999999995 -71.475473 0.0 0.4
42.700706 -71.464525 0.0 0.4
42.700435999999996 -71.453743 0.0 0.4
42.700199 -71.440522 0.0 0.4
42.699857 -71.424814 0.0 0.4
42.699559 -71.41238799999999 0.0 0.4
42.699199 -71.397925 0.0 0.4
42.698938999999996 -71.386956 0.0 0.4
42.698553 -71.375316 0.0 0.4
42.698285999999996 -71.365191 0.0 0.4
42.697997 -71.355004 0.0 0.4
42.697773999999995 -71.34491299999999 0.0 0.4
42.697479 -71.33044699999999 0.0 0.4
42.697348 -71.31907799999999 0.0 0.4
42.697236 -71.308377 0.0 0.4
42.697086999999996 -71.297726 0.0 0.4
42.702383999999995 -71.28908299999999 0.0 0.4
42.709143999999995 -71.281437 0.0 0.4
42.71667 -71.274788 0.0 0.4
42.724891 -71.268711 0.0 0.4
42.733235 -71.259168 0.0 0.4
42.739191 -71.250908 0.0 0.4
42.744895 -71.237432 0.0 0.4
42.746137 -71.226807 0.0 0.4
42.744906 -71.216546 0.0 0.4
42.742678 -71.206304 0.0 0.4
42.740483 -71.19623399999999 0.0 0.4
42.738341 -71.186371 0.0 0.4
42.748518999999995 -71.182569 0.0 0.4
42.759065 -71.183437 0.0 0.4
42.775656999999995 -71.184845 0.0 0.4
42.790668 -71.186117 0.0 0.4
42.800433 -71.175791 0.0 0.4
42.807428 -71.16822599999999 0.0 0.4
42.813179999999996 -71.155628 0.0 0.4
42.817724 -71.143517 0.0 0.4
42.821476 -71.13280499999999 0.0 0.4
42.818571 -71.119661 0.0 0.4
42.81634 -71.10967 0.0 0.4
42.814133 -71.099747 0.0 0.4
42.811416 -71.087529 0.0 0.4
42.808048 -71.07236999999999 0.0 0.4
42.811864 -71.06225599999999 0.0 0.4
42.821236999999996 -71.058639 0.0 0.4
42.833282 -71.054005 0.0 0.4
42.844212999999996 -71.047545 0.0 0.4
42.851738 -71.040934 0.0 0.4
42.859086999999995 -71.031201 0.0 0.4
42.861503 -71.017465 0.0 0.4
42.863347 -71.004902 0.0 0.4
42.864844 -70.99467 0.0 0.4
42.866493 -70.98315099999999 0.0 0.4
42.868047 -70.972281 0.0 0.4
42.870756 -70.962218 0.0 0.4
42.875462 -70.950698 0.0 0.4
42.880579999999995 -70.939357 0.0 0.4
42.88474 -70.930235 0.0 0.4
42.886099 -70.919715 0.0 0.4
42.886731999999995 -70.907437 0.0 0.4
42.883916 -70.890545 0.0 0.4
42.880233 -70.881117 0.0 0.4
42.875142 -70.87233499999999 0.0 0.4
42.870039 -70.863525 0.0 0.4
42.863955 -70.85304099999999 0.0 0.4
42.862555 -70.842852 0.0 0.4
42.867869 -70.831177 0.0 0.4
42.871573999999995 -70.820905 0.0 0.4
42.872690999999996 -70.80639599999999 0.0 0.4
42.873290999999995 -70.792495 0.0 0.4
42.874694 -70.749494 0.0 0.4
42.874685 -70.735005 0.0 0.4
42.866306 -70.74128 0.0 0.4
42.858830999999995 -70.74883 0.0 0.4
42.847555 -70.746166 0.0 0.4
42.837724 -70.74027199999999 0.0 0.4
42.827019 -70.735789 0.0 0.4
42.815173 -70.734312 0.0 0.4
42.803658999999996 -70.733655 0.0 0.4
42.793113 -70.735595 0.0 0.4
42.783107 -70.73439499999999 0.0 0.4
42.773337999999995 -70.73064699999999 0.0 0.4
42.764039 -70.726856 0.0 0.4
42.754270999999996 -70.721974 0.0 0.4
42.743517 -70.71696 0.0 0.4
42.731911 -70.71432399999999 0.0 0.4
42.724162 -70.70258 0.0 0.4
42.728829999999995 -70.68293 0.0 0.4
42.73661 -70.66131399999999 0.0 0.4
42.739723 -70.64166399999999 0.0 0.4
42.739723999999995 -70.62594299999999 0.0 0.4
42.7335 -70.590572 0.0 0.4
42.724163999999995 -70.549306 0.0 0.4
42.707048 -70.52965499999999 0.0 0.4
42.680594 -70.51393399999999 0.0 0.4
42.65103 -70.506074 0.0 0.4
42.635470999999995 -70.502143 0.0 0.4
42.624579 -70.502143 0.0 0.4
42.605906999999995 -70.511968 0.0 0.4
42.593458999999996 -70.521793 0.0 0.4
42.584123 -70.531618 0.0 0.4
42.570119 -70.545374 0.0 0.4
42.560783 -70.56698899999999 0.0 0.4
42.553004 -70.582709 0.0 0.4
42.540555999999995 -70.596464 0.0 0.4
42.53122 -70.60629 0.0 0.4
42.500099 -70.617339 0.0 0.4
42.43166 -70.640006 0.0 0.4
42.405628 -70.648072 0.0 0.4
42.392939 -70.652005 0.0 0.4
42.376301 -70.65817899999999 0.0 0.4
42.278999 -70.690393 0.0 0.4
42.268330999999996 -70.688773 0.0 0.4
42.253836 -70.684061 0.0 0.4
42.244851 -70.66281 0.0 0.4
42.237359999999995 -70.648622 0.0 0.4
42.228372 -70.640113 0.0 0.4
42.216386 -70.63633 0.0 0.4
42.202903 -70.63633 0.0 0.4
42.190919 -70.63916499999999 0.0 0.4
42.178185 -70.642946 0.0 0.4
42.157225 -70.624482 0.0 0.4
42.138479 -70.608381 0.0 0.4
42.130739 -70.499477 0.0 0.4
42.125098 -70.41480299999999 0.0 0.4
42.12155 -70.37447399999999 0.0 0.4
42.117914999999996 -70.32252199999999 0.0 0.4
42.114345 -70.27743 0.0 0.4
42.125102999999996 -70.253194 0.0 0.4
42.131189 -70.229175 0.0 0.4
42.132785 -70.215587 0.0 0.4
42.131549 -70.1954 0.0 0.4
42.133837 -70.184474 0.0 0.4
42.134515 -70.17254199999999 0.0 0.4
42.131465 -70.15067599999999 0.0 0.4
42.128149 -70.138606 0.0 0.4
42.126041 -70.124471 0.0 0.4
42.115975999999996 -70.095809 0.0 0.4
42.105326999999996 -70.067098 0.0 0.4
42.091634 -70.040302 0.0 0.4
42.073378 -70.011591 0.0 0.4
42.06254 -69.99946899999999 0.0 0.4
42.029253999999995 -69.969482 0.0 0.4
42.007954999999995 -69.954169 0.0 0.4
41.992345 -69.940645 0.0 0.4
41.978476 -69.929109 0.0 0.4
41.967760999999996 -69.92302699999999 0.0 0.4
41.959247 -69.917706 0.0 0.4
41.942062 -69.909178 0.0 0.4
41.922146 -69.902402 0.0 0.4
41.906752999999995 -69.895305 0.0 0.4
41.890772999999996 -69.88990799999999 0.0 0.4
41.861978 -69.88001799999999 0.0 0.4
41.84897 -69.876263 0.0 0.4
41.838648 -69.87315 0.0 0.4
41.826626999999995 -69.86949899999999 0.0 0.4
41.817011 -69.866525 0.0 0.4
41.795635999999995 -69.865779 0.0 0.4
41.781883 -69.863978 0.0 0.4
41.766318 -69.862366 0.0 0.4
41.75011 -69.85984599999999 0.0 0.4
41.7365 -69.85913 0.0 0.4
41.720383 -69.85886099999999 0.0 0.4
41.706916 -69.85895 0.0 0.4
41.692326 -69.86054 0.0 0.4
41.673153 -69.862876 0.0 0.4
41.656791 -69.86812499999999 0.0 0.4
41.645026 -69.874459 0.0 0.4
41.630303 -69.884485 0.0 0.4
41.617186 -69.891662 0.0 0.4
41.606096 -69.898562 0.0 0.4
41.596033 -69.907546 0.0 0.4
41.589242999999996 -69.915399 0.0 0.4
41.574033 -69.919766 0.0 0.4
41.562281999999996 -69.921345 0.0 0.4
41.544646 -69.924632 0.0 0.4
41.532151999999996 -69.928994 0.0 0.4
41.521936 -69.936401 0.0 0.4
41.512152 -69.946613 0.0 0.4
41.50466 -69.95817199999999 0.0 0.4
41.500116 -69.96743 0.0 0.4
41.496567 -69.979776 0.0 0.4
41.493663 -69.994377 0.0 0.4
41.485513999999995 -70.004954 0.0 0.4
41.477439 -70.013862 0.0 0.4
41.471948 -70.02367699999999 0.0 0.4
41.465959999999995 -70.040313 0.0 0.4
41.46411 -70.055437 0.0 0.4
41.465019999999996 -70.073742 0.0 0.4
41.467493 -70.084904 0.0 0.4
41.474444 -70.101508 0.0 0.4
41.484083 -70.11439399999999 0.0 0.4
41.494499 -70.12259499999999 0.0 0.4
41.503698 -70.126677 0.0 0.4
41.517692 -70.128764 0.0 0.4
41.530878 -70.126792 0.0 0.4
41.544993 -70.116719 0.0 0.4
41.556352 -70.102029 0.0 0.4
41.562447999999996 -70.086572 0.0 0.4
41.568405999999996 -70.078271 0.0 0.4
41.577708 -70.07358599999999 0.0 0.4
41.590173 -70.063352 0.0 0.4
41.602954 -70.068046 0.0 0.4
41.612503 -70.07780699999999 0.0 0.4
41.608323999999996 -70.093772 0.0 0.4
41.605591 -70.109368 0.0 0.4
41.600849 -70.124462 0.0 0.4
41.598692 -70.138491 0.0 0.4
41.599132999999995 -70.148926 0.0 0.4
41.59937 -70.16035699999999 0.0 0.4
41.595588 -70.170602 0.0 0.4
41.593547 -70.1815 0.0 0.4
41.587342 -70.19823699999999 0.0 0.4
41.58415 -70.20804 0.0 0.4
41.572337 -70.220282 0.0 0.4
41.565594999999995 -70.23194699999999 0.0 0.4
41.560145999999996 -70.24946299999999 0.0 0.4
41.558372999999996 -70.26742899999999 0.0 0.4
41.559315999999995 -70.278898 0.0 0.4
41.561639 -70.289965 0.0 0.4
41.565917 -70.299331 0.0 0.4
41.571062 -70.31125399999999 0.0 0.4
41.567898 -70.331549 0.0 0.4
41.568453 -70.34633699999999 0.0 0.4
41.562196 -70.364206 0.0 0.4
41.560283 -70.374468 0.0 0.4
41.557680999999995 -70.387281 0.0 0.4
41.554401999999996 -70.397122 0.0 0.4
41.546195 -70.405051 0.0 0.4
41.534822 -70.417304 0.0 0.4
41.522062999999996 -70.432904 0.0 0.4
41.513093 -70.448567 0.0 0.4
41.50616 -70.466436 0.0 0.4
41.503502999999995 -70.478689 0.0 0.4
41.501856 -70.48974 0.0 0.4
41.500634999999996 -70.502832 0.0 0.4
41.488233 -70.499472 0.0 0.4
41.471008999999995 -70.491658 0.0 0.4
41.466141 -70.475994 0.0 0.4
41.468 -70.46395 0.0 0.4
41.469355 -70.44800699999999 0.0 0.4
41.468919 -70.436449 0.0 0.4
41.464416 -70.421087 0.0 0.4
41.457012999999996 -70.405928 0.0 0.4
41.445479999999996 -70.392892 0.0 0.4
41.433721 -70.385874 0.0 0.4
41.411995999999995 -70.38080699999999 0.0 0.4
41.385360999999996 -70.380693 0.0 0.4
41.375118 -70.38216299999999 0.0 0.4
41.368769 -70.37011199999999 0.0 0.4
41.381454999999995 -70.353085 0.0 0.4
41.388549999999995 -70.338289 0.0 0.4
41.391607 -70.323593 0.0 0.4
41.390693 -70.308734 0.0 0.4
41.391445999999995 -70.294179 0.0 0.4
41.392885 -70.283214 0.0 0.4
41.393426 -70.26728299999999 0.0 0.4
41.390049 -70.24946299999999 0.0 0.4
41.386205 -70.238142 0.0 0.4
41.375119999999995 -70.224936 0.0 0.4
41.364996999999995 -70.217334 0.0 0.4
41.358025 -70.208297 0.0 0.4
41.35838 -70.187287 0.0 0.4
41.35729 -70.174906 0.0 0.4
41.352242 -70.159992 0.0 0.4
41.345216 -70.148699 0.0 0.4
41.346371 -70.13794 0.0 0.4
41.351327 -70.124461 0.0 0.4
41.353592 -70.110095 0.0 0.4
41.353584 -70.097844 0.0 0.4
41.365213 -70.107199 0.0 0.4
41.386165 -70.11644 0.0 0.4
41.408125999999996 -70.112734 0.0 0.4
41.419866 -70.105819 0.0 0.4
41.43081 -70.09441199999999 0.0 0.4
41.438015 -70.078847 0.0 0.4
41.442687 -70.065174 0.0 0.4
41.443801 -70.04427199999999 0.0 0.4
41.441078999999995 -70.025902 0.0 0.4
41.433898 -70.006467 0.0 0.4
41.425024 -69.994643 0.0 0.4
41.415208 -69.981775 0.0 0.4
41.403510999999995 -69.969634 0.0 0.4
41.38725 -69.957745 0.0 0.4
41.375119 -69.949535 0.0 0.4
41.366717 -69.943801 0.0 0.4
41.357645 -69.938456 0.0 0.4
41.345323 -69.92983699999999 0.0 0.4
41.332398 -69.921579 0.0 0.4
41.324194999999996 -69.91494999999999 0.0 0.4
41.3108 -69.906211 0.0 0.4
41.297003 -69.898321 0.0 0.4
41.286925 -69.893789 0.0 0.4
41.276210999999996 -69.8925 0.0 0.4
41.25924 -69.894472 0.0 0.4
41.245537999999996 -69.89900999999999 0.0 0.4
41.226849 -69.910319 0.0 0.4
41.21584 -69.922911 0.0 0.4
41.204519999999995 -69.942008 0.0 0.4
41.199672 -69.953586 0.0 0.4
41.196393 -69.963739 0.0 0.4
41.191403 -69.98315099999999 0.0 0.4
41.188305 -69.99945699999999 0.0 0.4
41.187053 -70.012483 0.0 0.4
41.187101999999996 -70.025702 0.0 0.4
41.188192 -70.039705 0.0 0.4
41.190908 -70.051647 0.0 0.4
41.191634 -70.072666 0.0 0.4
41.190529999999995 -70.096057 0.0 0.4
41.189803 -70.109684 0.0 0.4
41.192422 -70.12446 0.0 0.4
41.194649 -70.13585499999999 0.0 0.4
41.20069 -70.16117 0.0 0.4
41.204530999999996 -70.178851 0.0 0.4
41.214219 -70.205762 0.0 0.4
41.218176 -70.217017 0.0 0.4
41.222663999999995 -70.227997 0.0 0.4
41.228463 -70.239982 0.0 0.4
41.242346 -70.285736 0.0 0.4
41.260532 -70.314298 0.0 0.4
41.272779 -70.33509 0.0 0.4
41.272596 -70.357554 0.0 0.4
41.270406 -70.36981899999999 0.0 0.4
41.271282 -70.38667099999999 0.0 0.4
41.273013999999996 -70.396777 0.0 0.4
41.277294 -70.408733 0.0 0.4
41.268651 -70.429075 0.0 0.4
41.265513 -70.444758 0.0 0.4
41.265253 -70.459851 0.0 0.4
41.270219999999995 -70.475635 0.0 0.4
41.279975 -70.493308 0.0 0.4
41.298313 -70.512199 0.0 0.4
41.299087 -70.52797199999999 0.0 0.4
41.299672 -70.54521 0.0 0.4
41.300094 -70.571848 0.0 0.4
41.299844 -70.593135 0.0 0.4
41.299510999999995 -70.60354099999999 0.0 0.4
41.298382 -70.62447 0.0 0.4
41.296969999999995 -70.643075 0.0 0.4
41.296164999999995 -70.655087 0.0 0.4
41.294528 -70.671677 0.0 0.4
41.293175999999995 -70.68502 0.0 0.4
41.289058 -70.700169 0.0 0.4
41.280218 -70.707362 0.0 0.4
41.269452 -70.716499 0.0 0.4
41.26311 -70.726731 0.0 0.4
41.256147999999996 -70.734065 0.0 0.4
41.236427 -70.738908 0.0 0.4
41.22603 -70.74430699999999 0.0 0.4
41.216091 -70.754188 0.0 0.4
41.206489999999995 -70.767837 0.0 0.4
41.201218999999995 -70.783582 0.0 0.4
41.198741999999996 -70.80595 0.0 0.4
41.200649 -70.823645 0.0 0.4
41.205814 -70.847746 0.0 0.4
41.215396999999996 -70.866343 0.0 0.4
41.221381 -70.87447399999999 0.0 0.4
41.233784 -70.884973 0.0 0.4
41.243091 -70.890541 0.0 0.4
41.256878 -70.89372399999999 0.0 0.4
41.267994 -70.89359499999999 0.0 0.4
41.285066 -70.885683 0.0 0.4
41.292147 -70.878182 0.0 0.4
41.303708 -70.877963 0.0 0.4
41.318818 -70.891363 0.0 0.4
41.327411 -70.897722 0.0 0.4
41.341054 -70.902592 0.0 0.4
41.35508 -70.903739 0.0 0.4
41.3674 -70.897983 0.0 0.4
41.363033 -70.918399 0.0 0.4
41.353986 -70.938664 0.0 0.4
41.350161 -70.95575199999999 0.0 0.4
41.349187 -70.97052099999999 0.0 0.4
41.351289 -70.990748 0.0 0.4
41.357319 -71.006315 0.0 0.4
41.366723 -71.020472 0.0 0.4
41.375105999999995 -71.028673 0.0 0.4
41.388908 -71.037211 0.0 0.4
41.405453 -71.038114 0.0 0.4
41.416729 -71.05185399999999 0.0 0.4
41.42557 -71.07240399999999 0.0 0.4
41.433467 -71.085038 0.0 0.4
41.482706 -71.115431 0.0 0.4
41.492787 -71.121116 0.0 0.4
41.505435 -71.121203 0.0 0.4
41.51876 -71.122182 0.0 0.4
41.53162 -71.123683 0.0 0.4
41.543607 -71.125249 0.0 0.4
41.553864999999995 -71.12664699999999 0.0 0.4
41.56532 -71.1281 0.0 0.4
41.579352 -71.12983899999999 0.0 0.4
41.59317 -71.131558 0.0 0.4
41.602588999999995 -71.137609 0.0 0.4
41.612533 -71.141958 0.0 0.4
41.623753 -71.140203 0.0 0.4
41.633486999999995 -71.135001 0.0 0.4
41.644047 -71.134354 0.0 0.4
41.654773999999996 -71.13316999999999 0.0 0.4
41.661761 -71.14038699999999 0.0 0.4
41.663562999999996 -71.150324 0.0 0.4
41.665659 -71.16170799999999 0.0 0.4
41.667868 -71.173817 0.0 0.4
41.672768999999995 -71.182779 0.0 0.4
41.674571 -71.192634 0.0 0.4
41.681909 -71.201162 0.0 0.4
41.690503 -71.208292 0.0 0.4
41.707679 -71.222471 0.0 0.4
41.716122999999996 -71.229468 0.0 0.4
41.731832 -71.243262 0.0 0.4
41.741817999999995 -71.25204099999999 0.0 0.4
41.752082 -71.261067 0.0 0.4
41.756236 -71.27083499999999 0.0 0.4
41.760151 -71.280057 0.0 0.4
41.764137999999996 -71.28943199999999 0.0 0.4
41.768226999999996 -71.299092 0.0 0.4
41.772220999999995 -71.308499 0.0 0.4
41.77614 -71.317734 0.0 0.4
41.780166 -71.327226 0.0 0.4
41.789497 -71.330995 0.0 0.4
41.795908999999995 -71.33873899999999 0.0 0.4
41.805924 -71.339299 0.0 0.4
41.815261 -71.34308899999999 0.0 0.4
41.825326 -71.346443 0.0 0.4
41.833199 -71.33842 0.0 0.4
41.84312 -71.341334 0.0 0.4
41.853437 -71.338387 0.0 0.4
41.862578 -71.334053 0.0 0.4
41.872019 -71.3374 0.0 0.4
41.88154 -71.340796 0.0 0.4
41.892579999999995 -71.339539 0.0 0.4
41.897444 -71.34850399999999 0.0 0.4
41.89624 -71.358695 0.0 0.4
41.894773 -71.37109 0.0 0.4
41.893584 -71.381125 0.0 0.4
41.903597999999995 -71.381452 0.0 0.4
41.913959999999996 -71.381441 0.0 0.4
41.926500999999995 -71.381427 0.0 0.4
41.937079999999995 -71.381417 0.0 0.4
41.947682 -71.3814 0.0 0.4
41.958689 -71.381393 0.0 0.4
41.971399 -71.381378 0.0 0.4
41.982673 -71.381361 0.0 0.4
41.994098 -71.381401 0.0 0.4
42.006682 -71.381501 0.0 0.4
42.018798 -71.381401 0.0 0.4
42.018789 -71.391733 0.0 0.4
42.018654 -71.403025 0.0 0.4
42.018499 -71.41426 0.0 0.4
42.01828 -71.424407 0.0 0.4
42.018138 -71.437519 0.0 0.4
42.017897999999995 -71.450003 0.0 0.4
42.017731999999995 -71.463456 0.0 0.4
42.017548999999995 -71.479229 0.0 0.4
42.017401 -71.489389 0.0 0.4
