39.22027 -77.45880799999999 0.0 0.4
39.229897 -77.462653 0.0 0.4
39.234682 -77.471592 0.0 0.4
39.24091 -77.480024 0.0 0.4
39.247599 -77.48748599999999 0.0 0.4
39.251328 -77.497267 0.0 0.4
39.252699 -77.50798999999999 0.0 0.4
39.256572999999996 -77.517528 0.0 0.4
39.260404 -77.527123 0.0 0.4
39.263587 -77.536969 0.0 0.4
39.27016 -77.544628 0.0 0.4
39.277384999999995 -77.551981 0.0 0.4
39.284967 -77.559595 0.0 0.4
39.294469 -77.562775 0.0 0.4
39.304724 -77.56433 0.0 0.4
39.305431999999996 -77.57459 0.0 0.4
39.303014 -77.58439 0.0 0.4
39.301502 -77.595079 0.0 0.4
39.303326 -77.605149 0.0 0.4
39.302558999999995 -77.615641 0.0 0.4
39.305358 -77.625351 0.0 0.4
39.307798 -77.63515 0.0 0.4
39.309143 -77.64536 0.0 0.4
39.313058 -77.654679 0.0 0.4
39.316564 -77.664458 0.0 0.4
39.322444 -77.672566 0.0 0.4
39.322894999999995 -77.68307899999999 0.0 0.4
39.318503 -77.692542 0.0 0.4
39.320128 -77.702888 0.0 0.4
39.321366999999995 -77.71290599999999 0.0 0.4
39.321317 -77.72366699999999 0.0 0.4
39.32604 -77.732596 0.0 0.4
39.329840999999995 -77.74370499999999 0.0 0.4
39.333355999999995 -77.753078 0.0 0.4
39.340027 -77.760862 0.0 0.4
39.347704 -77.754071 0.0 0.4
39.353848 -77.745696 0.0 0.4
39.364048 -77.74348499999999 0.0 0.4
39.372530999999995 -77.749038 0.0 0.4
39.38247 -77.752524 0.0 0.4
39.385124999999995 -77.742853 0.0 0.4
39.392829 -77.736358 0.0 0.4
39.402910999999996 -77.74060399999999 0.0 0.4
39.411117 -77.747248 0.0 0.4
39.420801999999995 -77.75192799999999 0.0 0.4
39.427572 -77.760251 0.0 0.4
39.428053999999996 -77.770521 0.0 0.4
39.429017 -77.780613 0.0 0.4
39.430006999999996 -77.790784 0.0 0.4
39.433823 -77.800077 0.0 0.4
39.441891999999996 -77.793995 0.0 0.4
39.452008 -77.793759 0.0 0.4
39.461932 -77.795067 0.0 0.4
39.460443 -77.784446 0.0 0.4
39.468543 -77.791206 0.0 0.4
39.476023 -77.798124 0.0 0.4
39.484069 -77.790736 0.0 0.4
39.487383 -77.781221 0.0 0.4
39.489625 -77.770927 0.0 0.4
39.499325 -77.77427399999999 0.0 0.4
39.498089 -77.784416 0.0 0.4
39.490958 -77.79157 0.0 0.4
39.489455 -77.80187 0.0 0.4
39.491332 -77.811909 0.0 0.4
39.493798999999996 -77.823979 0.0 0.4
39.495242 -77.83465699999999 0.0 0.4
39.497895 -77.8443 0.0 0.4
39.508046 -77.84065 0.0 0.4
39.513031999999995 -77.83197799999999 0.0 0.4
39.519816999999996 -77.824497 0.0 0.4
39.529845 -77.826252 0.0 0.4
39.532112 -77.836961 0.0 0.4
39.522746999999995 -77.840705 0.0 0.4
39.515595 -77.849437 0.0 0.4
39.514292999999995 -77.860203 0.0 0.4
39.523303999999996 -77.866196 0.0 0.4
39.533406 -77.864668 0.0 0.4
39.542525999999995 -77.869567 0.0 0.4
39.547875 -77.878588 0.0 0.4
39.552837 -77.88736399999999 0.0 0.4
39.561961 -77.882385 0.0 0.4
39.564009 -77.87198599999999 0.0 0.4
39.564101 -77.861729 0.0 0.4
39.564395999999995 -77.851638 0.0 0.4
39.564701 -77.8411 0.0 0.4
39.571152 -77.83335199999999 0.0 0.4
39.580998 -77.830964 0.0 0.4
39.591083 -77.829685 0.0 0.4
39.601445 -77.832207 0.0 0.4
39.60697 -77.841511 0.0 0.4
39.607104 -77.851672 0.0 0.4
39.608619 -77.862864 0.0 0.4
39.613624 -77.873023 0.0 0.4
39.61564 -77.883781 0.0 0.4
39.606007 -77.88104799999999 0.0 0.4
39.597567999999995 -77.886515 0.0 0.4
39.598898999999996 -77.89674 0.0 0.4
39.601157 -77.906849 0.0 0.4
39.603096 -77.917161 0.0 0.4
39.608169 -77.92608299999999 0.0 0.4
39.616828999999996 -77.931767 0.0 0.4
39.618832 -77.94183699999999 0.0 0.4
39.610298 -77.9364 0.0 0.4
39.600296 -77.935741 0.0 0.4
39.590342 -77.937292 0.0 0.4
39.584759 -77.94579 0.0 0.4
39.592777 -77.95197 0.0 0.4
39.603365 -77.950497 0.0 0.4
39.608933 -77.959503 0.0 0.4
39.606007 -77.969135 0.0 0.4
39.599663 -77.977158 0.0 0.4
39.599681 -77.987473 0.0 0.4
39.600722999999995 -77.99757 0.0 0.4
39.602076 -78.007485 0.0 0.4
39.609488999999996 -78.01485799999999 0.0 0.4
39.617774 -78.021039 0.0 0.4
39.625368 -78.027565 0.0 0.4
39.633027999999996 -78.03443899999999 0.0 0.4
39.639700999999995 -78.04190299999999 0.0 0.4
39.646063 -78.050555 0.0 0.4
39.653709 -78.058797 0.0 0.4
39.660056999999995 -78.066597 0.0 0.4
39.666638999999996 -78.074512 0.0 0.4
39.671406999999995 -78.08361099999999 0.0 0.4
39.674819 -78.093676 0.0 0.4
39.680574 -78.101897 0.0 0.4
39.682859 -78.112028 0.0 0.4
39.685401 -78.122372 0.0 0.4
39.687052 -78.132308 0.0 0.4
39.690124 -78.142145 0.0 0.4
39.690495999999996 -78.152148 0.0 0.4
39.693918 -78.162654 0.0 0.4
39.695505 -78.172933 0.0 0.4
39.694815999999996 -78.183252 0.0 0.4
39.689344 -78.191976 0.0 0.4
39.680748 -78.19812 0.0 0.4
39.676054 -78.20736099999999 0.0 0.4
39.675667 -78.219312 0.0 0.4
39.675466 -78.229636 0.0 0.4
39.665681 -78.227457 0.0 0.4
39.655882 -78.229653 0.0 0.4
39.65146 -78.23888099999999 0.0 0.4
39.644452 -78.24710499999999 0.0 0.4
39.638478 -78.255297 0.0 0.4
39.630655999999995 -78.26220699999999 0.0 0.4
39.620706 -78.26407999999999 0.0 0.4
39.620124 -78.27469599999999 0.0 0.4
39.621137 -78.285562 0.0 0.4
39.624817 -78.294958 0.0 0.4
39.628215999999995 -78.30442599999999 0.0 0.4
39.631080999999995 -78.314279 0.0 0.4
39.633956999999995 -78.323891 0.0 0.4
39.636762 -78.33381899999999 0.0 0.4
39.638563999999995 -78.344197 0.0 0.4
39.640553 -78.35411599999999 0.0 0.4
39.630569 -78.35345699999999 0.0 0.4
39.625921 -78.362391 0.0 0.4
39.630094 -78.371708 0.0 0.4
39.628527999999996 -78.381717 0.0 0.4
39.617492 -78.37841999999999 0.0 0.4
39.608951 -78.383744 0.0 0.4
39.613467 -78.3927 0.0 0.4
39.61781 -78.40211099999999 0.0 0.4
39.620899 -78.412054 0.0 0.4
39.624325999999996 -78.421685 0.0 0.4
39.622291 -78.43164399999999 0.0 0.4
39.612435999999995 -78.429504 0.0 0.4
39.605028 -78.422681 0.0 0.4
39.599243 -78.414057 0.0 0.4
39.594707 -78.405126 0.0 0.4
39.589647 -78.396487 0.0 0.4
39.580416 -78.40055 0.0 0.4
39.578987 -78.410922 0.0 0.4
39.582561999999996 -78.420874 0.0 0.4
39.587339 -78.42967 0.0 0.4
39.590162 -78.439482 0.0 0.4
39.590716 -78.449742 0.0 0.4
39.584896 -78.45788499999999 0.0 0.4
39.574444 -78.454577 0.0 0.4
39.568625999999995 -78.446334 0.0 0.4
39.563204 -78.437519 0.0 0.4
39.559591 -78.42801 0.0 0.4
39.552963 -78.420445 0.0 0.4
39.551565 -78.430505 0.0 0.4
39.542189 -78.434625 0.0 0.4
39.544972 -78.444757 0.0 0.4
39.550685 -78.45308399999999 0.0 0.4
39.541785 -78.44847399999999 0.0 0.4
39.538349 -78.458004 0.0 0.4
39.528577999999996 -78.46072699999999 0.0 0.4
39.519174 -78.46454399999999 0.0 0.4
39.516185 -78.474806 0.0 0.4
39.519557 -78.484247 0.0 0.4
39.518274 -78.49434099999999 0.0 0.4
39.518961 -78.50437 0.0 0.4
39.522780999999995 -78.514078 0.0 0.4
39.52464 -78.524299 0.0 0.4
39.523244999999996 -78.535781 0.0 0.4
39.521412 -78.54592699999999 0.0 0.4
39.521429 -78.556156 0.0 0.4
39.519363999999996 -78.56600399999999 0.0 0.4
39.524316 -78.575302 0.0 0.4
39.527878 -78.585298 0.0 0.4
39.536550999999996 -78.590498 0.0 0.4
39.533622 -78.600061 0.0 0.4
39.535489999999996 -78.609995 0.0 0.4
39.539235999999995 -78.61990999999999 0.0 0.4
39.537206999999995 -78.62995699999999 0.0 0.4
39.536317 -78.640579 0.0 0.4
39.535213999999996 -78.65106 0.0 0.4
39.536089 -78.661158 0.0 0.4
39.540551 -78.670718 0.0 0.4
39.543321999999996 -78.68042799999999 0.0 0.4
39.546426 -78.69026199999999 0.0 0.4
39.554128999999996 -78.697616 0.0 0.4
39.555952999999995 -78.70767599999999 0.0 0.4
39.562998 -78.715323 0.0 0.4
39.565103 -78.725146 0.0 0.4
39.574051999999995 -78.731338 0.0 0.4
39.584542 -78.73294 0.0 0.4
39.582541 -78.74292899999999 0.0 0.4
39.581447 -78.753272 0.0 0.4
39.584161 -78.762901 0.0 0.4
39.59301 -78.769099 0.0 0.4
39.599723999999995 -78.776569 0.0 0.4
39.607305 -78.769425 0.0 0.4
39.610112 -78.759615 0.0 0.4
39.608008 -78.749633 0.0 0.4
39.609607 -78.739279 0.0 0.4
39.618193 -78.733907 0.0 0.4
39.625161 -78.74283299999999 0.0 0.4
39.624637 -78.752907 0.0 0.4
39.619679999999995 -78.76161499999999 0.0 0.4
39.621128 -78.77175199999999 0.0 0.4
39.632467999999996 -78.774588 0.0 0.4
39.640927999999995 -78.76728399999999 0.0 0.4
39.64439 -78.77678499999999 0.0 0.4
39.636648 -78.78370000000001 0.0 0.4
39.637443999999995 -78.793825 0.0 0.4
39.628692 -78.799173 0.0 0.4
39.618581 -78.797759 0.0 0.4
39.607746999999996 -78.795468 0.0 0.4
39.607082999999996 -78.805673 0.0 0.4
39.598549 -78.81181699999999 0.0 0.4
39.590595 -78.8186 0.0 0.4
39.584237 -78.826329 0.0 0.4
39.576375999999996 -78.819993 0.0 0.4
39.568152 -78.813583 0.0 0.4
39.560742999999995 -78.820506 0.0 0.4
39.565186 -78.83004199999999 0.0 0.4
39.566347 -78.840075 0.0 0.4
39.561371 -78.84912 0.0 0.4
39.551653 -78.851854 0.0 0.4
39.543935999999995 -78.858621 0.0 0.4
39.539457 -78.869074 0.0 0.4
39.529133 -78.871021 0.0 0.4
39.521419 -78.877416 0.0 0.4
39.523205999999995 -78.88751599999999 0.0 0.4
39.513835 -78.892153 0.0 0.4
39.512662 -78.902531 0.0 0.4
39.502753 -78.904787 0.0 0.4
39.495263 -78.912211 0.0 0.4
39.48632 -78.91672 0.0 0.4
39.487297 -78.926923 0.0 0.4
39.484457 -78.936593 0.0 0.4
39.474623 -78.938732 0.0 0.4
39.466609999999996 -78.94578 0.0 0.4
39.463708 -78.955561 0.0 0.4
39.453728 -78.954719 0.0 0.4
39.443442 -78.955665 0.0 0.4
39.43837 -78.964417 0.0 0.4
39.444396 -78.97246 0.0 0.4
39.449841 -78.98122699999999 0.0 0.4
39.453416 -78.992346 0.0 0.4
39.457865 -79.001468 0.0 0.4
39.461121 -79.010924 0.0 0.4
39.467737 -79.01864499999999 0.0 0.4
39.464779 -79.028668 0.0 0.4
39.471869 -79.036087 0.0 0.4
39.479665 -79.04416599999999 0.0 0.4
39.47715 -79.053955 0.0 0.4
39.478099 -79.06401199999999 0.0 0.4
39.473707999999995 -79.073347 0.0 0.4
39.471444999999996 -79.08406599999999 0.0 0.4
39.473827 -79.093858 0.0 0.4
39.475629999999995 -79.10387 0.0 0.4
39.468236 -79.096959 0.0 0.4
39.462924 -79.105599 0.0 0.4
39.453206 -79.10242 0.0 0.4
39.445434 -79.10891099999999 0.0 0.4
39.439166 -79.116817 0.0 0.4
39.432413 -79.124755 0.0 0.4
39.422608 -79.127343 0.0 0.4
39.418752999999995 -79.137749 0.0 0.4
39.408719 -79.141133 0.0 0.4
39.414451 -79.149649 0.0 0.4
39.417052 -79.159418 0.0 0.4
39.407275999999996 -79.161666 0.0 0.4
39.397608999999996 -79.165945 0.0 0.4
39.388321 -79.162052 0.0 0.4
39.391512999999996 -79.171746 0.0 0.4
39.395131 -79.181091 0.0 0.4
39.385343999999996 -79.18368099999999 0.0 0.4
39.388616 -79.193246 0.0 0.4
39.381783999999996 -79.200563 0.0 0.4
39.374004 -79.207017 0.0 0.4
39.365986 -79.213149 0.0 0.4
39.363732 -79.22316599999999 0.0 0.4
39.359989999999996 -79.23268499999999 0.0 0.4
39.359327 -79.242893 0.0 0.4
39.35577 -79.252256 0.0 0.4
39.345793 -79.254288 0.0 0.4
39.33575 -79.25590199999999 0.0 0.4
39.33598 -79.266 0.0 0.4
39.327965999999996 -79.272095 0.0 0.4
39.323648 -79.281426 0.0 0.4
39.313915 -79.28393799999999 0.0 0.4
39.304838 -79.28907699999999 0.0 0.4
39.300067999999996 -79.298953 0.0 0.4
39.302408 -79.30895 0.0 0.4
39.302047 -79.319745 0.0 0.4
39.299884 -79.329756 0.0 0.4
39.295801999999995 -79.338977 0.0 0.4
39.286556 -79.343786 0.0 0.4
39.280605 -79.352059 0.0 0.4
39.275321999999996 -79.360731 0.0 0.4
39.273964 -79.370803 0.0 0.4
39.269008 -79.38063 0.0 0.4
39.262484 -79.388621 0.0 0.4
39.256046999999995 -79.396524 0.0 0.4
39.249102 -79.40436299999999 0.0 0.4
39.241619 -79.411508 0.0 0.4
39.238065999999996 -79.420925 0.0 0.4
39.228353 -79.424688 0.0 0.4
39.223113999999995 -79.433726 0.0 0.4
39.216968 -79.441706 0.0 0.4
39.212765999999995 -79.450784 0.0 0.4
39.211337 -79.460745 0.0 0.4
39.205898 -79.469144 0.0 0.4
39.204231 -79.479464 0.0 0.4
39.214402 -79.48674799999999 0.0 0.4
39.225035999999996 -79.48659099999999 0.0 0.4
39.23684 -79.486419 0.0 0.4
39.248782 -79.486243 0.0 0.4
39.259197 -79.486008 0.0 0.4
39.273253 -79.487155 0.0 0.4
39.291824 -79.487044 0.0 0.4
39.302398 -79.486722 0.0 0.4
39.314236 -79.486548 0.0 0.4
39.325025 -79.48636499999999 0.0 0.4
39.341892 -79.486108 0.0 0.4
39.352646 -79.484263 0.0 0.4
39.364207 -79.484111 0.0 0.4
39.374964999999996 -79.483972 0.0 0.4
39.385878 -79.483852 0.0 0.4
39.396297 -79.483736 0.0 0.4
39.406304999999996 -79.48362399999999 0.0 0.4
39.416483 -79.483513 0.0 0.4
39.426733999999996 -79.483355 0.0 0.4
39.438120999999995 -79.483274 0.0 0.4
39.448620999999996 -79.48317 0.0 0.4
39.460262 -79.482934 0.0 0.4
39.470349 -79.482899 0.0 0.4
39.483551 -79.482781 0.0 0.4
39.494800000000005 -79.48279699999999 0.0 0.4
39.506242 -79.482648 0.0 0.4
39.516405999999996 -79.482565 0.0 0.4
39.526815 -79.48239099999999 0.0 0.4
39.536187999999996 -79.478827 0.0 0.4
39.546212 -79.47874 0.0 0.4
39.556317 -79.478655 0.0 0.4
39.56699 -79.478563 0.0 0.4
39.578218 -79.478466 0.0 0.4
39.588947999999995 -79.478375 0.0 0.4
39.601703 -79.478265 0.0 0.4
39.614168 -79.478158 0.0 0.4
39.625083 -79.478064 0.0 0.4
39.636278999999995 -79.47787 0.0 0.4
39.648548 -79.476601 0.0 0.4
39.660410999999996 -79.476677 0.0 0.4
39.670584 -79.476742 0.0 0.4
39.681126 -79.476789 0.0 0.4
39.692754 -79.47682999999999 0.0 0.4
39.703531999999996 -79.476844 0.0 0.4
39.715582999999995 -79.47671799999999 0.0 0.4
39.7212 -79.46378399999999 0.0 0.4
39.721303999999996 -79.452721 0.0 0.4
39.721394 -79.44251299999999 0.0 0.4
39.721464 -79.432301 0.0 0.4
39.721539 -79.421224 0.0 0.4
39.721578 -79.410905 0.0 0.4
39.721578 -79.400303 0.0 0.4
39.721585 -79.389708 0.0 0.4
39.721616 -79.379359 0.0 0.4
39.72168 -79.366984 0.0 0.4
39.721785 -79.348776 0.0 0.4
39.721858999999995 -79.33693099999999 0.0 0.4
39.721907 -79.325919 0.0 0.4
39.721973999999996 -79.314188 0.0 0.4
39.721976999999995 -79.303823 0.0 0.4
39.721975 -79.291727 0.0 0.4
39.721973 -79.26825199999999 0.0 0.4
39.721972 -79.257926 0.0 0.4
39.721979 -79.247844 0.0 0.4
39.721978 -79.234493 0.0 0.4
39.721989 -79.22250799999999 0.0 0.4
39.722035999999996 -79.211469 0.0 0.4
39.722080999999996 -79.20075299999999 0.0 0.4
39.722162 -79.190135 0.0 0.4
39.722265 -79.17666799999999 0.0 0.4
39.722317 -79.165266 0.0 0.4
39.722409 -79.14245799999999 0.0 0.4
39.722456 -79.131183 0.0 0.4
39.722484 -79.11684699999999 0.0 0.4
39.722485 -79.10566399999999 0.0 0.4
39.722483 -79.09200799999999 0.0 0.4
39.722518 -79.081135 0.0 0.4
39.722637 -79.069474 0.0 0.4
39.722767999999995 -79.056735 0.0 0.4
39.722882999999996 -79.045548 0.0 0.4
39.722826999999995 -79.03523 0.0 0.4
39.722744999999996 -79.020308 0.0 0.4
39.722640999999996 -79.00475999999999 0.0 0.4
39.722569 -78.9925 0.0 0.4
39.722601999999995 -78.980903 0.0 0.4
39.722626999999996 -78.968724 0.0 0.4
39.722682999999996 -78.958642 0.0 0.4
39.722719 -78.94403 0.0 0.4
39.722767 -78.932092 0.0 0.4
39.722806 -78.92105099999999 0.0 0.4
39.722843999999995 -78.905518 0.0 0.4
39.722871 -78.893155 0.0 0.4
39.7229 -78.88100399999999 0.0 0.4
39.722949 -78.866863 0.0 0.4
39.722992999999995 -78.856535 0.0 0.4
39.722984 -78.84625799999999 0.0 0.4
39.722944 -78.835888 0.0 0.4
39.722922 -78.825865 0.0 0.4
39.722896999999996 -78.815437 0.0 0.4
39.722921 -78.800086 0.0 0.4
39.722919 -78.78952699999999 0.0 0.4
39.722955 -78.77757199999999 0.0 0.4
39.722941 -78.76620199999999 0.0 0.4
39.72298 -78.74517999999999 0.0 0.4
39.723034 -78.72977399999999 0.0 0.4
39.722944 -78.71920899999999 0.0 0.4
39.722885999999995 -78.70653999999999 0.0 0.4
39.722941 -78.69523099999999 0.0 0.4
39.722926 -78.680861 0.0 0.4
39.72293 -78.670137 0.0 0.4
39.722888 -78.659187 0.0 0.4
39.722930999999996 -78.64245799999999 0.0 0.4
39.722918 -78.63177499999999 0.0 0.4
39.722834999999996 -78.615539 0.0 0.4
39.722657999999996 -78.597816 0.0 0.4
39.722567999999995 -78.57991899999999 0.0 0.4
39.722674999999995 -78.564819 0.0 0.4
39.722764999999995 -78.5548 0.0 0.4
39.72277 -78.544282 0.0 0.4
39.722516 -78.53366799999999 0.0 0.4
39.722637 -78.520533 0.0 0.4
39.722756 -78.50840099999999 0.0 0.4
39.722834 -78.496349 0.0 0.4
39.72285 -78.486167 0.0 0.4
39.722857999999995 -78.475009 0.0 0.4
39.722865999999996 -78.464563 0.0 0.4
39.722846 -78.452017 0.0 0.4
39.722479 -78.438841 0.0 0.4
39.722566 -78.425448 0.0 0.4
39.722747 -78.413192 0.0 0.4
39.722766 -78.401173 0.0 0.4
39.722716 -78.38624399999999 0.0 0.4
39.722556999999995 -78.370256 0.0 0.4
39.722572 -78.359512 0.0 0.4
39.722003 -78.345942 0.0 0.4
39.722545 -78.33576699999999 0.0 0.4
39.72276 -78.323448 0.0 0.4
39.722842 -78.311323 0.0 0.4
39.722766 -78.299767 0.0 0.4
39.722685999999996 -78.287998 0.0 0.4
39.722595 -78.273781 0.0 0.4
39.722626 -78.25750099999999 0.0 0.4
39.722636 -78.247199 0.0 0.4
39.722598999999995 -78.236999 0.0 0.4
39.722541 -78.225776 0.0 0.4
39.722477999999995 -78.214056 0.0 0.4
39.72251 -78.20405 0.0 0.4
39.7224 -78.186132 0.0 0.4
39.722381999999996 -78.175184 0.0 0.4
39.722322999999996 -78.153171 0.0 0.4
39.722296 -78.142218 0.0 0.4
39.722265 -78.130262 0.0 0.4
39.722207999999995 -78.120023 0.0 0.4
39.722106 -78.102246 0.0 0.4
39.722167 -78.09035999999999 0.0 0.4
39.722300000000004 -78.079103 0.0 0.4
39.722359 -78.066441 0.0 0.4
39.722303 -78.049031 0.0 0.4
39.722334 -78.035251 0.0 0.4
39.722393 -78.022222 0.0 0.4
39.722403 -78.001497 0.0 0.4
39.722397 -77.988371 0.0 0.4
39.722392 -77.97743 0.0 0.4
39.722384999999996 -77.966442 0.0 0.4
39.722359 -77.956232 0.0 0.4
39.722339 -77.943112 0.0 0.4
39.722327 -77.929484 0.0 0.4
39.722272 -77.918673 0.0 0.4
39.722229 -77.90377699999999 0.0 0.4
39.722148 -77.893524 0.0 0.4
39.722201 -77.879035 0.0 0.4
39.722086 -77.867486 0.0 0.4
39.721987999999996 -77.851191 0.0 0.4
39.721865 -77.831448 0.0 0.4
39.721737 -77.81116 0.0 0.4
39.721731 -77.79957499999999 0.0 0.4
39.721556 -77.78956099999999 0.0 0.4
39.721441999999996 -77.7792 0.0 0.4
39.721356 -77.76832499999999 0.0 0.4
39.721263 -77.758015 0.0 0.4
39.721286 -77.747224 0.0 0.4
39.721242 -77.737145 0.0 0.4
39.7212 -77.726855 0.0 0.4
39.721036999999995 -77.715913 0.0 0.4
39.720997 -77.698386 0.0 0.4
39.720939 -77.68572499999999 0.0 0.4
39.720816 -77.675148 0.0 0.4
39.720656999999996 -77.656759 0.0 0.4
39.720591999999996 -77.643307 0.0 0.4
39.720499 -77.62789699999999 0.0 0.4
39.720532999999996 -77.617437 0.0 0.4
39.720509 -77.606645 0.0 0.4
39.720461 -77.59543699999999 0.0 0.4
39.720428 -77.583007 0.0 0.4
39.720386999999995 -77.57298399999999 0.0 0.4
39.720276999999996 -77.554818 0.0 0.4
39.720166 -77.54417099999999 0.0 0.4
39.720106 -77.53412999999999 0.0 0.4
39.720039 -77.523431 0.0 0.4
39.719950999999995 -77.511926 0.0 0.4
39.719916 -77.4999 0.0 0.4
39.720006 -77.489272 0.0 0.4
39.720017999999996 -77.47882 0.0 0.4
39.720025 -77.46754299999999 0.0 0.4
39.719967 -77.45731599999999 0.0 0.4
39.719947 -77.44681299999999 0.0 0.4
39.719919 -77.435799 0.0 0.4
39.719887 -77.420501 0.0 0.4
39.719863 -77.409478 0.0 0.4
39.719829 -77.395755 0.0 0.4
39.719865 -77.380394 0.0 0.4
39.719896999999996 -77.37006699999999 0.0 0.4
39.719902 -77.357698 0.0 0.4
39.719904 -77.339411 0.0 0.4
39.719905 -77.327967 0.0 0.4
39.719907 -77.31759699999999 0.0 0.4
39.719907 -77.30699299999999 0.0 0.4
39.719904 -77.295363 0.0 0.4
39.719896 -77.275774 0.0 0.4
39.719894 -77.264889 0.0 0.4
39.719885 -77.251542 0.0 0.4
39.719881 -77.24110499999999 0.0 0.4
39.719874 -77.230942 0.0 0.4
39.719863 -77.219555 0.0 0.4
39.719847 -77.205012 0.0 0.4
39.719832 -77.19010999999999 0.0 0.4
39.719816 -77.176057 0.0 0.4
39.719896 -77.16143799999999 0.0 0.4
39.719902 -77.14782799999999 0.0 0.4
39.719909 -77.135009 0.0 0.4
39.719916999999995 -77.124465 0.0 0.4
39.719918 -77.11410699999999 0.0 0.4
39.71993 -77.103078 0.0 0.4
39.719933 -77.08958299999999 0.0 0.4
39.719943 -77.067494 0.0 0.4
39.719930999999995 -77.05506 0.0 0.4
39.719918 -77.043449 0.0 0.4
39.719929 -77.032659 0.0 0.4
39.720082 -77.02081799999999 0.0 0.4
39.720082999999995 -77.009565 0.0 0.4
39.720106 -76.999318 0.0 0.4
39.719839 -76.989024 0.0 0.4
39.720019 -76.978279 0.0 0.4
39.720186 -76.965657 0.0 0.4
39.720400000000005 -76.953405 0.0 0.4
39.7205 -76.943202 0.0 0.4
39.7207 -76.93260099999999 0.0 0.4
39.720608 -76.922249 0.0 0.4
39.720596 -76.91155499999999 0.0 0.4
39.720462999999995 -76.89793 0.0 0.4
39.720397 -76.883089 0.0 0.4
39.72051 -76.87294 0.0 0.4
39.720400999999995 -76.86269899999999 0.0 0.4
39.720546 -76.852387 0.0 0.4
39.720521999999995 -76.841762 0.0 0.4
39.72054 -76.82632699999999 0.0 0.4
39.720611 -76.816119 0.0 0.4
39.720617999999995 -76.805515 0.0 0.4
39.720600999999995 -76.794989 0.0 0.4
39.720805 -76.784346 0.0 0.4
39.720805999999996 -76.772257 0.0 0.4
39.720901999999995 -76.75916699999999 0.0 0.4
39.720904999999995 -76.748877 0.0 0.4
39.720982 -76.737565 0.0 0.4
39.721002 -76.727 0.0 0.4
39.721015 -76.71692 0.0 0.4
39.721194 -76.706361 0.0 0.4
39.721097 -76.69304699999999 0.0 0.4
39.721112999999995 -76.679605 0.0 0.4
39.721098 -76.669359 0.0 0.4
39.721123999999996 -76.65915 0.0 0.4
39.7211 -76.647356 0.0 0.4
39.7212 -76.631503 0.0 0.4
39.721202 -76.61835099999999 0.0 0.4
39.721298999999995 -76.601427 0.0 0.4
39.720967 -76.59037699999999 0.0 0.4
39.721298 -76.57874799999999 0.0 0.4
39.721159 -76.567651 0.0 0.4
39.721334 -76.554255 0.0 0.4
39.721326999999995 -76.543379 0.0 0.4
39.721303 -76.529252 0.0 0.4
39.721211 -76.518704 0.0 0.4
39.721208999999995 -76.507241 0.0 0.4
39.721274 -76.495454 0.0 0.4
39.721315 -76.48503699999999 0.0 0.4
39.721145 -76.474341 0.0 0.4
39.721177 -76.464274 0.0 0.4
39.721303999999996 -76.453099 0.0 0.4
39.721201 -76.442773 0.0 0.4
39.721295 -76.43148099999999 0.0 0.4
39.721202 -76.41931799999999 0.0 0.4
39.721232 -76.409075 0.0 0.4
39.721235 -76.39864899999999 0.0 0.4
39.721202999999996 -76.387738 0.0 0.4
39.721303 -76.374088 0.0 0.4
39.721303999999996 -76.361223 0.0 0.4
39.721303 -76.34811599999999 0.0 0.4
39.721287 -76.337912 0.0 0.4
39.721303 -76.3268 0.0 0.4
39.721305 -76.313554 0.0 0.4
39.721303 -76.303044 0.0 0.4
39.721303999999996 -76.291248 0.0 0.4
39.721303999999996 -76.276905 0.0 0.4
39.721303 -76.26482 0.0 0.4
39.721188999999995 -76.254755 0.0 0.4
39.721441999999996 -76.244117 0.0 0.4
39.721367 -76.233279 0.0 0.4
39.72137 -76.21932699999999 0.0 0.4
39.721349 -76.205803 0.0 0.4
39.721306999999996 -76.18471199999999 0.0 0.4
39.721466 -76.163129 0.0 0.4
39.721457 -76.152958 0.0 0.4
39.721131 -76.135755 0.0 0.4
39.721225 -76.125624 0.0 0.4
39.721312 -76.114626 0.0 0.4
39.721408 -76.10246699999999 0.0 0.4
39.721483 -76.08631299999999 0.0 0.4
39.72154 -76.073926 0.0 0.4
39.721602 -76.060423 0.0 0.4
39.72165 -76.04860000000001 0.0 0.4
39.721697999999996 -76.035986 0.0 0.4
39.721737 -76.025576 0.0 0.4
39.721827 -76.013149 0.0 0.4
39.721755 -76.002348 0.0 0.4
39.721765999999995 -75.98932099999999 0.0 0.4
39.721782 -75.97381 0.0 0.4
39.721792 -75.96215 0.0 0.4
39.721823 -75.950086 0.0 0.4
39.721878 -75.937111 0.0 0.4
39.721922 -75.92695499999999 0.0 0.4
39.721948 -75.912488 0.0 0.4
39.721975 -75.898715 0.0 0.4
39.721954 -75.88094099999999 0.0 0.4
39.721947 -75.867277 0.0 0.4
39.721956999999996 -75.856512 0.0 0.4
39.72197 -75.842 0.0 0.4
39.722031 -75.831473 0.0 0.4
39.722105 -75.821362 0.0 0.4
39.722183 -75.81066899999999 0.0 0.4
39.722196 -75.800643 0.0 0.4
39.722198999999996 -75.788596 0.0 0.4
39.707384999999995 -75.788596 0.0 0.4
39.695142 -75.788586 0.0 0.4
39.683625 -75.788594 0.0 0.4
39.671513 -75.78859899999999 0.0 0.4
39.65979 -75.789023 0.0 0.4
39.649567999999995 -75.788635 0.0 0.4
39.639005 -75.787775 0.0 0.4
39.621665 -75.786369 0.0 0.4
39.611084 -75.78551 0.0 0.4
39.596734 -75.78434 0.0 0.4
39.582253 -75.783163 0.0 0.4
39.562433999999996 -75.781556 0.0 0.4
39.546195 -75.780242 0.0 0.4
39.535554 -75.779382 0.0 0.4
39.520669 -75.77817399999999 0.0 0.4
39.508714999999995 -75.777205 0.0 0.4
39.494347999999995 -75.776037 0.0 0.4
39.484337 -75.775227 0.0 0.4
39.471767 -75.774203 0.0 0.4
39.460932 -75.773331 0.0 0.4
39.446441 -75.772162 0.0 0.4
39.431892 -75.770977 0.0 0.4
39.417376999999995 -75.769797 0.0 0.4
39.404232 -75.768751 0.0 0.4
39.393333999999996 -75.76786799999999 0.0 0.4
39.377562999999995 -75.766594 0.0 0.4
39.367182 -75.76575799999999 0.0 0.4
39.349305 -75.76431099999999 0.0 0.4
39.331116 -75.762844 0.0 0.4
39.316395 -75.76165999999999 0.0 0.4
39.30128 -75.760431 0.0 0.4
39.286829999999995 -75.75927399999999 0.0 0.4
39.276832 -75.758476 0.0 0.4
39.258447 -75.756999 0.0 0.4
39.246066 -75.75600399999999 0.0 0.4
39.231162999999995 -75.754797 0.0 0.4
39.218761 -75.753794 0.0 0.4
39.203297 -75.752566 0.0 0.4
39.185300999999995 -75.751128 0.0 0.4
39.175239999999995 -75.750318 0.0 0.4
39.156393 -75.748815 0.0 0.4
39.146347999999996 -75.748004 0.0 0.4
39.133744 -75.74699199999999 0.0 0.4
39.122794999999996 -75.746118 0.0 0.4
39.112514999999995 -75.74529 0.0 0.4
39.099665 -75.744265 0.0 0.4
39.084009 -75.74301899999999 0.0 0.4
39.071635 -75.742032 0.0 0.4
39.055831 -75.74077199999999 0.0 0.4
39.04362 -75.73979899999999 0.0 0.4
39.02999 -75.738703 0.0 0.4
39.011254 -75.737211 0.0 0.4
38.995360999999995 -75.735941 0.0 0.4
38.982267 -75.73490199999999 0.0 0.4
38.967656999999996 -75.733744 0.0 0.4
38.957392 -75.73292599999999 0.0 0.4
38.938652999999995 -75.731433 0.0 0.4
38.924166 -75.730279 0.0 0.4
38.909635 -75.729123 0.0 0.4
38.895486 -75.728009 0.0 0.4
38.884802 -75.727159 0.0 0.4
38.868862 -75.725882 0.0 0.4
38.856631 -75.72491 0.0 0.4
38.844350999999996 -75.723941 0.0 0.4
38.833098 -75.723053 0.0 0.4
38.822551 -75.72222599999999 0.0 0.4
38.808053 -75.72108 0.0 0.4
38.794512 -75.71999799999999 0.0 0.4
38.778988999999996 -75.718764 0.0 0.4
38.765598 -75.717704 0.0 0.4
38.752337 -75.716657 0.0 0.4
38.740925 -75.71575299999999 0.0 0.4
38.728103999999995 -75.71473999999999 0.0 0.4
38.706499 -75.713032 0.0 0.4
38.692001 -75.711894 0.0 0.4
38.681835 -75.711094 0.0 0.4
38.663019 -75.70961799999999 0.0 0.4
38.648528999999996 -75.70848099999999 0.0 0.4
38.635476 -75.707453 0.0 0.4
38.623428 -75.706503 0.0 0.4
38.610797 -75.705508 0.0 0.4
38.599831 -75.704644 0.0 0.4
38.585302999999996 -75.7035 0.0 0.4
38.565329999999996 -75.701931 0.0 0.4
38.553515999999995 -75.701002 0.0 0.4
38.542618999999995 -75.700147 0.0 0.4
38.52744 -75.698953 0.0 0.4
38.516895999999996 -75.698129 0.0 0.4
38.503584 -75.697081 0.0 0.4
38.492376 -75.696203 0.0 0.4
38.476575 -75.694964 0.0 0.4
38.46008 -75.69367 0.0 0.4
38.459543 -75.67871 0.0 0.4
38.459064 -75.66535 0.0 0.4
38.458517 -75.65019099999999 0.0 0.4
38.457809 -75.630673 0.0 0.4
38.457277999999995 -75.616046 0.0 0.4
38.456885 -75.605267 0.0 0.4
38.456576999999996 -75.59491799999999 0.0 0.4
38.456277 -75.58356599999999 0.0 0.4
38.456 -75.573149 0.0 0.4
38.455641 -75.562951 0.0 0.4
38.455445 -75.552443 0.0 0.4
38.455165 -75.54198099999999 0.0 0.4
38.454857 -75.530549 0.0 0.4
38.454459 -75.515851 0.0 0.4
38.454198999999996 -75.504815 0.0 0.4
38.453989 -75.49349699999999 0.0 0.4
38.453767 -75.481447 0.0 0.4
38.453427999999995 -75.46359 0.0 0.4
38.453058 -75.444056 0.0 0.4
38.452833999999996 -75.432397 0.0 0.4
38.452607 -75.420507 0.0 0.4
38.452335 -75.410057 0.0 0.4
38.452211999999996 -75.39998899999999 0.0 0.4
38.452126 -75.38440899999999 0.0 0.4
38.452258 -75.37391699999999 0.0 0.4
38.452144 -75.357201 0.0 0.4
38.452034 -75.341291 0.0 0.4
38.451834 -75.312969 0.0 0.4
38.451659 -75.289095 0.0 0.4
38.451555 -75.275486 0.0 0.4
38.451463 -75.26327599999999 0.0 0.4
38.451384999999995 -75.253022 0.0 0.4
38.451279 -75.239482 0.0 0.4
38.45122 -75.22721899999999 0.0 0.4
38.451217 -75.21244899999999 0.0 0.4
38.451211 -75.195461 0.0 0.4
38.451205 -75.18471699999999 0.0 0.4
38.4512 -75.173604 0.0 0.4
38.451191 -75.15992399999999 0.0 0.4
38.451181999999996 -75.14947699999999 0.0 0.4
38.451177 -75.137146 0.0 0.4
38.451195 -75.121881 0.0 0.4
38.451209 -75.107924 0.0 0.4
38.451217 -75.09697299999999 0.0 0.4
38.451228 -75.085909 0.0 0.4
38.451291999999995 -75.07498799999999 0.0 0.4
38.451243 -75.064719 0.0 0.4
38.45125 -75.054647 0.0 0.4
38.451239 -75.039306 0.0 0.4
38.4512 -75.02462 0.0 0.4
38.451158 -75.009545 0.0 0.4
38.451178 -74.998375 0.0 0.4
38.451578 -74.987701 0.0 0.4
38.436628999999996 -74.987945 0.0 0.4
38.422323999999996 -74.990417 0.0 0.4
38.406447 -74.993347 0.0 0.4
38.382971 -74.999625 0.0 0.4
38.371668 -74.999625 0.0 0.4
38.321425 -75.019095 0.0 0.4
38.309756 -75.020805 0.0 0.4
38.294737 -75.031295 0.0 0.4
38.287009 -75.041457 0.0 0.4
38.250113 -75.057929 0.0 0.4
38.225932 -75.071403 0.0 0.4
38.189356 -75.087813 0.0 0.4
38.154776 -75.101593 0.0 0.4
38.125116999999996 -75.112228 0.0 0.4
38.093900999999995 -75.124625 0.0 0.4
38.074469 -75.1352 0.0 0.4
38.040797 -75.156866 0.0 0.4
38.027834 -75.16643499999999 0.0 0.4
38.02735 -75.223762 0.0 0.4
38.027063 -75.240397 0.0 0.4
38.026648 -75.250404 0.0 0.4
38.025762 -75.260652 0.0 0.4
38.024913 -75.270617 0.0 0.4
38.023772 -75.283355 0.0 0.4
38.020337999999995 -75.321182 0.0 0.4
38.015459 -75.374641 0.0 0.4
38.014423 -75.386132 0.0 0.4
38.013467999999996 -75.396712 0.0 0.4
38.012377 -75.41008599999999 0.0 0.4
38.01139 -75.422057 0.0 0.4
38.010638 -75.432548 0.0 0.4
38.009329 -75.448679 0.0 0.4
38.008429 -75.459648 0.0 0.4
38.007577999999995 -75.469818 0.0 0.4
38.006419 -75.482986 0.0 0.4
38.005541 -75.493055 0.0 0.4
38.004599 -75.504402 0.0 0.4
38.003654 -75.515492 0.0 0.4
38.002413 -75.53029599999999 0.0 0.4
38.001363999999995 -75.54173899999999 0.0 0.4
38.000465 -75.552471 0.0 0.4
37.999593 -75.563261 0.0 0.4
37.998585999999996 -75.575107 0.0 0.4
37.997575999999995 -75.586364 0.0 0.4
37.996645 -75.597312 0.0 0.4
37.995501999999995 -75.60975599999999 0.0 0.4
37.994585 -75.620651 0.0 0.4
37.988354 -75.629348 0.0 0.4
37.978244 -75.629093 0.0 0.4
37.978715 -75.639302 0.0 0.4
37.969775 -75.644725 0.0 0.4
37.957668 -75.64793 0.0 0.4
37.947025 -75.647606 0.0 0.4
37.946732 -75.658695 0.0 0.4
37.950564 -75.66982999999999 0.0 0.4
37.953502 -75.682298 0.0 0.4
37.955382 -75.693162 0.0 0.4
37.954792999999995 -75.703795 0.0 0.4
37.952413 -75.714438 0.0 0.4
37.949216 -75.727639 0.0 0.4
37.946318999999995 -75.739909 0.0 0.4
37.941365999999995 -75.761642 0.0 0.4
37.92491 -75.783963 0.0 0.4
37.912191 -75.801209 0.0 0.4
37.912039 -75.813907 0.0 0.4
37.911397 -75.87465399999999 0.0 0.4
37.910497 -75.895911 0.0 0.4
37.908465 -75.927353 0.0 0.4
37.906827 -75.95267199999999 0.0 0.4
37.946132999999996 -75.943693 0.0 0.4
37.951996 -75.983272 0.0 0.4
37.953486999999996 -75.993338 0.0 0.4
37.953602 -76.003509 0.0 0.4
37.953617 -76.017562 0.0 0.4
37.953702 -76.028133 0.0 0.4
37.953984 -76.03930299999999 0.0 0.4
37.953581 -76.05025499999999 0.0 0.4
37.928708 -76.124661 0.0 0.4
37.887637999999995 -76.233415 0.0 0.4
37.892210999999996 -76.243168 0.0 0.4
37.898573999999996 -76.251173 0.0 0.4
37.906137 -76.258304 0.0 0.4
37.911693 -76.267026 0.0 0.4
37.916002999999996 -76.27676699999999 0.0 0.4
37.920159999999996 -76.286541 0.0 0.4
37.924751 -76.295763 0.0 0.4
37.929455 -76.30609 0.0 0.4
37.93405 -76.315259 0.0 0.4
37.938651 -76.324393 0.0 0.4
37.943068 -76.33367199999999 0.0 0.4
37.947462 -76.34438 0.0 0.4
37.95053 -76.35430099999999 0.0 0.4
37.953108 -76.364206 0.0 0.4
37.955123 -76.37467099999999 0.0 0.4
37.958132 -76.388019 0.0 0.4
37.966332 -76.41293399999999 0.0 0.4
37.973666 -76.421675 0.0 0.4
37.981846999999995 -76.43390000000001 0.0 0.4
37.989250999999996 -76.441262 0.0 0.4
38.000143 -76.45228 0.0 0.4
38.01322 -76.465008 0.0 0.4
38.015392 -76.474887 0.0 0.4
38.016253 -76.485472 0.0 0.4
38.018654 -76.495525 0.0 0.4
38.022092 -76.505387 0.0 0.4
38.026137 -76.514714 0.0 0.4
38.041782999999995 -76.516215 0.0 0.4
38.050582999999996 -76.52269299999999 0.0 0.4
38.057939999999995 -76.53004399999999 0.0 0.4
38.067093 -76.535488 0.0 0.4
38.076238 -76.540165 0.0 0.4
38.081267 -76.550007 0.0 0.4
38.086455 -76.558713 0.0 0.4
38.090505 -76.56930899999999 0.0 0.4
38.094578999999996 -76.57851 0.0 0.4
38.101051 -76.586665 0.0 0.4
38.106139 -76.595433 0.0 0.4
38.115065 -76.600076 0.0 0.4
38.125129 -76.601721 0.0 0.4
38.14765 -76.610145 0.0 0.4
38.150565 -76.619937 0.0 0.4
38.153495 -76.62991699999999 0.0 0.4
38.153712 -76.644148 0.0 0.4
38.155514 -76.656995 0.0 0.4
38.156959 -76.667301 0.0 0.4
38.159889 -76.68818 0.0 0.4
38.161359 -76.70089899999999 0.0 0.4
38.162433 -76.716792 0.0 0.4
38.164698 -76.749686 0.0 0.4
38.166858999999995 -76.759481 0.0 0.4
38.167820999999996 -76.770194 0.0 0.4
38.168118 -76.780258 0.0 0.4
38.169112999999996 -76.790267 0.0 0.4
38.168769999999995 -76.80059299999999 0.0 0.4
38.166505 -76.810696 0.0 0.4
38.164345 -76.820655 0.0 0.4
38.163281999999995 -76.830776 0.0 0.4
38.164035999999996 -76.840881 0.0 0.4
38.166990999999996 -76.850655 0.0 0.4
38.170991 -76.86002599999999 0.0 0.4
38.17141 -76.87002199999999 0.0 0.4
38.174436 -76.87961899999999 0.0 0.4
38.180668 -76.887474 0.0 0.4
38.186372 -76.896087 0.0 0.4
38.192401 -76.90416499999999 0.0 0.4
38.197815999999996 -76.912632 0.0 0.4
38.200888 -76.92231199999999 0.0 0.4
38.201529 -76.932384 0.0 0.4
38.205334 -76.942173 0.0 0.4
38.211884 -76.951157 0.0 0.4
38.221306 -76.956965 0.0 0.4
38.229887999999995 -76.962251 0.0 0.4
38.238543 -76.95694499999999 0.0 0.4
38.248534 -76.960285 0.0 0.4
38.258144 -76.963121 0.0 0.4
38.265125 -76.970416 0.0 0.4
38.272017999999996 -76.978267 0.0 0.4
38.274412999999996 -76.988973 0.0 0.4
38.279081999999995 -76.99929 0.0 0.4
38.286684 -77.006177 0.0 0.4
38.294368999999996 -77.012836 0.0 0.4
38.301179999999995 -77.021025 0.0 0.4
38.30809 -77.028502 0.0 0.4
38.319382 -77.024732 0.0 0.4
38.32732 -77.01864499999999 0.0 0.4
38.336517 -77.01437399999999 0.0 0.4
38.346824 -77.015788 0.0 0.4
38.35713 -77.014836 0.0 0.4
38.367666 -77.01517 0.0 0.4
38.377834 -77.01463799999999 0.0 0.4
38.3843 -77.022284 0.0 0.4
38.390822 -77.030025 0.0 0.4
38.397518999999996 -77.037475 0.0 0.4
38.399705999999995 -77.047474 0.0 0.4
38.395742999999996 -77.05717899999999 0.0 0.4
38.380918 -77.068196 0.0 0.4
38.373844 -77.075465 0.0 0.4
38.368739 -77.084238 0.0 0.4
38.367751999999996 -77.094436 0.0 0.4
38.369746 -77.104874 0.0 0.4
38.368517 -77.114905 0.0 0.4
38.367224 -77.127095 0.0 0.4
38.368023 -77.137734 0.0 0.4
38.361697 -77.145512 0.0 0.4
38.351046 -77.155191 0.0 0.4
38.345638 -77.16422 0.0 0.4
38.342974999999996 -77.17606099999999 0.0 0.4
38.341037 -77.190495 0.0 0.4
38.341142999999995 -77.201776 0.0 0.4
38.338789 -77.214674 0.0 0.4
38.335352 -77.226227 0.0 0.4
38.332299 -77.23643299999999 0.0 0.4
38.331523 -77.247149 0.0 0.4
38.332378999999996 -77.25800699999999 0.0 0.4
38.335915 -77.271407 0.0 0.4
38.342797 -77.283033 0.0 0.4
38.351285 -77.288349 0.0 0.4
38.36128 -77.290166 0.0 0.4
38.369684 -77.296083 0.0 0.4
38.375121 -77.30453 0.0 0.4
38.390901 -77.309204 0.0 0.4
38.401758 -77.312077 0.0 0.4
38.412934 -77.316102 0.0 0.4
38.423645 -77.320211 0.0 0.4
38.433454 -77.323009 0.0 0.4
38.444002 -77.31997 0.0 0.4
38.454003 -77.319593 0.0 0.4
38.46809 -77.31899 0.0 0.4
38.477971 -77.31635299999999 0.0 0.4
38.48764 -77.312114 0.0 0.4
38.497115 -77.30747 0.0 0.4
38.50322 -77.299403 0.0 0.4
38.513034999999995 -77.292886 0.0 0.4
38.519951999999996 -77.285639 0.0 0.4
38.52968 -77.281499 0.0 0.4
38.539147 -77.276735 0.0 0.4
38.548929 -77.274463 0.0 0.4
38.554856 -77.265683 0.0 0.4
38.560449999999996 -77.257044 0.0 0.4
38.575013999999996 -77.25175899999999 0.0 0.4
38.589416 -77.246903 0.0 0.4
38.598417 -77.238103 0.0 0.4
38.603729 -77.228807 0.0 0.4
38.610974999999996 -77.216195 0.0 0.4
38.616324999999996 -77.206904 0.0 0.4
38.619451 -77.197327 0.0 0.4
38.620999 -77.187429 0.0 0.4
38.623684 -77.177711 0.0 0.4
38.625105999999995 -77.166365 0.0 0.4
38.629439 -77.149816 0.0 0.4
38.632959 -77.13635599999999 0.0 0.4
38.642626 -77.133528 0.0 0.4
38.652774 -77.135898 0.0 0.4
38.665461 -77.133855 0.0 0.4
38.675193 -77.131277 0.0 0.4
38.682598 -77.124494 0.0 0.4
38.689235 -77.11663999999999 0.0 0.4
38.696418 -77.105674 0.0 0.4
38.700376 -77.096266 0.0 0.4
38.705605999999996 -77.087728 0.0 0.4
38.711983 -77.079931 0.0 0.4
38.710024 -77.070005 0.0 0.4
38.709928 -77.059916 0.0 0.4
38.712007 -77.050089 0.0 0.4
38.719279 -77.043217 0.0 0.4
38.729327 -77.041686 0.0 0.4
38.739241 -77.043478 0.0 0.4
38.750115 -77.04190899999999 0.0 0.4
38.761038 -77.04151399999999 0.0 0.4
38.785415 -77.04136199999999 0.0 0.4
38.794373 -77.035519 0.0 0.4
38.803112999999996 -77.024334 0.0 0.4
38.809359 -77.01634 0.0 0.4
38.816948 -77.006618 0.0 0.4
38.82336 -76.99859599999999 0.0 0.4
38.829718 -76.990411 0.0 0.4
38.835955 -76.982405 0.0 0.4
38.842244 -76.974346 0.0 0.4
38.848425 -76.966415 0.0 0.4
38.854848 -76.95818899999999 0.0 0.4
38.861059 -76.950203 0.0 0.4
38.867336 -76.942152 0.0 0.4
38.873517 -76.93421599999999 0.0 0.4
38.879664 -76.926324 0.0 0.4
38.885844 -76.918393 0.0 0.4
38.892645 -76.90964799999999 0.0 0.4
38.899094 -76.917346 0.0 0.4
38.905319 -76.925282 0.0 0.4
38.911764 -76.933508 0.0 0.4
38.918079 -76.94129699999999 0.0 0.4
38.9242 -76.949219 0.0 0.4
38.930617999999996 -76.957585 0.0 0.4
38.936881 -76.965598 0.0 0.4
38.943163 -76.97362799999999 0.0 0.4
38.950469 -76.982981 0.0 0.4
38.956689999999995 -76.990921 0.0 0.4
38.962855999999995 -76.99882 0.0 0.4
38.969767999999995 -77.007708 0.0 0.4
38.976169 -77.01572399999999 0.0 0.4
38.982718999999996 -77.024261 0.0 0.4
38.989044 -77.03236299999999 0.0 0.4
38.995844999999996 -77.040882 0.0 0.4
38.988821 -77.04961899999999 0.0 0.4
38.982048 -77.05850199999999 0.0 0.4
38.975749 -77.066554 0.0 0.4
38.969341 -77.074775 0.0 0.4
38.962939999999996 -77.082977 0.0 0.4
38.956767 -77.090862 0.0 0.4
38.950542 -77.098838 0.0 0.4
38.943054 -77.10884 0.0 0.4
38.936918 -77.116749 0.0 0.4
38.939766 -77.126381 0.0 0.4
38.948135 -77.13224799999999 0.0 0.4
38.956275 -77.138325 0.0 0.4
38.963404 -77.145532 0.0 0.4
38.965941 -77.15543 0.0 0.4
38.967757999999996 -77.165362 0.0 0.4
38.968115 -77.175432 0.0 0.4
38.967836999999996 -77.18552799999999 0.0 0.4
38.967428999999996 -77.195533 0.0 0.4
38.96886 -77.205463 0.0 0.4
38.970577 -77.215474 0.0 0.4
38.973099 -77.225244 0.0 0.4
38.976022 -77.234843 0.0 0.4
38.982101 -77.243005 0.0 0.4
38.990705999999996 -77.24815699999999 0.0 0.4
38.99863 -77.25430899999999 0.0 0.4
39.008916 -77.253339 0.0 0.4
39.016165 -77.246433 0.0 0.4
39.026078999999996 -77.247745 0.0 0.4
39.030100000000004 -77.25692599999999 0.0 0.4
39.032115 -77.266886 0.0 0.4
39.0351 -77.27652499999999 0.0 0.4
39.040738 -77.285127 0.0 0.4
39.046557 -77.293277 0.0 0.4
39.050249 -77.302602 0.0 0.4
39.051775 -77.31252599999999 0.0 0.4
39.054857999999996 -77.322087 0.0 0.4
39.058633 -77.331353 0.0 0.4
39.062926999999995 -77.34043199999999 0.0 0.4
39.062366 -77.350675 0.0 0.4
39.06257 -77.360811 0.0 0.4
39.061664 -77.37127199999999 0.0 0.4
39.062563 -77.381292 0.0 0.4
39.063105 -77.391753 0.0 0.4
39.064409 -77.401693 0.0 0.4
39.065704 -77.411838 0.0 0.4
39.066685 -77.421978 0.0 0.4
39.069544 -77.431934 0.0 0.4
39.071327 -77.442449 0.0 0.4
39.072398 -77.452544 0.0 0.4
39.075843 -77.46198799999999 0.0 0.4
39.084176 -77.467821 0.0 0.4
39.093182 -77.472831 0.0 0.4
39.102335 -77.478128 0.0 0.4
39.10931 -77.485401 0.0 0.4
39.112988 -77.49484199999999 0.0 0.4
39.115423 -77.504645 0.0 0.4
39.1182 -77.514285 0.0 0.4
39.124002999999995 -77.522509 0.0 0.4
39.133499 -77.526192 0.0 0.4
39.143466 -77.52757799999999 0.0 0.4
39.152704 -77.523714 0.0 0.4
39.162414 -77.521056 0.0 0.4
39.171278 -77.516342 0.0 0.4
39.179274 -77.510306 0.0 0.4
39.182961999999996 -77.50094 0.0 0.4
39.185279 -77.491125 0.0 0.4
39.187909 -77.481202 0.0 0.4
39.195882999999995 -77.474998 0.0 0.4
39.205915999999995 -77.47505 0.0 0.4
39.213316 -77.4683 0.0 0.4
39.218862 -77.459896 0.0 0.4
