43.792113 -70.989122 0.0 0.4
43.802732 -70.989374 0.0 0.4
43.817397 -70.989736 0.0 0.4
43.828362 -70.98986 0.0 0.4
43.839878999999996 -70.990038 0.0 0.4
43.851971 -70.99052 0.0 0.4
43.863569999999996 -70.991226 0.0 0.4
43.873898 -70.991649 0.0 0.4
43.886261999999995 -70.992277 0.0 0.4
43.897279 -70.992462 0.0 0.4
43.90783 -70.992503 0.0 0.4
43.918254 -70.992886 0.0 0.4
43.928992 -70.99330499999999 0.0 0.4
43.942738 -70.994006 0.0 0.4
43.957048 -70.99471299999999 0.0 0.4
43.967231999999996 -70.995212 0.0 0.4
43.978983 -70.995916 0.0 0.4
43.989217 -70.996303 0.0 0.4
43.999947 -70.996698 0.0 0.4
44.010131 -70.99722299999999 0.0 0.4
44.020153 -70.997768 0.0 0.4
44.03066 -70.99806099999999 0.0 0.4
44.041021 -70.998425 0.0 0.4
44.05193 -70.999067 0.0 0.4
44.062508 -70.999877 0.0 0.4
44.084514 -71.001006 0.0 0.4
44.095 -71.001385 0.0 0.4
44.105171999999996 -71.001954 0.0 0.4
44.121247 -71.002595 0.0 0.4
44.131333 -71.003007 0.0 0.4
44.14251 -71.003569 0.0 0.4
44.154103 -71.00419699999999 0.0 0.4
44.164182 -71.004729 0.0 0.4
44.174651 -71.005077 0.0 0.4
44.18586 -71.005342 0.0 0.4
44.196151 -71.005561 0.0 0.4
44.211526 -71.006436 0.0 0.4
44.225231 -71.00733 0.0 0.4
44.236365 -71.00787799999999 0.0 0.4
44.248492 -71.008485 0.0 0.4
44.259065 -71.008909 0.0 0.4
44.269935 -71.00949899999999 0.0 0.4
44.284686 -71.00996099999999 0.0 0.4
44.296436 -71.010877 0.0 0.4
44.307233 -71.011484 0.0 0.4
44.317785 -71.01190199999999 0.0 0.4
44.328133 -71.012322 0.0 0.4
44.34086 -71.01288199999999 0.0 0.4
44.352764 -71.013604 0.0 0.4
44.363248999999996 -71.014375 0.0 0.4
44.373505 -71.01521799999999 0.0 0.4
44.38413 -71.01563399999999 0.0 0.4
44.394543999999996 -71.016194 0.0 0.4
44.406493 -71.01684999999999 0.0 0.4
44.42107 -71.017674 0.0 0.4
44.431672 -71.018224 0.0 0.4
44.442617 -71.018917 0.0 0.4
44.45474 -71.019684 0.0 0.4
44.465672 -71.020354 0.0 0.4
44.475846 -71.02096499999999 0.0 0.4
44.485971 -71.02162899999999 0.0 0.4
44.500056 -71.022849 0.0 0.4
44.510722 -71.02347 0.0 0.4
44.522193 -71.0241 0.0 0.4
44.534009 -71.024874 0.0 0.4
44.544208999999995 -71.02572099999999 0.0 0.4
44.556352 -71.026455 0.0 0.4
44.573114 -71.02696999999999 0.0 0.4
44.584365999999996 -71.02745399999999 0.0 0.4
44.594933999999995 -71.027907 0.0 0.4
44.607858 -71.02839 0.0 0.4
44.620717 -71.028887 0.0 0.4
44.631786999999996 -71.029598 0.0 0.4
44.644337 -71.03031299999999 0.0 0.4
44.655704 -71.030968 0.0 0.4
44.666351999999996 -71.0316 0.0 0.4
44.680195999999995 -71.03243499999999 0.0 0.4
44.69204 -71.03317799999999 0.0 0.4
44.70487 -71.034041 0.0 0.4
44.72835 -71.03576699999999 0.0 0.4
44.751242 -71.037472 0.0 0.4
44.761392 -71.038011 0.0 0.4
44.77533 -71.039097 0.0 0.4
44.787392 -71.03997199999999 0.0 0.4
44.800062 -71.041 0.0 0.4
44.810773999999995 -71.041859 0.0 0.4
44.820907 -71.042692 0.0 0.4
44.831123999999996 -71.043525 0.0 0.4
44.842202 -71.044957 0.0 0.4
44.854591 -71.045856 0.0 0.4
44.864732 -71.046802 0.0 0.4
44.874936999999996 -71.047539 0.0 0.4
44.888967 -71.048783 0.0 0.4
44.902905999999994 -71.049993 0.0 0.4
44.916517999999996 -71.051293 0.0 0.4
44.933157 -71.052844 0.0 0.4
44.955467 -71.054952 0.0 0.4
44.969521 -71.05630000000001 0.0 0.4
44.981497 -71.057416 0.0 0.4
45.000046999999995 -71.05878299999999 0.0 0.4
45.011185999999995 -71.059324 0.0 0.4
45.021175 -71.059998 0.0 0.4
45.031315 -71.060744 0.0 0.4
45.047615 -71.061973 0.0 0.4
45.058802 -71.062829 0.0 0.4
45.073116 -71.063841 0.0 0.4
45.089296 -71.065045 0.0 0.4
45.103834 -71.066181 0.0 0.4
45.117912 -71.067287 0.0 0.4
45.12793 -71.06809299999999 0.0 0.4
45.138180999999996 -71.06891999999999 0.0 0.4
45.149653 -71.069751 0.0 0.4
45.161027999999995 -71.070668 0.0 0.4
45.171352 -71.07153 0.0 0.4
45.181556 -71.072394 0.0 0.4
45.192471 -71.073414 0.0 0.4
45.203635999999996 -71.074432 0.0 0.4
45.21421 -71.07509 0.0 0.4
45.224879 -71.075699 0.0 0.4
45.235043 -71.076317 0.0 0.4
45.245760999999995 -71.076944 0.0 0.4
45.256578 -71.078011 0.0 0.4
45.267089999999996 -71.07929899999999 0.0 0.4
45.28406 -71.081338 0.0 0.4
45.295331 -71.082723 0.0 0.4
45.305263 -71.08389199999999 0.0 0.4
45.307972 -71.07360299999999 0.0 0.4
45.312689 -71.06406199999999 0.0 0.4
45.311724999999996 -71.05401499999999 0.0 0.4
45.31313 -71.04357999999999 0.0 0.4
45.310154 -71.03387 0.0 0.4
45.315321 -71.024576 0.0 0.4
45.316852999999995 -71.014535 0.0 0.4
45.323642 -71.00612699999999 0.0 0.4
45.333380999999996 -71.008611 0.0 0.4
45.343126 -71.012546 0.0 0.4
45.344170999999996 -71.00231099999999 0.0 0.4
45.338364 -70.993816 0.0 0.4
45.331907 -70.98497499999999 0.0 0.4
45.333613 -70.973327 0.0 0.4
45.335192 -70.962918 0.0 0.4
45.339106 -70.953166 0.0 0.4
45.330248999999995 -70.948088 0.0 0.4
45.323229999999995 -70.940583 0.0 0.4
45.319030999999995 -70.931499 0.0 0.4
45.313973999999995 -70.922708 0.0 0.4
45.304702 -70.918958 0.0 0.4
45.297202999999996 -70.912286 0.0 0.4
45.288582999999996 -70.917543 0.0 0.4
45.279226 -70.921334 0.0 0.4
45.272839 -70.913583 0.0 0.4
45.266349999999996 -70.905839 0.0 0.4
45.258686 -70.899239 0.0 0.4
45.2489 -70.897054 0.0 0.4
45.239253999999995 -70.893045 0.0 0.4
45.234991 -70.88381 0.0 0.4
45.233852 -70.873835 0.0 0.4
45.230931 -70.863488 0.0 0.4
45.23173 -70.853237 0.0 0.4
45.234474 -70.843396 0.0 0.4
45.244341999999996 -70.84823 0.0 0.4
45.254391 -70.848252 0.0 0.4
45.264562 -70.846333 0.0 0.4
45.270998 -70.838392 0.0 0.4
45.278828999999995 -70.832111 0.0 0.4
45.288596999999996 -70.829742 0.0 0.4
45.297703999999996 -70.825304 0.0 0.4
45.299957 -70.814928 0.0 0.4
45.309987 -70.81184 0.0 0.4
45.3192 -70.807234 0.0 0.4
45.327903 -70.812522 0.0 0.4
45.335654 -70.818983 0.0 0.4
45.345487 -70.81638 0.0 0.4
45.355318 -70.814041 0.0 0.4
45.363312 -70.80797799999999 0.0 0.4
45.373594999999995 -70.805315 0.0 0.4
45.382089 -70.81089399999999 0.0 0.4
45.390162 -70.8168 0.0 0.4
45.396792 -70.82440199999999 0.0 0.4
45.405151 -70.818744 0.0 0.4
45.412943 -70.812057 0.0 0.4
45.417784999999995 -70.80283899999999 0.0 0.4
45.426849999999995 -70.797403 0.0 0.4
45.426714999999994 -70.787115 0.0 0.4
45.430051 -70.777535 0.0 0.4
45.428284999999995 -70.767532 0.0 0.4
45.428399 -70.756036 0.0 0.4
45.422354 -70.74692 0.0 0.4
45.412082999999996 -70.74356999999999 0.0 0.4
45.406279 -70.734608 0.0 0.4
45.398343 -70.72846899999999 0.0 0.4
45.393947999999995 -70.719163 0.0 0.4
45.391359 -70.70916799999999 0.0 0.4
45.394537 -70.699502 0.0 0.4
45.392914 -70.688073 0.0 0.4
45.393792 -70.67733199999999 0.0 0.4
45.388615 -70.666168 0.0 0.4
45.380154999999995 -70.66027 0.0 0.4
45.377193 -70.650436 0.0 0.4
45.381302999999996 -70.64078599999999 0.0 0.4
45.391102 -70.637794 0.0 0.4
45.399141 -70.63116699999999 0.0 0.4
45.402186 -70.621611 0.0 0.4
45.407308 -70.630737 0.0 0.4
45.417792999999996 -70.631168 0.0 0.4
45.427248999999996 -70.635565 0.0 0.4
45.434447999999996 -70.643262 0.0 0.4
45.442353 -70.64971899999999 0.0 0.4
45.445702999999995 -70.661714 0.0 0.4
45.450500999999996 -70.671622 0.0 0.4
45.452628999999995 -70.68146999999999 0.0 0.4
45.462847 -70.683696 0.0 0.4
45.469736 -70.691757 0.0 0.4
45.478612 -70.698788 0.0 0.4
45.482237999999995 -70.709642 0.0 0.4
45.489115 -70.71739699999999 0.0 0.4
45.498363999999995 -70.711395 0.0 0.4
45.505365999999995 -70.719658 0.0 0.4
45.515375999999996 -70.721332 0.0 0.4
45.519369 -70.71136899999999 0.0 0.4
45.528276999999996 -70.705812 0.0 0.4
45.535197 -70.69829 0.0 0.4
45.543225 -70.692022 0.0 0.4
45.550886 -70.684854 0.0 0.4
45.560586 -70.688093 0.0 0.4
45.569398 -70.682698 0.0 0.4
45.574838 -70.673701 0.0 0.4
45.582176 -70.66600799999999 0.0 0.4
45.589667999999996 -70.659123 0.0 0.4
45.596688 -70.650589 0.0 0.4
45.606438 -70.645269 0.0 0.4
45.610029999999995 -70.635409 0.0 0.4
45.611118 -70.625362 0.0 0.4
45.617172 -70.616329 0.0 0.4
45.623072 -70.60766199999999 0.0 0.4
45.628291999999995 -70.59858 0.0 0.4
45.633838999999995 -70.589911 0.0 0.4
45.641804 -70.583726 0.0 0.4
45.648367 -70.575574 0.0 0.4
45.653932 -70.56708499999999 0.0 0.4
45.663654 -70.561073 0.0 0.4
45.666812 -70.54961 0.0 0.4
45.667693 -70.53956099999999 0.0 0.4
45.668571 -70.52956499999999 0.0 0.4
45.669739 -70.519556 0.0 0.4
45.677189999999996 -70.512176 0.0 0.4
45.681604 -70.50308199999999 0.0 0.4
45.687447 -70.494874 0.0 0.4
45.692747999999995 -70.48509899999999 0.0 0.4
45.697005 -70.47594699999999 0.0 0.4
45.704228 -70.46791499999999 0.0 0.4
45.706714999999996 -70.45814299999999 0.0 0.4
45.704288 -70.448055 0.0 0.4
45.704544999999996 -70.437771 0.0 0.4
45.707544 -70.428035 0.0 0.4
45.713007999999995 -70.41887899999999 0.0 0.4
45.716637 -70.409457 0.0 0.4
45.720334 -70.400066 0.0 0.4
45.729651 -70.395136 0.0 0.4
45.73292 -70.385638 0.0 0.4
45.739574 -70.393439 0.0 0.4
45.748245999999995 -70.38808 0.0 0.4
45.755944 -70.395422 0.0 0.4
45.760439999999996 -70.40447999999999 0.0 0.4
45.770405 -70.40561699999999 0.0 0.4
45.780176999999995 -70.408211 0.0 0.4
45.788143 -70.414915 0.0 0.4
45.797142 -70.409989 0.0 0.4
45.796631 -70.39891 0.0 0.4
45.806585999999996 -70.396818 0.0 0.4
45.813705 -70.388904 0.0 0.4
45.822015 -70.383245 0.0 0.4
45.827566999999995 -70.37472199999999 0.0 0.4
45.835891 -70.368959 0.0 0.4
45.836012 -70.358672 0.0 0.4
45.843979 -70.35166 0.0 0.4
45.849978 -70.343516 0.0 0.4
45.853044999999995 -70.333697 0.0 0.4
45.855252 -70.32394099999999 0.0 0.4
45.85796 -70.314036 0.0 0.4
45.861284 -70.30459499999999 0.0 0.4
45.865972 -70.294761 0.0 0.4
45.871417 -70.28598199999999 0.0 0.4
45.877390999999996 -70.277873 0.0 0.4
45.884494 -70.270214 0.0 0.4
45.888988 -70.261139 0.0 0.4
45.898990999999995 -70.26003299999999 0.0 0.4
45.906724 -70.253526 0.0 0.4
45.915406 -70.258614 0.0 0.4
45.925121999999995 -70.261993 0.0 0.4
45.931162 -70.253928 0.0 0.4
45.936586 -70.245325 0.0 0.4
45.946484 -70.242511 0.0 0.4
45.952906999999996 -70.250383 0.0 0.4
45.95229 -70.260526 0.0 0.4
45.962004 -70.26332099999999 0.0 0.4
45.961101 -70.27344 0.0 0.4
45.963777 -70.283386 0.0 0.4
45.963189 -70.29348999999999 0.0 0.4
45.964164 -70.303501 0.0 0.4
45.962996 -70.313506 0.0 0.4
45.972539 -70.310243 0.0 0.4
45.982341999999996 -70.307255 0.0 0.4
45.985859 -70.29769 0.0 0.4
45.990959 -70.288898 0.0 0.4
45.997704 -70.296585 0.0 0.4
46.003330999999996 -70.30487699999999 0.0 0.4
46.011778 -70.310625 0.0 0.4
46.018797 -70.317754 0.0 0.4
46.02422 -70.308909 0.0 0.4
46.029014 -70.300113 0.0 0.4
46.039117 -70.298425 0.0 0.4
46.045088 -70.29025399999999 0.0 0.4
46.050548 -70.281449 0.0 0.4
46.060235999999996 -70.27884499999999 0.0 0.4
46.062218 -70.288699 0.0 0.4
46.060879 -70.29880299999999 0.0 0.4
46.062145 -70.308931 0.0 0.4
46.070358 -70.302531 0.0 0.4
46.080428999999995 -70.302279 0.0 0.4
46.085494 -70.29361399999999 0.0 0.4
46.094729 -70.289362 0.0 0.4
46.099916 -70.280231 0.0 0.4
46.101133 -70.269952 0.0 0.4
46.100539999999995 -70.259534 0.0 0.4
46.109446999999996 -70.254943 0.0 0.4
46.118691999999996 -70.250996 0.0 0.4
46.126903 -70.245263 0.0 0.4
46.136103 -70.241339 0.0 0.4
46.144957 -70.236677 0.0 0.4
46.151539 -70.24428499999999 0.0 0.4
46.157696 -70.252276 0.0 0.4
46.163571999999995 -70.26044399999999 0.0 0.4
46.170111 -70.268033 0.0 0.4
46.174533 -70.27725 0.0 0.4
46.181725 -70.284378 0.0 0.4
46.189467 -70.291114 0.0 0.4
46.197612 -70.285123 0.0 0.4
46.204372 -70.27756699999999 0.0 0.4
46.212827 -70.271941 0.0 0.4
46.222753 -70.26619699999999 0.0 0.4
46.230819 -70.260125 0.0 0.4
46.240686 -70.256886 0.0 0.4
46.24897 -70.251025 0.0 0.4
46.258824999999995 -70.253072 0.0 0.4
46.267772 -70.247997 0.0 0.4
46.274902999999995 -70.240692 0.0 0.4
46.282942999999996 -70.23462099999999 0.0 0.4
46.291483 -70.22940899999999 0.0 0.4
46.293744 -70.219415 0.0 0.4
46.29819 -70.21043999999999 0.0 0.4
46.307449999999996 -70.20615 0.0 0.4
46.317478 -70.205614 0.0 0.4
46.327662 -70.207472 0.0 0.4
46.336286 -70.201334 0.0 0.4
46.344269 -70.195075 0.0 0.4
46.350698 -70.186475 0.0 0.4
46.355515 -70.177436 0.0 0.4
46.358011999999995 -70.16744899999999 0.0 0.4
46.360744 -70.157747 0.0 0.4
46.359122 -70.147864 0.0 0.4
46.365572 -70.139422 0.0 0.4
46.369414 -70.12947199999999 0.0 0.4
46.379414 -70.127754 0.0 0.4
46.384346 -70.11896399999999 0.0 0.4
46.388942 -70.10990000000001 0.0 0.4
46.395976 -70.102642 0.0 0.4
46.405373 -70.09914599999999 0.0 0.4
46.410529 -70.090486 0.0 0.4
46.410632 -70.080051 0.0 0.4
46.411424 -70.070008 0.0 0.4
46.414277999999996 -70.060326 0.0 0.4
46.424712 -70.054828 0.0 0.4
46.437149999999995 -70.05218599999999 0.0 0.4
46.449600000000004 -70.049543 0.0 0.4
46.465849 -70.04609099999999 0.0 0.4
46.475834 -70.04396899999999 0.0 0.4
46.485991 -70.04181 0.0 0.4
46.499865 -70.038857 0.0 0.4
46.510234 -70.036652 0.0 0.4
46.520309 -70.03451 0.0 0.4
46.530429 -70.032358 0.0 0.4
46.540817999999994 -70.030147 0.0 0.4
46.550857 -70.028009 0.0 0.4
46.561144999999996 -70.025818 0.0 0.4
46.571439999999996 -70.023624 0.0 0.4
46.581948999999994 -70.021385 0.0 0.4
46.591774 -70.019289 0.0 0.4
46.602218 -70.017061 0.0 0.4
46.612550999999996 -70.014856 0.0 0.4
46.622350999999995 -70.01276299999999 0.0 0.4
46.63728 -70.009575 0.0 0.4
46.652462 -70.00632999999999 0.0 0.4
46.66243 -70.00419699999999 0.0 0.4
46.691587 -69.997957 0.0 0.4
46.702019 -69.990657 0.0 0.4
46.714019 -69.978736 0.0 0.4
46.725972999999996 -69.96685 0.0 0.4
46.738003 -69.95488399999999 0.0 0.4
46.750268999999996 -69.942678 0.0 0.4
46.75915 -69.933835 0.0 0.4
46.767956 -69.92506399999999 0.0 0.4
46.779936 -69.91312599999999 0.0 0.4
46.789725 -69.903367 0.0 0.4
46.802476 -69.890642 0.0 0.4
46.811229999999995 -69.88189799999999 0.0 0.4
46.821455 -69.871684 0.0 0.4
46.828924 -69.86421899999999 0.0 0.4
46.839687 -69.853456 0.0 0.4
46.849838999999996 -69.843307 0.0 0.4
46.857800000000005 -69.835342 0.0 0.4
46.869772999999995 -69.82336099999999 0.0 0.4
46.881752 -69.811365 0.0 0.4
46.889027999999996 -69.804074 0.0 0.4
46.896977 -69.79610699999999 0.0 0.4
46.905673 -69.78738899999999 0.0 0.4
46.913444 -69.779594 0.0 0.4
46.922072 -69.770938 0.0 0.4
46.929593 -69.763392 0.0 0.4
46.941561 -69.751372 0.0 0.4
46.949394999999996 -69.7435 0.0 0.4
46.956744 -69.736115 0.0 0.4
46.964824 -69.72799599999999 0.0 0.4
46.973127999999996 -69.719647 0.0 0.4
46.980391999999995 -69.71234 0.0 0.4
46.988504999999996 -69.704178 0.0 0.4
46.995827999999996 -69.696806 0.0 0.4
47.004124999999995 -69.688451 0.0 0.4
47.011437 -69.681085 0.0 0.4
47.019408 -69.673052 0.0 0.4
47.027736 -69.664655 0.0 0.4
47.035004 -69.65732299999999 0.0 0.4
47.044191 -69.64805 0.0 0.4
47.051911999999994 -69.64025699999999 0.0 0.4
47.061018999999995 -69.63105999999999 0.0 0.4
47.069043 -69.622951 0.0 0.4
47.079032999999995 -69.612854 0.0 0.4
47.089104999999996 -69.602668 0.0 0.4
47.096976999999995 -69.594703 0.0 0.4
47.104385 -69.587206 0.0 0.4
47.113681 -69.577795 0.0 0.4
47.120816999999995 -69.57056899999999 0.0 0.4
47.127905999999996 -69.563388 0.0 0.4
47.135200999999995 -69.555996 0.0 0.4
47.142683 -69.548412 0.0 0.4
47.149822 -69.541174 0.0 0.4
47.157429 -69.533457 0.0 0.4
47.164898 -69.525879 0.0 0.4
47.172042999999995 -69.518626 0.0 0.4
47.179369 -69.51118799999999 0.0 0.4
47.186488999999995 -69.503956 0.0 0.4
47.194151999999995 -69.49616999999999 0.0 0.4
47.201671 -69.48852699999999 0.0 0.4
47.208718 -69.48136199999999 0.0 0.4
47.216060999999996 -69.47389199999999 0.0 0.4
47.224193 -69.465619 0.0 0.4
47.231372 -69.45831199999999 0.0 0.4
47.239360999999995 -69.450177 0.0 0.4
47.247006 -69.44238899999999 0.0 0.4
47.255454 -69.433779 0.0 0.4
47.263663 -69.42541299999999 0.0 0.4
47.271501 -69.417418 0.0 0.4
47.278836999999996 -69.40993499999999 0.0 0.4
47.287380999999996 -69.401213 0.0 0.4
47.295235999999996 -69.393193 0.0 0.4
47.303501 -69.38476 0.0 0.4
47.311161 -69.376924 0.0 0.4
47.319336 -69.368568 0.0 0.4
47.326403 -69.361341 0.0 0.4
47.333407 -69.354176 0.0 0.4
47.340928999999996 -69.346481 0.0 0.4
47.348647 -69.33858099999999 0.0 0.4
47.356365 -69.33067799999999 0.0 0.4
47.364629 -69.322214 0.0 0.4
47.372702 -69.31394 0.0 0.4
47.380167 -69.306288 0.0 0.4
47.387786 -69.298475 0.0 0.4
47.396121 -69.289925 0.0 0.4
47.405075 -69.28073599999999 0.0 0.4
47.412133999999995 -69.27349 0.0 0.4
47.41974 -69.26568 0.0 0.4
47.429966 -69.255174 0.0 0.4
47.437897 -69.247022 0.0 0.4
47.447835 -69.23680399999999 0.0 0.4
47.45717 -69.227201 0.0 0.4
47.456568999999995 -69.21673299999999 0.0 0.4
47.454204 -69.20693899999999 0.0 0.4
47.455315999999996 -69.196541 0.0 0.4
47.455402 -69.185733 0.0 0.4
47.456638999999996 -69.175684 0.0 0.4
47.451685999999995 -69.165728 0.0 0.4
47.451184999999995 -69.155608 0.0 0.4
47.448588 -69.145611 0.0 0.4
47.445567 -69.135813 0.0 0.4
47.442768 -69.125618 0.0 0.4
47.438489 -69.11586799999999 0.0 0.4
47.432286 -69.107676 0.0 0.4
47.429739999999995 -69.097157 0.0 0.4
47.42547 -69.087754 0.0 0.4
47.426448 -69.07636099999999 0.0 0.4
47.430268 -69.066935 0.0 0.4
47.431968 -69.056933 0.0 0.4
47.425365 -69.04895599999999 0.0 0.4
47.422035 -69.039461 0.0 0.4
47.412622999999996 -69.035808 0.0 0.4
47.403222 -69.031809 0.0 0.4
47.405746 -69.041699 0.0 0.4
47.396442 -69.038021 0.0 0.4
47.389649 -69.045374 0.0 0.4
47.381074 -69.050662 0.0 0.4
47.371272 -69.054186 0.0 0.4
47.360181999999995 -69.05382999999999 0.0 0.4
47.349092 -69.053755 0.0 0.4
47.337983 -69.053705 0.0 0.4
47.326955999999996 -69.053985 0.0 0.4
47.315838 -69.05489399999999 0.0 0.4
47.306715999999994 -69.049858 0.0 0.4
47.297298 -69.053539 0.0 0.4
47.287959 -69.049908 0.0 0.4
47.27771 -69.050462 0.0 0.4
47.268100999999994 -69.04768299999999 0.0 0.4
47.258012 -69.05076799999999 0.0 0.4
47.248926999999995 -69.044183 0.0 0.4
47.24228 -69.035928 0.0 0.4
47.238876999999995 -69.026247 0.0 0.4
47.234604 -69.01670299999999 0.0 0.4
47.230799 -69.007092 0.0 0.4
47.227140999999996 -68.997618 0.0 0.4
47.223087 -68.987209 0.0 0.4
47.217704 -68.978628 0.0 0.4
47.213868999999995 -68.969021 0.0 0.4
47.206407 -68.961829 0.0 0.4
47.203627 -68.952213 0.0 0.4
47.206101 -68.941029 0.0 0.4
47.199684999999995 -68.933013 0.0 0.4
47.196785999999996 -68.922962 0.0 0.4
47.188970999999995 -68.916245 0.0 0.4
47.183763 -68.90724 0.0 0.4
47.18132 -68.89750599999999 0.0 0.4
47.182601999999996 -68.886796 0.0 0.4
47.18736 -68.876029 0.0 0.4
47.18897 -68.86419099999999 0.0 0.4
47.192324 -68.85439099999999 0.0 0.4
47.199014 -68.844303 0.0 0.4
47.202577999999995 -68.83487099999999 0.0 0.4
47.208289 -68.824012 0.0 0.4
47.213477 -68.815184 0.0 0.4
47.215365999999996 -68.804267 0.0 0.4
47.218494 -68.791872 0.0 0.4
47.221047999999996 -68.78137699999999 0.0 0.4
47.221151 -68.769667 0.0 0.4
47.224149999999995 -68.757716 0.0 0.4
47.228792 -68.74751499999999 0.0 0.4
47.233151 -68.73846999999999 0.0 0.4
47.236142 -68.728579 0.0 0.4
47.239889999999995 -68.719079 0.0 0.4
47.238757 -68.7089 0.0 0.4
47.240848 -68.69799499999999 0.0 0.4
47.244349 -68.68787999999999 0.0 0.4
47.242591999999995 -68.677397 0.0 0.4
47.238096 -68.667524 0.0 0.4
47.237421999999995 -68.657276 0.0 0.4
47.239407 -68.647058 0.0 0.4
47.241915999999996 -68.63637299999999 0.0 0.4
47.242126 -68.626119 0.0 0.4
47.243891999999995 -68.616102 0.0 0.4
47.247716 -68.606583 0.0 0.4
47.256163 -68.596057 0.0 0.4
47.26687 -68.597499 0.0 0.4
47.276595 -68.59139499999999 0.0 0.4
47.285654 -68.582138 0.0 0.4
47.286575 -68.56993899999999 0.0 0.4
47.283725 -68.560148 0.0 0.4
47.282101 -68.549931 0.0 0.4
47.284667 -68.54003999999999 0.0 0.4
47.29118 -68.531365 0.0 0.4
47.295158 -68.521103 0.0 0.4
47.296472 -68.50941 0.0 0.4
47.294838 -68.499538 0.0 0.4
47.294889 -68.484101 0.0 0.4
47.297066 -68.474043 0.0 0.4
47.293558 -68.464499 0.0 0.4
47.284937 -68.45891499999999 0.0 0.4
47.282033999999996 -68.449086 0.0 0.4
47.282954 -68.438296 0.0 0.4
47.281762 -68.427454 0.0 0.4
47.286015 -68.417946 0.0 0.4
47.287636 -68.407544 0.0 0.4
47.286829999999995 -68.397063 0.0 0.4
47.286061 -68.387047 0.0 0.4
47.288103 -68.376943 0.0 0.4
47.298179999999995 -68.379952 0.0 0.4
47.308157 -68.381204 0.0 0.4
47.31809 -68.38315899999999 0.0 0.4
47.328854 -68.38319 0.0 0.4
47.338629 -68.38040699999999 0.0 0.4
47.346785999999994 -68.374538 0.0 0.4
47.353003 -68.366188 0.0 0.4
47.356269 -68.35645099999999 0.0 0.4
47.358055 -68.34532999999999 0.0 0.4
47.35997 -68.33107199999999 0.0 0.4
47.358323 -68.320234 0.0 0.4
47.356058999999995 -68.310282 0.0 0.4
47.355858 -68.30014 0.0 0.4
47.359891999999995 -68.290413 0.0 0.4
47.359142999999996 -68.279839 0.0 0.4
47.354310999999996 -68.27066599999999 0.0 0.4
47.352135999999994 -68.259215 0.0 0.4
47.352090999999994 -68.248092 0.0 0.4
47.354765 -68.238126 0.0 0.4
47.353335 -68.22815 0.0 0.4
47.343999 -68.222759 0.0 0.4
47.339161999999995 -68.2128 0.0 0.4
47.339397999999996 -68.202666 0.0 0.4
47.334956 -68.19153 0.0 0.4
47.330748 -68.181234 0.0 0.4
47.328461 -68.17039 0.0 0.4
47.327093999999995 -68.159978 0.0 0.4
47.319334 -68.152768 0.0 0.4
47.309357 -68.15196 0.0 0.4
47.302505 -68.14405099999999 0.0 0.4
47.295632 -68.13592799999999 0.0 0.4
47.292451 -68.125871 0.0 0.4
47.286276 -68.117941 0.0 0.4
47.282326 -68.107429 0.0 0.4
47.278197 -68.097365 0.0 0.4
47.274235999999995 -68.08802299999999 0.0 0.4
47.268395999999996 -68.07961 0.0 0.4
47.259589999999996 -68.07438499999999 0.0 0.4
47.256951 -68.064122 0.0 0.4
47.253088999999996 -68.054671 0.0 0.4
47.249052 -68.045228 0.0 0.4
47.244645 -68.035805 0.0 0.4
47.240133 -68.025825 0.0 0.4
47.234916 -68.016634 0.0 0.4
47.228229999999996 -68.00823799999999 0.0 0.4
47.220374 -68.000997 0.0 0.4
47.213373999999995 -67.99383 0.0 0.4
47.208898 -67.98469899999999 0.0 0.4
47.207145 -67.974819 0.0 0.4
47.202968999999996 -67.964788 0.0 0.4
47.198135 -67.9552 0.0 0.4
47.188046 -67.951086 0.0 0.4
47.178698999999995 -67.945956 0.0 0.4
47.170894999999994 -67.938897 0.0 0.4
47.162276 -67.933266 0.0 0.4
47.154624999999996 -67.926776 0.0 0.4
47.150332999999996 -67.917204 0.0 0.4
47.144000999999996 -67.907611 0.0 0.4
47.135321999999995 -67.90196499999999 0.0 0.4
47.129307999999995 -67.893666 0.0 0.4
47.120183 -67.889529 0.0 0.4
47.109894 -67.88820799999999 0.0 0.4
47.102979999999995 -67.880529 0.0 0.4
47.100679 -67.870206 0.0 0.4
47.0972 -67.860181 0.0 0.4
47.093900000000005 -67.85049 0.0 0.4
47.089220999999995 -67.841179 0.0 0.4
47.085173999999995 -67.831256 0.0 0.4
47.08343 -67.82132299999999 0.0 0.4
47.077276 -67.81268299999999 0.0 0.4
47.072492999999994 -67.80359299999999 0.0 0.4
47.069109 -67.794085 0.0 0.4
47.059401 -67.790149 0.0 0.4
47.04625 -67.790049 0.0 0.4
47.035990999999996 -67.789973 0.0 0.4
47.020880999999996 -67.789861 0.0 0.4
47.008038 -67.789791 0.0 0.4
46.994130999999996 -67.789754 0.0 0.4
46.981533999999996 -67.78972 0.0 0.4
46.970194 -67.789689 0.0 0.4
46.959222 -67.789665 0.0 0.4
46.949075 -67.789631 0.0 0.4
46.937101999999996 -67.789599 0.0 0.4
46.926652999999995 -67.78957 0.0 0.4
46.916418 -67.789491 0.0 0.4
46.903259 -67.789453 0.0 0.4
46.892922999999996 -67.789451 0.0 0.4
46.882756 -67.78945 0.0 0.4
46.872184999999995 -67.789448 0.0 0.4
46.862077 -67.789445 0.0 0.4
46.852018 -67.789473 0.0 0.4
46.840882 -67.789535 0.0 0.4
46.830438 -67.789592 0.0 0.4
46.820268999999996 -67.78964599999999 0.0 0.4
46.809903999999996 -67.789703 0.0 0.4
46.798758 -67.789665 0.0 0.4
46.788574999999994 -67.789581 0.0 0.4
46.777255 -67.789489 0.0 0.4
46.767253 -67.789406 0.0 0.4
46.755559 -67.78931299999999 0.0 0.4
46.739756 -67.789182 0.0 0.4
46.727123999999996 -67.789078 0.0 0.4
46.713496 -67.788968 0.0 0.4
46.702268 -67.788899 0.0 0.4
46.689448999999996 -67.788817 0.0 0.4
46.675647999999995 -67.78872799999999 0.0 0.4
46.665614999999995 -67.788662 0.0 0.4
46.653424 -67.78858199999999 0.0 0.4
46.642647 -67.788506 0.0 0.4
46.631463 -67.788432 0.0 0.4
46.620228 -67.788352 0.0 0.4
46.610022 -67.788307 0.0 0.4
46.599919 -67.788253 0.0 0.4
46.589650999999996 -67.787999 0.0 0.4
46.575655999999995 -67.78764799999999 0.0 0.4
46.564049 -67.787357 0.0 0.4
46.549192 -67.786986 0.0 0.4
46.538920999999995 -67.786727 0.0 0.4
46.527394 -67.786438 0.0 0.4
46.516113999999995 -67.786155 0.0 0.4
46.505396 -67.78588599999999 0.0 0.4
46.491505 -67.78559899999999 0.0 0.4
46.479507999999996 -67.78535099999999 0.0 0.4
46.468472999999996 -67.785124 0.0 0.4
46.456761 -67.78490099999999 0.0 0.4
46.446404 -67.78470899999999 0.0 0.4
46.434945 -67.78449599999999 0.0 0.4
46.423508999999996 -67.784284 0.0 0.4
46.412544 -67.78408999999999 0.0 0.4
46.400441 -67.78389 0.0 0.4
46.390408 -67.78372399999999 0.0 0.4
46.379397999999995 -67.783543 0.0 0.4
46.367723 -67.783349 0.0 0.4
46.357394 -67.78317799999999 0.0 0.4
46.344395999999996 -67.78299299999999 0.0 0.4
46.332885 -67.78284099999999 0.0 0.4
46.322499 -67.782703 0.0 0.4
46.311561 -67.782557 0.0 0.4
46.299462 -67.78239599999999 0.0 0.4
46.286407 -67.782243 0.0 0.4
46.270578 -67.78205799999999 0.0 0.4
46.26056 -67.78196299999999 0.0 0.4
46.249610999999994 -67.78193999999999 0.0 0.4
46.237956 -67.781842 0.0 0.4
46.227385 -67.781744 0.0 0.4
46.217241 -67.781649 0.0 0.4
46.207217 -67.781577 0.0 0.4
46.190643 -67.781458 0.0 0.4
46.180485999999995 -67.781407 0.0 0.4
46.169439 -67.781354 0.0 0.4
46.156580999999996 -67.78129299999999 0.0 0.4
46.145357999999995 -67.781249 0.0 0.4
46.135225999999996 -67.781245 0.0 0.4
46.124395 -67.781245 0.0 0.4
46.113381 -67.781246 0.0 0.4
46.102221 -67.781229 0.0 0.4
46.090016 -67.78120899999999 0.0 0.4
46.077470999999996 -67.781188 0.0 0.4
46.06597 -67.781105 0.0 0.4
46.053971999999995 -67.78103399999999 0.0 0.4
46.042741 -67.780982 0.0 0.4
46.031489 -67.78098299999999 0.0 0.4
46.021148 -67.78102 0.0 0.4
46.011074 -67.78105599999999 0.0 0.4
46.000780999999996 -67.781093 0.0 0.4
45.988305 -67.78113499999999 0.0 0.4
45.973980999999995 -67.781172 0.0 0.4
45.963525 -67.781198 0.0 0.4
45.948961 -67.78123599999999 0.0 0.4
45.938962 -67.78052699999999 0.0 0.4
45.933294 -67.772105 0.0 0.4
45.927884999999996 -67.763598 0.0 0.4
45.921898999999996 -67.755572 0.0 0.4
45.911898 -67.755397 0.0 0.4
45.909774 -67.76517199999999 0.0 0.4
45.90068 -67.769479 0.0 0.4
45.896871999999995 -67.778931 0.0 0.4
45.893930999999995 -67.788647 0.0 0.4
45.887847 -67.796892 0.0 0.4
45.880713 -67.804081 0.0 0.4
45.870625 -67.8036 0.0 0.4
45.862758 -67.797303 0.0 0.4
45.854563 -67.791315 0.0 0.4
45.847435 -67.783946 0.0 0.4
45.84265 -67.775061 0.0 0.4
45.836534 -67.767029 0.0 0.4
45.826842 -67.760697 0.0 0.4
45.818478 -67.766763 0.0 0.4
45.819254 -67.776893 0.0 0.4
45.812487 -67.786348 0.0 0.4
45.805481 -67.797966 0.0 0.4
45.797523999999996 -67.804791 0.0 0.4
45.785993 -67.804692 0.0 0.4
45.775434 -67.804531 0.0 0.4
45.765974 -67.808826 0.0 0.4
45.755883999999995 -67.806275 0.0 0.4
45.751247 -67.79491399999999 0.0 0.4
45.739591999999995 -67.786569 0.0 0.4
45.729926999999996 -67.802897 0.0 0.4
45.712644 -67.80626699999999 0.0 0.4
45.699106 -67.80358 0.0 0.4
45.694251 -67.815206 0.0 0.4
45.685137999999995 -67.810223 0.0 0.4
45.677696 -67.80350299999999 0.0 0.4
45.677613 -67.787932 0.0 0.4
45.677555 -67.774868 0.0 0.4
45.67458 -67.764415 0.0 0.4
45.667575 -67.754303 0.0 0.4
45.672993 -67.74438099999999 0.0 0.4
45.66693 -67.73566199999999 0.0 0.4
45.663143 -67.726173 0.0 0.4
45.673145999999996 -67.725691 0.0 0.4
45.682379 -67.73275 0.0 0.4
45.683355 -67.722608 0.0 0.4
45.681261 -67.712441 0.0 0.4
45.673210999999995 -67.705846 0.0 0.4
45.663669 -67.699394 0.0 0.4
45.655564 -67.693468 0.0 0.4
45.646378 -67.68835299999999 0.0 0.4
45.638095 -67.679542 0.0 0.4
45.628172 -67.671433 0.0 0.4
45.623765 -67.660963 0.0 0.4
45.617143 -67.65126699999999 0.0 0.4
45.615466999999995 -67.64089299999999 0.0 0.4
45.621741 -67.632611 0.0 0.4
45.615663999999995 -67.623145 0.0 0.4
45.609908 -67.614221 0.0 0.4
45.60632 -67.604095 0.0 0.4
45.606663999999995 -67.59252 0.0 0.4
45.602281 -67.583103 0.0 0.4
45.598236 -67.571659 0.0 0.4
45.594820999999996 -67.562051 0.0 0.4
45.59744 -67.552348 0.0 0.4
45.596484 -67.541964 0.0 0.4
45.592819 -67.530577 0.0 0.4
45.588397 -67.520972 0.0 0.4
45.587159 -67.510913 0.0 0.4
45.586670999999996 -67.49944599999999 0.0 0.4
45.592813 -67.49117799999999 0.0 0.4
45.601408 -67.485997 0.0 0.4
45.602001 -67.474394 0.0 0.4
45.603514999999994 -67.464089 0.0 0.4
45.6036 -67.45404599999999 0.0 0.4
45.596486 -67.44618299999999 0.0 0.4
45.589616 -67.438102 0.0 0.4
45.582868999999995 -67.429868 0.0 0.4
45.574327 -67.424312 0.0 0.4
45.564552 -67.42788999999999 0.0 0.4
45.555927999999994 -67.422283 0.0 0.4
45.545809999999996 -67.423891 0.0 0.4
45.540428999999996 -67.432536 0.0 0.4
45.530297999999995 -67.435096 0.0 0.4
45.520373 -67.432718 0.0 0.4
45.513903 -67.425045 0.0 0.4
45.506459 -67.41786499999999 0.0 0.4
45.501732999999994 -67.42693 0.0 0.4
45.505103999999996 -67.437097 0.0 0.4
45.508793999999995 -67.446618 0.0 0.4
45.499210999999995 -67.449556 0.0 0.4
45.504269 -67.458485 0.0 0.4
45.505376 -67.46847199999999 0.0 0.4
45.495509 -67.466695 0.0 0.4
45.496790999999995 -67.47672399999999 0.0 0.4
45.494344999999996 -67.486668 0.0 0.4
45.488662 -67.49497099999999 0.0 0.4
45.479583 -67.501072 0.0 0.4
45.472021999999996 -67.49385099999999 0.0 0.4
45.465241 -67.486164 0.0 0.4
45.454482 -67.48496399999999 0.0 0.4
45.4467 -67.478484 0.0 0.4
45.436555 -67.478087 0.0 0.4
45.426753999999995 -67.474446 0.0 0.4
45.422595 -67.465052 0.0 0.4
45.414953 -67.458376 0.0 0.4
45.408356 -67.44915499999999 0.0 0.4
45.402076 -67.441256 0.0 0.4
45.395604 -67.433551 0.0 0.4
45.388037999999995 -67.426604 0.0 0.4
45.378716 -67.421973 0.0 0.4
45.372005 -67.429433 0.0 0.4
45.362715 -67.433662 0.0 0.4
45.357015999999994 -67.425418 0.0 0.4
45.348413 -67.430785 0.0 0.4
45.338992 -67.436295 0.0 0.4
45.331285 -67.443119 0.0 0.4
45.328050999999995 -67.452698 0.0 0.4
45.317631999999996 -67.45188499999999 0.0 0.4
45.309512999999995 -67.45785699999999 0.0 0.4
45.299893999999995 -67.46077199999999 0.0 0.4
45.293343 -67.46834299999999 0.0 0.4
45.288259 -67.47791699999999 0.0 0.4
45.284796 -67.487589 0.0 0.4
45.275977 -67.48234 0.0 0.4
45.265353999999995 -67.475121 0.0 0.4
45.255378 -67.471261 0.0 0.4
45.245542 -67.464434 0.0 0.4
45.241566 -67.454917 0.0 0.4
45.23301 -67.447295 0.0 0.4
45.226298 -67.43928799999999 0.0 0.4
45.215469 -67.434693 0.0 0.4
45.205915 -67.43054599999999 0.0 0.4
45.194998 -67.428988 0.0 0.4
45.189947 -67.418159 0.0 0.4
45.182423 -67.41148 0.0 0.4
45.177744 -67.401209 0.0 0.4
45.166838 -67.404206 0.0 0.4
45.157751999999995 -67.399092 0.0 0.4
45.153281 -67.388413 0.0 0.4
45.149715 -67.377838 0.0 0.4
45.142339 -67.370969 0.0 0.4
45.134066999999995 -67.35812299999999 0.0 0.4
45.129518999999995 -67.349209 0.0 0.4
45.127593 -67.33713399999999 0.0 0.4
45.131575 -67.32564599999999 0.0 0.4
45.138113 -67.31756399999999 0.0 0.4
45.144138999999996 -67.308114 0.0 0.4
45.147431 -67.29701899999999 0.0 0.4
45.156991 -67.30154499999999 0.0 0.4
45.167252999999995 -67.300082 0.0 0.4
45.172979999999995 -67.291467 0.0 0.4
45.183343 -67.291592 0.0 0.4
45.191165 -67.285262 0.0 0.4
45.191322 -67.275052 0.0 0.4
45.188610999999995 -67.264084 0.0 0.4
45.182921 -67.255332 0.0 0.4
45.179234 -67.244975 0.0 0.4
45.170389 -67.23851599999999 0.0 0.4
45.164336999999996 -67.228758 0.0 0.4
45.166649 -67.21790899999999 0.0 0.4
45.169981 -67.207661 0.0 0.4
45.167002 -67.194017 0.0 0.4
45.16522 -67.17984299999999 0.0 0.4
45.164733999999996 -67.168308 0.0 0.4
45.158487 -67.155751 0.0 0.4
45.150777999999995 -67.149131 0.0 0.4
45.143001999999996 -67.141481 0.0 0.4
45.135405999999996 -67.13247199999999 0.0 0.4
45.126988 -67.12443 0.0 0.4
45.11257 -67.11258699999999 0.0 0.4
45.102135999999994 -67.107604 0.0 0.4
45.086801 -67.10028 0.0 0.4
45.074793 -67.094597 0.0 0.4
45.056346999999995 -67.08343099999999 0.0 0.4
45.046743 -67.077626 0.0 0.4
45.00013 -67.04945599999999 0.0 0.4
44.991510999999996 -67.044254 0.0 0.4
44.978859 -67.03662899999999 0.0 0.4
44.969398 -67.030951 0.0 0.4
44.958801 -67.024571 0.0 0.4
44.951035 -67.01795299999999 0.0 0.4
44.944736999999996 -67.009856 0.0 0.4
44.935493 -67.002529 0.0 0.4
44.927654 -66.995646 0.0 0.4
44.920992 -66.98536399999999 0.0 0.4
44.914428 -66.975089 0.0 0.4
44.904931999999995 -66.97011599999999 0.0 0.4
44.894853999999995 -66.97236099999999 0.0 0.4
44.885172 -66.97666699999999 0.0 0.4
44.875876999999996 -66.98047799999999 0.0 0.4
44.864202 -66.9815 0.0 0.4
44.854197 -66.976761 0.0 0.4
44.842802999999996 -66.974846 0.0 0.4
44.833594999999995 -66.968828 0.0 0.4
44.828345 -66.96017599999999 0.0 0.4
44.826957 -66.946664 0.0 0.4
44.825739999999996 -66.934732 0.0 0.4
44.818408 -66.92182799999999 0.0 0.4
44.812642 -66.913179 0.0 0.4
44.804809999999996 -66.90138499999999 0.0 0.4
44.796875 -66.88946299999999 0.0 0.4
44.786125999999996 -66.893259 0.0 0.4
44.778943 -66.90024 0.0 0.4
44.774764999999995 -66.910692 0.0 0.4
44.769769 -66.92366299999999 0.0 0.4
44.767174 -66.93580399999999 0.0 0.4
44.762474 -66.948781 0.0 0.4
44.754511 -66.95937099999999 0.0 0.4
44.734592 -66.97506899999999 0.0 0.4
44.723121 -66.995307 0.0 0.4
44.719223 -67.00582 0.0 0.4
44.712596999999995 -67.015481 0.0 0.4
44.705090999999996 -67.023965 0.0 0.4
44.698433 -67.035077 0.0 0.4
44.687991 -67.043785 0.0 0.4
44.677566999999996 -67.054129 0.0 0.4
44.669666 -67.06535199999999 0.0 0.4
44.663450999999995 -67.073813 0.0 0.4
44.656985999999996 -67.081692 0.0 0.4
44.650068 -67.089522 0.0 0.4
44.639192 -67.096711 0.0 0.4
44.63108 -67.10736299999999 0.0 0.4
44.625277 -67.117498 0.0 0.4
44.621581 -67.12707 0.0 0.4
44.61376 -67.133445 0.0 0.4
44.606322 -67.144545 0.0 0.4
44.600206 -67.157072 0.0 0.4
44.595994 -67.168908 0.0 0.4
44.589315 -67.179096 0.0 0.4
44.581782 -67.187845 0.0 0.4
44.576142 -67.198058 0.0 0.4
44.571678999999996 -67.20858 0.0 0.4
44.566063 -67.21804 0.0 0.4
44.561091999999995 -67.22833 0.0 0.4
44.557235 -67.23944399999999 0.0 0.4
44.554829 -67.24942899999999 0.0 0.4
44.554288 -67.260677 0.0 0.4
44.551116 -67.274396 0.0 0.4
44.549831 -67.28537 0.0 0.4
44.549291 -67.29727 0.0 0.4
44.542384999999996 -67.306078 0.0 0.4
44.534799 -67.31376999999999 0.0 0.4
44.527442 -67.325153 0.0 0.4
44.522697 -67.335983 0.0 0.4
44.519414999999995 -67.34978699999999 0.0 0.4
44.518051 -67.359959 0.0 0.4
44.518035 -67.371282 0.0 0.4
44.518768 -67.381432 0.0 0.4
44.517787999999996 -67.392641 0.0 0.4
44.513507999999995 -67.402303 0.0 0.4
44.50964 -67.413878 0.0 0.4
44.507397999999995 -67.42581799999999 0.0 0.4
44.505384 -67.439695 0.0 0.4
44.490232999999996 -67.441718 0.0 0.4
44.472606999999996 -67.449016 0.0 0.4
44.460021 -67.46105399999999 0.0 0.4
44.448339 -67.473027 0.0 0.4
44.440028 -67.482756 0.0 0.4
44.43222 -67.492616 0.0 0.4
44.42382 -67.506857 0.0 0.4
44.418158 -67.519678 0.0 0.4
44.414352 -67.530019 0.0 0.4
44.408941999999996 -67.541488 0.0 0.4
44.403169999999996 -67.553656 0.0 0.4
44.397209 -67.567585 0.0 0.4
44.393218999999995 -67.581074 0.0 0.4
44.390989999999995 -67.592919 0.0 0.4
44.387453 -67.604546 0.0 0.4
44.38456 -67.617417 0.0 0.4
44.383472999999995 -67.62741299999999 0.0 0.4
44.384319 -67.641375 0.0 0.4
44.386703999999995 -67.65496399999999 0.0 0.4
44.391732999999995 -67.669504 0.0 0.4
44.391814 -67.679662 0.0 0.4
44.387696 -67.695819 0.0 0.4
44.386500999999996 -67.715329 0.0 0.4
44.387356 -67.72543999999999 0.0 0.4
44.390831 -67.741744 0.0 0.4
44.396891 -67.755562 0.0 0.4
44.406181 -67.769002 0.0 0.4
44.406182 -67.782201 0.0 0.4
44.398897 -67.797507 0.0 0.4
44.391014999999996 -67.80556899999999 0.0 0.4
44.383465 -67.798341 0.0 0.4
44.363122999999995 -67.795268 0.0 0.4
44.347485 -67.80079599999999 0.0 0.4
44.33651 -67.80969 0.0 0.4
44.327037999999995 -67.823728 0.0 0.4
44.320476 -67.842286 0.0 0.4
44.317709 -67.85515 0.0 0.4
44.316925 -67.874443 0.0 0.4
44.318993 -67.886529 0.0 0.4
44.322126 -67.898151 0.0 0.4
44.333512 -67.916691 0.0 0.4
44.341434 -67.925178 0.0 0.4
44.332308 -67.93338899999999 0.0 0.4
44.326071 -67.94241199999999 0.0 0.4
44.32154 -67.953789 0.0 0.4
44.307141 -67.965163 0.0 0.4
44.296564 -67.972601 0.0 0.4
44.288382999999996 -67.98271 0.0 0.4
44.283083999999995 -67.992503 0.0 0.4
44.277409 -68.00744 0.0 0.4
44.275107 -68.01817799999999 0.0 0.4
44.274183 -68.035795 0.0 0.4
44.277003 -68.056756 0.0 0.4
44.275479999999995 -68.072176 0.0 0.4
44.27336 -68.085211 0.0 0.4
44.270299 -68.098974 0.0 0.4
44.267603 -68.112066 0.0 0.4
44.264365999999995 -68.127776 0.0 0.4
44.254627 -68.124453 0.0 0.4
44.244315 -68.12066 0.0 0.4
44.226040999999995 -68.122626 0.0 0.4
44.217275 -68.128147 0.0 0.4
44.20686 -68.137579 0.0 0.4
44.197693 -68.152005 0.0 0.4
44.192295 -68.16417 0.0 0.4
44.172908 -68.168388 0.0 0.4
44.160497 -68.1713 0.0 0.4
44.147406 -68.172195 0.0 0.4
44.131184999999995 -68.173862 0.0 0.4
44.118435999999996 -68.18006299999999 0.0 0.4
44.105287999999994 -68.194552 0.0 0.4
44.099587 -68.20336 0.0 0.4
44.091946 -68.22390899999999 0.0 0.4
44.08951 -68.238119 0.0 0.4
44.089316 -68.24945699999999 0.0 0.4
44.090616999999995 -68.263136 0.0 0.4
44.078948 -68.271519 0.0 0.4
44.069945 -68.279212 0.0 0.4
44.060863999999995 -68.293713 0.0 0.4
44.056177999999996 -68.303483 0.0 0.4
44.051266 -68.32385599999999 0.0 0.4
44.050658999999996 -68.33560899999999 0.0 0.4
44.045836 -68.356582 0.0 0.4
44.04522 -68.368797 0.0 0.4
44.046791 -68.381074 0.0 0.4
44.048711 -68.393294 0.0 0.4
44.051731 -68.416758 0.0 0.4
44.053233 -68.436843 0.0 0.4
44.04466 -68.444634 0.0 0.4
44.037966999999995 -68.452371 0.0 0.4
44.032112 -68.46301199999999 0.0 0.4
44.02868 -68.478235 0.0 0.4
44.017783 -68.487415 0.0 0.4
44.006730999999995 -68.499464 0.0 0.4
44.000274999999995 -68.509879 0.0 0.4
43.992872 -68.519542 0.0 0.4
43.986985 -68.529828 0.0 0.4
43.97696 -68.53815 0.0 0.4
43.96862 -68.547277 0.0 0.4
43.961076999999996 -68.560371 0.0 0.4
43.955644 -68.577783 0.0 0.4
43.95373 -68.59416399999999 0.0 0.4
43.954333 -68.610366 0.0 0.4
43.953899 -68.62446899999999 0.0 0.4
43.949362 -68.641009 0.0 0.4
43.948178 -68.651068 0.0 0.4
43.949387 -68.669055 0.0 0.4
43.951121 -68.67916799999999 0.0 0.4
43.954198999999996 -68.68968 0.0 0.4
43.959224 -68.700214 0.0 0.4
43.962751 -68.713362 0.0 0.4
43.958179 -68.725712 0.0 0.4
43.946905 -68.73841399999999 0.0 0.4
43.943376 -68.72619499999999 0.0 0.4
43.939181999999995 -68.706998 0.0 0.4
43.93486 -68.695994 0.0 0.4
43.929809 -68.68694599999999 0.0 0.4
43.916371999999996 -68.67329099999999 0.0 0.4
43.901188 -68.665679 0.0 0.4
43.886497 -68.664118 0.0 0.4
43.875084 -68.667141 0.0 0.4
43.862825 -68.675395 0.0 0.4
43.854647 -68.68466 0.0 0.4
43.848884999999996 -68.69412299999999 0.0 0.4
43.842621 -68.70396 0.0 0.4
43.834592 -68.72431499999999 0.0 0.4
43.832735 -68.736963 0.0 0.4
43.832516 -68.748888 0.0 0.4
43.819013 -68.764493 0.0 0.4
43.80657 -68.781154 0.0 0.4
43.792724 -68.78181 0.0 0.4
43.777536999999995 -68.78224399999999 0.0 0.4
43.762612999999995 -68.790516 0.0 0.4
43.752882 -68.797778 0.0 0.4
43.745982999999995 -68.80536099999999 0.0 0.4
43.739646 -68.817234 0.0 0.4
43.735710999999995 -68.826916 0.0 0.4
43.732383999999996 -68.84910099999999 0.0 0.4
43.732515 -68.86144999999999 0.0 0.4
43.734179 -68.874478 0.0 0.4
43.736899 -68.884242 0.0 0.4
43.74023 -68.89611099999999 0.0 0.4
43.742934 -68.908119 0.0 0.4
43.747392 -68.920169 0.0 0.4
43.754551 -68.93166099999999 0.0 0.4
43.767869999999995 -68.944436 0.0 0.4
43.778016 -68.949252 0.0 0.4
43.781617999999995 -68.97088 0.0 0.4
43.783786 -68.98116 0.0 0.4
43.790057 -68.996679 0.0 0.4
43.798435999999995 -69.009922 0.0 0.4
43.807854 -69.017909 0.0 0.4
43.819842 -69.024295 0.0 0.4
43.834210999999996 -69.024744 0.0 0.4
43.846382 -69.034272 0.0 0.4
43.851455 -69.044359 0.0 0.4
43.858911 -69.055894 0.0 0.4
43.841908 -69.06493499999999 0.0 0.4
43.832314 -69.076182 0.0 0.4
43.818898999999995 -69.094212 0.0 0.4
43.814093 -69.105621 0.0 0.4
43.810967999999995 -69.1189 0.0 0.4
43.803134 -69.13101499999999 0.0 0.4
43.798421 -69.14133799999999 0.0 0.4
43.793664 -69.160517 0.0 0.4
43.793194 -69.171042 0.0 0.4
43.793786 -69.18584 0.0 0.4
43.795992 -69.197199 0.0 0.4
43.799959 -69.206824 0.0 0.4
43.80634 -69.21807199999999 0.0 0.4
43.812203 -69.226563 0.0 0.4
43.825626 -69.236554 0.0 0.4
43.819145999999996 -69.24949 0.0 0.4
43.815374 -69.26234 0.0 0.4
43.807395 -69.251119 0.0 0.4
43.799761 -69.242535 0.0 0.4
43.789536999999996 -69.236972 0.0 0.4
43.778002 -69.23348 0.0 0.4
43.762316 -69.23338 0.0 0.4
43.750084 -69.238097 0.0 0.4
43.740776 -69.244936 0.0 0.4
43.733239 -69.252479 0.0 0.4
43.725426 -69.262027 0.0 0.4
43.719452 -69.272522 0.0 0.4
43.713766 -69.28294799999999 0.0 0.4
43.707694 -69.297855 0.0 0.4
43.705011999999996 -69.308953 0.0 0.4
43.703669 -69.32348999999999 0.0 0.4
43.704485 -69.335093 0.0 0.4
43.707232999999995 -69.345918 0.0 0.4
43.710879999999996 -69.35637799999999 0.0 0.4
43.71647 -69.36550199999999 0.0 0.4
43.731756 -69.384361 0.0 0.4
43.740148 -69.389882 0.0 0.4
43.754304999999995 -69.394891 0.0 0.4
43.768496999999996 -69.396548 0.0 0.4
43.780257 -69.395313 0.0 0.4
43.799015999999995 -69.38727899999999 0.0 0.4
43.804528999999995 -69.400579 0.0 0.4
43.810817 -69.40926999999999 0.0 0.4
43.803920999999995 -69.433486 0.0 0.4
43.797022 -69.45691699999999 0.0 0.4
43.793901 -69.46986799999999 0.0 0.4
43.788159 -69.480384 0.0 0.4
43.780530999999996 -69.49949 0.0 0.4
43.772357 -69.507491 0.0 0.4
43.761967 -69.514766 0.0 0.4
43.750085 -69.514162 0.0 0.4
43.732122 -69.51908999999999 0.0 0.4
43.718226 -69.531078 0.0 0.4
43.707144 -69.550938 0.0 0.4
43.70283 -69.56661799999999 0.0 0.4
43.701996 -69.584574 0.0 0.4
43.703289999999996 -69.59670299999999 0.0 0.4
43.7004 -69.607756 0.0 0.4
43.700278999999995 -69.624489 0.0 0.4
43.701572 -69.634732 0.0 0.4
43.707204999999995 -69.655581 0.0 0.4
43.711748 -69.664745 0.0 0.4
43.704181999999996 -69.673268 0.0 0.4
43.6982 -69.686329 0.0 0.4
43.683381 -69.693393 0.0 0.4
43.668222 -69.708337 0.0 0.4
43.661744999999996 -69.71920899999999 0.0 0.4
43.657272999999996 -69.730396 0.0 0.4
43.653985 -69.749488 0.0 0.4
43.654405 -69.763447 0.0 0.4
43.655586 -69.775797 0.0 0.4
43.657905 -69.78562099999999 0.0 0.4
43.648544 -69.805663 0.0 0.4
43.644959 -69.827523 0.0 0.4
43.644954 -69.83838999999999 0.0 0.4
43.646947 -69.855212 0.0 0.4
43.639489999999995 -69.874489 0.0 0.4
43.633680999999996 -69.888713 0.0 0.4
43.629802 -69.898212 0.0 0.4
43.625085999999996 -69.909757 0.0 0.4
43.615305 -69.93350099999999 0.0 0.4
43.60586 -69.956467 0.0 0.4
43.597876 -69.97585099999999 0.0 0.4
43.588166 -69.999397 0.0 0.4
43.581649999999996 -70.015416 0.0 0.4
43.5775 -70.02566399999999 0.0 0.4
43.571283 -70.040955 0.0 0.4
43.566628 -70.052407 0.0 0.4
43.561229 -70.065688 0.0 0.4
43.557334999999995 -70.075266 0.0 0.4
43.550726999999995 -70.09149699999999 0.0 0.4
43.544965999999995 -70.105672 0.0 0.4
43.537406 -70.124212 0.0 0.4
43.533468 -70.136606 0.0 0.4
43.524443999999995 -70.155986 0.0 0.4
43.518563 -70.164146 0.0 0.4
43.502917 -70.179684 0.0 0.4
43.493325 -70.190118 0.0 0.4
43.484227999999995 -70.199747 0.0 0.4
43.477889999999995 -70.208991 0.0 0.4
43.468283 -70.220435 0.0 0.4
43.460747999999995 -70.228426 0.0 0.4
43.454015 -70.236696 0.0 0.4
43.442875 -70.24949 0.0 0.4
43.432378 -70.259321 0.0 0.4
43.426351 -70.268433 0.0 0.4
43.415153 -70.27399199999999 0.0 0.4
43.403521999999995 -70.287601 0.0 0.4
43.395897 -70.302871 0.0 0.4
43.390138 -70.31894799999999 0.0 0.4
43.381479999999996 -70.324946 0.0 0.4
43.374448 -70.332675 0.0 0.4
43.365500999999995 -70.33842899999999 0.0 0.4
43.358183 -70.34618499999999 0.0 0.4
43.345464 -70.348471 0.0 0.4
43.335912 -70.353979 0.0 0.4
43.327068 -70.362765 0.0 0.4
43.319849 -70.374493 0.0 0.4
43.315281 -70.385378 0.0 0.4
43.312464999999996 -70.39670699999999 0.0 0.4
43.304221 -70.407971 0.0 0.4
43.297495 -70.421808 0.0 0.4
43.293701999999996 -70.437662 0.0 0.4
43.291453 -70.44838399999999 0.0 0.4
43.289811 -70.460117 0.0 0.4
43.290813 -70.472701 0.0 0.4
43.287231999999996 -70.487274 0.0 0.4
43.279889 -70.495008 0.0 0.4
43.268125 -70.502188 0.0 0.4
43.258486 -70.511572 0.0 0.4
43.252531 -70.519835 0.0 0.4
43.242711 -70.512383 0.0 0.4
43.232104 -70.508849 0.0 0.4
43.21883 -70.50632399999999 0.0 0.4
43.207819 -70.509433 0.0 0.4
43.196076 -70.513477 0.0 0.4
43.186692 -70.51925299999999 0.0 0.4
43.174569999999996 -70.520854 0.0 0.4
43.161805 -70.520714 0.0 0.4
43.163516 -70.507148 0.0 0.4
43.169151 -70.493265 0.0 0.4
43.170752 -70.475696 0.0 0.4
43.170801999999995 -70.464941 0.0 0.4
43.169227 -70.453049 0.0 0.4
43.16664 -70.440938 0.0 0.4
43.161167 -70.431196 0.0 0.4
43.152550999999995 -70.41964399999999 0.0 0.4
43.142801999999996 -70.41058799999999 0.0 0.4
43.131451999999996 -70.404626 0.0 0.4
43.119518 -70.403049 0.0 0.4
43.109356 -70.404128 0.0 0.4
43.096551999999996 -70.410732 0.0 0.4
43.086653 -70.421077 0.0 0.4
43.080217999999995 -70.430571 0.0 0.4
43.073705 -70.44859799999999 0.0 0.4
43.071478 -70.45907199999999 0.0 0.4
43.071019 -70.47724199999999 0.0 0.4
43.073043 -70.493014 0.0 0.4
43.077373 -70.504109 0.0 0.4
43.08394 -70.516935 0.0 0.4
43.093731999999996 -70.530199 0.0 0.4
43.102219 -70.53588599999999 0.0 0.4
43.114089 -70.539065 0.0 0.4
43.125088999999996 -70.540033 0.0 0.4
43.123579 -70.553032 0.0 0.4
43.112044999999995 -70.559969 0.0 0.4
43.103173 -70.56946099999999 0.0 0.4
43.095487 -70.582163 0.0 0.4
43.084844 -70.584488 0.0 0.4
43.073868999999995 -70.587779 0.0 0.4
43.062768999999996 -70.59438 0.0 0.4
43.055278 -70.584223 0.0 0.4
43.052890999999995 -70.57307 0.0 0.4
43.047264 -70.558353 0.0 0.4
43.038118 -70.54610199999999 0.0 0.4
43.028549999999996 -70.538636 0.0 0.4
43.019994 -70.53254199999999 0.0 0.4
43.009904 -70.52967799999999 0.0 0.4
42.999379999999995 -70.529866 0.0 0.4
42.989616 -70.533968 0.0 0.4
42.977174999999995 -70.53546899999999 0.0 0.4
42.966772999999996 -70.53572799999999 0.0 0.4
42.956171 -70.535988 0.0 0.4
42.944032 -70.54023099999999 0.0 0.4
42.933901 -70.548124 0.0 0.4
42.926711999999995 -70.556738 0.0 0.4
42.920894 -70.565941 0.0 0.4
42.924239 -70.57736 0.0 0.4
42.938319 -70.58185499999999 0.0 0.4
42.949188 -70.587593 0.0 0.4
42.959989 -70.59502499999999 0.0 0.4
42.972229999999996 -70.605621 0.0 0.4
42.979695 -70.61251899999999 0.0 0.4
42.981621 -70.62249 0.0 0.4
42.985915999999996 -70.63152199999999 0.0 0.4
43.004681999999995 -70.653595 0.0 0.4
43.018364999999996 -70.66964399999999 0.0 0.4
43.033584 -70.687512 0.0 0.4
43.040192999999995 -70.69527 0.0 0.4
43.051184 -70.702206 0.0 0.4
43.061437 -70.703949 0.0 0.4
43.071494 -70.705657 0.0 0.4
43.074877 -70.715184 0.0 0.4
43.074329999999996 -70.7258 0.0 0.4
43.073727999999996 -70.73796899999999 0.0 0.4
43.078821999999995 -70.747013 0.0 0.4
43.080532 -70.757053 0.0 0.4
43.08907 -70.762672 0.0 0.4
43.094635 -70.771328 0.0 0.4
43.097407 -70.781097 0.0 0.4
43.103898 -70.788823 0.0 0.4
43.109521 -70.79841499999999 0.0 0.4
43.115916999999996 -70.80672799999999 0.0 0.4
43.120501 -70.816197 0.0 0.4
43.125510999999996 -70.825142 0.0 0.4
43.13534 -70.82963099999999 0.0 0.4
43.145108 -70.833433 0.0 0.4
43.154785 -70.83064999999999 0.0 0.4
43.165037999999996 -70.82784199999999 0.0 0.4
43.174239 -70.82356899999999 0.0 0.4
43.184356 -70.82689599999999 0.0 0.4
43.191855 -70.820152 0.0 0.4
43.203437 -70.819816 0.0 0.4
43.213401 -70.816825 0.0 0.4
43.221976 -70.811287 0.0 0.4
43.229937 -70.817459 0.0 0.4
43.239325 -70.821702 0.0 0.4
43.243308 -70.830941 0.0 0.4
43.247679 -70.840401 0.0 0.4
43.255162999999996 -70.847207 0.0 0.4
43.255812 -70.85746 0.0 0.4
43.264482 -70.862568 0.0 0.4
43.268011 -70.87194099999999 0.0 0.4
43.272444 -70.881158 0.0 0.4
43.281454 -70.88561399999999 0.0 0.4
43.285177 -70.895242 0.0 0.4
43.291891 -70.90293299999999 0.0 0.4
43.301901 -70.901895 0.0 0.4
43.306867 -70.910578 0.0 0.4
43.316679 -70.912837 0.0 0.4
43.324445 -70.91915399999999 0.0 0.4
43.328725 -70.928614 0.0 0.4
43.337301 -70.934153 0.0 0.4
43.335294 -70.944209 0.0 0.4
43.334073 -70.954295 0.0 0.4
43.341619 -70.960933 0.0 0.4
43.349239999999995 -70.967449 0.0 0.4
43.356412 -70.974636 0.0 0.4
43.366611999999996 -70.97601 0.0 0.4
43.375066 -70.982055 0.0 0.4
43.385525 -70.985394 0.0 0.4
43.395534999999995 -70.982739 0.0 0.4
43.405491 -70.986584 0.0 0.4
43.415547 -70.98530199999999 0.0 0.4
43.421482 -70.976956 0.0 0.4
43.427937 -70.969082 0.0 0.4
43.436488999999995 -70.96302399999999 0.0 0.4
43.446588 -70.964753 0.0 0.4
43.456875 -70.963786 0.0 0.4
43.466494999999995 -70.960323 0.0 0.4
43.473842 -70.967204 0.0 0.4
43.484043 -70.968853 0.0 0.4
43.49348 -70.964428 0.0 0.4
43.501666 -70.958507 0.0 0.4
43.511089 -70.954906 0.0 0.4
43.521538 -70.9539 0.0 0.4
43.530604 -70.958186 0.0 0.4
43.539203 -70.963695 0.0 0.4
43.540510999999995 -70.953647 0.0 0.4
43.550253 -70.95129 0.0 0.4
43.559248 -70.95572 0.0 0.4
43.565113 -70.963897 0.0 0.4
43.570116999999996 -70.97258599999999 0.0 0.4
43.580919 -70.973383 0.0 0.4
43.591798 -70.97402799999999 0.0 0.4
43.602047 -70.974569 0.0 0.4
43.612063 -70.975051 0.0 0.4
43.622288 -70.97565399999999 0.0 0.4
43.632385 -70.976278 0.0 0.4
43.642471 -70.976862 0.0 0.4
43.652874999999995 -70.97768599999999 0.0 0.4
43.664429999999996 -70.978646 0.0 0.4
43.675512999999995 -70.979551 0.0 0.4
43.685575 -70.980425 0.0 0.4
43.695949 -70.981438 0.0 0.4
43.706143 -70.98197499999999 0.0 0.4
43.716159999999995 -70.98236399999999 0.0 0.4
43.726251 -70.98299899999999 0.0 0.4
43.73685 -70.983673 0.0 0.4
43.746973 -70.98450799999999 0.0 0.4
43.757486 -70.985413 0.0 0.4
43.767908999999996 -70.98674199999999 0.0 0.4
43.778984 -70.987914 0.0 0.4
43.789722999999995 -70.988993 0.0 0.4
