45.32481 -86.46412 0.0 0.4
45.339895 -86.500113 0.0 0.4
45.37499 -86.58572 0.0 0.4
45.390957 -86.625117 0.0 0.4
45.396806 -86.639448 0.0 0.4
45.42856 -86.71724499999999 0.0 0.4
45.441977 -86.75012 0.0 0.4
45.443691 -86.777987 0.0 0.4
45.443736 -86.797223 0.0 0.4
45.443776 -86.814765 0.0 0.4
45.443795 -86.841036 0.0 0.4
45.443872999999996 -86.86134799999999 0.0 0.4
45.443897 -86.871985 0.0 0.4
45.443957 -86.904709 0.0 0.4
45.444 -86.93224 0.0 0.4
45.444036 -86.963363 0.0 0.4
45.444119 -87.000121 0.0 0.4
45.444202999999995 -87.076887 0.0 0.4
45.44423 -87.10113299999999 0.0 0.4
45.423308999999996 -87.117209 0.0 0.4
45.413015 -87.125119 0.0 0.4
45.375794 -87.153678 0.0 0.4
45.35254 -87.17116999999999 0.0 0.4
45.333416 -87.19578299999999 0.0 0.4
45.308932999999996 -87.227293 0.0 0.4
45.30034 -87.238405 0.0 0.4
45.291919 -87.250113 0.0 0.4
45.275354 -87.27133099999999 0.0 0.4
45.249983 -87.303831 0.0 0.4
45.240657 -87.315422 0.0 0.4
45.214971999999996 -87.37510999999999 0.0 0.4
45.201969 -87.405694 0.0 0.4
45.134004 -87.425764 0.0 0.4
45.118722 -87.430459 0.0 0.4
45.087629 -87.43923099999999 0.0 0.4
45.076434 -87.44250799999999 0.0 0.4
45.081058 -87.473761 0.0 0.4
45.083576 -87.490775 0.0 0.4
45.085705999999995 -87.507632 0.0 0.4
45.094685999999996 -87.56987099999999 0.0 0.4
45.096925 -87.585388 0.0 0.4
45.095625999999996 -87.595855 0.0 0.4
45.098532999999996 -87.608314 0.0 0.4
45.101572999999995 -87.619237 0.0 0.4
45.105326999999996 -87.629582 0.0 0.4
45.106485 -87.640036 0.0 0.4
45.107915999999996 -87.65057 0.0 0.4
45.108180999999995 -87.66105 0.0 0.4
45.118078999999994 -87.667056 0.0 0.4
45.124983 -87.674398 0.0 0.4
45.135059 -87.675816 0.0 0.4
45.142894 -87.68248799999999 0.0 0.4
45.149178 -87.69163999999999 0.0 0.4
45.151502 -87.70171599999999 0.0 0.4
45.158378 -87.70907 0.0 0.4
45.161691 -87.718508 0.0 0.4
45.168814999999995 -87.72651599999999 0.0 0.4
45.172244 -87.736104 0.0 0.4
45.182739 -87.737279 0.0 0.4
45.192738 -87.739007 0.0 0.4
45.202889 -87.73849899999999 0.0 0.4
45.207636 -87.728911 0.0 0.4
45.218042 -87.727181 0.0 0.4
45.226847 -87.72135399999999 0.0 0.4
45.237854999999996 -87.718818 0.0 0.4
45.245224 -87.71148 0.0 0.4
45.255269 -87.70889299999999 0.0 0.4
45.265738 -87.70586899999999 0.0 0.4
45.27292 -87.69869299999999 0.0 0.4
45.282857 -87.697425 0.0 0.4
45.290217 -87.69034099999999 0.0 0.4
45.299439 -87.686185 0.0 0.4
45.306070999999996 -87.678635 0.0 0.4
45.312504 -87.670311 0.0 0.4
45.319959999999995 -87.66230999999999 0.0 0.4
45.329594 -87.658745 0.0 0.4
45.337008 -87.650667 0.0 0.4
45.346757 -87.647834 0.0 0.4
45.354684999999996 -87.65397899999999 0.0 0.4
45.364568 -87.656938 0.0 0.4
45.372288 -87.664124 0.0 0.4
45.376946 -87.673513 0.0 0.4
45.384532 -87.681771 0.0 0.4
45.389821999999995 -87.690281 0.0 0.4
45.387661 -87.70027999999999 0.0 0.4
45.381479 -87.70821 0.0 0.4
45.377462 -87.718891 0.0 0.4
45.369606 -87.727339 0.0 0.4
45.362525 -87.735182 0.0 0.4
45.356562 -87.743809 0.0 0.4
45.35053 -87.752498 0.0 0.4
45.348765 -87.76359699999999 0.0 0.4
45.351226 -87.773901 0.0 0.4
45.350322999999996 -87.78451 0.0 0.4
45.353608 -87.80046399999999 0.0 0.4
45.351363 -87.810859 0.0 0.4
45.352689999999996 -87.821889 0.0 0.4
45.352249 -87.832612 0.0 0.4
45.344555 -87.839247 0.0 0.4
45.340435 -87.850133 0.0 0.4
45.349689 -87.854219 0.0 0.4
45.354195999999995 -87.864502 0.0 0.4
45.364849 -87.867414 0.0 0.4
45.355608 -87.872236 0.0 0.4
45.351226999999994 -87.882369 0.0 0.4
45.361236 -87.886146 0.0 0.4
45.366986999999995 -87.87783499999999 0.0 0.4
45.376818 -87.875559 0.0 0.4
45.384423 -87.86687099999999 0.0 0.4
45.39006 -87.858262 0.0 0.4
45.400127 -87.85657599999999 0.0 0.4
45.407587 -87.84955 0.0 0.4
45.415616 -87.855655 0.0 0.4
45.425371999999996 -87.86055499999999 0.0 0.4
45.435567999999996 -87.860129 0.0 0.4
45.442665 -87.851604 0.0 0.4
45.449222 -87.842242 0.0 0.4
45.453596 -87.83304199999999 0.0 0.4
45.459137 -87.82466099999999 0.0 0.4
45.463139999999996 -87.814613 0.0 0.4
45.471136 -87.807802 0.0 0.4
45.481930999999996 -87.80351 0.0 0.4
45.490413 -87.79770099999999 0.0 0.4
45.499618 -87.7929 0.0 0.4
45.508033 -87.799787 0.0 0.4
45.518056 -87.802494 0.0 0.4
45.531244 -87.80471999999999 0.0 0.4
45.541661999999995 -87.806358 0.0 0.4
45.548615999999996 -87.81373699999999 0.0 0.4
45.553847999999995 -87.822974 0.0 0.4
45.558766999999996 -87.832296 0.0 0.4
45.568777 -87.829348 0.0 0.4
45.566485 -87.818013 0.0 0.4
45.563327 -87.807591 0.0 0.4
45.562124 -87.797536 0.0 0.4
45.566691999999996 -87.78862199999999 0.0 0.4
45.577689 -87.78719199999999 0.0 0.4
45.586121 -87.78090499999999 0.0 0.4
45.595499 -87.77693599999999 0.0 0.4
45.606063999999996 -87.778229 0.0 0.4
45.615289999999995 -87.782906 0.0 0.4
45.617576 -87.793984 0.0 0.4
45.626878 -87.801565 0.0 0.4
45.635483 -87.80818 0.0 0.4
45.643237 -87.816268 0.0 0.4
45.650183 -87.82434599999999 0.0 0.4
45.66027 -87.822959 0.0 0.4
45.665161 -87.813711 0.0 0.4
45.666494 -87.80328999999999 0.0 0.4
45.67149 -87.79402999999999 0.0 0.4
45.672823 -87.783244 0.0 0.4
45.683053 -87.782226 0.0 0.4
45.689392 -87.79236399999999 0.0 0.4
45.693861999999996 -87.80188 0.0 0.4
45.703303999999996 -87.805289 0.0 0.4
45.711254 -87.812249 0.0 0.4
45.712700999999996 -87.82242099999999 0.0 0.4
45.715312999999995 -87.832695 0.0 0.4
45.720136 -87.842987 0.0 0.4
45.725871 -87.852907 0.0 0.4
45.732921 -87.860861 0.0 0.4
45.74266 -87.863874 0.0 0.4
45.750167999999995 -87.872137 0.0 0.4
45.754779 -87.882261 0.0 0.4
45.753246 -87.89389299999999 0.0 0.4
45.758724 -87.90396199999999 0.0 0.4
45.757718999999994 -87.914126 0.0 0.4
45.758448 -87.924781 0.0 0.4
45.758022 -87.93677 0.0 0.4
45.757023 -87.946946 0.0 0.4
45.757408999999996 -87.95865599999999 0.0 0.4
45.764021 -87.96696999999999 0.0 0.4
45.767015 -87.976835 0.0 0.4
45.769697 -87.986587 0.0 0.4
45.778786 -87.981447 0.0 0.4
45.789079 -87.985687 0.0 0.4
45.795612999999996 -87.993354 0.0 0.4
45.793309 -88.003744 0.0 0.4
45.792603 -88.015278 0.0 0.4
45.789197 -88.027232 0.0 0.4
45.789516 -88.03775999999999 0.0 0.4
45.782990999999996 -88.04542599999999 0.0 0.4
45.780547999999996 -88.056703 0.0 0.4
45.780201 -88.067178 0.0 0.4
45.782674 -88.07718299999999 0.0 0.4
45.784743 -88.087206 0.0 0.4
45.787791999999996 -88.09687699999999 0.0 0.4
45.795148999999995 -88.10467899999999 0.0 0.4
45.803667 -88.110738 0.0 0.4
45.806303 -88.120753 0.0 0.4
45.81012 -88.130586 0.0 0.4
45.818735 -88.136212 0.0 0.4
45.826315 -88.128827 0.0 0.4
45.832961999999995 -88.12090099999999 0.0 0.4
45.838721 -88.11228299999999 0.0 0.4
45.844887 -88.10279299999999 0.0 0.4
45.851779 -88.09506999999999 0.0 0.4
45.857825 -88.087068 0.0 0.4
45.864388999999996 -88.079487 0.0 0.4
45.871987 -88.072875 0.0 0.4
45.879455 -88.080148 0.0 0.4
45.880094 -88.09017999999999 0.0 0.4
45.881417 -88.100518 0.0 0.4
45.892222 -88.102527 0.0 0.4
45.902212999999996 -88.106624 0.0 0.4
45.910906999999995 -88.101338 0.0 0.4
45.921085 -88.101694 0.0 0.4
45.922249 -88.112095 0.0 0.4
45.920955 -88.12223399999999 0.0 0.4
45.927186999999996 -88.130725 0.0 0.4
45.930481 -88.14058399999999 0.0 0.4
45.937486 -88.14783899999999 0.0 0.4
45.938570999999996 -88.157872 0.0 0.4
45.939037 -88.167934 0.0 0.4
45.945764 -88.176692 0.0 0.4
45.949304 -88.186166 0.0 0.4
45.953134 -88.196079 0.0 0.4
45.947894999999995 -88.204912 0.0 0.4
45.947482 -88.218892 0.0 0.4
45.94739 -88.229036 0.0 0.4
45.949948 -88.241472 0.0 0.4
45.962382999999996 -88.24573199999999 0.0 0.4
45.962872 -88.255814 0.0 0.4
45.958560999999996 -88.264873 0.0 0.4
45.956387 -88.275138 0.0 0.4
45.955290999999995 -88.285164 0.0 0.4
45.950955 -88.294417 0.0 0.4
45.957009 -88.30322 0.0 0.4
45.959430999999995 -88.31302099999999 0.0 0.4
45.958245999999995 -88.323042 0.0 0.4
45.965457 -88.33003 0.0 0.4
45.969550999999996 -88.339269 0.0 0.4
45.974655 -88.348142 0.0 0.4
45.979583 -88.357072 0.0 0.4
45.984547 -88.366382 0.0 0.4
45.989273999999995 -88.37551599999999 0.0 0.4
45.98711 -88.38532599999999 0.0 0.4
45.980914999999996 -88.393394 0.0 0.4
45.980986 -88.40397 0.0 0.4
45.976796 -88.413679 0.0 0.4
45.980971 -88.423035 0.0 0.4
45.985205 -88.432237 0.0 0.4
45.990849999999995 -88.440749 0.0 0.4
45.990905999999995 -88.451312 0.0 0.4
45.998815 -88.457759 0.0 0.4
46.000595 -88.467715 0.0 0.4
45.993333 -88.474814 0.0 0.4
45.991896999999994 -88.484873 0.0 0.4
45.994295 -88.494844 0.0 0.4
46.002261 -88.50096099999999 0.0 0.4
46.010892999999996 -88.50636899999999 0.0 0.4
46.019459999999995 -88.51178399999999 0.0 0.4
46.019366 -88.521943 0.0 0.4
46.021001999999996 -88.53184499999999 0.0 0.4
46.014469999999996 -88.53943199999999 0.0 0.4
46.012871 -88.54932099999999 0.0 0.4
46.014097 -88.559297 0.0 0.4
46.014210999999996 -88.57039499999999 0.0 0.4
46.009253 -88.57909699999999 0.0 0.4
46.005098 -88.58827 0.0 0.4
46.014025 -88.59315199999999 0.0 0.4
46.016839999999995 -88.602947 0.0 0.4
46.007621 -88.607311 0.0 0.4
45.99839 -88.61184899999999 0.0 0.4
45.988037999999996 -88.61563699999999 0.0 0.4
45.987573999999995 -88.625767 0.0 0.4
45.985129 -88.63546699999999 0.0 0.4
45.987035 -88.645394 0.0 0.4
45.989035 -88.656165 0.0 0.4
45.988184 -88.666389 0.0 0.4
45.997763 -88.669555 0.0 0.4
46.006783 -88.67406 0.0 0.4
46.013827 -88.681243 0.0 0.4
46.014995 -88.691221 0.0 0.4
46.017966 -88.70144499999999 0.0 0.4
46.016459 -88.71172299999999 0.0 0.4
46.017086 -88.721842 0.0 0.4
46.025383 -88.72744 0.0 0.4
46.02692 -88.737667 0.0 0.4
46.024538 -88.747813 0.0 0.4
46.019976 -88.75685999999999 0.0 0.4
46.024701 -88.766075 0.0 0.4
46.017834 -88.77351999999999 0.0 0.4
46.019669 -88.783396 0.0 0.4
46.028690999999995 -88.778898 0.0 0.4
46.028932999999995 -88.789638 0.0 0.4
46.030955999999996 -88.799819 0.0 0.4
46.022000000000006 -88.804971 0.0 0.4
46.020644 -88.815072 0.0 0.4
46.026449 -88.823521 0.0 0.4
46.029765 -88.83316099999999 0.0 0.4
46.032841999999995 -88.84370799999999 0.0 0.4
46.040312 -88.850822 0.0 0.4
46.046135 -88.86515399999999 0.0 0.4
46.05019 -88.87513799999999 0.0 0.4
46.05507 -88.88698 0.0 0.4
46.061538 -88.90274699999999 0.0 0.4
46.065428 -88.912306 0.0 0.4
46.069568 -88.92249799999999 0.0 0.4
46.073668 -88.932757 0.0 0.4
46.078 -88.94316099999999 0.0 0.4
46.082491999999995 -88.954433 0.0 0.4
46.086293 -88.96369 0.0 0.4
46.090204 -88.973323 0.0 0.4
46.096970999999996 -88.989995 0.0 0.4
46.101088999999995 -89.000034 0.0 0.4
46.105985999999994 -89.01232 0.0 0.4
46.109792 -89.02188699999999 0.0 0.4
46.124914 -89.05867599999999 0.0 0.4
46.128848999999995 -89.068203 0.0 0.4
46.133482 -89.079447 0.0 0.4
46.138447 -89.09163799999999 0.0 0.4
46.140406999999996 -89.102278 0.0 0.4
46.142858 -89.11586299999999 0.0 0.4
46.144994 -89.127496 0.0 0.4
46.146933 -89.137382 0.0 0.4
46.148933 -89.147728 0.0 0.4
46.150952 -89.157709 0.0 0.4
46.153755 -89.171725 0.0 0.4
46.155567999999995 -89.18166599999999 0.0 0.4
46.157902 -89.194289 0.0 0.4
46.160152 -89.204251 0.0 0.4
46.162374 -89.215138 0.0 0.4
46.165808 -89.233071 0.0 0.4
46.168447 -89.246979 0.0 0.4
46.173812999999996 -89.276088 0.0 0.4
46.176119 -89.287213 0.0 0.4
46.178962999999996 -89.301667 0.0 0.4
46.18099 -89.312056 0.0 0.4
46.183015999999995 -89.322445 0.0 0.4
46.185393999999995 -89.33463599999999 0.0 0.4
46.187458 -89.345221 0.0 0.4
46.193357999999996 -89.37543099999999 0.0 0.4
46.195201999999995 -89.385852 0.0 0.4
46.196987 -89.395825 0.0 0.4
46.198913 -89.405834 0.0 0.4
46.201828 -89.420964 0.0 0.4
46.203795 -89.43110999999999 0.0 0.4
46.205906 -89.442032 0.0 0.4
46.20795 -89.452601 0.0 0.4
46.210062 -89.463498 0.0 0.4
46.212204 -89.473944 0.0 0.4
46.214256 -89.484611 0.0 0.4
46.216153999999996 -89.49492 0.0 0.4
46.218536 -89.505819 0.0 0.4
46.220894 -89.5175 0.0 0.4
46.224001 -89.53322 0.0 0.4
46.225778 -89.54386199999999 0.0 0.4
46.227784 -89.554059 0.0 0.4
46.230287999999994 -89.56702899999999 0.0 0.4
46.232791 -89.57984499999999 0.0 0.4
46.235133 -89.591878 0.0 0.4
46.237044999999995 -89.60172 0.0 0.4
46.241436 -89.62523 0.0 0.4
46.243733 -89.638046 0.0 0.4
46.245824 -89.64872799999999 0.0 0.4
46.24886 -89.66318299999999 0.0 0.4
46.250654 -89.673109 0.0 0.4
46.252766 -89.68404699999999 0.0 0.4
46.255 -89.69557499999999 0.0 0.4
46.256918 -89.705854 0.0 0.4
46.259125 -89.717401 0.0 0.4
46.261039 -89.72741599999999 0.0 0.4
46.263196 -89.73863999999999 0.0 0.4
46.265422 -89.74991899999999 0.0 0.4
46.267981 -89.763955 0.0 0.4
46.270289999999996 -89.775376 0.0 0.4
46.272335999999996 -89.785613 0.0 0.4
46.27512 -89.799763 0.0 0.4
46.280766 -89.82944499999999 0.0 0.4
46.282999 -89.841197 0.0 0.4
46.285339 -89.85351299999999 0.0 0.4
46.287287 -89.863776 0.0 0.4
46.289856 -89.875157 0.0 0.4
46.291661999999995 -89.88673 0.0 0.4
46.293585 -89.89657 0.0 0.4
46.29606 -89.908277 0.0 0.4
46.297671 -89.918331 0.0 0.4
46.299644 -89.928609 0.0 0.4
46.305194 -89.95726499999999 0.0 0.4
46.307105 -89.96713199999999 0.0 0.4
46.310386 -89.98405799999999 0.0 0.4
46.313547 -90.000166 0.0 0.4
46.317448 -90.02026699999999 0.0 0.4
46.321166 -90.039621 0.0 0.4
46.323526 -90.051906 0.0 0.4
46.325834 -90.063931 0.0 0.4
46.327878 -90.074518 0.0 0.4
46.329955999999996 -90.08515899999999 0.0 0.4
46.332847 -90.099971 0.0 0.4
46.335103 -90.111356 0.0 0.4
46.33734 -90.12126099999999 0.0 0.4
46.347550999999996 -90.12184099999999 0.0 0.4
46.356502 -90.117369 0.0 0.4
46.364486 -90.123637 0.0 0.4
46.370687 -90.13155499999999 0.0 0.4
46.38068 -90.132271 0.0 0.4
46.386423 -90.140633 0.0 0.4
46.394991 -90.146616 0.0 0.4
46.402623 -90.15332 0.0 0.4
46.411277999999996 -90.15873599999999 0.0 0.4
46.421215 -90.157386 0.0 0.4
46.430172 -90.16236099999999 0.0 0.4
46.439001999999995 -90.167099 0.0 0.4
46.440053 -90.177117 0.0 0.4
46.450009 -90.178575 0.0 0.4
46.457799 -90.18500399999999 0.0 0.4
46.463241 -90.193575 0.0 0.4
46.473248999999996 -90.195015 0.0 0.4
46.478308999999996 -90.204212 0.0 0.4
46.48703 -90.209294 0.0 0.4
46.496472 -90.214244 0.0 0.4
46.503133 -90.221825 0.0 0.4
46.508815 -90.23008999999999 0.0 0.4
46.506479999999996 -90.23983899999999 0.0 0.4
46.504723 -90.25111299999999 0.0 0.4
46.502562 -90.26154799999999 0.0 0.4
46.506985 -90.270572 0.0 0.4
46.514432 -90.277378 0.0 0.4
46.524418 -90.27679599999999 0.0 0.4
46.518761 -90.28527799999999 0.0 0.4
46.521555 -90.294973 0.0 0.4
46.5176 -90.304575 0.0 0.4
46.516175 -90.314657 0.0 0.4
46.526571 -90.313014 0.0 0.4
46.536429999999996 -90.310648 0.0 0.4
46.545043 -90.316265 0.0 0.4
46.545963 -90.32647399999999 0.0 0.4
46.553383 -90.333471 0.0 0.4
46.552454999999995 -90.343533 0.0 0.4
46.542805 -90.348205 0.0 0.4
46.538813 -90.35785 0.0 0.4
46.541132 -90.368229 0.0 0.4
46.536003 -90.377034 0.0 0.4
46.533497 -90.387447 0.0 0.4
46.538129999999995 -90.396417 0.0 0.4
46.546503 -90.40424 0.0 0.4
46.555020999999996 -90.410006 0.0 0.4
46.563300999999996 -90.415782 0.0 0.4
46.578711 -90.410348 0.0 0.4
46.593334999999996 -90.401184 0.0 0.4
46.617042 -90.386434 0.0 0.4
46.659591999999996 -90.359138 0.0 0.4
46.763534 -90.292001 0.0 0.4
46.798182 -90.269622 0.0 0.4
46.828454 -90.250174 0.0 0.4
46.847007 -90.23813899999999 0.0 0.4
46.874939999999995 -90.220022 0.0 0.4
46.993359999999996 -90.143501 0.0 0.4
47.020679 -90.125164 0.0 0.4
47.041964 -90.111689 0.0 0.4
47.07665 -90.089512 0.0 0.4
47.12493 -90.058644 0.0 0.4
47.180445999999996 -90.02257399999999 0.0 0.4
47.214968999999996 -90.00014499999999 0.0 0.4
47.230194999999995 -89.991536 0.0 0.4
47.275876 -89.96571 0.0 0.4
47.291103 -89.95710199999999 0.0 0.4
47.306537 -89.946969 0.0 0.4
47.352841999999995 -89.916572 0.0 0.4
47.368278 -89.906441 0.0 0.4
47.394604 -89.88915899999999 0.0 0.4
47.473583 -89.83731499999999 0.0 0.4
47.49991 -89.82003399999999 0.0 0.4
47.542907 -89.792278 0.0 0.4
47.608235 -89.750109 0.0 0.4
47.624902999999996 -89.739071 0.0 0.4
47.671656999999996 -89.70864399999999 0.0 0.4
47.714552 -89.68073 0.0 0.4
47.749896 -89.65744699999999 0.0 0.4
47.77511 -89.64102 0.0 0.4
47.799549 -89.62516699999999 0.0 0.4
47.874883 -89.57552199999999 0.0 0.4
47.916362 -89.548165 0.0 0.4
47.988543 -89.500087 0.0 0.4
47.999886 -89.492137 0.0 0.4
48.013715999999995 -89.483385 0.0 0.4
48.006259 -89.454363 0.0 0.4
48.000316 -89.432307 0.0 0.4
47.983911 -89.375085 0.0 0.4
47.980063 -89.359822 0.0 0.4
47.974261 -89.33755 0.0 0.4
47.999886 -89.275475 0.0 0.4
48.010416 -89.25008299999999 0.0 0.4
48.061813 -89.125079 0.0 0.4
48.113521 -89.000074 0.0 0.4
48.12488 -88.971903 0.0 0.4
48.164491999999996 -88.87507099999999 0.0 0.4
48.194102 -88.802509 0.0 0.4
48.215517 -88.750067 0.0 0.4
48.228944 -88.71837599999999 0.0 0.4
48.241354 -88.68767 0.0 0.4
48.245397 -88.677442 0.0 0.4
48.24987 -88.653802 0.0 0.4
48.255451 -88.625064 0.0 0.4
48.280176999999995 -88.500063 0.0 0.4
48.304956999999995 -88.37506499999999 0.0 0.4
48.303902 -88.364119 0.0 0.4
48.293507999999996 -88.33649899999999 0.0 0.4
48.282706999999995 -88.30834399999999 0.0 0.4
48.274453 -88.286827 0.0 0.4
48.260363999999996 -88.250068 0.0 0.4
48.249869 -88.22302499999999 0.0 0.4
48.230836 -88.17311199999999 0.0 0.4
48.21236 -88.125073 0.0 0.4
48.164049999999996 -88.00007699999999 0.0 0.4
48.124877999999995 -87.91081299999999 0.0 0.4
48.113431999999996 -87.87508199999999 0.0 0.4
48.066244999999995 -87.750087 0.0 0.4
48.053813999999996 -87.720675 0.0 0.4
48.028838 -87.64768 0.0 0.4
48.021108999999996 -87.625091 0.0 0.4
47.999885 -87.574241 0.0 0.4
47.968114 -87.500095 0.0 0.4
47.920232 -87.37509899999999 0.0 0.4
47.897966 -87.319133 0.0 0.4
47.874894 -87.261138 0.0 0.4
47.870477 -87.250103 0.0 0.4
47.817997999999996 -87.112695 0.0 0.4
47.799991 -87.06310099999999 0.0 0.4
47.773604 -87.00011099999999 0.0 0.4
47.749905 -86.94062199999999 0.0 0.4
47.721812 -86.87511599999999 0.0 0.4
47.678723999999995 -86.76707999999999 0.0 0.4
47.67196 -86.75012 0.0 0.4
47.624919999999996 -86.631321 0.0 0.4
47.569523 -86.50013 0.0 0.4
47.523616 -86.375134 0.0 0.4
47.518468999999996 -86.361462 0.0 0.4
47.499939999999995 -86.31277399999999 0.0 0.4
47.477903 -86.25013899999999 0.0 0.4
47.423468 -86.125141 0.0 0.4
47.374962 -86.020032 0.0 0.4
47.361883 -86.00014499999999 0.0 0.4
47.316261 -85.87514399999999 0.0 0.4
47.305482 -85.854862 0.0 0.4
47.261387 -85.750143 0.0 0.4
47.249984999999995 -85.720967 0.0 0.4
47.210302999999996 -85.625137 0.0 0.4
47.158283999999995 -85.500131 0.0 0.4
47.125004999999994 -85.415964 0.0 0.4
47.107541 -85.37512199999999 0.0 0.4
47.05654 -85.25011099999999 0.0 0.4
47.04761 -85.23433 0.0 0.4
47.000018 -85.125524 0.0 0.4
46.888843 -84.859335 0.0 0.4
46.875021 -84.854047 0.0 0.4
46.841859 -84.841957 0.0 0.4
46.807919999999996 -84.82910199999999 0.0 0.4
46.7718 -84.815559 0.0 0.4
46.750023999999996 -84.80735399999999 0.0 0.4
46.697385999999995 -84.78714599999999 0.0 0.4
46.656396 -84.771261 0.0 0.4
46.634324 -84.762957 0.0 0.4
46.625022 -84.751942 0.0 0.4
46.600994 -84.722824 0.0 0.4
46.573968 -84.69076 0.0 0.4
46.548615 -84.660557 0.0 0.4
46.52905 -84.63745399999999 0.0 0.4
46.518474999999995 -84.62505399999999 0.0 0.4
46.500021 -84.603084 0.0 0.4
46.489171 -84.590378 0.0 0.4
46.46065 -84.55697599999999 0.0 0.4
46.455183999999996 -84.500047 0.0 0.4
46.452864 -84.475594 0.0 0.4
46.462772 -84.467249 0.0 0.4
46.489016 -84.445149 0.0 0.4
46.500022 -84.42222699999999 0.0 0.4
46.500022 -84.405749 0.0 0.4
46.499241999999995 -84.394725 0.0 0.4
46.508669 -84.37504 0.0 0.4
46.508461999999994 -84.360765 0.0 0.4
46.507940999999995 -84.35063099999999 0.0 0.4
46.505576999999995 -84.337732 0.0 0.4
46.500021 -84.32537099999999 0.0 0.4
46.497228 -84.312882 0.0 0.4
46.494696 -84.30153299999999 0.0 0.4
46.492821 -84.275814 0.0 0.4
46.494392999999995 -84.265391 0.0 0.4
46.500021 -84.255759 0.0 0.4
46.533919999999995 -84.226131 0.0 0.4
46.540149 -84.19402 0.0 0.4
46.52692 -84.17742799999999 0.0 0.4
46.526219999999995 -84.166027 0.0 0.4
46.528301 -84.153144 0.0 0.4
46.532219 -84.139426 0.0 0.4
46.530119 -84.128925 0.0 0.4
46.520919 -84.123325 0.0 0.4
46.504174 -84.111252 0.0 0.4
46.469878 -84.12502599999999 0.0 0.4
46.41852 -84.14617199999999 0.0 0.4
46.375018999999995 -84.139485 0.0 0.4
46.34721 -84.125025 0.0 0.4
46.337013999999996 -84.11912199999999 0.0 0.4
46.321963 -84.106247 0.0 0.4
46.315172999999994 -84.119332 0.0 0.4
46.277134 -84.116395 0.0 0.4
46.264229 -84.10949699999999 0.0 0.4
46.256512 -84.097766 0.0 0.4
46.24565 -84.105138 0.0 0.4
46.226247 -84.09738899999999 0.0 0.4
46.209990999999995 -84.085785 0.0 0.4
46.187557999999996 -84.077027 0.0 0.4
46.16435 -84.033464 0.0 0.4
46.149550999999995 -84.005685 0.0 0.4
46.125018 -84.005804 0.0 0.4
46.115266999999996 -84.000012 0.0 0.4
46.102587 -83.976196 0.0 0.4
46.057188 -83.955424 0.0 0.4
46.057874999999996 -83.945239 0.0 0.4
46.058766999999996 -83.932026 0.0 0.4
46.060818999999995 -83.90373699999999 0.0 0.4
46.073082 -83.887383 0.0 0.4
46.082465 -83.875007 0.0 0.4
46.119288 -83.82624299999999 0.0 0.4
46.110081 -83.788365 0.0 0.4
46.103379 -83.760391 0.0 0.4
46.104858 -83.75000399999999 0.0 0.4
46.122054999999996 -83.654647 0.0 0.4
46.116330999999995 -83.624999 0.0 0.4
46.105998 -83.571467 0.0 0.4
46.057888999999996 -83.509782 0.0 0.4
46.050412 -83.49999299999999 0.0 0.4
46.000022 -83.43610199999999 0.0 0.4
45.926849999999995 -83.49999199999999 0.0 0.4
45.906693999999995 -83.518515 0.0 0.4
45.87502 -83.547626 0.0 0.4
45.773944 -83.636867 0.0 0.4
45.771581 -83.49999 0.0 0.4
45.771937 -83.48397399999999 0.0 0.4
45.75002 -83.434654 0.0 0.4
45.723501999999996 -83.374984 0.0 0.4
45.668152 -83.249978 0.0 0.4
45.625021 -83.15255599999999 0.0 0.4
45.612392 -83.12500899999999 0.0 0.4
45.573879999999996 -83.039035 0.0 0.4
45.556377999999995 -82.999963 0.0 0.4
45.500022 -82.878765 0.0 0.4
45.442220999999996 -82.74995 0.0 0.4
45.402516999999996 -82.663105 0.0 0.4
45.375036 -82.602994 0.0 0.4
45.335902 -82.52064 0.0 0.4
45.250021 -82.500802 0.0 0.4
45.208484 -82.490596 0.0 0.4
45.125018999999995 -82.47117999999999 0.0 0.4
45.000018 -82.44221999999999 0.0 0.4
44.875017 -82.412416 0.0 0.4
44.858146999999995 -82.408717 0.0 0.4
44.750015999999995 -82.382837 0.0 0.4
44.716437 -82.374927 0.0 0.4
44.675109 -82.366924 0.0 0.4
44.625015 -82.354787 0.0 0.4
44.512834 -82.32951899999999 0.0 0.4
44.500015 -82.326466 0.0 0.4
44.485178 -82.323135 0.0 0.4
44.402094 -82.30448299999999 0.0 0.4
44.375015 -82.298405 0.0 0.4
44.345875 -82.291504 0.0 0.4
44.304019 -82.281835 0.0 0.4
44.250015 -82.26936099999999 0.0 0.4
44.199867 -82.25787 0.0 0.4
44.165143 -82.24991399999999 0.0 0.4
44.028597 -82.21986 0.0 0.4
44.014306 -82.216668 0.0 0.4
44.000014 -82.213475 0.0 0.4
43.956635 -82.203785 0.0 0.4
43.913256 -82.19409399999999 0.0 0.4
43.750023 -82.158001 0.0 0.4
43.695586999999996 -82.145501 0.0 0.4
43.640857 -82.13354 0.0 0.4
43.625025 -82.13007999999999 0.0 0.4
43.600604999999995 -82.124904 0.0 0.4
43.587101 -82.124904 0.0 0.4
43.500040999999996 -82.168835 0.0 0.4
43.43942 -82.199435 0.0 0.4
43.378797999999996 -82.230035 0.0 0.4
43.339088 -82.24991 0.0 0.4
43.307798 -82.265787 0.0 0.4
43.250028 -82.295101 0.0 0.4
43.21881 -82.31038199999999 0.0 0.4
43.170412999999996 -82.33407299999999 0.0 0.4
43.14792 -82.34505999999999 0.0 0.4
43.133396 -82.352154 0.0 0.4
43.08862 -82.37491399999999 0.0 0.4
43.071838 -82.384946 0.0 0.4
43.062238 -82.389971 0.0 0.4
43.041247999999996 -82.39903 0.0 0.4
43.026022 -82.405023 0.0 0.4
43.015132 -82.409543 0.0 0.4
43.005477 -82.416054 0.0 0.4
42.998709 -82.423617 0.0 0.4
42.988642999999996 -82.423116 0.0 0.4
42.979965 -82.415774 0.0 0.4
42.968348 -82.416198 0.0 0.4
42.959328 -82.422541 0.0 0.4
42.951449 -82.42945 0.0 0.4
42.940847 -82.443162 0.0 0.4
42.930084 -82.452816 0.0 0.4
42.915119 -82.45953 0.0 0.4
42.902269 -82.46363 0.0 0.4
42.892482 -82.46793699999999 0.0 0.4
42.88093 -82.46994099999999 0.0 0.4
42.870579 -82.469099 0.0 0.4
42.859423 -82.468144 0.0 0.4
42.848335 -82.47043599999999 0.0 0.4
42.837551999999995 -82.47237799999999 0.0 0.4
42.826338 -82.47758499999999 0.0 0.4
42.815995 -82.480958 0.0 0.4
42.805484 -82.48184599999999 0.0 0.4
42.796468999999995 -82.47740999999999 0.0 0.4
42.787419 -82.47284499999999 0.0 0.4
42.776095999999995 -82.468871 0.0 0.4
42.765026999999996 -82.467378 0.0 0.4
42.755365 -82.47134199999999 0.0 0.4
42.74588 -82.476641 0.0 0.4
42.733461999999996 -82.483385 0.0 0.4
42.718879 -82.48380499999999 0.0 0.4
42.709885 -82.488851 0.0 0.4
42.700941 -82.49445899999999 0.0 0.4
42.691752 -82.498628 0.0 0.4
42.677065 -82.505358 0.0 0.4
42.664992 -82.510851 0.0 0.4
42.654331 -82.51036599999999 0.0 0.4
42.641362 -82.509997 0.0 0.4
42.631203 -82.511833 0.0 0.4
42.621916999999996 -82.515934 0.0 0.4
42.611019999999996 -82.520878 0.0 0.4
42.600215 -82.534472 0.0 0.4
42.593177999999995 -82.545633 0.0 0.4
42.584739 -82.554104 0.0 0.4
42.577939 -82.562362 0.0 0.4
42.572385 -82.570718 0.0 0.4
42.566027 -82.578813 0.0 0.4
42.556498999999995 -82.58295299999999 0.0 0.4
42.550588 -82.591196 0.0 0.4
42.548393999999995 -82.604564 0.0 0.4
42.554227999999995 -82.616517 0.0 0.4
42.55684 -82.63306299999999 0.0 0.4
42.554321 -82.64307 0.0 0.4
42.547686999999996 -82.65325399999999 0.0 0.4
42.541745999999996 -82.661886 0.0 0.4
42.533111999999996 -82.668064 0.0 0.4
42.524418999999995 -82.6769 0.0 0.4
42.514278999999995 -82.687006 0.0 0.4
42.504475 -82.696736 0.0 0.4
42.489141 -82.71158 0.0 0.4
42.478282 -82.72255 0.0 0.4
42.451091999999996 -82.74990799999999 0.0 0.4
42.392412 -82.810717 0.0 0.4
42.384166 -82.819261 0.0 0.4
42.375037 -82.828722 0.0 0.4
42.363524 -82.874912 0.0 0.4
42.361036999999996 -82.885212 0.0 0.4
42.357937 -82.89881299999999 0.0 0.4
42.35501 -82.911343 0.0 0.4
42.352211 -82.923014 0.0 0.4
42.34858 -82.940137 0.0 0.4
42.340033 -82.95975 0.0 0.4
42.335150999999996 -82.978785 0.0 0.4
42.332481 -82.98919699999999 0.0 0.4
42.331981999999996 -82.99989099999999 0.0 0.4
42.331320999999996 -83.014076 0.0 0.4
42.329429999999995 -83.024034 0.0 0.4
42.324771 -83.039153 0.0 0.4
42.321459 -83.04981 0.0 0.4
42.317389999999996 -83.062034 0.0 0.4
42.310938 -83.073425 0.0 0.4
42.296279999999996 -83.090734 0.0 0.4
42.286698 -83.099977 0.0 0.4
42.269917 -83.108412 0.0 0.4
42.260587 -83.11202999999999 0.0 0.4
42.251031 -83.118152 0.0 0.4
42.238412 -83.126361 0.0 0.4
42.226898999999996 -83.128337 0.0 0.4
42.216836 -83.129745 0.0 0.4
42.202771999999996 -83.13147099999999 0.0 0.4
42.184627 -83.13323 0.0 0.4
42.174620999999995 -83.134384 0.0 0.4
42.16269 -83.130664 0.0 0.4
42.150760999999996 -83.128086 0.0 0.4
42.137556 -83.125304 0.0 0.4
42.128616 -83.120406 0.0 0.4
42.117453999999995 -83.12127 0.0 0.4
42.106384999999996 -83.12668699999999 0.0 0.4
42.090174 -83.13201699999999 0.0 0.4
42.080262 -83.13546699999999 0.0 0.4
42.053858 -83.145691 0.0 0.4
42.040264 -83.14945 0.0 0.4
42.029581 -83.144475 0.0 0.4
42.014362 -83.137558 0.0 0.4
42.003091 -83.132268 0.0 0.4
41.986292 -83.124923 0.0 0.4
41.95941 -83.11246 0.0 0.4
41.951218 -83.124923 0.0 0.4
41.905919 -83.185535 0.0 0.4
41.875045 -83.226843 0.0 0.4
41.857875 -83.249928 0.0 0.4
41.825979 -83.29121599999999 0.0 0.4
41.815748 -83.304464 0.0 0.4
41.764841 -83.37521799999999 0.0 0.4
41.753009999999996 -83.390658 0.0 0.4
41.742647999999996 -83.403843 0.0 0.4
41.733793999999996 -83.41585099999999 0.0 0.4
41.733135999999995 -83.447121 0.0 0.4
41.732561 -83.463618 0.0 0.4
41.732302 -83.47849099999999 0.0 0.4
41.732003999999996 -83.488506 0.0 0.4
41.731775 -83.49879399999999 0.0 0.4
41.731460999999996 -83.50905499999999 0.0 0.4
41.731148999999995 -83.51950699999999 0.0 0.4
41.730824999999996 -83.529962 0.0 0.4
41.730317 -83.543416 0.0 0.4
41.730028999999995 -83.553614 0.0 0.4
41.729701999999996 -83.56686599999999 0.0 0.4
41.729377 -83.57983899999999 0.0 0.4
41.72904 -83.594742 0.0 0.4
41.728811 -83.605408 0.0 0.4
41.728252 -83.621527 0.0 0.4
41.727928999999996 -83.63153899999999 0.0 0.4
41.727475999999996 -83.645731 0.0 0.4
41.727230999999996 -83.655805 0.0 0.4
41.726886 -83.665954 0.0 0.4
41.726642 -83.682548 0.0 0.4
41.725702 -83.70033099999999 0.0 0.4
41.725108999999996 -83.714565 0.0 0.4
41.724696 -83.72958899999999 0.0 0.4
41.724177 -83.74438099999999 0.0 0.4
41.723765 -83.756407 0.0 0.4
41.723337 -83.770415 0.0 0.4
41.723023999999995 -83.781444 0.0 0.4
41.722694 -83.79468899999999 0.0 0.4
41.722379 -83.806142 0.0 0.4
41.721987 -83.82055799999999 0.0 0.4
41.721534999999996 -83.839986 0.0 0.4
41.721185 -83.85274799999999 0.0 0.4
41.720644 -83.86893599999999 0.0 0.4
41.720212 -83.880391 0.0 0.4
41.719935 -83.899455 0.0 0.4
41.719158 -83.918753 0.0 0.4
41.718879 -83.93161099999999 0.0 0.4
41.718029 -83.9577 0.0 0.4
41.717382 -83.976665 0.0 0.4
41.716964999999995 -83.993033 0.0 0.4
41.716671 -84.017945 0.0 0.4
41.716114999999995 -84.037134 0.0 0.4
41.715368 -84.056525 0.0 0.4
41.715001 -84.071305 0.0 0.4
41.714251999999995 -84.095659 0.0 0.4
41.713533999999996 -84.114892 0.0 0.4
41.712936 -84.134647 0.0 0.4
41.712475999999995 -84.148894 0.0 0.4
41.711951 -84.164067 0.0 0.4
41.711555 -84.175687 0.0 0.4
41.711022 -84.191952 0.0 0.4
41.710778 -84.20213199999999 0.0 0.4
41.710477999999995 -84.215093 0.0 0.4
41.710135 -84.230735 0.0 0.4
41.709885 -84.243763 0.0 0.4
41.709385999999995 -84.264153 0.0 0.4
41.708995 -84.276358 0.0 0.4
41.708534 -84.28936999999999 0.0 0.4
41.708202 -84.301569 0.0 0.4
41.707467 -84.328469 0.0 0.4
41.707093 -84.342225 0.0 0.4
41.706703999999995 -84.35591699999999 0.0 0.4
41.7063 -84.374955 0.0 0.4
41.705934 -84.393215 0.0 0.4
41.705616 -84.409212 0.0 0.4
41.705283 -84.42204199999999 0.0 0.4
41.704930999999995 -84.43782999999999 0.0 0.4
41.704439 -84.455946 0.0 0.4
41.704138 -84.466428 0.0 0.4
41.70359 -84.495179 0.0 0.4
41.703241999999996 -84.514609 0.0 0.4
41.702819999999996 -84.533953 0.0 0.4
41.702380999999995 -84.553398 0.0 0.4
41.701996 -84.56952799999999 0.0 0.4
41.701737 -84.580315 0.0 0.4
41.701474999999995 -84.59098999999999 0.0 0.4
41.7014 -84.602175 0.0 0.4
41.701074999999996 -84.621541 0.0 0.4
41.700832999999996 -84.632016 0.0 0.4
41.700289 -84.650752 0.0 0.4
41.699973 -84.670182 0.0 0.4
41.699797 -84.68114899999999 0.0 0.4
41.699483 -84.69395899999999 0.0 0.4
41.699121 -84.708711 0.0 0.4
41.698844 -84.72213599999999 0.0 0.4
41.698538 -84.733201 0.0 0.4
41.698207 -84.745121 0.0 0.4
41.697449 -84.76709699999999 0.0 0.4
41.696957999999995 -84.781616 0.0 0.4
41.696557 -84.793283 0.0 0.4
41.696118 -84.805972 0.0 0.4
41.707353 -84.805908 0.0 0.4
41.720476 -84.805925 0.0 0.4
41.732926 -84.805921 0.0 0.4
41.743044 -84.805928 0.0 0.4
41.760171 -84.80588499999999 0.0 0.4
41.760058 -84.818753 0.0 0.4
41.759994999999996 -84.830052 0.0 0.4
41.759975 -84.84476599999999 0.0 0.4
41.759916 -84.859681 0.0 0.4
41.759904999999996 -84.87019 0.0 0.4
41.759859999999996 -84.883113 0.0 0.4
41.759813 -84.89944299999999 0.0 0.4
41.759744999999995 -84.910795 0.0 0.4
41.759718 -84.922454 0.0 0.4
41.759723 -84.94020599999999 0.0 0.4
41.759605 -84.95985399999999 0.0 0.4
41.759547999999995 -84.97137699999999 0.0 0.4
41.759564999999995 -84.989477 0.0 0.4
41.759653 -84.999968 0.0 0.4
41.759752 -85.013172 0.0 0.4
41.759696999999996 -85.032575 0.0 0.4
41.759631 -85.048873 0.0 0.4
41.759609999999995 -85.05927799999999 0.0 0.4
41.759642 -85.074455 0.0 0.4
41.75966 -85.085472 0.0 0.4
41.759671999999995 -85.096907 0.0 0.4
41.759662 -85.10703099999999 0.0 0.4
41.759605 -85.11727499999999 0.0 0.4
41.759589 -85.136709 0.0 0.4
41.759538 -85.156179 0.0 0.4
41.759633 -85.172234 0.0 0.4
41.759605 -85.18353499999999 0.0 0.4
41.759634999999996 -85.194279 0.0 0.4
41.759671999999995 -85.207954 0.0 0.4
41.759685999999995 -85.220004 0.0 0.4
41.759702999999995 -85.23093899999999 0.0 0.4
41.759799 -85.24998 0.0 0.4
41.759845 -85.271157 0.0 0.4
41.759792999999995 -85.28661799999999 0.0 0.4
41.759831999999996 -85.29840899999999 0.0 0.4
41.759927999999995 -85.311526 0.0 0.4
41.75989 -85.323167 0.0 0.4
41.75992 -85.33798999999999 0.0 0.4
41.759861 -85.350123 0.0 0.4
41.759853 -85.36317199999999 0.0 0.4
41.759763 -85.379238 0.0 0.4
41.759699 -85.38924999999999 0.0 0.4
41.759848999999996 -85.408749 0.0 0.4
41.759674 -85.420609 0.0 0.4
41.759625 -85.43119399999999 0.0 0.4
41.759591 -85.447756 0.0 0.4
41.759463 -85.467171 0.0 0.4
41.759266 -85.486638 0.0 0.4
41.759388 -85.499916 0.0 0.4
41.759312 -85.515624 0.0 0.4
41.759355 -85.525757 0.0 0.4
41.759433 -85.543599 0.0 0.4
41.759344 -85.554339 0.0 0.4
41.759253 -85.56482799999999 0.0 0.4
41.75926 -85.576343 0.0 0.4
41.759181 -85.597365 0.0 0.4
41.759113 -85.60777499999999 0.0 0.4
41.759079 -85.622091 0.0 0.4
41.759080999999995 -85.632716 0.0 0.4
41.759115 -85.64629 0.0 0.4
41.759068 -85.65975 0.0 0.4
41.759057 -85.67048799999999 0.0 0.4
41.759040999999996 -85.681311 0.0 0.4
41.759048 -85.691419 0.0 0.4
41.759066999999995 -85.701724 0.0 0.4
41.759049 -85.71854499999999 0.0 0.4
41.759032 -85.737923 0.0 0.4
41.759001 -85.748223 0.0 0.4
41.759054 -85.759795 0.0 0.4
41.759087 -85.77300000000001 0.0 0.4
41.759091999999995 -85.784545 0.0 0.4
41.759131 -85.795923 0.0 0.4
41.759111 -85.81080999999999 0.0 0.4
41.759248 -85.827466 0.0 0.4
41.759235 -85.84786299999999 0.0 0.4
41.759277999999995 -85.861143 0.0 0.4
41.759248 -85.87178 0.0 0.4
41.759377 -85.882468 0.0 0.4
41.759522 -85.89359 0.0 0.4
41.759651999999996 -85.90709 0.0 0.4
41.759746 -85.926003 0.0 0.4
41.759868999999995 -85.936042 0.0 0.4
41.759943 -85.947136 0.0 0.4
41.75994 -85.96271 0.0 0.4
41.760006 -85.973193 0.0 0.4
41.760069 -85.99128999999999 0.0 0.4
41.760236 -86.003669 0.0 0.4
41.760342 -86.020392 0.0 0.4
41.76045 -86.04108099999999 0.0 0.4
41.760425 -86.051389 0.0 0.4
41.760512999999996 -86.062575 0.0 0.4
41.760638 -86.08840599999999 0.0 0.4
41.760697 -86.108465 0.0 0.4
41.760602 -86.125312 0.0 0.4
41.760549 -86.137787 0.0 0.4
41.760534 -86.15220000000001 0.0 0.4
41.760461 -86.166823 0.0 0.4
41.760473999999995 -86.17694 0.0 0.4
41.760481999999996 -86.18771199999999 0.0 0.4
41.760462 -86.202471 0.0 0.4
41.760452 -86.213523 0.0 0.4
41.760413 -86.224824 0.0 0.4
41.760411999999995 -86.236021 0.0 0.4
41.760514 -86.246184 0.0 0.4
41.760445 -86.256723 0.0 0.4
41.760404 -86.27215799999999 0.0 0.4
41.76052 -86.28442199999999 0.0 0.4
41.760469 -86.294823 0.0 0.4
41.76028 -86.31304 0.0 0.4
41.760253999999996 -86.323291 0.0 0.4
41.760134 -86.33988599999999 0.0 0.4
41.760013 -86.350786 0.0 0.4
41.759859 -86.36085399999999 0.0 0.4
41.759868 -86.37391699999999 0.0 0.4
41.759788 -86.391663 0.0 0.4
41.759755999999996 -86.40974 0.0 0.4
41.75965 -86.42617899999999 0.0 0.4
41.759553 -86.44356599999999 0.0 0.4
41.759614 -86.455232 0.0 0.4
41.759613 -86.47430899999999 0.0 0.4
41.759648999999996 -86.486361 0.0 0.4
41.759707999999996 -86.496456 0.0 0.4
41.759679999999996 -86.507295 0.0 0.4
41.759678 -86.5173 0.0 0.4
41.759631 -86.531508 0.0 0.4
41.759640999999995 -86.54381099999999 0.0 0.4
41.759592 -86.562705 0.0 0.4
41.759526 -86.58325099999999 0.0 0.4
41.759504 -86.59493599999999 0.0 0.4
41.759654 -86.610798 0.0 0.4
41.759594 -86.622176 0.0 0.4
41.759757 -86.639986 0.0 0.4
41.759713999999995 -86.655829 0.0 0.4
41.759706 -86.668752 0.0 0.4
41.759727999999996 -86.679621 0.0 0.4
41.759791 -86.699681 0.0 0.4
41.759813 -86.71502 0.0 0.4
41.759864 -86.727336 0.0 0.4
41.759904 -86.746173 0.0 0.4
41.760003999999995 -86.757925 0.0 0.4
41.760149999999996 -86.771962 0.0 0.4
41.760231999999995 -86.783458 0.0 0.4
41.760267999999996 -86.800221 0.0 0.4
41.760284 -86.810448 0.0 0.4
41.760298999999996 -86.82051 0.0 0.4
41.760366999999995 -86.832392 0.0 0.4
41.760279 -86.848371 0.0 0.4
41.760321 -86.868365 0.0 0.4
41.760473999999995 -86.88669 0.0 0.4
41.760894 -86.921673 0.0 0.4
41.761035 -86.933334 0.0 0.4
41.760867999999995 -86.97250000000001 0.0 0.4
41.760743999999995 -87.000033 0.0 0.4
41.760521999999995 -87.086902 0.0 0.4
41.760425 -87.125036 0.0 0.4
41.761285 -87.141583 0.0 0.4
41.761038 -87.191226 0.0 0.4
41.760956 -87.207774 0.0 0.4
41.783431 -87.20217699999999 0.0 0.4
41.829944999999995 -87.190597 0.0 0.4
41.845451 -87.186737 0.0 0.4
41.864059999999995 -87.182104 0.0 0.4
41.875034 -87.179372 0.0 0.4
41.890898 -87.175443 0.0 0.4
41.900734 -87.173008 0.0 0.4
41.912582 -87.170076 0.0 0.4
41.927814 -87.166305 0.0 0.4
41.946315999999996 -87.16172499999999 0.0 0.4
41.986588999999995 -87.151754 0.0 0.4
42.000014 -87.148431 0.0 0.4
42.058765 -87.134541 0.0 0.4
42.069303999999995 -87.131787 0.0 0.4
42.095118 -87.125042 0.0 0.4
42.107558999999995 -87.122261 0.0 0.4
42.125031 -87.117618 0.0 0.4
42.138945 -87.113933 0.0 0.4
42.149409 -87.111162 0.0 0.4
42.175456 -87.10417 0.0 0.4
42.185379999999995 -87.10152 0.0 0.4
42.210727999999996 -87.094831 0.0 0.4
42.235333999999995 -87.088338 0.0 0.4
42.250029 -87.08462999999999 0.0 0.4
42.314346 -87.068039 0.0 0.4
42.375026 -87.051814 0.0 0.4
42.416993 -87.04004599999999 0.0 0.4
42.48891 -87.021158 0.0 0.4
42.500032 -87.020433 0.0 0.4
42.531934 -87.025669 0.0 0.4
42.612868 -87.03674199999999 0.0 0.4
42.625021 -87.038404 0.0 0.4
42.663729 -87.043899 0.0 0.4
42.744718 -87.055587 0.0 0.4
42.765201999999995 -87.05871599999999 0.0 0.4
42.806861 -87.064527 0.0 0.4
42.842146 -87.069419 0.0 0.4
42.873025 -87.07363 0.0 0.4
42.899882999999996 -87.077477 0.0 0.4
42.949949 -87.084679 0.0 0.4
42.982639999999996 -87.089382 0.0 0.4
43.000014 -87.091881 0.0 0.4
43.021164999999996 -87.094706 0.0 0.4
43.042317 -87.09752999999999 0.0 0.4
43.070887 -87.101345 0.0 0.4
43.099273 -87.105136 0.0 0.4
43.109319 -87.106477 0.0 0.4
43.125009999999996 -87.108397 0.0 0.4
43.190816 -87.119008 0.0 0.4
43.205864 -87.12147999999999 0.0 0.4
43.227737 -87.125072 0.0 0.4
43.250008 -87.128269 0.0 0.4
43.298114 -87.135319 0.0 0.4
43.374885 -87.146569 0.0 0.4
43.46178 -87.141052 0.0 0.4
43.472283999999995 -87.140267 0.0 0.4
43.495118 -87.13856299999999 0.0 0.4
43.508282 -87.136468 0.0 0.4
43.528445 -87.134971 0.0 0.4
43.541433 -87.134778 0.0 0.4
43.608427999999996 -87.129513 0.0 0.4
43.621370999999996 -87.12849299999999 0.0 0.4
43.646910999999996 -87.12655699999999 0.0 0.4
43.659518 -87.125607 0.0 0.4
43.670445 -87.125079 0.0 0.4
43.734111 -87.114102 0.0 0.4
43.75 -87.1102 0.0 0.4
43.770382 -87.105232 0.0 0.4
43.803978 -87.097042 0.0 0.4
43.815236 -87.094298 0.0 0.4
43.894774 -87.075335 0.0 0.4
43.988918999999996 -87.051637 0.0 0.4
44.0 -87.048847 0.0 0.4
44.064191 -87.03042599999999 0.0 0.4
44.10169 -87.021067 0.0 0.4
44.125001 -87.014842 0.0 0.4
44.138188 -87.010618 0.0 0.4
44.150707999999995 -87.00534499999999 0.0 0.4
44.163208999999995 -87.000086 0.0 0.4
44.182649 -86.98799799999999 0.0 0.4
44.236641999999996 -86.96396399999999 0.0 0.4
44.249992999999996 -86.958022 0.0 0.4
44.311107 -86.931096 0.0 0.4
44.32563 -86.92482 0.0 0.4
44.375673 -86.902716 0.0 0.4
44.440795 -86.874561 0.0 0.4
44.500339 -86.84769399999999 0.0 0.4
44.519428999999995 -86.84692799999999 0.0 0.4
44.624849 -86.80053099999999 0.0 0.4
44.674519 -86.778697 0.0 0.4
44.739498999999995 -86.750103 0.0 0.4
44.75 -86.74485 0.0 0.4
44.763161 -86.738962 0.0 0.4
44.773074 -86.734529 0.0 0.4
44.85077 -86.699834 0.0 0.4
44.874998999999995 -86.689016 0.0 0.4
44.934829 -86.636365 0.0 0.4
44.946973 -86.625103 0.0 0.4
44.960421 -86.612449 0.0 0.4
44.999995999999996 -86.57520799999999 0.0 0.4
45.010407 -86.56550999999999 0.0 0.4
45.050449 -86.528212 0.0 0.4
45.080621 -86.500106 0.0 0.4
45.124991 -86.433128 0.0 0.4
45.160084 -86.375104 0.0 0.4
45.186709 -86.331109 0.0 0.4
45.235735 -86.2501 0.0 0.4
45.249983 -86.282304 0.0 0.4
45.267900000000004 -86.32576 0.0 0.4
45.288246 -86.375106 0.0 0.4
45.32481 -86.46412 0.0 0.4
