46.630503999999995 -96.784381 0.0 0.4
46.631080999999995 -96.79436899999999 0.0 0.4
46.639612 -96.787886 0.0 0.4
46.650247 -96.79222399999999 0.0 0.4
46.657596 -96.799037 0.0 0.4
46.667508 -96.80207399999999 0.0 0.4
46.671571 -96.79240999999999 0.0 0.4
46.68204 -96.79436799999999 0.0 0.4
46.684813 -96.784503 0.0 0.4
46.695035999999995 -96.78495799999999 0.0 0.4
46.703359 -96.791204 0.0 0.4
46.711124999999996 -96.783971 0.0 0.4
46.718004 -96.791232 0.0 0.4
46.722048 -96.78110000000001 0.0 0.4
46.731533 -96.784352 0.0 0.4
46.741195 -96.78052199999999 0.0 0.4
46.748239 -96.787668 0.0 0.4
46.757819 -96.782906 0.0 0.4
46.765361 -96.789519 0.0 0.4
46.764533 -96.778797 0.0 0.4
46.769976 -96.78801999999999 0.0 0.4
46.776284999999994 -96.795924 0.0 0.4
46.783525 -96.788589 0.0 0.4
46.791571999999995 -96.79699199999999 0.0 0.4
46.801994 -96.795918 0.0 0.4
46.810562 -96.802065 0.0 0.4
46.820606 -96.799751 0.0 0.4
46.827732999999995 -96.791581 0.0 0.4
46.82479 -96.781679 0.0 0.4
46.831216 -96.789614 0.0 0.4
46.841198 -96.786801 0.0 0.4
46.838657 -96.777067 0.0 0.4
46.848222 -96.780006 0.0 0.4
46.858655999999996 -96.77951499999999 0.0 0.4
46.868635 -96.780502 0.0 0.4
46.87921 -96.781362 0.0 0.4
46.880592 -96.77131399999999 0.0 0.4
46.890319 -96.773862 0.0 0.4
46.900262999999995 -96.770658 0.0 0.4
46.909655 -96.763374 0.0 0.4
46.91442 -96.754538 0.0 0.4
46.920736 -96.76248199999999 0.0 0.4
46.923542999999995 -96.75265399999999 0.0 0.4
46.926196999999995 -96.76373099999999 0.0 0.4
46.931314 -96.77251 0.0 0.4
46.925830999999995 -96.782152 0.0 0.4
46.928751 -96.791812 0.0 0.4
46.939527999999996 -96.791873 0.0 0.4
46.944676 -96.80044799999999 0.0 0.4
46.954844 -96.800454 0.0 0.4
46.964259999999996 -96.795693 0.0 0.4
46.967672 -96.805792 0.0 0.4
46.967042 -96.81748499999999 0.0 0.4
46.976817999999994 -96.820037 0.0 0.4
46.986635 -96.82382 0.0 0.4
46.996908999999995 -96.82423 0.0 0.4
47.005358 -96.82979399999999 0.0 0.4
47.015184 -96.832303 0.0 0.4
47.023365 -96.82552299999999 0.0 0.4
47.023754 -96.815456 0.0 0.4
47.030573999999994 -96.823307 0.0 0.4
47.037772 -96.812991 0.0 0.4
47.047076999999994 -96.817865 0.0 0.4
47.055313999999996 -96.824727 0.0 0.4
47.065194999999996 -96.823032 0.0 0.4
47.075342 -96.81962999999999 0.0 0.4
47.086135 -96.81711299999999 0.0 0.4
47.096129 -96.81756 0.0 0.4
47.10615 -96.816041 0.0 0.4
47.115753999999995 -96.821192 0.0 0.4
47.120427 -96.831502 0.0 0.4
47.127615 -96.824136 0.0 0.4
47.137156999999995 -96.827798 0.0 0.4
47.147056 -96.829228 0.0 0.4
47.149738 -96.838966 0.0 0.4
47.154806 -96.830259 0.0 0.4
47.161421999999995 -96.822749 0.0 0.4
47.171440999999994 -96.82311999999999 0.0 0.4
47.175442 -96.83249699999999 0.0 0.4
47.182246 -96.82489699999999 0.0 0.4
47.183800999999995 -96.83482 0.0 0.4
47.189066999999994 -96.82628299999999 0.0 0.4
47.194775 -96.834786 0.0 0.4
47.192902 -96.84471099999999 0.0 0.4
47.200071 -96.837502 0.0 0.4
47.200517 -96.827479 0.0 0.4
47.20635 -96.83565399999999 0.0 0.4
47.216232999999995 -96.83727499999999 0.0 0.4
47.225538 -96.833011 0.0 0.4
47.230177999999995 -96.84231799999999 0.0 0.4
47.231542 -96.83232199999999 0.0 0.4
47.241310999999996 -96.835689 0.0 0.4
47.251312999999996 -96.83601 0.0 0.4
47.25729 -96.844411 0.0 0.4
47.264652999999996 -96.83734799999999 0.0 0.4
47.2697 -96.846713 0.0 0.4
47.277587 -96.840301 0.0 0.4
47.287624 -96.843093 0.0 0.4
47.297135 -96.839806 0.0 0.4
47.304193999999995 -96.83268199999999 0.0 0.4
47.308609 -96.841917 0.0 0.4
47.318577999999995 -96.840515 0.0 0.4
47.325769 -96.833443 0.0 0.4
47.32667 -96.843457 0.0 0.4
47.332339999999995 -96.835056 0.0 0.4
47.340934999999995 -96.840375 0.0 0.4
47.34827 -96.847321 0.0 0.4
47.35341 -96.838725 0.0 0.4
47.356548 -96.84837499999999 0.0 0.4
47.366349 -96.850613 0.0 0.4
47.369495 -96.84102 0.0 0.4
47.371641 -96.851444 0.0 0.4
47.381608 -96.85004599999999 0.0 0.4
47.380874999999996 -96.839969 0.0 0.4
47.390724 -96.838189 0.0 0.4
47.393240999999996 -96.84831299999999 0.0 0.4
47.398534 -96.839474 0.0 0.4
47.403926999999996 -96.848101 0.0 0.4
47.409577 -96.85642 0.0 0.4
47.417930999999996 -96.86199099999999 0.0 0.4
47.424901 -96.854558 0.0 0.4
47.42716 -96.864369 0.0 0.4
47.431906 -96.855485 0.0 0.4
47.441826 -96.85725099999999 0.0 0.4
47.451727999999996 -96.859258 0.0 0.4
47.460403 -96.85390799999999 0.0 0.4
47.468160999999995 -96.860247 0.0 0.4
47.475905 -96.85378999999999 0.0 0.4
47.477401 -96.86410000000001 0.0 0.4
47.483154 -96.855702 0.0 0.4
47.489684999999994 -96.863417 0.0 0.4
47.495262 -96.85501099999999 0.0 0.4
47.505057 -96.852887 0.0 0.4
47.507827999999996 -96.842912 0.0 0.4
47.510197999999995 -96.85279799999999 0.0 0.4
47.513016 -96.84315 0.0 0.4
47.514534 -96.85304599999999 0.0 0.4
47.51677 -96.862983 0.0 0.4
47.525787 -96.867346 0.0 0.4
47.531088 -96.858792 0.0 0.4
47.53998 -96.863523 0.0 0.4
47.541208 -96.853417 0.0 0.4
47.551049 -96.85137499999999 0.0 0.4
47.556827 -96.859692 0.0 0.4
47.562356 -96.85116699999999 0.0 0.4
47.562734 -96.861237 0.0 0.4
47.567989 -96.85257899999999 0.0 0.4
47.574534 -96.860317 0.0 0.4
47.581482 -96.852831 0.0 0.4
47.591114 -96.849915 0.0 0.4
47.595347 -96.858981 0.0 0.4
47.604876999999995 -96.85564099999999 0.0 0.4
47.61237 -96.862336 0.0 0.4
47.61354 -96.872294 0.0 0.4
47.620255 -96.879705 0.0 0.4
47.630626 -96.881655 0.0 0.4
47.638315999999996 -96.88807399999999 0.0 0.4
47.646958999999995 -96.882384 0.0 0.4
47.656424 -96.887002 0.0 0.4
47.666534 -96.88717899999999 0.0 0.4
47.673294999999996 -96.894616 0.0 0.4
47.682843999999996 -96.898028 0.0 0.4
47.691455 -96.903116 0.0 0.4
47.698566 -96.910187 0.0 0.4
47.699391999999996 -96.920175 0.0 0.4
47.705676 -96.912357 0.0 0.4
47.711771 -96.92033099999999 0.0 0.4
47.714662999999994 -96.93008999999999 0.0 0.4
47.720904999999995 -96.922229 0.0 0.4
47.730424 -96.925637 0.0 0.4
47.737522999999996 -96.93283 0.0 0.4
47.746725 -96.92837999999999 0.0 0.4
47.753344 -96.93595499999999 0.0 0.4
47.763093999999995 -96.938272 0.0 0.4
47.771577 -96.94400499999999 0.0 0.4
47.774502999999996 -96.95397 0.0 0.4
47.783905999999995 -96.957769 0.0 0.4
47.793515 -96.96064899999999 0.0 0.4
47.799526 -96.968751 0.0 0.4
47.803844 -96.977882 0.0 0.4
47.807100000000005 -96.987489 0.0 0.4
47.810899 -96.978006 0.0 0.4
47.820702 -96.980581 0.0 0.4
47.830641 -96.981878 0.0 0.4
47.838105 -96.989043 0.0 0.4
47.841932 -96.99833699999999 0.0 0.4
47.851983 -96.99685699999999 0.0 0.4
47.861394 -97.000862 0.0 0.4
47.870340999999996 -97.005845 0.0 0.4
47.871288 -97.015987 0.0 0.4
47.880524 -97.01996299999999 0.0 0.4
47.890541999999996 -97.018782 0.0 0.4
47.900518 -97.02003599999999 0.0 0.4
47.909326 -97.01509399999999 0.0 0.4
47.915186 -97.023213 0.0 0.4
47.924966999999995 -97.02567599999999 0.0 0.4
47.929761 -97.035078 0.0 0.4
47.93976 -97.03666 0.0 0.4
47.941503999999995 -97.046717 0.0 0.4
47.9471 -97.05514699999999 0.0 0.4
47.956815999999996 -97.052289 0.0 0.4
47.962728 -97.06042699999999 0.0 0.4
47.972949 -97.05891299999999 0.0 0.4
47.982732 -97.05568099999999 0.0 0.4
47.992923999999995 -97.05494499999999 0.0 0.4
47.997659999999996 -97.063937 0.0 0.4
48.007807 -97.066278 0.0 0.4
48.016918 -97.07065399999999 0.0 0.4
48.027694 -97.068713 0.0 0.4
48.041765 -97.070411 0.0 0.4
48.051209 -97.07402599999999 0.0 0.4
48.056259 -97.08382399999999 0.0 0.4
48.064152 -97.091824 0.0 0.4
48.071476999999994 -97.098829 0.0 0.4
48.082105999999996 -97.099431 0.0 0.4
48.090486 -97.10766 0.0 0.4
48.100759 -97.108817 0.0 0.4
48.105509999999995 -97.11810899999999 0.0 0.4
48.115857 -97.12106 0.0 0.4
48.124125 -97.126752 0.0 0.4
48.133962 -97.13004099999999 0.0 0.4
48.142978 -97.13475299999999 0.0 0.4
48.141293999999995 -97.14546399999999 0.0 0.4
48.15061 -97.14063399999999 0.0 0.4
48.154250999999995 -97.13052499999999 0.0 0.4
48.158725 -97.12116499999999 0.0 0.4
48.161471999999996 -97.13196699999999 0.0 0.4
48.160202 -97.14195 0.0 0.4
48.170572 -97.14751 0.0 0.4
48.175357 -97.137131 0.0 0.4
48.18233 -97.145547 0.0 0.4
48.192518 -97.14151799999999 0.0 0.4
48.202678999999996 -97.14097199999999 0.0 0.4
48.20711 -97.13165 0.0 0.4
48.214318999999996 -97.13942999999999 0.0 0.4
48.215731999999996 -97.12924699999999 0.0 0.4
48.207381 -97.122925 0.0 0.4
48.21741 -97.124842 0.0 0.4
48.220648 -97.13505599999999 0.0 0.4
48.220315 -97.14555299999999 0.0 0.4
48.226951 -97.137191 0.0 0.4
48.223839 -97.126637 0.0 0.4
48.229743 -97.135127 0.0 0.4
48.233562 -97.144645 0.0 0.4
48.237704 -97.134399 0.0 0.4
48.241181999999995 -97.144444 0.0 0.4
48.249449 -97.13565299999999 0.0 0.4
48.249873 -97.125558 0.0 0.4
48.258610999999995 -97.13064899999999 0.0 0.4
48.265453 -97.139539 0.0 0.4
48.269797 -97.12993499999999 0.0 0.4
48.276885 -97.122498 0.0 0.4
48.290056 -97.12216 0.0 0.4
48.288360999999995 -97.132261 0.0 0.4
48.298320999999994 -97.129331 0.0 0.4
48.294242 -97.11918999999999 0.0 0.4
48.302887 -97.125348 0.0 0.4
48.308948 -97.133684 0.0 0.4
48.319035 -97.132758 0.0 0.4
48.320510999999996 -97.120994 0.0 0.4
48.327996999999996 -97.128001 0.0 0.4
48.325492999999994 -97.138016 0.0 0.4
48.332591 -97.129571 0.0 0.4
48.342676999999995 -97.12760399999999 0.0 0.4
48.343939 -97.138347 0.0 0.4
48.353708999999995 -97.141459 0.0 0.4
48.361076999999995 -97.149633 0.0 0.4
48.369969999999995 -97.154806 0.0 0.4
48.370311 -97.14384899999999 0.0 0.4
48.380027 -97.139518 0.0 0.4
48.382383 -97.150587 0.0 0.4
48.390634999999996 -97.15656 0.0 0.4
48.396758999999996 -97.148155 0.0 0.4
48.402809 -97.139274 0.0 0.4
48.408924999999996 -97.13129699999999 0.0 0.4
48.416301999999995 -97.13882199999999 0.0 0.4
48.412895999999996 -97.148904 0.0 0.4
48.421440999999994 -97.142144 0.0 0.4
48.419641 -97.131169 0.0 0.4
48.42642 -97.139091 0.0 0.4
48.431061 -97.129071 0.0 0.4
48.439873 -97.123898 0.0 0.4
48.443335 -97.13453 0.0 0.4
48.438078 -97.14517099999999 0.0 0.4
48.447679 -97.137783 0.0 0.4
48.454048 -97.129331 0.0 0.4
48.463817999999996 -97.133439 0.0 0.4
48.464811999999995 -97.144409 0.0 0.4
48.474776 -97.14325699999999 0.0 0.4
48.471469 -97.13319299999999 0.0 0.4
48.477213 -97.141953 0.0 0.4
48.47499 -97.153069 0.0 0.4
48.478183 -97.16256 0.0 0.4
48.482189 -97.152915 0.0 0.4
48.483785999999995 -97.142416 0.0 0.4
48.488029 -97.133214 0.0 0.4
48.496663 -97.140872 0.0 0.4
48.501985999999995 -97.149774 0.0 0.4
48.511986 -97.14994899999999 0.0 0.4
48.511663 -97.139009 0.0 0.4
48.516932 -97.129348 0.0 0.4
48.521384999999995 -97.13855199999999 0.0 0.4
48.518848999999996 -97.14883999999999 0.0 0.4
48.528424 -97.154382 0.0 0.4
48.531557 -97.14385399999999 0.0 0.4
48.539452999999995 -97.150497 0.0 0.4
48.542009 -97.161025 0.0 0.4
48.551065 -97.166271 0.0 0.4
48.551199 -97.156083 0.0 0.4
48.551387 -97.14537999999999 0.0 0.4
48.557396999999995 -97.15446899999999 0.0 0.4
48.557061999999995 -97.164672 0.0 0.4
48.560426 -97.174579 0.0 0.4
48.565722 -97.165894 0.0 0.4
48.566533 -97.15557 0.0 0.4
48.573029 -97.147847 0.0 0.4
48.577906 -97.15659 0.0 0.4
48.58101 -97.146637 0.0 0.4
48.590151999999996 -97.141984 0.0 0.4
48.593731999999996 -97.151337 0.0 0.4
48.599278 -97.142606 0.0 0.4
48.606049 -97.135166 0.0 0.4
48.607948 -97.14562199999999 0.0 0.4
48.614664 -97.138126 0.0 0.4
48.622913 -97.132267 0.0 0.4
48.617931 -97.122845 0.0 0.4
48.626781 -97.128006 0.0 0.4
48.632022 -97.119405 0.0 0.4
48.632636999999995 -97.109349 0.0 0.4
48.641895 -97.11347099999999 0.0 0.4
48.649592999999996 -97.10694 0.0 0.4
48.657751 -97.10080599999999 0.0 0.4
48.663432 -97.109082 0.0 0.4
48.668928 -97.100332 0.0 0.4
48.678965 -97.10151599999999 0.0 0.4
48.682241999999995 -97.091968 0.0 0.4
48.688297 -97.100004 0.0 0.4
48.691686 -97.109701 0.0 0.4
48.698934 -97.116897 0.0 0.4
48.706402999999995 -97.1102 0.0 0.4
48.711346 -97.118977 0.0 0.4
48.719608 -97.124702 0.0 0.4
48.724503999999996 -97.13358 0.0 0.4
48.733416 -97.129 0.0 0.4
48.734341 -97.13909 0.0 0.4
48.744023999999996 -97.13633399999999 0.0 0.4
48.750603999999996 -97.14416299999999 0.0 0.4
48.753864 -97.153697 0.0 0.4
48.761618 -97.147185 0.0 0.4
48.771159999999995 -97.151145 0.0 0.4
48.780525999999995 -97.147279 0.0 0.4
48.782671 -97.157482 0.0 0.4
48.791086 -97.16319 0.0 0.4
48.792977 -97.17306699999999 0.0 0.4
48.796211 -97.16337299999999 0.0 0.4
48.79981 -97.173115 0.0 0.4
48.805181 -97.164481 0.0 0.4
48.811575999999995 -97.172259 0.0 0.4
48.81528 -97.181636 0.0 0.4
48.824718 -97.17788999999999 0.0 0.4
48.832198 -97.184798 0.0 0.4
48.836104 -97.175489 0.0 0.4
48.845805999999996 -97.17823 0.0 0.4
48.855827 -97.178085 0.0 0.4
48.863831 -97.184096 0.0 0.4
48.872935 -97.179653 0.0 0.4
48.876532999999995 -97.189166 0.0 0.4
48.88025 -97.19850199999999 0.0 0.4
48.890155 -97.200294 0.0 0.4
48.892540999999994 -97.190514 0.0 0.4
48.899978 -97.19798999999999 0.0 0.4
48.902749 -97.207892 0.0 0.4
48.912309 -97.211316 0.0 0.4
48.919973 -97.21834299999999 0.0 0.4
48.929545 -97.215092 0.0 0.4
48.933567 -97.224271 0.0 0.4
48.943312999999996 -97.226648 0.0 0.4
48.951122 -97.233077 0.0 0.4
48.960194 -97.228735 0.0 0.4
48.965481999999994 -97.23724299999999 0.0 0.4
48.975480999999995 -97.237805 0.0 0.4
48.985476999999996 -97.23739599999999 0.0 0.4
48.991465 -97.22910999999999 0.0 0.4
49.000446 -97.217574 0.0 0.4
49.000437999999995 -97.20412999999999 0.0 0.4
49.000433 -97.193998 0.0 0.4
49.000420999999996 -97.18181299999999 0.0 0.4
49.000405 -97.150695 0.0 0.4
49.000384999999994 -97.10613 0.0 0.4
49.000344 -97.06227299999999 0.0 0.4
49.000318 -97.019218 0.0 0.4
49.000322999999995 -97.008197 0.0 0.4
49.000327999999996 -96.997175 0.0 0.4
49.000313 -96.98615099999999 0.0 0.4
49.000296999999996 -96.975128 0.0 0.4
49.00027 -96.931046 0.0 0.4
49.000228 -96.842612 0.0 0.4
49.000187999999994 -96.80132599999999 0.0 0.4
49.000187 -96.790397 0.0 0.4
49.000173 -96.73472699999999 0.0 0.4
49.000153999999995 -96.669164 0.0 0.4
49.000135 -96.589466 0.0 0.4
49.00013 -96.578437 0.0 0.4
49.000128 -96.56738999999999 0.0 0.4
49.000124 -96.556342 0.0 0.4
49.000133 -96.54531899999999 0.0 0.4
49.000116999999996 -96.50634 0.0 0.4
49.000094 -96.458039 0.0 0.4
49.000074 -96.405411 0.0 0.4
49.000004 -96.208832 0.0 0.4
48.999983 -96.140198 0.0 0.4
48.999952 -96.04506099999999 0.0 0.4
48.999941 -96.00841799999999 0.0 0.4
48.999907 -95.978235 0.0 0.4
48.999758 -95.87705 0.0 0.4
48.999601 -95.76642 0.0 0.4
48.999435999999996 -95.661469 0.0 0.4
48.999413999999994 -95.642876 0.0 0.4
48.999173 -95.48436 0.0 0.4
48.999158 -95.474115 0.0 0.4
48.999139 -95.461693 0.0 0.4
48.999120999999995 -95.45081499999999 0.0 0.4
48.999102 -95.43767299999999 0.0 0.4
48.999081999999994 -95.42452999999999 0.0 0.4
48.999052999999996 -95.405076 0.0 0.4
48.999024999999996 -95.38595099999999 0.0 0.4
48.999007999999996 -95.375445 0.0 0.4
48.998988999999995 -95.363334 0.0 0.4
48.99897 -95.351322 0.0 0.4
48.998953 -95.339996 0.0 0.4
48.998934999999996 -95.32866899999999 0.0 0.4
48.99892 -95.317469 0.0 0.4
48.998889 -95.29692299999999 0.0 0.4
48.998869 -95.285265 0.0 0.4
48.998884999999994 -95.245643 0.0 0.4
48.998888 -95.232435 0.0 0.4
48.998888 -95.219228 0.0 0.4
48.998888 -95.20602099999999 0.0 0.4
48.998884999999994 -95.192813 0.0 0.4
48.99887 -95.15319099999999 0.0 0.4
49.01618 -95.1532 0.0 0.4
49.033491 -95.15320899999999 0.0 0.4
49.050801 -95.153218 0.0 0.4
49.068112 -95.153227 0.0 0.4
49.085422 -95.15323599999999 0.0 0.4
49.102733 -95.153244 0.0 0.4
49.120042999999995 -95.15325299999999 0.0 0.4
49.137353 -95.153262 0.0 0.4
49.154663 -95.15327099999999 0.0 0.4
49.171973 -95.15328 0.0 0.4
49.184883 -95.15328699999999 0.0 0.4
49.196514 -95.15329299999999 0.0 0.4
49.213007999999995 -95.153306 0.0 0.4
49.230712999999994 -95.153314 0.0 0.4
49.245737999999996 -95.153323 0.0 0.4
49.262141 -95.153329 0.0 0.4
49.275825 -95.153336 0.0 0.4
49.287768 -95.153342 0.0 0.4
49.300838 -95.153351 0.0 0.4
49.315273999999995 -95.153359 0.0 0.4
49.331437 -95.153368 0.0 0.4
49.342895999999996 -95.153374 0.0 0.4
49.355554999999995 -95.153381 0.0 0.4
49.365581 -95.153385 0.0 0.4
49.376394 -95.153391 0.0 0.4
49.378315 -95.141902 0.0 0.4
49.373576 -95.132735 0.0 0.4
49.368525 -95.12232399999999 0.0 0.4
49.366385 -95.10980599999999 0.0 0.4
49.362355 -95.096454 0.0 0.4
49.358540999999995 -95.079279 0.0 0.4
49.355897999999996 -95.06878999999999 0.0 0.4
49.353435 -95.059022 0.0 0.4
49.354234999999996 -95.037748 0.0 0.4
49.355356 -95.02597399999999 0.0 0.4
49.356476 -95.014201 0.0 0.4
49.36224 -95.00255 0.0 0.4
49.366802 -94.993327 0.0 0.4
49.368324 -94.981647 0.0 0.4
49.368953 -94.96584399999999 0.0 0.4
49.369231 -94.953879 0.0 0.4
49.364087 -94.941324 0.0 0.4
49.35944 -94.93058099999999 0.0 0.4
49.354793 -94.91984 0.0 0.4
49.350144 -94.90910099999999 0.0 0.4
49.343373 -94.897104 0.0 0.4
49.338370999999995 -94.887689 0.0 0.4
49.333368 -94.878277 0.0 0.4
49.327349999999996 -94.862128 0.0 0.4
49.324309 -94.84522799999999 0.0 0.4
49.322838 -94.826332 0.0 0.4
49.321399 -94.81626399999999 0.0 0.4
49.308952 -94.82435199999999 0.0 0.4
49.294354 -94.825535 0.0 0.4
49.270351999999995 -94.81706299999999 0.0 0.4
49.246348999999995 -94.808599 0.0 0.4
49.230346999999995 -94.802962 0.0 0.4
49.214344999999994 -94.797327 0.0 0.4
49.19786 -94.79797599999999 0.0 0.4
49.163481999999995 -94.78676999999999 0.0 0.4
49.129101999999996 -94.775579 0.0 0.4
49.09874 -94.74965 0.0 0.4
49.012898 -94.72310499999999 0.0 0.4
48.944219 -94.701934 0.0 0.4
48.884119999999996 -94.68345699999999 0.0 0.4
48.872350999999995 -94.68429499999999 0.0 0.4
48.863554 -94.690213 0.0 0.4
48.853415999999996 -94.693061 0.0 0.4
48.840049 -94.685583 0.0 0.4
48.835488999999995 -94.697508 0.0 0.4
48.824217 -94.704291 0.0 0.4
48.809154 -94.695122 0.0 0.4
48.794543999999995 -94.69519299999999 0.0 0.4
48.783722 -94.692652 0.0 0.4
48.775138 -94.68708099999999 0.0 0.4
48.771651999999996 -94.676857 0.0 0.4
48.766169999999995 -94.667198 0.0 0.4
48.759510999999996 -94.65857 0.0 0.4
48.750141 -94.64638599999999 0.0 0.4
48.741217 -94.64128799999999 0.0 0.4
48.738993 -94.630178 0.0 0.4
48.737263 -94.61916199999999 0.0 0.4
48.731795999999996 -94.610641 0.0 0.4
48.728213 -94.60119499999999 0.0 0.4
48.719606999999996 -94.59138399999999 0.0 0.4
48.716550999999995 -94.578098 0.0 0.4
48.716235999999995 -94.55583999999999 0.0 0.4
48.712393 -94.545739 0.0 0.4
48.702701 -94.53851499999999 0.0 0.4
48.701556 -94.524765 0.0 0.4
48.700503 -94.509316 0.0 0.4
48.697964 -94.499605 0.0 0.4
48.697917 -94.48638799999999 0.0 0.4
48.696583 -94.470664 0.0 0.4
48.693262999999995 -94.45687199999999 0.0 0.4
48.692917 -94.446587 0.0 0.4
48.70005 -94.431497 0.0 0.4
48.708579 -94.42137799999999 0.0 0.4
48.710482 -94.40602799999999 0.0 0.4
48.711943 -94.388964 0.0 0.4
48.706472999999995 -94.368791 0.0 0.4
48.704113 -94.353341 0.0 0.4
48.703404 -94.343139 0.0 0.4
48.704456 -94.328751 0.0 0.4
48.707364999999996 -94.318784 0.0 0.4
48.710273 -94.30881699999999 0.0 0.4
48.707812 -94.29119399999999 0.0 0.4
48.699867999999995 -94.274569 0.0 0.4
48.698989999999995 -94.264495 0.0 0.4
48.686343 -94.252969 0.0 0.4
48.673685 -94.2519 0.0 0.4
48.663967 -94.25483799999999 0.0 0.4
48.654174 -94.246794 0.0 0.4
48.652302 -94.23355 0.0 0.4
48.649335 -94.214486 0.0 0.4
48.650938 -94.19966199999999 0.0 0.4
48.650377999999996 -94.188644 0.0 0.4
48.649262 -94.17823399999999 0.0 0.4
48.648145 -94.16782599999999 0.0 0.4
48.645725 -94.15748599999999 0.0 0.4
48.645989 -94.13915899999999 0.0 0.4
48.644338 -94.12607 0.0 0.4
48.64429 -94.115032 0.0 0.4
48.645858 -94.099938 0.0 0.4
48.644065999999995 -94.08498999999999 0.0 0.4
48.645885 -94.071451 0.0 0.4
48.643094 -94.060295 0.0 0.4
48.643459 -94.04324199999999 0.0 0.4
48.640878 -94.02954899999999 0.0 0.4
48.642081 -94.018253 0.0 0.4
48.643283 -94.006957 0.0 0.4
48.640502 -93.9897 0.0 0.4
48.638475 -93.977768 0.0 0.4
48.637170999999995 -93.95969099999999 0.0 0.4
48.633378 -93.94354 0.0 0.4
48.632742 -93.925512 0.0 0.4
48.635227 -93.913488 0.0 0.4
48.632357999999996 -93.894894 0.0 0.4
48.631719 -93.884413 0.0 0.4
48.631087 -93.86988099999999 0.0 0.4
48.630919999999996 -93.858963 0.0 0.4
48.630753 -93.848045 0.0 0.4
48.627562 -93.83650899999999 0.0 0.4
48.617605999999995 -93.829298 0.0 0.4
48.609162999999995 -93.821427 0.0 0.4
48.59697 -93.817517 0.0 0.4
48.587968 -93.813086 0.0 0.4
48.579507 -93.806349 0.0 0.4
48.56437 -93.805168 0.0 0.4
48.550289 -93.811995 0.0 0.4
48.534906 -93.81800799999999 0.0 0.4
48.524648 -93.81112399999999 0.0 0.4
48.516310999999995 -93.793369 0.0 0.4
48.516073999999996 -93.77799399999999 0.0 0.4
48.51656 -93.761743 0.0 0.4
48.517105 -93.746279 0.0 0.4
48.518422 -93.73102399999999 0.0 0.4
48.517596999999995 -93.720608 0.0 0.4
48.518108 -93.706105 0.0 0.4
48.515193 -93.693038 0.0 0.4
48.5168 -93.67784499999999 0.0 0.4
48.516413 -93.659314 0.0 0.4
48.517665 -93.647314 0.0 0.4
48.528411999999996 -93.635764 0.0 0.4
48.531434 -93.625677 0.0 0.4
48.523697999999996 -93.61667299999999 0.0 0.4
48.52308 -93.605177 0.0 0.4
48.528619 -93.596272 0.0 0.4
48.527086 -93.58103899999999 0.0 0.4
48.528316 -93.568231 0.0 0.4
48.529340999999995 -93.547697 0.0 0.4
48.531892 -93.536614 0.0 0.4
48.534788 -93.517157 0.0 0.4
48.541326999999995 -93.50109599999999 0.0 0.4
48.54323 -93.485481 0.0 0.4
48.546451 -93.467378 0.0 0.4
48.553672 -93.459687 0.0 0.4
48.567130999999996 -93.45753599999999 0.0 0.4
48.580746999999995 -93.464545 0.0 0.4
48.591635 -93.465469 0.0 0.4
48.592617 -93.454735 0.0 0.4
48.593683999999996 -93.439841 0.0 0.4
48.599655 -93.429839 0.0 0.4
48.603561 -93.419304 0.0 0.4
48.609102 -93.40746999999999 0.0 0.4
48.604403999999995 -93.398635 0.0 0.4
48.605954 -93.383727 0.0 0.4
48.605854 -93.371454 0.0 0.4
48.614025999999996 -93.36198999999999 0.0 0.4
48.622161 -93.35041299999999 0.0 0.4
48.628502999999995 -93.336917 0.0 0.4
48.632597999999994 -93.313418 0.0 0.4
48.638731 -93.27816299999999 0.0 0.4
48.642814 -93.254654 0.0 0.4
48.642661999999994 -93.23109199999999 0.0 0.4
48.642505 -93.207529 0.0 0.4
48.632957999999995 -93.191845 0.0 0.4
48.623258 -93.178376 0.0 0.4
48.624564 -93.15306799999999 0.0 0.4
48.625201999999994 -93.140647 0.0 0.4
48.625997999999996 -93.125131 0.0 0.4
48.627134999999996 -93.102916 0.0 0.4
48.627776 -93.090338 0.0 0.4
48.626796 -93.063895 0.0 0.4
48.62581 -93.037453 0.0 0.4
48.624818 -93.01101299999999 0.0 0.4
48.623819 -92.984573 0.0 0.4
48.63154 -92.954788 0.0 0.4
48.608349 -92.950009 0.0 0.4
48.60693 -92.92955599999999 0.0 0.4
48.596387 -92.910069 0.0 0.4
48.594981999999995 -92.894505 0.0 0.4
48.588513 -92.87512799999999 0.0 0.4
48.583085999999994 -92.85888299999999 0.0 0.4
48.579118 -92.84701299999999 0.0 0.4
48.575148999999996 -92.835144 0.0 0.4
48.571177999999996 -92.823278 0.0 0.4
48.567206999999996 -92.811413 0.0 0.4
48.563234 -92.79955 0.0 0.4
48.559259999999995 -92.787689 0.0 0.4
48.555285 -92.77583 0.0 0.4
48.551308 -92.763973 0.0 0.4
48.547331 -92.752117 0.0 0.4
48.543352 -92.740264 0.0 0.4
48.539372 -92.72841199999999 0.0 0.4
48.540516 -92.716652 0.0 0.4
48.541658999999996 -92.704892 0.0 0.4
48.546219 -92.65784699999999 0.0 0.4
48.542556999999995 -92.634886 0.0 0.4
48.528987 -92.630433 0.0 0.4
48.519542 -92.62655199999999 0.0 0.4
48.509136999999996 -92.630872 0.0 0.4
48.499328999999996 -92.63709899999999 0.0 0.4
48.501687 -92.654097 0.0 0.4
48.496854 -92.67361199999999 0.0 0.4
48.497398999999994 -92.685757 0.0 0.4
48.494839999999996 -92.698675 0.0 0.4
48.484665 -92.701185 0.0 0.4
48.472864 -92.709255 0.0 0.4
48.462982 -92.712682 0.0 0.4
48.443706999999996 -92.688116 0.0 0.4
48.44003 -92.663511 0.0 0.4
48.437853 -92.62966399999999 0.0 0.4
48.439226999999995 -92.603104 0.0 0.4
48.440594999999995 -92.57654199999999 0.0 0.4
48.444168 -92.556749 0.0 0.4
48.447738 -92.536952 0.0 0.4
48.448024 -92.525989 0.0 0.4
48.44831 -92.515025 0.0 0.4
48.441939999999995 -92.500874 0.0 0.4
48.430259 -92.489352 0.0 0.4
48.423241 -92.47885199999999 0.0 0.4
48.416351999999996 -92.46593999999999 0.0 0.4
48.412078 -92.456424 0.0 0.4
48.401105 -92.45639899999999 0.0 0.4
48.386506999999995 -92.466454 0.0 0.4
48.371908999999995 -92.47650399999999 0.0 0.4
48.358698 -92.472014 0.0 0.4
48.344069999999995 -92.463971 0.0 0.4
48.329851999999995 -92.45369699999999 0.0 0.4
48.322036999999995 -92.446956 0.0 0.4
48.314325 -92.44007599999999 0.0 0.4
48.305170999999994 -92.431844 0.0 0.4
48.298950999999995 -92.420462 0.0 0.4
48.287181 -92.41101599999999 0.0 0.4
48.27137 -92.401786 0.0 0.4
48.260020999999995 -92.393118 0.0 0.4
48.251748 -92.38673299999999 0.0 0.4
48.241793 -92.384408 0.0 0.4
48.232979 -92.37812799999999 0.0 0.4
48.223529 -92.372636 0.0 0.4
48.222671 -92.36219799999999 0.0 0.4
48.229515 -92.353707 0.0 0.4
48.232082 -92.34398499999999 0.0 0.4
48.233909999999995 -92.333918 0.0 0.4
48.237224 -92.322142 0.0 0.4
48.241791 -92.303388 0.0 0.4
48.243078 -92.291889 0.0 0.4
48.244364999999995 -92.280389 0.0 0.4
48.248185 -92.269578 0.0 0.4
48.260785999999996 -92.28190599999999 0.0 0.4
48.271214 -92.294562 0.0 0.4
48.28312 -92.29853 0.0 0.4
48.294273 -92.299137 0.0 0.4
48.306225 -92.29454899999999 0.0 0.4
48.316246 -92.306175 0.0 0.4
48.32385 -92.29544299999999 0.0 0.4
48.336490999999995 -92.291038 0.0 0.4
48.346846 -92.280074 0.0 0.4
48.354912999999996 -92.26254899999999 0.0 0.4
48.3534 -92.252314 0.0 0.4
48.351886 -92.24208 0.0 0.4
48.350370999999996 -92.23184599999999 0.0 0.4
48.348855 -92.221612 0.0 0.4
48.345645999999995 -92.206718 0.0 0.4
48.350452 -92.195083 0.0 0.4
48.351802 -92.178529 0.0 0.4
48.360220999999996 -92.169705 0.0 0.4
48.364497 -92.153446 0.0 0.4
48.356021999999996 -92.14370199999999 0.0 0.4
48.355643 -92.130499 0.0 0.4
48.355261999999996 -92.117295 0.0 0.4
48.354881 -92.10409299999999 0.0 0.4
48.354569 -92.09336499999999 0.0 0.4
48.358021 -92.078164 0.0 0.4
48.359449 -92.067002 0.0 0.4
48.359364 -92.05522099999999 0.0 0.4
48.348572 -92.04885 0.0 0.4
48.334772 -92.046944 0.0 0.4
48.325694999999996 -92.03079199999999 0.0 0.4
48.322949 -92.01196399999999 0.0 0.4
48.321096 -92.000115 0.0 0.4
48.305327999999996 -92.008696 0.0 0.4
48.29222 -92.01250399999999 0.0 0.4
48.280555 -92.007263 0.0 0.4
48.265411 -92.006525 0.0 0.4
48.260281 -91.98915099999999 0.0 0.4
48.247924 -91.98058999999999 0.0 0.4
48.247803 -91.970407 0.0 0.4
48.253657999999994 -91.95902199999999 0.0 0.4
48.245931 -91.94802899999999 0.0 0.4
48.243835999999995 -91.958289 0.0 0.4
48.233135 -91.95835199999999 0.0 0.4
48.230388999999995 -91.94510799999999 0.0 0.4
48.235893999999995 -91.92881899999999 0.0 0.4
48.238293999999996 -91.917509 0.0 0.4
48.238236 -91.907401 0.0 0.4
48.23798 -91.89310499999999 0.0 0.4
48.227425 -91.884323 0.0 0.4
48.222767 -91.87485099999999 0.0 0.4
48.213066 -91.865962 0.0 0.4
48.207864 -91.854863 0.0 0.4
48.210293 -91.83590099999999 0.0 0.4
48.210594 -91.82399699999999 0.0 0.4
48.208382 -91.814118 0.0 0.4
48.202968999999996 -91.798249 0.0 0.4
48.196343 -91.78864899999999 0.0 0.4
48.200679 -91.772442 0.0 0.4
48.204806999999995 -91.760742 0.0 0.4
48.199383999999995 -91.750056 0.0 0.4
48.204243999999996 -91.73892 0.0 0.4
48.201336999999995 -91.725341 0.0 0.4
48.199504 -91.715364 0.0 0.4
48.18752 -91.71225799999999 0.0 0.4
48.180264 -91.72134199999999 0.0 0.4
48.170533 -91.724357 0.0 0.4
48.172902 -91.70939399999999 0.0 0.4
48.161037 -91.70494699999999 0.0 0.4
48.151002 -91.70700599999999 0.0 0.4
48.144081 -91.69812499999999 0.0 0.4
48.131961999999994 -91.699517 0.0 0.4
48.123401 -91.70784599999999 0.0 0.4
48.11372 -91.703351 0.0 0.4
48.116586 -91.693013 0.0 0.4
48.122502 -91.68211099999999 0.0 0.4
48.111900000000006 -91.687574 0.0 0.4
48.107496999999995 -91.67678599999999 0.0 0.4
48.107147 -91.665082 0.0 0.4
48.113713 -91.655121 0.0 0.4
48.106404 -91.64811499999999 0.0 0.4
48.098462999999995 -91.64133799999999 0.0 0.4
48.099689999999995 -91.62738999999999 0.0 0.4
48.102267999999995 -91.614858 0.0 0.4
48.102371999999995 -91.601839 0.0 0.4
48.102474 -91.58882 0.0 0.4
48.106915 -91.575578 0.0 0.4
48.108593 -91.559112 0.0 0.4
48.098464 -91.56114 0.0 0.4
48.086945 -91.57092999999999 0.0 0.4
48.073454999999996 -91.57390000000001 0.0 0.4
48.062048999999995 -91.574052 0.0 0.4
48.048939 -91.57545999999999 0.0 0.4
48.047146 -91.558894 0.0 0.4
48.053855999999996 -91.541658 0.0 0.4
48.056763 -91.530965 0.0 0.4
48.059667999999995 -91.52027199999999 0.0 0.4
48.062573 -91.509577 0.0 0.4
48.065476 -91.498881 0.0 0.4
48.068377999999996 -91.48818399999999 0.0 0.4
48.067616 -91.47645899999999 0.0 0.4
48.066852 -91.464736 0.0 0.4
48.068903 -91.451111 0.0 0.4
48.057752 -91.44220899999999 0.0 0.4
48.048652999999995 -91.429571 0.0 0.4
48.053681 -91.41358199999999 0.0 0.4
48.055423 -91.40223399999999 0.0 0.4
48.057164 -91.390885 0.0 0.4
48.065903 -91.378394 0.0 0.4
48.067119999999996 -91.364982 0.0 0.4
48.07082 -91.353606 0.0 0.4
48.073555999999996 -91.33998 0.0 0.4
48.069979 -91.329368 0.0 0.4
48.073234 -91.319199 0.0 0.4
48.072767999999996 -91.308807 0.0 0.4
48.073522 -91.298047 0.0 0.4
48.078784 -91.27591699999999 0.0 0.4
48.080113999999995 -91.262609 0.0 0.4
48.084092 -91.249695 0.0 0.4
48.096142 -91.234888 0.0 0.4
48.101040999999995 -91.221474 0.0 0.4
48.108421 -91.208693 0.0 0.4
48.119544999999995 -91.196269 0.0 0.4
48.122532 -91.184692 0.0 0.4
48.130528999999996 -91.169838 0.0 0.4
48.14051 -91.156301 0.0 0.4
48.144881 -91.146816 0.0 0.4
48.149251 -91.137329 0.0 0.4
48.158985 -91.126194 0.0 0.4
48.166489 -91.11473699999999 0.0 0.4
48.171597 -91.097139 0.0 0.4
48.178306 -91.088005 0.0 0.4
48.179362 -91.075898 0.0 0.4
48.181404 -91.065484 0.0 0.4
48.188075999999995 -91.056046 0.0 0.4
48.189453 -91.04560000000001 0.0 0.4
48.189853 -91.03559 0.0 0.4
48.19043 -91.02369499999999 0.0 0.4
48.196183 -91.015197 0.0 0.4
48.200733 -91.002816 0.0 0.4
48.208535999999995 -90.995064 0.0 0.4
48.214045999999996 -90.986024 0.0 0.4
48.219555 -90.976981 0.0 0.4
48.224677 -90.951697 0.0 0.4
48.227236 -90.939053 0.0 0.4
48.229794 -90.926408 0.0 0.4
48.230751 -90.91509099999999 0.0 0.4
48.237491 -90.906853 0.0 0.4
48.245953 -90.885757 0.0 0.4
48.23784 -90.87509 0.0 0.4
48.241375 -90.85730799999999 0.0 0.4
48.244529 -90.847678 0.0 0.4
48.234733999999996 -90.837706 0.0 0.4
48.220181 -90.83695999999999 0.0 0.4
48.209679 -90.835628 0.0 0.4
48.194168 -90.834521 0.0 0.4
48.181782999999996 -90.835303 0.0 0.4
48.177074 -90.82614099999999 0.0 0.4
48.179474 -90.812653 0.0 0.4
48.17255 -90.80298499999999 0.0 0.4
48.162696999999994 -90.800034 0.0 0.4
48.159949999999995 -90.79034999999999 0.0 0.4
48.164547 -90.78137 0.0 0.4
48.153011 -90.77841 0.0 0.4
48.143856 -90.789329 0.0 0.4
48.136889 -90.79822399999999 0.0 0.4
48.135963 -90.78767099999999 0.0 0.4
48.126819 -90.783475 0.0 0.4
48.121100999999996 -90.774999 0.0 0.4
48.114428 -90.766707 0.0 0.4
48.099975 -90.761291 0.0 0.4
48.090987 -90.751577 0.0 0.4
48.094563 -90.74145899999999 0.0 0.4
48.096027 -90.702916 0.0 0.4
48.100428 -90.686278 0.0 0.4
48.102475999999996 -90.656604 0.0 0.4
48.103274 -90.645009 0.0 0.4
48.107642999999996 -90.634277 0.0 0.4
48.111777 -90.62509299999999 0.0 0.4
48.112694 -90.61507999999999 0.0 0.4
48.116644 -90.598708 0.0 0.4
48.12086 -90.586775 0.0 0.4
48.121010999999996 -90.576645 0.0 0.4
48.122358 -90.56595 0.0 0.4
48.116924 -90.555512 0.0 0.4
48.106933999999995 -90.569591 0.0 0.4
48.098149 -90.562669 0.0 0.4
48.09706 -90.543447 0.0 0.4
48.099314 -90.51693499999999 0.0 0.4
48.099405999999995 -90.506919 0.0 0.4
48.098597 -90.496107 0.0 0.4
48.100089999999994 -90.483587 0.0 0.4
48.105578 -90.47443 0.0 0.4
48.10729 -90.463248 0.0 0.4
48.105129 -90.452686 0.0 0.4
48.100623999999996 -90.44335799999999 0.0 0.4
48.102928 -90.419928 0.0 0.4
48.105095 -90.40315299999999 0.0 0.4
48.100566 -90.393898 0.0 0.4
48.095408 -90.385291 0.0 0.4
48.091238999999995 -90.375486 0.0 0.4
48.094851999999996 -90.358856 0.0 0.4
48.093968 -90.345984 0.0 0.4
48.099574 -90.336944 0.0 0.4
48.102877 -90.325807 0.0 0.4
48.105049 -90.314126 0.0 0.4
48.104133999999995 -90.304144 0.0 0.4
48.100325 -90.294814 0.0 0.4
48.101126 -90.281887 0.0 0.4
48.103396 -90.264457 0.0 0.4
48.102244 -90.253821 0.0 0.4
48.104741999999995 -90.243892 0.0 0.4
48.107237999999995 -90.23396199999999 0.0 0.4
48.107789 -90.222967 0.0 0.4
48.106373 -90.211581 0.0 0.4
48.108332999999995 -90.19502899999999 0.0 0.4
48.112393 -90.17649 0.0 0.4
48.109707 -90.16426899999999 0.0 0.4
48.110372999999996 -90.15087299999999 0.0 0.4
48.112555 -90.14082499999999 0.0 0.4
48.110313 -90.13041 0.0 0.4
48.104164 -90.115989 0.0 0.4
48.104568 -90.093657 0.0 0.4
48.10122 -90.074112 0.0 0.4
48.097496 -90.062317 0.0 0.4
48.092512 -90.050268 0.0 0.4
48.089960999999995 -90.03907099999999 0.0 0.4
48.087512 -90.029365 0.0 0.4
48.07195 -90.01878099999999 0.0 0.4
48.068548 -90.00872799999999 0.0 0.4
48.059886999999996 -90.000033 0.0 0.4
48.049304 -89.993842 0.0 0.4
48.039325 -89.99647499999999 0.0 0.4
48.029315999999994 -89.99490999999999 0.0 0.4
48.026298999999995 -89.98522899999999 0.0 0.4
48.02327 -89.97522599999999 0.0 0.4
48.015091999999996 -89.968808 0.0 0.4
48.013318 -89.958961 0.0 0.4
48.016037 -89.94878299999999 0.0 0.4
48.015817 -89.93635499999999 0.0 0.4
48.007450999999996 -89.92970199999999 0.0 0.4
48.000108 -89.921849 0.0 0.4
47.994028 -89.91354199999999 0.0 0.4
47.991434 -89.903004 0.0 0.4
47.987545999999995 -89.893474 0.0 0.4
47.986553 -89.881951 0.0 0.4
47.985524 -89.87189 0.0 0.4
47.990736 -89.862056 0.0 0.4
47.992239 -89.851017 0.0 0.4
47.997724 -89.842514 0.0 0.4
47.999432 -89.83261499999999 0.0 0.4
48.0067 -89.825588 0.0 0.4
48.015515 -89.819936 0.0 0.4
48.016605999999996 -89.80995999999999 0.0 0.4
48.014911999999995 -89.799686 0.0 0.4
48.018315 -89.788776 0.0 0.4
48.0188 -89.77866499999999 0.0 0.4
48.022012 -89.768841 0.0 0.4
48.023089 -89.758034 0.0 0.4
48.022054999999995 -89.746354 0.0 0.4
48.021738 -89.736285 0.0 0.4
48.019192 -89.72637399999999 0.0 0.4
48.016866 -89.71624299999999 0.0 0.4
48.010481999999996 -89.70829599999999 0.0 0.4
48.008229 -89.696823 0.0 0.4
48.010722 -89.686386 0.0 0.4
48.011289 -89.676126 0.0 0.4
48.007295 -89.666794 0.0 0.4
48.009873999999996 -89.656807 0.0 0.4
48.004056 -89.648341 0.0 0.4
48.00414 -89.637057 0.0 0.4
48.011188999999995 -89.628166 0.0 0.4
48.011243 -89.617724 0.0 0.4
48.017381 -89.609489 0.0 0.4
48.006932 -89.608148 0.0 0.4
48.005112 -89.598236 0.0 0.4
48.002449999999996 -89.588121 0.0 0.4
47.996344 -89.579753 0.0 0.4
47.998925 -89.569023 0.0 0.4
48.008654 -89.52832 0.0 0.4
48.013148 -89.500086 0.0 0.4
48.014528 -89.489226 0.0 0.4
47.999886 -89.492137 0.0 0.4
47.988543 -89.500087 0.0 0.4
47.916362 -89.548165 0.0 0.4
47.874883 -89.57552199999999 0.0 0.4
47.799549 -89.62516699999999 0.0 0.4
47.77511 -89.64102 0.0 0.4
47.749896 -89.65744699999999 0.0 0.4
47.714552 -89.68073 0.0 0.4
47.671656999999996 -89.70864399999999 0.0 0.4
47.624902999999996 -89.739071 0.0 0.4
47.608235 -89.750109 0.0 0.4
47.542907 -89.792278 0.0 0.4
47.49991 -89.82003399999999 0.0 0.4
47.473583 -89.83731499999999 0.0 0.4
47.394604 -89.88915899999999 0.0 0.4
47.368278 -89.906441 0.0 0.4
47.352841999999995 -89.916572 0.0 0.4
47.306537 -89.946969 0.0 0.4
47.291103 -89.95710199999999 0.0 0.4
47.292611 -89.991531 0.0 0.4
47.294239999999995 -90.04336099999999 0.0 0.4
47.296608 -90.125136 0.0 0.4
47.298873 -90.2114 0.0 0.4
47.299890999999995 -90.25014 0.0 0.4
47.30027 -90.264218 0.0 0.4
47.303180999999995 -90.375249 0.0 0.4
47.304396999999994 -90.421612 0.0 0.4
47.306329 -90.500151 0.0 0.4
47.308730999999995 -90.62515599999999 0.0 0.4
47.309822 -90.65465999999999 0.0 0.4
47.265336 -90.75004899999999 0.0 0.4
47.260534 -90.760335 0.0 0.4
47.255469 -90.77111099999999 0.0 0.4
47.25072 -90.781386 0.0 0.4
47.24543 -90.792762 0.0 0.4
47.237631 -90.809614 0.0 0.4
47.217628999999995 -90.852892 0.0 0.4
47.210961999999995 -90.867318 0.0 0.4
47.20438 -90.881582 0.0 0.4
47.19553 -90.9008 0.0 0.4
47.184000000000005 -90.92583599999999 0.0 0.4
47.158324 -90.981594 0.0 0.4
47.149766 -91.000181 0.0 0.4
47.131167 -91.03983099999999 0.0 0.4
47.119791 -91.06408499999999 0.0 0.4
47.095216 -91.116609 0.0 0.4
47.029894 -91.255749 0.0 0.4
47.022275 -91.271993 0.0 0.4
47.011084 -91.295853 0.0 0.4
46.999928999999995 -91.319638 0.0 0.4
46.982603999999995 -91.355745 0.0 0.4
46.973279 -91.37518 0.0 0.4
46.93064 -91.46407099999999 0.0 0.4
46.91332 -91.500181 0.0 0.4
46.909298 -91.510021 0.0 0.4
46.897234 -91.53954399999999 0.0 0.4
46.893212999999996 -91.549385 0.0 0.4
46.874939999999995 -91.592141 0.0 0.4
46.868381 -91.609212 0.0 0.4
46.862258999999995 -91.625181 0.0 0.4
46.816390999999996 -91.74209499999999 0.0 0.4
46.794838 -91.79633 0.0 0.4
46.788531 -91.812101 0.0 0.4
46.769608999999996 -91.859414 0.0 0.4
46.763303 -91.875186 0.0 0.4
46.759056 -91.886395 0.0 0.4
46.746317999999995 -91.92002199999999 0.0 0.4
46.742072 -91.931232 0.0 0.4
46.738274999999994 -91.94125299999999 0.0 0.4
46.726887 -91.971319 0.0 0.4
46.723091 -91.981341 0.0 0.4
46.715001 -91.997648 0.0 0.4
46.710583 -92.006739 0.0 0.4
46.706235 -92.015762 0.0 0.4
46.707015 -92.02863699999999 0.0 0.4
46.712861 -92.03953 0.0 0.4
46.724897 -92.056141 0.0 0.4
46.731186 -92.064875 0.0 0.4
46.747890999999996 -92.08767399999999 0.0 0.4
46.749050999999994 -92.09828499999999 0.0 0.4
46.749016 -92.108498 0.0 0.4
46.74784 -92.118472 0.0 0.4
46.743866 -92.12779599999999 0.0 0.4
46.73954 -92.13789 0.0 0.4
46.730506 -92.143355 0.0 0.4
46.718844999999995 -92.14527 0.0 0.4
46.715939999999996 -92.155191 0.0 0.4
46.719941 -92.16729099999999 0.0 0.4
46.716741 -92.178891 0.0 0.4
46.717541 -92.18909099999999 0.0 0.4
46.707640999999995 -92.197391 0.0 0.4
46.698341 -92.205192 0.0 0.4
46.695752 -92.192526 0.0 0.4
46.692125 -92.177685 0.0 0.4
46.680240999999995 -92.181359 0.0 0.4
46.677130999999996 -92.19162399999999 0.0 0.4
46.670241 -92.19949199999999 0.0 0.4
46.659251 -92.201951 0.0 0.4
46.651399 -92.20852599999999 0.0 0.4
46.651263 -92.21999799999999 0.0 0.4
46.65177 -92.231357 0.0 0.4
46.649240999999996 -92.242493 0.0 0.4
46.656171 -92.251125 0.0 0.4
46.655238 -92.26164399999999 0.0 0.4
46.650741 -92.270592 0.0 0.4
46.658640999999996 -92.278491 0.0 0.4
46.663945999999996 -92.287166 0.0 0.4
46.655134 -92.29197599999999 0.0 0.4
46.643074 -92.29172299999999 0.0 0.4
46.630896 -92.29158799999999 0.0 0.4
46.61909 -92.291609 0.0 0.4
46.608816 -92.29163799999999 0.0 0.4
46.598777 -92.291664 0.0 0.4
46.584928 -92.29170599999999 0.0 0.4
46.572485 -92.291735 0.0 0.4
46.562279 -92.291758 0.0 0.4
46.550903999999996 -92.29178399999999 0.0 0.4
46.538779999999996 -92.29182899999999 0.0 0.4
46.521584999999995 -92.291902 0.0 0.4
46.503997 -92.29197599999999 0.0 0.4
46.49312 -92.29226 0.0 0.4
46.482229 -92.29227 0.0 0.4
46.471247999999996 -92.292326 0.0 0.4
46.449932999999994 -92.29258 0.0 0.4
46.437205999999996 -92.29263999999999 0.0 0.4
46.42615 -92.29269099999999 0.0 0.4
46.407779999999995 -92.292895 0.0 0.4
46.379463 -92.293 0.0 0.4
46.369381999999995 -92.29298399999999 0.0 0.4
46.349916 -92.29298999999999 0.0 0.4
46.334823 -92.292993 0.0 0.4
46.324283 -92.292998 0.0 0.4
46.3142 -92.29241999999999 0.0 0.4
46.303191 -92.29256099999999 0.0 0.4
46.289214 -92.29306299999999 0.0 0.4
46.277241 -92.29320799999999 0.0 0.4
46.257771999999996 -92.29348 0.0 0.4
46.245391999999995 -92.293329 0.0 0.4
46.23294 -92.29307 0.0 0.4
46.221813 -92.29309599999999 0.0 0.4
46.211659 -92.293109 0.0 0.4
46.200249 -92.29311899999999 0.0 0.4
46.188458999999995 -92.293319 0.0 0.4
46.174814 -92.293065 0.0 0.4
46.164511999999995 -92.293509 0.0 0.4
46.154438 -92.293695 0.0 0.4
46.144270999999996 -92.293657 0.0 0.4
46.124942 -92.293582 0.0 0.4
46.112708999999995 -92.293613 0.0 0.4
46.101912 -92.293713 0.0 0.4
46.091856 -92.293855 0.0 0.4
46.079234 -92.294063 0.0 0.4
46.072634 -92.301621 0.0 0.4
46.070488 -92.31176099999999 0.0 0.4
46.068025999999996 -92.322485 0.0 0.4
46.062697 -92.332912 0.0 0.4
46.053419 -92.337614 0.0 0.4
46.044153 -92.34256599999999 0.0 0.4
46.033961999999995 -92.342467 0.0 0.4
46.025034999999995 -92.346977 0.0 0.4
46.01592 -92.351282 0.0 0.4
46.013332 -92.36111 0.0 0.4
46.013951 -92.371307 0.0 0.4
46.017033999999995 -92.38170699999999 0.0 0.4
46.019200000000005 -92.39151199999999 0.0 0.4
46.023689 -92.40119899999999 0.0 0.4
46.027477999999995 -92.411896 0.0 0.4
46.026007 -92.423023 0.0 0.4
46.021944 -92.434061 0.0 0.4
46.016177 -92.44225899999999 0.0 0.4
46.005721 -92.446732 0.0 0.4
45.997782 -92.452952 0.0 0.4
45.989033 -92.459154 0.0 0.4
45.978894 -92.461584 0.0 0.4
45.97349 -92.470078 0.0 0.4
45.973997 -92.480637 0.0 0.4
45.975559999999994 -92.490996 0.0 0.4
45.979110999999996 -92.500542 0.0 0.4
45.982261 -92.51231 0.0 0.4
45.983961 -92.52426899999999 0.0 0.4
45.979572 -92.534379 0.0 0.4
45.971937999999994 -92.543556 0.0 0.4
45.96284 -92.55041 0.0 0.4
45.952239999999996 -92.551186 0.0 0.4
45.951006 -92.561256 0.0 0.4
45.948043 -92.57104799999999 0.0 0.4
45.944269999999996 -92.58526599999999 0.0 0.4
45.941336 -92.595834 0.0 0.4
45.939181999999995 -92.606043 0.0 0.4
45.934385999999996 -92.61545699999999 0.0 0.4
45.93369 -92.62574699999999 0.0 0.4
45.934633999999996 -92.636316 0.0 0.4
45.924558 -92.63911999999999 0.0 0.4
45.924648 -92.649231 0.0 0.4
45.923026 -92.659313 0.0 0.4
45.916847999999995 -92.669322 0.0 0.4
45.909938 -92.676592 0.0 0.4
45.903096999999995 -92.685347 0.0 0.4
45.898705 -92.694795 0.0 0.4
45.895883999999995 -92.704478 0.0 0.4
45.891054 -92.713267 0.0 0.4
45.883804999999995 -92.721128 0.0 0.4
45.875986999999995 -92.727479 0.0 0.4
45.868108 -92.734039 0.0 0.4
45.858098999999996 -92.73635 0.0 0.4
45.84758 -92.739278 0.0 0.4
45.84113 -92.74696399999999 0.0 0.4
45.836991999999995 -92.756244 0.0 0.4
45.830183 -92.765146 0.0 0.4
45.819125 -92.762644 0.0 0.4
45.80852 -92.75761399999999 0.0 0.4
45.799248 -92.765643 0.0 0.4
45.792480999999995 -92.774301 0.0 0.4
45.782576 -92.779612 0.0 0.4
45.767992 -92.78293099999999 0.0 0.4
45.759992 -92.790379 0.0 0.4
45.753654 -92.798645 0.0 0.4
45.747006999999996 -92.806156 0.0 0.4
45.742339 -92.815896 0.0 0.4
45.737263 -92.824916 0.0 0.4
45.732893 -92.83448 0.0 0.4
45.729042 -92.843937 0.0 0.4
45.723152 -92.853405 0.0 0.4
45.72182 -92.863703 0.0 0.4
45.713159 -92.868861 0.0 0.4
45.702514 -92.87128799999999 0.0 0.4
45.691948 -92.873553 0.0 0.4
45.682175 -92.87629199999999 0.0 0.4
45.671689 -92.877589 0.0 0.4
45.661761 -92.881253 0.0 0.4
45.651503 -92.884309 0.0 0.4
45.642475 -92.88897999999999 0.0 0.4
45.632269 -92.886906 0.0 0.4
45.621922999999995 -92.886989 0.0 0.4
45.61212 -92.882768 0.0 0.4
45.602095999999996 -92.885555 0.0 0.4
45.59122 -92.88400399999999 0.0 0.4
45.579797 -92.88485999999999 0.0 0.4
45.571725 -92.877303 0.0 0.4
45.567476 -92.86513099999999 0.0 0.4
45.566579 -92.853588 0.0 0.4
45.565405 -92.841309 0.0 0.4
45.560933999999996 -92.823309 0.0 0.4
45.561122 -92.812083 0.0 0.4
45.562853999999994 -92.801503 0.0 0.4
45.566914999999995 -92.790143 0.0 0.4
45.568472 -92.778483 0.0 0.4
45.564406 -92.76601 0.0 0.4
45.557499 -92.756906 0.0 0.4
45.553801 -92.74710499999999 0.0 0.4
45.548088 -92.73784599999999 0.0 0.4
45.543057 -92.72885099999999 0.0 0.4
45.532818999999996 -92.726422 0.0 0.4
45.522357 -92.727972 0.0 0.4
45.512223 -92.72433699999999 0.0 0.4
45.506676 -92.715814 0.0 0.4
45.499489999999994 -92.70810399999999 0.0 0.4
45.491609 -92.70089899999999 0.0 0.4
45.482882 -92.695212 0.0 0.4
45.4745 -92.689754 0.0 0.4
45.467746999999996 -92.68147499999999 0.0 0.4
45.461861999999996 -92.673281 0.0 0.4
45.458867 -92.66323799999999 0.0 0.4
45.455346 -92.653549 0.0 0.4
45.445285999999996 -92.64833399999999 0.0 0.4
45.43327 -92.64828899999999 0.0 0.4
45.423068 -92.649853 0.0 0.4
45.413433999999995 -92.646698 0.0 0.4
45.403842999999995 -92.650183 0.0 0.4
45.396304 -92.65750399999999 0.0 0.4
45.390814 -92.66712299999999 0.0 0.4
45.382867999999995 -92.674543 0.0 0.4
45.373269 -92.678587 0.0 0.4
45.368787999999995 -92.687643 0.0 0.4
45.363524 -92.696505 0.0 0.4
45.356333 -92.703707 0.0 0.4
45.345465 -92.700919 0.0 0.4
45.333715999999995 -92.699956 0.0 0.4
45.325511 -92.70584099999999 0.0 0.4
45.31903 -92.713708 0.0 0.4
45.312484 -92.72250299999999 0.0 0.4
45.306011 -92.730779 0.0 0.4
45.299639 -92.74001799999999 0.0 0.4
45.294014999999995 -92.749438 0.0 0.4
45.289916 -92.760387 0.0 0.4
45.278828 -92.760612 0.0 0.4
45.270959 -92.753844 0.0 0.4
45.260148 -92.75330199999999 0.0 0.4
45.251717 -92.76026399999999 0.0 0.4
45.240756999999995 -92.758144 0.0 0.4
45.230526 -92.75745599999999 0.0 0.4
45.221765999999995 -92.752608 0.0 0.4
45.211911 -92.755076 0.0 0.4
45.204865999999996 -92.763908 0.0 0.4
45.195111 -92.766932 0.0 0.4
45.182812 -92.764872 0.0 0.4
45.176353 -92.755499 0.0 0.4
45.166678999999995 -92.75276099999999 0.0 0.4
45.156684999999996 -92.750683 0.0 0.4
45.146622 -92.750326 0.0 0.4
45.136685 -92.749006 0.0 0.4
45.125851999999995 -92.746489 0.0 0.4
45.117669 -92.740179 0.0 0.4
45.108309 -92.74493799999999 0.0 0.4
45.103145999999995 -92.754387 0.0 0.4
45.097586 -92.76272499999999 0.0 0.4
45.091 -92.771996 0.0 0.4
45.084195 -92.78324099999999 0.0 0.4
45.079159999999995 -92.792076 0.0 0.4
45.071521999999995 -92.798806 0.0 0.4
45.061566 -92.803124 0.0 0.4
45.052181999999995 -92.79844 0.0 0.4
45.044515 -92.789467 0.0 0.4
45.039327 -92.778815 0.0 0.4
45.033803 -92.77036199999999 0.0 0.4
45.025662999999994 -92.762762 0.0 0.4
45.015249 -92.764929 0.0 0.4
45.005499 -92.769595 0.0 0.4
44.994130999999996 -92.770834 0.0 0.4
44.983328 -92.77034599999999 0.0 0.4
44.972629 -92.769458 0.0 0.4
44.964979 -92.7607 0.0 0.4
44.956024 -92.754797 0.0 0.4
44.945684 -92.75184999999999 0.0 0.4
44.935047 -92.751155 0.0 0.4
44.919059999999995 -92.755364 0.0 0.4
44.908978999999995 -92.758701 0.0 0.4
44.904021 -92.767932 0.0 0.4
44.895086 -92.774968 0.0 0.4
44.88561 -92.771123 0.0 0.4
44.876712 -92.764836 0.0 0.4
44.866658 -92.76735599999999 0.0 0.4
44.855852 -92.76939 0.0 0.4
44.845814999999995 -92.766936 0.0 0.4
44.835631 -92.76593199999999 0.0 0.4
44.826840999999995 -92.77295699999999 0.0 0.4
44.817026999999996 -92.776825 0.0 0.4
44.806104 -92.78216499999999 0.0 0.4
44.795683 -92.78392 0.0 0.4
44.787223 -92.78981 0.0 0.4
44.78053 -92.797713 0.0 0.4
44.772040999999994 -92.803704 0.0 0.4
44.760934999999996 -92.80733099999999 0.0 0.4
44.750881 -92.808077 0.0 0.4
44.739362 -92.79233599999999 0.0 0.4
44.73543 -92.78110799999999 0.0 0.4
44.730712 -92.76941699999999 0.0 0.4
44.723243 -92.75567099999999 0.0 0.4
44.718039 -92.739159 0.0 0.4
44.711942 -92.728624 0.0 0.4
44.705726 -92.720085 0.0 0.4
44.698464 -92.70952299999999 0.0 0.4
44.691762999999995 -92.69993699999999 0.0 0.4
44.685573 -92.69054899999999 0.0 0.4
44.676266999999996 -92.67956799999999 0.0 0.4
44.669205999999996 -92.672026 0.0 0.4
44.660900000000005 -92.66098799999999 0.0 0.4
44.654666 -92.646563 0.0 0.4
44.649187 -92.632021 0.0 0.4
44.639018 -92.621847 0.0 0.4
44.628654 -92.620262 0.0 0.4
44.618142 -92.62337 0.0 0.4
44.611854 -92.615549 0.0 0.4
44.612457 -92.604985 0.0 0.4
44.608056999999995 -92.595671 0.0 0.4
44.601091 -92.588253 0.0 0.4
44.604025 -92.57861299999999 0.0 0.4
44.603010999999995 -92.568512 0.0 0.4
44.595718999999995 -92.561493 0.0 0.4
44.587252 -92.555649 0.0 0.4
44.578984999999996 -92.549279 0.0 0.4
44.568968 -92.550026 0.0 0.4
44.567456 -92.539909 0.0 0.4
44.573249999999994 -92.528 0.0 0.4
44.575018 -92.51808199999999 0.0 0.4
44.570313 -92.508667 0.0 0.4
44.567263999999994 -92.498151 0.0 0.4
44.566817 -92.488112 0.0 0.4
44.567645 -92.477649 0.0 0.4
44.564622 -92.46672 0.0 0.4
44.560925999999995 -92.45554 0.0 0.4
44.554136 -92.44285099999999 0.0 0.4
44.555506 -92.432155 0.0 0.4
44.559629 -92.422544 0.0 0.4
44.560171 -92.411481 0.0 0.4
44.558291999999994 -92.399281 0.0 0.4
44.557697 -92.38904 0.0 0.4
44.55874 -92.375649 0.0 0.4
44.558935 -92.36151799999999 0.0 0.4
44.557514999999995 -92.350591 0.0 0.4
44.555273 -92.340058 0.0 0.4
44.550895 -92.32901299999999 0.0 0.4
44.54494 -92.319938 0.0 0.4
44.536873 -92.313625 0.0 0.4
44.524474999999995 -92.307957 0.0 0.4
44.51341 -92.302449 0.0 0.4
44.501377999999995 -92.302584 0.0 0.4
44.492732 -92.297122 0.0 0.4
44.482667 -92.287982 0.0 0.4
44.476172 -92.280354 0.0 0.4
44.470514 -92.271757 0.0 0.4
44.465149 -92.26247599999999 0.0 0.4
44.460643 -92.25205799999999 0.0 0.4
44.455301 -92.24302399999999 0.0 0.4
44.446334 -92.233897 0.0 0.4
44.440656 -92.22172599999999 0.0 0.4
44.437377999999995 -92.210438 0.0 0.4
44.433792 -92.19537799999999 0.0 0.4
44.431743 -92.18547699999999 0.0 0.4
44.428598 -92.17027999999999 0.0 0.4
44.426736999999996 -92.15820599999999 0.0 0.4
44.424673 -92.139569 0.0 0.4
44.422261999999996 -92.125464 0.0 0.4
44.417044999999995 -92.116698 0.0 0.4
44.413148 -92.107084 0.0 0.4
44.410906 -92.09499699999999 0.0 0.4
44.408045 -92.085129 0.0 0.4
44.404253 -92.074601 0.0 0.4
44.404246 -92.06316699999999 0.0 0.4
44.401374999999994 -92.05354899999999 0.0 0.4
44.394397999999995 -92.046285 0.0 0.4
44.388574999999996 -92.03776599999999 0.0 0.4
44.384678 -92.028144 0.0 0.4
44.380932 -92.018165 0.0 0.4
44.379383 -92.007756 0.0 0.4
44.3718 -91.993984 0.0 0.4
44.368448 -91.98397399999999 0.0 0.4
44.36676 -91.972493 0.0 0.4
44.362111999999996 -91.9636 0.0 0.4
44.355567 -91.95555 0.0 0.4
44.342278 -91.942978 0.0 0.4
44.335473 -91.928224 0.0 0.4
44.324487 -91.919714 0.0 0.4
44.311575 -91.913606 0.0 0.4
44.301069 -91.92102799999999 0.0 0.4
44.291112 -91.924258 0.0 0.4
44.28499 -91.91550000000001 0.0 0.4
44.281614 -91.905789 0.0 0.4
44.275962 -91.897301 0.0 0.4
44.265446999999995 -91.89676 0.0 0.4
44.25606 -91.88913199999999 0.0 0.4
44.238887999999996 -91.891329 0.0 0.4
44.226285999999995 -91.88978999999999 0.0 0.4
44.217727 -91.881435 0.0 0.4
44.208982999999996 -91.876374 0.0 0.4
44.199166999999996 -91.87236899999999 0.0 0.4
44.195488999999995 -91.862602 0.0 0.4
44.190439999999995 -91.853662 0.0 0.4
44.184878 -91.844754 0.0 0.4
44.180875 -91.834251 0.0 0.4
44.173089 -91.82457 0.0 0.4
44.164235 -91.817302 0.0 0.4
44.159262 -91.808064 0.0 0.4
44.154691 -91.79753799999999 0.0 0.4
44.150832 -91.78480499999999 0.0 0.4
44.147632 -91.774776 0.0 0.4
44.141394 -91.76482 0.0 0.4
44.13557 -91.754015 0.0 0.4
44.133918 -91.740871 0.0 0.4
44.1329 -91.730648 0.0 0.4
44.129598 -91.720325 0.0 0.4
44.12048 -91.71059699999999 0.0 0.4
44.105185999999996 -91.708207 0.0 0.4
44.098569999999995 -91.69530999999999 0.0 0.4
44.098203 -91.684175 0.0 0.4
44.092371 -91.67411899999999 0.0 0.4
44.085041 -91.665263 0.0 0.4
44.074203 -91.659511 0.0 0.4
44.067169 -91.65057399999999 0.0 0.4
44.063644 -91.640647 0.0 0.4
44.058665999999995 -91.6312 0.0 0.4
44.053708 -91.622277 0.0 0.4
44.049644 -91.61120000000001 0.0 0.4
44.04138 -91.601794 0.0 0.4
44.033325 -91.595618 0.0 0.4
44.028501 -91.58532799999999 0.0 0.4
44.026900999999995 -91.57328299999999 0.0 0.4
44.025498 -91.560509 0.0 0.4
44.022855 -91.550474 0.0 0.4
44.021432999999995 -91.533778 0.0 0.4
44.0206 -91.517399 0.0 0.4
44.01898 -91.507121 0.0 0.4
44.013456999999995 -91.496574 0.0 0.4
44.008145 -91.48087 0.0 0.4
44.009282 -91.470564 0.0 0.4
44.007436 -91.46001299999999 0.0 0.4
44.004158 -91.450357 0.0 0.4
44.001518 -91.440541 0.0 0.4
43.995445 -91.431203 0.0 0.4
43.985104 -91.425669 0.0 0.4
43.975629 -91.415043 0.0 0.4
43.965751 -91.407727 0.0 0.4
43.96056 -91.39778299999999 0.0 0.4
43.955774 -91.38853499999999 0.0 0.4
43.948412 -91.379611 0.0 0.4
43.938821 -91.368342 0.0 0.4
43.928641 -91.36383599999999 0.0 0.4
43.919306 -91.358828 0.0 0.4
43.913439 -91.349842 0.0 0.4
43.905443 -91.34383 0.0 0.4
43.896875 -91.336641 0.0 0.4
43.892567 -91.326259 0.0 0.4
43.884287 -91.31698899999999 0.0 0.4
43.874964 -91.31294 0.0 0.4
43.865165 -91.307739 0.0 0.4
43.857987 -91.300196 0.0 0.4
43.852954 -91.29146 0.0 0.4
43.846553 -91.283768 0.0 0.4
43.837817 -91.27775199999999 0.0 0.4
43.826502 -91.276078 0.0 0.4
43.816614 -91.27262999999999 0.0 0.4
43.807595 -91.267761 0.0 0.4
43.797396 -91.263688 0.0 0.4
43.788242 -91.258512 0.0 0.4
43.780563 -91.250592 0.0 0.4
43.773046 -91.243955 0.0 0.4
43.762744 -91.248537 0.0 0.4
43.752103999999996 -91.252515 0.0 0.4
43.741712 -91.255535 0.0 0.4
43.731418999999995 -91.25536699999999 0.0 0.4
43.71949 -91.261316 0.0 0.4
43.711658 -91.26786399999999 0.0 0.4
43.701536 -91.268052 0.0 0.4
43.690872999999996 -91.268773 0.0 0.4
43.678909999999995 -91.27217999999999 0.0 0.4
43.668307 -91.273316 0.0 0.4
43.658266999999995 -91.272387 0.0 0.4
43.649141 -91.265051 0.0 0.4
43.638203 -91.263178 0.0 0.4
43.627351999999995 -91.268457 0.0 0.4
43.616578 -91.268979 0.0 0.4
43.606449 -91.26187999999999 0.0 0.4
43.600363 -91.252926 0.0 0.4
43.593238 -91.243647 0.0 0.4
43.585529 -91.234499 0.0 0.4
43.575595 -91.23149 0.0 0.4
43.564842 -91.232812 0.0 0.4
43.554995 -91.24064899999999 0.0 0.4
43.542533 -91.243535 0.0 0.4
43.53346 -91.237178 0.0 0.4
43.523967 -91.232941 0.0 0.4
43.517891999999996 -91.222613 0.0 0.4
43.508103999999996 -91.21787599999999 0.0 0.4
43.500543 -91.22447299999999 0.0 0.4
43.500491 -91.236414 0.0 0.4
43.500485999999995 -91.246522 0.0 0.4
43.500983999999995 -91.25748 0.0 0.4
43.500923 -91.267696 0.0 0.4
43.500876999999996 -91.280282 0.0 0.4
43.50084 -91.290606 0.0 0.4
43.500771 -91.317025 0.0 0.4
43.50074 -91.327711 0.0 0.4
43.500704 -91.342974 0.0 0.4
43.500786 -91.35915 0.0 0.4
43.500827 -91.36932499999999 0.0 0.4
43.500623999999995 -91.383917 0.0 0.4
43.500887 -91.397319 0.0 0.4
43.500825 -91.407521 0.0 0.4
43.500775999999995 -91.419972 0.0 0.4
43.500724 -91.431536 0.0 0.4
43.500628999999996 -91.44187199999999 0.0 0.4
43.500620999999995 -91.455647 0.0 0.4
43.500726 -91.46909699999999 0.0 0.4
43.500684 -91.479452 0.0 0.4
43.500703 -91.490612 0.0 0.4
43.500634999999996 -91.50390999999999 0.0 0.4
43.500620999999995 -91.51487 0.0 0.4
43.500605 -91.527462 0.0 0.4
43.500684 -91.541558 0.0 0.4
43.500538 -91.55907599999999 0.0 0.4
43.500537 -91.57007899999999 0.0 0.4
43.500656 -91.58970000000001 0.0 0.4
43.500671 -91.603088 0.0 0.4
43.500631999999996 -91.613181 0.0 0.4
43.500707 -91.62514499999999 0.0 0.4
43.500462999999996 -91.635626 0.0 0.4
43.500555 -91.64571099999999 0.0 0.4
43.500504 -91.655847 0.0 0.4
43.500598 -91.670808 0.0 0.4
43.500704 -91.700717 0.0 0.4
43.500761 -91.711846 0.0 0.4
43.500744 -91.725461 0.0 0.4
43.500561 -91.736558 0.0 0.4
43.5007 -91.748348 0.0 0.4
43.500774 -91.758606 0.0 0.4
43.500707 -91.776876 0.0 0.4
43.5007 -91.790616 0.0 0.4
43.500704 -91.805577 0.0 0.4
43.500673 -91.815625 0.0 0.4
43.50074 -91.828025 0.0 0.4
43.500782 -91.842748 0.0 0.4
43.500735 -91.862172 0.0 0.4
43.500730999999995 -91.873325 0.0 0.4
43.500741 -91.887626 0.0 0.4
43.50075 -91.89942599999999 0.0 0.4
43.500819 -91.90972 0.0 0.4
43.500782 -91.920746 0.0 0.4
43.500716999999995 -91.93079499999999 0.0 0.4
43.500692 -91.941265 0.0 0.4
43.500685999999995 -91.951302 0.0 0.4
43.500710999999995 -91.96132 0.0 0.4
43.500645 -91.971462 0.0 0.4
43.500672 -91.98259 0.0 0.4
43.500718 -91.99562399999999 0.0 0.4
43.500723 -92.006445 0.0 0.4
43.500682 -92.01684 0.0 0.4
43.500622 -92.0296 0.0 0.4
43.500719 -92.041213 0.0 0.4
43.500718 -92.05135399999999 0.0 0.4
43.500771 -92.062646 0.0 0.4
43.500758 -92.072667 0.0 0.4
43.500769 -92.082684 0.0 0.4
43.500682999999995 -92.092823 0.0 0.4
43.500735 -92.103886 0.0 0.4
43.500802 -92.117376 0.0 0.4
43.500681 -92.127838 0.0 0.4
43.500782 -92.139258 0.0 0.4
43.500727 -92.1499 0.0 0.4
43.500741 -92.16234999999999 0.0 0.4
43.500713999999995 -92.17872299999999 0.0 0.4
43.500563 -92.19789899999999 0.0 0.4
43.500518 -92.20895399999999 0.0 0.4
43.500614 -92.22251399999999 0.0 0.4
43.50058 -92.232801 0.0 0.4
43.500595 -92.243719 0.0 0.4
43.500586999999996 -92.25414599999999 0.0 0.4
43.500588 -92.26436199999999 0.0 0.4
43.500592 -92.275019 0.0 0.4
43.500591 -92.285067 0.0 0.4
43.500561999999995 -92.301187 0.0 0.4
43.500541 -92.312499 0.0 0.4
43.500549 -92.32319299999999 0.0 0.4
43.5006 -92.343149 0.0 0.4
43.500558999999996 -92.35573099999999 0.0 0.4
43.500544999999995 -92.36631 0.0 0.4
43.500603 -92.37634299999999 0.0 0.4
43.500481 -92.386601 0.0 0.4
43.500538 -92.400735 0.0 0.4
43.500586 -92.412302 0.0 0.4
43.500541999999996 -92.423699 0.0 0.4
43.500551 -92.4351 0.0 0.4
43.500478 -92.445532 0.0 0.4
43.500403999999996 -92.455542 0.0 0.4
43.500288 -92.467738 0.0 0.4
43.500309 -92.48404699999999 0.0 0.4
43.500284 -92.49466 0.0 0.4
43.500243999999995 -92.50503599999999 0.0 0.4
43.500242 -92.525578 0.0 0.4
43.500229999999995 -92.53622 0.0 0.4
43.500201 -92.547619 0.0 0.4
43.500284 -92.558031 0.0 0.4
43.500263 -92.568899 0.0 0.4
43.500246999999995 -92.58223199999999 0.0 0.4
43.500223999999996 -92.592672 0.0 0.4
43.500198 -92.60477999999999 0.0 0.4
43.500212 -92.615657 0.0 0.4
43.500201 -92.62578599999999 0.0 0.4
43.500184 -92.636032 0.0 0.4
43.500175999999996 -92.64806 0.0 0.4
43.500181999999995 -92.658863 0.0 0.4
43.500136 -92.668989 0.0 0.4
43.500108999999995 -92.68574199999999 0.0 0.4
43.500101 -92.698329 0.0 0.4
43.500077999999995 -92.708573 0.0 0.4
43.500068999999996 -92.720721 0.0 0.4
43.500043 -92.731556 0.0 0.4
43.500034 -92.744232 0.0 0.4
43.500006 -92.760109 0.0 0.4
43.499998 -92.771165 0.0 0.4
43.499998 -92.781346 0.0 0.4
43.499981999999996 -92.79395199999999 0.0 0.4
43.499962 -92.804958 0.0 0.4
43.499973999999995 -92.819447 0.0 0.4
43.499897999999995 -92.83027799999999 0.0 0.4
43.499904 -92.84946599999999 0.0 0.4
43.499882 -92.870297 0.0 0.4
43.499863 -92.882969 0.0 0.4
43.499848 -92.899456 0.0 0.4
43.499814 -92.91584999999999 0.0 0.4
43.499804999999995 -92.929627 0.0 0.4
43.499775 -92.941227 0.0 0.4
43.499815 -92.956964 0.0 0.4
43.499769 -92.97950399999999 0.0 0.4
43.499763 -92.991261 0.0 0.4
43.499772 -93.00164099999999 0.0 0.4
43.499744 -93.014151 0.0 0.4
43.499733 -93.024345 0.0 0.4
43.499708 -93.036193 0.0 0.4
43.499705 -93.04919199999999 0.0 0.4
43.499669999999995 -93.059957 0.0 0.4
43.499641 -93.071156 0.0 0.4
43.499649 -93.081858 0.0 0.4
43.499642 -93.09201499999999 0.0 0.4
43.499641 -93.102842 0.0 0.4
43.49964 -93.11406799999999 0.0 0.4
43.49962 -93.124281 0.0 0.4
43.499604999999995 -93.13642999999999 0.0 0.4
43.499596 -93.149175 0.0 0.4
43.499587999999996 -93.161068 0.0 0.4
43.499564 -93.17140599999999 0.0 0.4
43.499567 -93.18377199999999 0.0 0.4
43.499565 -93.197936 0.0 0.4
43.499531 -93.20908999999999 0.0 0.4
43.499531 -93.22055499999999 0.0 0.4
43.499506 -93.233845 0.0 0.4
43.499505 -93.24474699999999 0.0 0.4
43.499369 -93.260984 0.0 0.4
43.499488 -93.27183099999999 0.0 0.4
43.499474 -93.286249 0.0 0.4
43.499466999999996 -93.296303 0.0 0.4
43.49948 -93.306586 0.0 0.4
43.499474 -93.316835 0.0 0.4
43.499485 -93.328744 0.0 0.4
43.49948 -93.338793 0.0 0.4
43.499491 -93.350161 0.0 0.4
43.499486999999995 -93.36260999999999 0.0 0.4
43.499511999999996 -93.37499799999999 0.0 0.4
43.499516 -93.38635599999999 0.0 0.4
43.499531999999995 -93.398583 0.0 0.4
43.499545 -93.408616 0.0 0.4
43.499562 -93.418627 0.0 0.4
43.499559 -93.431223 0.0 0.4
43.499561 -93.44191099999999 0.0 0.4
43.499567 -93.453435 0.0 0.4
43.499562 -93.466793 0.0 0.4
43.499489 -93.47854 0.0 0.4
43.499583 -93.488765 0.0 0.4
43.499607 -93.498927 0.0 0.4
43.499587 -93.509487 0.0 0.4
43.499628 -93.520246 0.0 0.4
43.499646 -93.531206 0.0 0.4
43.499629999999996 -93.544045 0.0 0.4
43.499646 -93.55475799999999 0.0 0.4
43.499642 -93.56520599999999 0.0 0.4
43.499646 -93.575796 0.0 0.4
43.499629 -93.586486 0.0 0.4
43.49962 -93.600839 0.0 0.4
43.499646 -93.611548 0.0 0.4
43.499677 -93.622261 0.0 0.4
43.499680999999995 -93.63277099999999 0.0 0.4
43.499687 -93.643581 0.0 0.4
43.499663 -93.65656 0.0 0.4
43.499673 -93.66785 0.0 0.4
43.499669999999995 -93.68322599999999 0.0 0.4
43.499672 -93.694644 0.0 0.4
43.499648 -93.70826699999999 0.0 0.4
43.499676 -93.722532 0.0 0.4
43.499685 -93.73390599999999 0.0 0.4
43.499697 -93.748443 0.0 0.4
43.499680999999995 -93.764461 0.0 0.4
43.499669999999995 -93.780568 0.0 0.4
43.499685 -93.791251 0.0 0.4
43.499677 -93.801789 0.0 0.4
43.49971 -93.812981 0.0 0.4
43.499727 -93.828496 0.0 0.4
43.499739 -93.84849 0.0 0.4
43.499714999999995 -93.863355 0.0 0.4
43.499728 -93.87522399999999 0.0 0.4
43.499767999999996 -93.88796099999999 0.0 0.4
43.499781 -93.905323 0.0 0.4
43.499766 -93.919733 0.0 0.4
43.499825 -93.93040599999999 0.0 0.4
43.499855 -93.94265999999999 0.0 0.4
43.499845 -93.961593 0.0 0.4
43.499885 -93.973497 0.0 0.4
43.499915 -93.988231 0.0 0.4
43.499902999999996 -93.999208 0.0 0.4
43.499916 -94.010752 0.0 0.4
43.499933999999996 -94.020781 0.0 0.4
43.499955 -94.03080399999999 0.0 0.4
43.499962 -94.042451 0.0 0.4
43.499992 -94.053641 0.0 0.4
43.500012999999996 -94.064781 0.0 0.4
43.500015999999995 -94.07522999999999 0.0 0.4
43.500063 -94.08648199999999 0.0 0.4
43.500082 -94.098084 0.0 0.4
43.500111 -94.10815199999999 0.0 0.4
43.500087 -94.11832199999999 0.0 0.4
43.500119999999995 -94.12997399999999 0.0 0.4
43.50011 -94.140461 0.0 0.4
43.500105 -94.150897 0.0 0.4
43.500088 -94.163387 0.0 0.4
43.500094 -94.175095 0.0 0.4
43.500091 -94.185762 0.0 0.4
43.500097 -94.19602499999999 0.0 0.4
43.500133 -94.20642199999999 0.0 0.4
43.500144999999996 -94.21739099999999 0.0 0.4
43.500147999999996 -94.227969 0.0 0.4
43.500119999999995 -94.23971999999999 0.0 0.4
43.500118 -94.25050499999999 0.0 0.4
43.500128 -94.260751 0.0 0.4
43.500144999999996 -94.272475 0.0 0.4
43.500170999999995 -94.283782 0.0 0.4
43.500188 -94.296353 0.0 0.4
43.500184999999995 -94.306895 0.0 0.4
43.500220999999996 -94.318484 0.0 0.4
43.500237 -94.32917499999999 0.0 0.4
43.500237999999996 -94.33918399999999 0.0 0.4
43.500259 -94.349308 0.0 0.4
43.500264 -94.36362199999999 0.0 0.4
43.500220999999996 -94.37496499999999 0.0 0.4
43.50043 -94.385241 0.0 0.4
43.500322 -94.398409 0.0 0.4
43.500312 -94.408529 0.0 0.4
43.500354 -94.419062 0.0 0.4
43.500374 -94.429936 0.0 0.4
43.500423999999995 -94.442602 0.0 0.4
43.500406999999996 -94.452754 0.0 0.4
43.500358 -94.463842 0.0 0.4
43.50045 -94.475275 0.0 0.4
43.500451999999996 -94.485675 0.0 0.4
43.500468999999995 -94.497644 0.0 0.4
43.500465 -94.508342 0.0 0.4
43.500495 -94.520215 0.0 0.4
43.500533999999995 -94.53238499999999 0.0 0.4
43.500519 -94.54252199999999 0.0 0.4
43.500524999999996 -94.557445 0.0 0.4
43.500513 -94.607205 0.0 0.4
43.500699 -94.618929 0.0 0.4
43.500701 -94.630195 0.0 0.4
43.500741999999995 -94.640508 0.0 0.4
43.500733 -94.65258399999999 0.0 0.4
43.500777 -94.66487599999999 0.0 0.4
43.500800000000005 -94.677431 0.0 0.4
43.500820999999995 -94.687758 0.0 0.4
43.500839 -94.698129 0.0 0.4
43.500851 -94.71036099999999 0.0 0.4
43.500901999999996 -94.720731 0.0 0.4
43.500917 -94.73146299999999 0.0 0.4
43.501021 -94.744142 0.0 0.4
43.501014 -94.754187 0.0 0.4
43.501052 -94.76574699999999 0.0 0.4
43.501031999999995 -94.77754999999999 0.0 0.4
43.501031 -94.78817199999999 0.0 0.4
43.501000999999995 -94.798194 0.0 0.4
43.500975 -94.808979 0.0 0.4
43.500938999999995 -94.81923599999999 0.0 0.4
43.500882 -94.833089 0.0 0.4
43.500918 -94.844158 0.0 0.4
43.500924999999995 -94.85455499999999 0.0 0.4
43.500927 -94.86569399999999 0.0 0.4
43.500934 -94.876719 0.0 0.4
43.500499 -94.889122 0.0 0.4
43.50047 -94.903818 0.0 0.4
43.500872 -94.914574 0.0 0.4
43.50094 -94.92478299999999 0.0 0.4
43.500924 -94.935243 0.0 0.4
43.500903 -94.945647 0.0 0.4
43.500952999999996 -94.956295 0.0 0.4
43.500992 -94.967597 0.0 0.4
43.500927 -94.978363 0.0 0.4
43.500932999999996 -94.98867299999999 0.0 0.4
43.500947 -95.001886 0.0 0.4
43.500962 -95.014117 0.0 0.4
43.500968 -95.02416099999999 0.0 0.4
43.500963 -95.03775999999999 0.0 0.4
43.500983999999995 -95.049635 0.0 0.4
43.500983 -95.06258199999999 0.0 0.4
43.500996 -95.074083 0.0 0.4
43.501007 -95.08607099999999 0.0 0.4
43.500974 -95.09634 0.0 0.4
43.500851 -95.106934 0.0 0.4
43.500946 -95.117178 0.0 0.4
43.500636 -95.128225 0.0 0.4
43.500597 -95.138746 0.0 0.4
43.500495 -95.150328 0.0 0.4
43.500637 -95.16136399999999 0.0 0.4
43.500971 -95.171657 0.0 0.4
43.500913999999995 -95.182537 0.0 0.4
43.500867 -95.194738 0.0 0.4
43.500828999999996 -95.20478299999999 0.0 0.4
43.501016 -95.21493 0.0 0.4
43.501034 -95.232277 0.0 0.4
43.50116 -95.242824 0.0 0.4
43.500583999999996 -95.25402199999999 0.0 0.4
43.50056 -95.266128 0.0 0.4
43.500538999999996 -95.278623 0.0 0.4
43.500437 -95.29981099999999 0.0 0.4
43.500439 -95.31097199999999 0.0 0.4
43.500417 -95.323218 0.0 0.4
43.500383 -95.333456 0.0 0.4
43.500355 -95.344347 0.0 0.4
43.500291999999995 -95.360275 0.0 0.4
43.500251999999996 -95.37281399999999 0.0 0.4
43.500226 -95.38778699999999 0.0 0.4
43.500211 -95.399734 0.0 0.4
43.500188 -95.41011499999999 0.0 0.4
43.500122999999995 -95.423165 0.0 0.4
43.500113 -95.4338 0.0 0.4
43.500519 -95.444858 0.0 0.4
43.500532 -95.456563 0.0 0.4
43.500330999999996 -95.47477599999999 0.0 0.4
43.499995 -95.486318 0.0 0.4
43.500043 -95.497158 0.0 0.4
43.499866999999995 -95.514656 0.0 0.4
43.499936 -95.524676 0.0 0.4
43.499947 -95.535187 0.0 0.4
43.499936999999996 -95.547574 0.0 0.4
43.499925999999995 -95.559951 0.0 0.4
43.499927 -95.570443 0.0 0.4
43.499905999999996 -95.58453 0.0 0.4
43.49991 -95.597618 0.0 0.4
43.499905 -95.60861899999999 0.0 0.4
43.499888999999996 -95.618856 0.0 0.4
43.499888999999996 -95.630406 0.0 0.4
43.499885 -95.64315599999999 0.0 0.4
43.499886 -95.658205 0.0 0.4
43.499883 -95.669613 0.0 0.4
43.499907 -95.68126099999999 0.0 0.4
43.499891 -95.692613 0.0 0.4
43.499908 -95.70457999999999 0.0 0.4
43.499900000000004 -95.715947 0.0 0.4
43.499924 -95.726402 0.0 0.4
43.499915 -95.739986 0.0 0.4
43.499925 -95.750373 0.0 0.4
43.499918 -95.761325 0.0 0.4
43.499931 -95.772352 0.0 0.4
43.499939 -95.784525 0.0 0.4
43.49999 -95.794541 0.0 0.4
43.500001999999995 -95.812489 0.0 0.4
43.499975 -95.824663 0.0 0.4
43.500014 -95.83708899999999 0.0 0.4
43.500049 -95.84900599999999 0.0 0.4
43.500029999999995 -95.859793 0.0 0.4
43.500091999999995 -95.873482 0.0 0.4
43.500048 -95.88577099999999 0.0 0.4
43.500043 -95.896558 0.0 0.4
43.50004 -95.9073 0.0 0.4
43.500051 -95.918301 0.0 0.4
43.500054999999996 -95.93225 0.0 0.4
43.500085999999996 -95.94330099999999 0.0 0.4
43.500102 -95.95344 0.0 0.4
43.500077 -95.964372 0.0 0.4
43.500068999999996 -95.974901 0.0 0.4
43.500093 -95.990095 0.0 0.4
43.500124 -96.000333 0.0 0.4
43.500101 -96.016207 0.0 0.4
43.500108 -96.028702 0.0 0.4
43.500113999999996 -96.04106499999999 0.0 0.4
43.500121 -96.053162 0.0 0.4
43.500155 -96.070084 0.0 0.4
43.500184999999995 -96.081246 0.0 0.4
43.500155 -96.09236899999999 0.0 0.4
43.500164 -96.103495 0.0 0.4
43.500195 -96.114193 0.0 0.4
43.500153 -96.12562799999999 0.0 0.4
43.500191 -96.136719 0.0 0.4
43.500188 -96.146913 0.0 0.4
43.500212999999995 -96.159165 0.0 0.4
43.500201999999994 -96.171205 0.0 0.4
43.50022 -96.182762 0.0 0.4
43.500262 -96.193265 0.0 0.4
43.500333 -96.20717499999999 0.0 0.4
43.500273 -96.21806 0.0 0.4
43.500257999999995 -96.229199 0.0 0.4
43.500251999999996 -96.24025999999999 0.0 0.4
43.500251999999996 -96.25055599999999 0.0 0.4
43.500260999999995 -96.26430099999999 0.0 0.4
43.500271 -96.275379 0.0 0.4
43.50028 -96.28549699999999 0.0 0.4
43.500296 -96.29650000000001 0.0 0.4
43.500313 -96.308656 0.0 0.4
43.500282 -96.325227 0.0 0.4
43.500378 -96.33736999999999 0.0 0.4
43.500256 -96.348675 0.0 0.4
43.500293 -96.35973 0.0 0.4
43.500316 -96.370127 0.0 0.4
43.500336 -96.380409 0.0 0.4
43.500324 -96.390507 0.0 0.4
43.500336 -96.407354 0.0 0.4
43.50036 -96.41836599999999 0.0 0.4
43.500358999999996 -96.42985999999999 0.0 0.4
43.500378999999995 -96.440878 0.0 0.4
43.500389999999996 -96.45326 0.0 0.4
43.51175 -96.453289 0.0 0.4
43.524449 -96.453289 0.0 0.4
43.536826999999995 -96.45334199999999 0.0 0.4
43.547264999999996 -96.45338699999999 0.0 0.4
43.557818999999995 -96.45338 0.0 0.4
43.568813 -96.453401 0.0 0.4
43.579567 -96.453392 0.0 0.4
43.593796 -96.453435 0.0 0.4
43.60769 -96.45342 0.0 0.4
43.617908 -96.453401 0.0 0.4
43.630069999999996 -96.45338 0.0 0.4
43.644681 -96.45344899999999 0.0 0.4
43.655469 -96.453443 0.0 0.4
43.66779 -96.453435 0.0 0.4
43.680291 -96.45339799999999 0.0 0.4
43.690349999999995 -96.45340999999999 0.0 0.4
43.700359999999996 -96.45336999999999 0.0 0.4
43.711579 -96.45334 0.0 0.4
43.723551 -96.453362 0.0 0.4
43.736118 -96.45335999999999 0.0 0.4
43.746809999999996 -96.45335999999999 0.0 0.4
43.757600000000004 -96.45333 0.0 0.4
43.767658 -96.453285 0.0 0.4
43.777879999999996 -96.453279 0.0 0.4
43.788000000000004 -96.45322999999999 0.0 0.4
43.798013 -96.453124 0.0 0.4
43.8084 -96.453 0.0 0.4
43.820443 -96.452873 0.0 0.4
43.830448 -96.452934 0.0 0.4
43.840793 -96.45298199999999 0.0 0.4
43.852897 -96.453184 0.0 0.4
43.877085 -96.45331999999999 0.0 0.4
43.887259 -96.453313 0.0 0.4
43.906299 -96.453532 0.0 0.4
43.919104 -96.453391 0.0 0.4
43.931644 -96.453441 0.0 0.4
43.941658 -96.453335 0.0 0.4
43.960226999999996 -96.45325299999999 0.0 0.4
43.970281 -96.453319 0.0 0.4
43.992734 -96.453248 0.0 0.4
44.007042 -96.453291 0.0 0.4
44.017268 -96.453233 0.0 0.4
44.03655 -96.453301 0.0 0.4
44.051431 -96.45311 0.0 0.4
44.065638 -96.453116 0.0 0.4
44.077435 -96.453139 0.0 0.4
44.093851 -96.453159 0.0 0.4
44.104938999999995 -96.453077 0.0 0.4
44.114973 -96.453003 0.0 0.4
44.125687 -96.452958 0.0 0.4
44.137888 -96.452947 0.0 0.4
44.148367 -96.452872 0.0 0.4
44.169208999999995 -96.452766 0.0 0.4
44.18011 -96.452721 0.0 0.4
44.19678 -96.452773 0.0 0.4
44.211169 -96.45271 0.0 0.4
44.225680999999994 -96.452635 0.0 0.4
44.237986 -96.452545 0.0 0.4
44.248487 -96.452519 0.0 0.4
44.260270999999996 -96.452503 0.0 0.4
44.271758999999996 -96.452472 0.0 0.4
44.282382999999996 -96.452568 0.0 0.4
44.292473 -96.452383 0.0 0.4
44.311130999999996 -96.452422 0.0 0.4
44.324371 -96.452354 0.0 0.4
44.338764 -96.452244 0.0 0.4
44.354855 -96.452314 0.0 0.4
44.371724 -96.452185 0.0 0.4
44.383578 -96.45216699999999 0.0 0.4
44.395119 -96.452074 0.0 0.4
44.412776 -96.452012 0.0 0.4
44.436645 -96.451938 0.0 0.4
44.448184999999995 -96.451922 0.0 0.4
44.458194 -96.451926 0.0 0.4
44.470473 -96.452142 0.0 0.4
44.484939 -96.451895 0.0 0.4
44.499238999999996 -96.45183 0.0 0.4
44.510757 -96.45176 0.0 0.4
44.52171 -96.45190699999999 0.0 0.4
44.539784999999995 -96.45183899999999 0.0 0.4
44.553945 -96.451831 0.0 0.4
44.568143 -96.451805 0.0 0.4
44.578393999999996 -96.45177799999999 0.0 0.4
44.594677 -96.451729 0.0 0.4
44.605433999999995 -96.451662 0.0 0.4
44.616248999999996 -96.451624 0.0 0.4
44.627235999999996 -96.45168799999999 0.0 0.4
44.638149 -96.451568 0.0 0.4
44.648990999999995 -96.451582 0.0 0.4
44.659825999999995 -96.45151299999999 0.0 0.4
44.670738 -96.451442 0.0 0.4
44.681908 -96.45145099999999 0.0 0.4
44.691932 -96.451481 0.0 0.4
44.703171 -96.45147399999999 0.0 0.4
44.713938 -96.451301 0.0 0.4
44.728179999999995 -96.45128299999999 0.0 0.4
44.738516 -96.45133799999999 0.0 0.4
44.749952 -96.45164299999999 0.0 0.4
44.76051 -96.451589 0.0 0.4
44.772555999999994 -96.45155899999999 0.0 0.4
44.783215999999996 -96.451776 0.0 0.4
44.793479999999995 -96.451714 0.0 0.4
44.803567 -96.45171599999999 0.0 0.4
44.816024999999996 -96.451466 0.0 0.4
44.826170999999995 -96.451572 0.0 0.4
44.836558 -96.451616 0.0 0.4
44.847334 -96.45163199999999 0.0 0.4
44.858764 -96.45163 0.0 0.4
44.868925999999995 -96.451623 0.0 0.4
44.879456999999995 -96.451977 0.0 0.4
44.890097999999995 -96.451916 0.0 0.4
44.902417 -96.451869 0.0 0.4
44.913171999999996 -96.451878 0.0 0.4
44.925123 -96.45189599999999 0.0 0.4
44.935455999999995 -96.45191899999999 0.0 0.4
44.94694 -96.45194 0.0 0.4
44.957913 -96.451961 0.0 0.4
44.968424999999996 -96.45202599999999 0.0 0.4
44.979448 -96.45202499999999 0.0 0.4
44.990721 -96.452033 0.0 0.4
45.001492 -96.451994 0.0 0.4
45.012119 -96.45209 0.0 0.4
45.022560999999996 -96.452156 0.0 0.4
45.035579 -96.452193 0.0 0.4
45.048244 -96.452192 0.0 0.4
45.06418 -96.452229 0.0 0.4
45.075233 -96.452109 0.0 0.4
45.088252 -96.452221 0.0 0.4
45.108101999999995 -96.45232999999999 0.0 0.4
45.122462 -96.452469 0.0 0.4
45.136841 -96.452367 0.0 0.4
45.14995 -96.452094 0.0 0.4
45.165634999999995 -96.452353 0.0 0.4
45.178363999999995 -96.452552 0.0 0.4
45.190929 -96.45255499999999 0.0 0.4
45.201586999999996 -96.452376 0.0 0.4
45.219687 -96.45255 0.0 0.4
45.240013 -96.452726 0.0 0.4
45.254432 -96.45284099999999 0.0 0.4
45.268924999999996 -96.452947 0.0 0.4
45.279091 -96.45295399999999 0.0 0.4
45.28919 -96.45307199999999 0.0 0.4
45.299537 -96.45308299999999 0.0 0.4
45.30838 -96.458062 0.0 0.4
45.316376 -96.46559599999999 0.0 0.4
45.325827 -96.46991799999999 0.0 0.4
45.334486999999996 -96.47554199999999 0.0 0.4
45.343787999999996 -96.48140599999999 0.0 0.4
45.352562 -96.48670299999999 0.0 0.4
45.360240999999995 -96.494067 0.0 0.4
45.366065 -96.503277 0.0 0.4
45.370160999999996 -96.51292199999999 0.0 0.4
45.375645 -96.52178699999999 0.0 0.4
45.379061 -96.53396099999999 0.0 0.4
45.381049999999995 -96.54597299999999 0.0 0.4
45.385171 -96.559146 0.0 0.4
45.389669999999995 -96.57072 0.0 0.4
45.393465 -96.581362 0.0 0.4
45.398558 -96.591117 0.0 0.4
45.402763 -96.60023199999999 0.0 0.4
45.406326 -96.61222 0.0 0.4
45.409096 -96.62191299999999 0.0 0.4
45.409813 -96.63362 0.0 0.4
45.408891999999994 -96.64446199999999 0.0 0.4
45.409634999999994 -96.65487399999999 0.0 0.4
45.410067999999995 -96.667046 0.0 0.4
45.410365 -96.67808699999999 0.0 0.4
45.415321 -96.68978299999999 0.0 0.4
45.423489 -96.69925599999999 0.0 0.4
45.431028 -96.706064 0.0 0.4
45.439011 -96.71266899999999 0.0 0.4
45.447508 -96.720545 0.0 0.4
45.454795 -96.728184 0.0 0.4
45.463944999999995 -96.735643 0.0 0.4
45.474402 -96.73891599999999 0.0 0.4
45.484341 -96.743674 0.0 0.4
45.493362999999995 -96.74810699999999 0.0 0.4
45.502162999999996 -96.752865 0.0 0.4
45.514894999999996 -96.76059099999999 0.0 0.4
45.523934 -96.768351 0.0 0.4
45.531313999999995 -96.77590699999999 0.0 0.4
45.5413 -96.784863 0.0 0.4
45.54917 -96.792317 0.0 0.4
45.555251 -96.801591 0.0 0.4
45.562205 -96.80931199999999 0.0 0.4
45.569922999999996 -96.81771099999999 0.0 0.4
45.580836 -96.829646 0.0 0.4
45.590323 -96.840156 0.0 0.4
45.597162999999995 -96.847539 0.0 0.4
45.604531 -96.855881 0.0 0.4
45.614816 -96.85266299999999 0.0 0.4
45.624959999999994 -96.850163 0.0 0.4
45.634932 -96.84611199999999 0.0 0.4
45.645294 -96.840746 0.0 0.4
45.651716 -96.83265899999999 0.0 0.4
45.656921999999994 -96.82118 0.0 0.4
45.664397 -96.807598 0.0 0.4
45.669384 -96.79718199999999 0.0 0.4
45.676089999999995 -96.784328 0.0 0.4
45.685324 -96.76541399999999 0.0 0.4
45.693135 -96.755506 0.0 0.4
45.701267 -96.745668 0.0 0.4
45.708006999999995 -96.731506 0.0 0.4
45.714509 -96.71781999999999 0.0 0.4
45.719007 -96.707663 0.0 0.4
45.72239 -96.698032 0.0 0.4
45.725930999999996 -96.687224 0.0 0.4
45.730457 -96.67693399999999 0.0 0.4
45.738682 -96.662595 0.0 0.4
45.745283 -96.654071 0.0 0.4
45.75432 -96.64743399999999 0.0 0.4
45.76392 -96.640153 0.0 0.4
45.773723 -96.63671199999999 0.0 0.4
45.782188999999995 -96.630369 0.0 0.4
45.789482 -96.621737 0.0 0.4
45.794442 -96.612512 0.0 0.4
45.802417 -96.604903 0.0 0.4
45.810165 -96.598282 0.0 0.4
45.815663 -96.588532 0.0 0.4
45.823015 -96.58117 0.0 0.4
45.833107999999996 -96.577484 0.0 0.4
45.843387 -96.57476899999999 0.0 0.4
45.854244 -96.57356999999999 0.0 0.4
45.86501 -96.574417 0.0 0.4
45.874959999999994 -96.572226 0.0 0.4
45.885168 -96.57132 0.0 0.4
45.89525 -96.568941 0.0 0.4
45.905158 -96.567177 0.0 0.4
45.914911 -96.569493 0.0 0.4
45.924530999999995 -96.564785 0.0 0.4
45.93481 -96.563896 0.0 0.4
45.944652 -96.561495 0.0 0.4
45.955602 -96.56528499999999 0.0 0.4
45.964265 -96.570455 0.0 0.4
45.974543 -96.572031 0.0 0.4
45.986011999999995 -96.572352 0.0 0.4
45.999959 -96.573408 0.0 0.4
46.01001 -96.57537699999999 0.0 0.4
46.02164 -96.5764 0.0 0.4
46.031679 -96.576321 0.0 0.4
46.040707 -96.571799 0.0 0.4
46.049541999999995 -96.56700599999999 0.0 0.4
46.056739 -96.56003799999999 0.0 0.4
46.066759 -96.556755 0.0 0.4
46.076912 -96.557295 0.0 0.4
46.086887 -96.55647499999999 0.0 0.4
46.096954 -96.55673499999999 0.0 0.4
46.106170999999996 -96.56069199999999 0.0 0.4
46.11475 -96.56692 0.0 0.4
46.124105 -96.57092899999999 0.0 0.4
46.134158 -96.570379 0.0 0.4
46.143189 -96.57476 0.0 0.4
46.15154 -96.580288 0.0 0.4
46.161583 -96.57983899999999 0.0 0.4
46.171149 -96.58347599999999 0.0 0.4
46.175211 -96.592682 0.0 0.4
46.185286999999995 -96.59033 0.0 0.4
46.193998 -96.585313 0.0 0.4
46.203989 -96.58422399999999 0.0 0.4
46.213069 -96.58858099999999 0.0 0.4
46.220109 -96.595822 0.0 0.4
46.230087 -96.59754699999999 0.0 0.4
46.240234 -96.59816599999999 0.0 0.4
46.24546 -96.58962 0.0 0.4
46.253718 -96.59532399999999 0.0 0.4
46.262595999999995 -96.599961 0.0 0.4
46.271904 -96.596262 0.0 0.4
46.281002 -96.600448 0.0 0.4
46.290008 -96.59593199999999 0.0 0.4
46.293282 -96.605678 0.0 0.4
46.303022999999996 -96.603313 0.0 0.4
46.311972 -96.598243 0.0 0.4
46.321754 -96.600696 0.0 0.4
46.331019999999995 -96.60533199999999 0.0 0.4
46.337056 -96.613327 0.0 0.4
46.346759999999996 -96.616334 0.0 0.4
46.348982 -96.626486 0.0 0.4
46.35248 -96.636789 0.0 0.4
46.353501 -96.646778 0.0 0.4
46.363482999999995 -96.650177 0.0 0.4
46.370298 -96.657708 0.0 0.4
46.37508 -96.66663199999999 0.0 0.4
46.384809 -96.669591 0.0 0.4
46.394563 -96.67241399999999 0.0 0.4
46.403079999999996 -96.677706 0.0 0.4
46.405564 -96.687484 0.0 0.4
46.413824 -96.693146 0.0 0.4
46.417656 -96.702642 0.0 0.4
46.427665999999995 -96.70291399999999 0.0 0.4
46.437675 -96.70401299999999 0.0 0.4
46.437405999999996 -96.714055 0.0 0.4
46.447216 -96.711975 0.0 0.4
46.457251 -96.712397 0.0 0.4
46.466446999999995 -96.71637899999999 0.0 0.4
46.47143 -96.725453 0.0 0.4
46.478401999999996 -96.73269599999999 0.0 0.4
46.485966999999995 -96.73932599999999 0.0 0.4
46.49496 -96.73494799999999 0.0 0.4
46.504932 -96.736234 0.0 0.4
46.514879 -96.737847 0.0 0.4
46.524856 -96.736994 0.0 0.4
46.533153999999996 -96.74298499999999 0.0 0.4
46.540416 -96.749961 0.0 0.4
46.541441 -96.739998 0.0 0.4
46.543952 -96.75022899999999 0.0 0.4
46.546375 -96.74049199999999 0.0 0.4
46.554429 -96.746466 0.0 0.4
46.564454 -96.746214 0.0 0.4
46.571946 -96.752883 0.0 0.4
46.582007 -96.752213 0.0 0.4
46.587976999999995 -96.76055099999999 0.0 0.4
46.597381 -96.76514 0.0 0.4
46.606716 -96.768872 0.0 0.4
46.616223999999995 -96.772193 0.0 0.4
46.620261 -96.78151799999999 0.0 0.4
46.624525 -96.790652 0.0 0.4
