38.847207 -94.60803299999999 0.0 0.4
38.858689 -94.608032 0.0 0.4
38.869206999999996 -94.60803299999999 0.0 0.4
38.880171 -94.608004 0.0 0.4
38.890941999999995 -94.607958 0.0 0.4
38.901081 -94.60798299999999 0.0 0.4
38.911829 -94.60797199999999 0.0 0.4
38.922376 -94.607995 0.0 0.4
38.932457 -94.60803399999999 0.0 0.4
38.942972 -94.60814599999999 0.0 0.4
38.953509 -94.60814599999999 0.0 0.4
38.963705999999995 -94.60809499999999 0.0 0.4
38.973748 -94.60823099999999 0.0 0.4
38.984012 -94.608201 0.0 0.4
38.994422 -94.607922 0.0 0.4
39.004439999999995 -94.60783699999999 0.0 0.4
39.014589 -94.607755 0.0 0.4
39.024879999999996 -94.607614 0.0 0.4
39.035435 -94.607475 0.0 0.4
39.046445 -94.607355 0.0 0.4
39.057337 -94.60734699999999 0.0 0.4
39.067513 -94.60730199999999 0.0 0.4
39.077728 -94.607333 0.0 0.4
39.089709 -94.60722299999999 0.0 0.4
39.099903999999995 -94.607233 0.0 0.4
39.109908 -94.607338 0.0 0.4
39.120256 -94.607428 0.0 0.4
39.127676 -94.600606 0.0 0.4
39.136838999999995 -94.591081 0.0 0.4
39.148868 -94.588387 0.0 0.4
39.157562999999996 -94.595822 0.0 0.4
39.160827 -94.606455 0.0 0.4
39.156839 -94.62335399999999 0.0 0.4
39.154081999999995 -94.63555199999999 0.0 0.4
39.154044999999996 -94.649317 0.0 0.4
39.157841 -94.65921 0.0 0.4
39.168051 -94.660315 0.0 0.4
39.17912 -94.66382399999999 0.0 0.4
39.183554 -94.673903 0.0 0.4
39.183963999999996 -94.68498 0.0 0.4
39.17912 -94.69611599999999 0.0 0.4
39.1738 -94.705523 0.0 0.4
39.169003 -94.723637 0.0 0.4
39.169191 -94.735743 0.0 0.4
39.172067 -94.748391 0.0 0.4
39.179991 -94.762858 0.0 0.4
39.189827 -94.77024999999999 0.0 0.4
39.198910999999995 -94.77472499999999 0.0 0.4
39.206793999999995 -94.782248 0.0 0.4
39.207018 -94.79373299999999 0.0 0.4
39.206357 -94.80550000000001 0.0 0.4
39.207930999999995 -94.81651699999999 0.0 0.4
39.212063 -94.825875 0.0 0.4
39.218529 -94.833792 0.0 0.4
39.228874 -94.831161 0.0 0.4
39.238289 -94.826111 0.0 0.4
39.248388999999996 -94.82713 0.0 0.4
39.257417 -94.83246299999999 0.0 0.4
39.264863999999996 -94.84110299999999 0.0 0.4
39.270165 -94.84967999999999 0.0 0.4
39.274544 -94.858829 0.0 0.4
39.278214 -94.86836799999999 0.0 0.4
39.281400999999995 -94.878171 0.0 0.4
39.28816 -94.88830399999999 0.0 0.4
39.29586 -94.896209 0.0 0.4
39.305144 -94.902312 0.0 0.4
39.314721 -94.906126 0.0 0.4
39.325721 -94.908197 0.0 0.4
39.336895 -94.909009 0.0 0.4
39.348335 -94.910641 0.0 0.4
39.357987 -94.905706 0.0 0.4
39.362459 -94.89661199999999 0.0 0.4
39.366510999999996 -94.88492199999999 0.0 0.4
39.374998 -94.879485 0.0 0.4
39.385656 -94.882 0.0 0.4
39.393313 -94.89184499999999 0.0 0.4
39.390975999999995 -94.90610199999999 0.0 0.4
39.386348 -94.915859 0.0 0.4
39.384958 -94.92685 0.0 0.4
39.386502 -94.937056 0.0 0.4
39.393851 -94.945577 0.0 0.4
39.405646 -94.946293 0.0 0.4
39.413844 -94.95481699999999 0.0 0.4
39.416717999999996 -94.964489 0.0 0.4
39.422897999999996 -94.974008 0.0 0.4
39.432817 -94.977791 0.0 0.4
39.442703 -94.984788 0.0 0.4
39.448084 -94.99548 0.0 0.4
39.45082 -95.006424 0.0 0.4
39.455453 -95.022025 0.0 0.4
39.460876 -95.033408 0.0 0.4
39.468029 -95.042153 0.0 0.4
39.477536 -95.047671 0.0 0.4
39.488938999999995 -95.04874 0.0 0.4
39.499995999999996 -95.052177 0.0 0.4
39.507199 -95.060982 0.0 0.4
39.510661 -95.070804 0.0 0.4
39.516712 -95.082714 0.0 0.4
39.524240999999996 -95.092704 0.0 0.4
39.531527 -95.101141 0.0 0.4
39.539919 -95.108065 0.0 0.4
39.550387 -95.112506 0.0 0.4
39.561876 -95.11202999999999 0.0 0.4
39.571342 -95.10844499999999 0.0 0.4
39.578801999999996 -95.101286 0.0 0.4
39.581036 -95.08976299999999 0.0 0.4
39.577543999999996 -95.078901 0.0 0.4
39.576397 -95.06791 0.0 0.4
39.580566999999995 -95.05689699999999 0.0 0.4
39.588066 -95.050263 0.0 0.4
39.597502 -95.0466 0.0 0.4
39.607855 -95.04883099999999 0.0 0.4
39.617007 -95.05414499999999 0.0 0.4
39.627745 -95.054267 0.0 0.4
39.637876 -95.04951799999999 0.0 0.4
39.646083 -95.042763 0.0 0.4
39.654241 -95.036464 0.0 0.4
39.662546 -95.030082 0.0 0.4
39.670018999999996 -95.02243399999999 0.0 0.4
39.675121999999995 -95.012245 0.0 0.4
39.676479 -95.001379 0.0 0.4
39.676826 -94.991125 0.0 0.4
39.678889999999996 -94.98112499999999 0.0 0.4
39.684761 -94.97285099999999 0.0 0.4
39.694266 -94.968869 0.0 0.4
39.704394 -94.968581 0.0 0.4
39.716058 -94.96984599999999 0.0 0.4
39.726138 -94.971318 0.0 0.4
39.735577 -94.967862 0.0 0.4
39.743065 -94.96008599999999 0.0 0.4
39.745819999999995 -94.950468 0.0 0.4
39.742425999999995 -94.941013 0.0 0.4
39.737097999999996 -94.932469 0.0 0.4
39.731902999999996 -94.923912 0.0 0.4
39.727405 -94.91492099999999 0.0 0.4
39.724745999999996 -94.905076 0.0 0.4
39.724894 -94.891744 0.0 0.4
39.727764 -94.881672 0.0 0.4
39.73381 -94.871045 0.0 0.4
39.742194999999995 -94.862735 0.0 0.4
39.752685 -94.859428 0.0 0.4
39.762983 -94.86063899999999 0.0 0.4
39.771694 -94.867143 0.0 0.4
39.772141 -94.877451 0.0 0.4
39.76544 -94.89073599999999 0.0 0.4
39.761033999999995 -94.899924 0.0 0.4
39.759229 -94.909801 0.0 0.4
39.762266 -94.919381 0.0 0.4
39.76777 -94.92795699999999 0.0 0.4
39.77515 -94.93513899999999 0.0 0.4
39.785582 -94.933506 0.0 0.4
39.789911 -94.924371 0.0 0.4
39.790172999999996 -94.914344 0.0 0.4
39.790375999999995 -94.900976 0.0 0.4
39.791425 -94.89052799999999 0.0 0.4
39.796416 -94.88171 0.0 0.4
39.805281 -94.876978 0.0 0.4
39.815647 -94.876137 0.0 0.4
39.825497999999996 -94.87794099999999 0.0 0.4
39.833335999999996 -94.886504 0.0 0.4
39.834067 -94.90004499999999 0.0 0.4
39.834789 -94.91262499999999 0.0 0.4
39.838857999999995 -94.922288 0.0 0.4
39.844794 -94.93072599999999 0.0 0.4
39.852044 -94.939854 0.0 0.4
39.862254 -94.94237799999999 0.0 0.4
39.869729 -94.935144 0.0 0.4
39.877817 -94.927826 0.0 0.4
39.888414999999995 -94.929064 0.0 0.4
39.895174 -94.93748699999999 0.0 0.4
39.899099 -94.946804 0.0 0.4
39.901241 -94.959176 0.0 0.4
39.899111999999995 -94.970328 0.0 0.4
39.896792 -94.981195 0.0 0.4
39.89742 -94.991829 0.0 0.4
39.900179 -95.00244599999999 0.0 0.4
39.900192 -95.013125 0.0 0.4
39.893974 -95.021897 0.0 0.4
39.884344999999996 -95.025955 0.0 0.4
39.872273 -95.026747 0.0 0.4
39.865921 -95.035246 0.0 0.4
39.864428 -95.046064 0.0 0.4
39.864024 -95.05664 0.0 0.4
39.861872 -95.072501 0.0 0.4
39.861883 -95.085003 0.0 0.4
39.866921999999995 -95.098322 0.0 0.4
39.870402 -95.108711 0.0 0.4
39.872009 -95.12113699999999 0.0 0.4
39.876497 -95.133961 0.0 0.4
39.88472 -95.142225 0.0 0.4
39.895522 -95.14240000000001 0.0 0.4
39.905054 -95.147615 0.0 0.4
39.907243 -95.15776199999999 0.0 0.4
39.903148 -95.169314 0.0 0.4
39.900062 -95.179453 0.0 0.4
39.900144999999995 -95.189561 0.0 0.4
39.903115 -95.199275 0.0 0.4
39.91081 -95.20600499999999 0.0 0.4
39.920493 -95.202653 0.0 0.4
39.931031 -95.20038199999999 0.0 0.4
39.940235 -95.206195 0.0 0.4
39.943953 -95.21643999999999 0.0 0.4
39.944022 -95.227491 0.0 0.4
39.944251 -95.238365 0.0 0.4
39.947683 -95.247957 0.0 0.4
39.953705 -95.256472 0.0 0.4
39.963885 -95.264675 0.0 0.4
39.971038 -95.272335 0.0 0.4
39.974832 -95.282097 0.0 0.4
39.980663 -95.295403 0.0 0.4
39.98618 -95.304014 0.0 0.4
39.995238 -95.30830399999999 0.0 0.4
40.007805999999995 -95.311163 0.0 0.4
40.013889999999996 -95.321022 0.0 0.4
40.017013 -95.33180499999999 0.0 0.4
40.024584999999995 -95.34205 0.0 0.4
40.030232 -95.351507 0.0 0.4
40.031555999999995 -95.361899 0.0 0.4
40.029691 -95.372159 0.0 0.4
40.027288999999996 -95.382232 0.0 0.4
40.027438 -95.39327 0.0 0.4
40.032294 -95.405233 0.0 0.4
40.038424 -95.413589 0.0 0.4
40.048442 -95.419322 0.0 0.4
40.058952 -95.42164 0.0 0.4
40.068075 -95.416778 0.0 0.4
40.074998 -95.40936699999999 0.0 0.4
40.085831 -95.409937 0.0 0.4
40.096989 -95.408552 0.0 0.4
40.103238 -95.400139 0.0 0.4
40.111174999999996 -95.393062 0.0 0.4
40.121285 -95.394216 0.0 0.4
40.128378 -95.402806 0.0 0.4
40.130451 -95.415368 0.0 0.4
40.1332 -95.42540699999999 0.0 0.4
40.141025 -95.432165 0.0 0.4
40.152935 -95.43382199999999 0.0 0.4
40.162282 -95.440694 0.0 0.4
40.166595 -95.453901 0.0 0.4
40.171200999999996 -95.463831 0.0 0.4
40.178298999999996 -95.472308 0.0 0.4
40.185652 -95.479193 0.0 0.4
40.197345999999996 -95.48275699999999 0.0 0.4
40.208642999999995 -95.477948 0.0 0.4
40.217332999999996 -95.47139299999999 0.0 0.4
40.227908 -95.469718 0.0 0.4
40.239734 -95.47508599999999 0.0 0.4
40.247468999999995 -95.48481699999999 0.0 0.4
40.249542999999996 -95.49862399999999 0.0 0.4
40.249187 -95.51610699999999 0.0 0.4
40.256952999999996 -95.53462599999999 0.0 0.4
40.261904 -95.55247299999999 0.0 0.4
40.274308999999995 -95.554778 0.0 0.4
40.28377 -95.550951 0.0 0.4
40.293273 -95.55555299999999 0.0 0.4
40.298297999999996 -95.56495699999999 0.0 0.4
40.299549 -95.579195 0.0 0.4
40.303199 -95.590165 0.0 0.4
40.309809 -95.59865699999999 0.0 0.4
40.313902 -95.610067 0.0 0.4
40.313128 -95.620403 0.0 0.4
40.307674999999996 -95.63631 0.0 0.4
40.30617 -95.648305 0.0 0.4
40.310856 -95.65732799999999 0.0 0.4
40.321065 -95.65513 0.0 0.4
40.326549 -95.64479399999999 0.0 0.4
40.329297 -95.63380699999999 0.0 0.4
40.335144 -95.625265 0.0 0.4
40.346351 -95.623674 0.0 0.4
40.355032 -95.628924 0.0 0.4
40.36136 -95.636991 0.0 0.4
40.369828999999996 -95.642414 0.0 0.4
40.381806 -95.642741 0.0 0.4
40.391253999999996 -95.646349 0.0 0.4
40.400935 -95.65306199999999 0.0 0.4
40.412409 -95.660602 0.0 0.4
40.422416999999996 -95.659297 0.0 0.4
40.432252 -95.65567999999999 0.0 0.4
40.442948 -95.658756 0.0 0.4
40.452238 -95.666389 0.0 0.4
40.458864999999996 -95.67506499999999 0.0 0.4
40.463342 -95.684311 0.0 0.4
40.469395999999996 -95.69313299999999 0.0 0.4
40.478849 -95.696756 0.0 0.4
40.489461 -95.694707 0.0 0.4
40.499451 -95.696095 0.0 0.4
40.508371 -95.691189 0.0 0.4
40.511244 -95.68087399999999 0.0 0.4
40.514029 -95.671222 0.0 0.4
40.517312 -95.661681 0.0 0.4
40.526561 -95.655037 0.0 0.4
40.538108 -95.65226899999999 0.0 0.4
40.547599 -95.657671 0.0 0.4
40.556408 -95.665343 0.0 0.4
40.5626 -95.674526 0.0 0.4
40.561 -95.68529099999999 0.0 0.4
40.555941 -95.694383 0.0 0.4
40.545258 -95.696596 0.0 0.4
40.533744 -95.695385 0.0 0.4
40.525476 -95.702221 0.0 0.4
40.526384 -95.712862 0.0 0.4
40.527879 -95.724362 0.0 0.4
40.524308 -95.73479499999999 0.0 0.4
40.524119999999996 -95.745995 0.0 0.4
40.52599 -95.75711 0.0 0.4
40.531563 -95.76692 0.0 0.4
40.542691 -95.767032 0.0 0.4
40.552467 -95.76361899999999 0.0 0.4
40.561578999999995 -95.768509 0.0 0.4
40.570493 -95.773749 0.0 0.4
40.583296 -95.76852699999999 0.0 0.4
40.585088 -95.75464799999999 0.0 0.4
40.585021999999995 -95.74396899999999 0.0 0.4
40.584893 -95.731026 0.0 0.4
40.584753 -95.720576 0.0 0.4
40.584627 -95.70917299999999 0.0 0.4
40.584424999999996 -95.69424599999999 0.0 0.4
40.58435 -95.67325699999999 0.0 0.4
40.584376999999996 -95.65879699999999 0.0 0.4
40.584396 -95.648534 0.0 0.4
40.584142 -95.638459 0.0 0.4
40.583791999999995 -95.62526899999999 0.0 0.4
40.583492 -95.610928 0.0 0.4
40.583231 -95.593317 0.0 0.4
40.582946 -95.573967 0.0 0.4
40.582789 -95.56386499999999 0.0 0.4
40.582634999999996 -95.55292999999999 0.0 0.4
40.582453 -95.542548 0.0 0.4
40.582338 -95.531491 0.0 0.4
40.582198 -95.52139299999999 0.0 0.4
40.582073 -95.511071 0.0 0.4
40.581927 -95.50096699999999 0.0 0.4
40.581776999999995 -95.490631 0.0 0.4
40.581665 -95.480115 0.0 0.4
40.581548 -95.469634 0.0 0.4
40.5814 -95.455064 0.0 0.4
40.581258999999996 -95.44058 0.0 0.4
40.581148 -95.429239 0.0 0.4
40.581013999999996 -95.41540599999999 0.0 0.4
40.580793 -95.392922 0.0 0.4
40.580625999999995 -95.375311 0.0 0.4
40.580268 -95.364651 0.0 0.4
40.580245 -95.354508 0.0 0.4
40.580106 -95.34373699999999 0.0 0.4
40.57969 -95.316288 0.0 0.4
40.57956 -95.302554 0.0 0.4
40.579322 -95.278116 0.0 0.4
40.57915 -95.25900999999999 0.0 0.4
40.578995 -95.233055 0.0 0.4
40.578871 -95.22280099999999 0.0 0.4
40.57866 -95.21183099999999 0.0 0.4
40.578469999999996 -95.201447 0.0 0.4
40.578345 -95.190467 0.0 0.4
40.57823 -95.18019699999999 0.0 0.4
40.578066 -95.167655 0.0 0.4
40.577908 -95.157467 0.0 0.4
40.577707 -95.14511499999999 0.0 0.4
40.577503 -95.131592 0.0 0.4
40.577417 -95.120986 0.0 0.4
40.577363 -95.110468 0.0 0.4
40.577161 -95.09726599999999 0.0 0.4
40.577033 -95.084525 0.0 0.4
40.576919 -95.073404 0.0 0.4
40.576774 -95.062997 0.0 0.4
40.576519999999995 -95.04878599999999 0.0 0.4
40.576341 -95.038232 0.0 0.4
40.576192 -95.023063 0.0 0.4
40.576039 -95.01016899999999 0.0 0.4
40.575692 -94.99166 0.0 0.4
40.575686999999995 -94.972045 0.0 0.4
40.575669 -94.955134 0.0 0.4
40.575396 -94.936911 0.0 0.4
40.575161 -94.92122499999999 0.0 0.4
40.574863 -94.901107 0.0 0.4
40.574701999999995 -94.888998 0.0 0.4
40.574563 -94.87820099999999 0.0 0.4
40.574301 -94.858567 0.0 0.4
40.574141999999995 -94.848135 0.0 0.4
40.573972999999995 -94.83684099999999 0.0 0.4
40.573837 -94.82677299999999 0.0 0.4
40.573684 -94.81599299999999 0.0 0.4
40.573387 -94.801475 0.0 0.4
40.573234 -94.787684 0.0 0.4
40.573115 -94.774935 0.0 0.4
40.572939999999996 -94.76292699999999 0.0 0.4
40.572858 -94.75273 0.0 0.4
40.572683 -94.742677 0.0 0.4
40.572537 -94.73169299999999 0.0 0.4
40.572399 -94.720912 0.0 0.4
40.572269999999996 -94.710707 0.0 0.4
40.572131999999996 -94.69991399999999 0.0 0.4
40.572005999999995 -94.68875899999999 0.0 0.4
40.571849 -94.67709599999999 0.0 0.4
40.571672 -94.665838 0.0 0.4
40.571577 -94.655334 0.0 0.4
40.571476 -94.645303 0.0 0.4
40.571385 -94.63511199999999 0.0 0.4
40.571289 -94.622963 0.0 0.4
40.571186999999995 -94.61294 0.0 0.4
40.571059999999996 -94.596435 0.0 0.4
40.570941 -94.58604799999999 0.0 0.4
40.570881 -94.566853 0.0 0.4
40.57084 -94.552281 0.0 0.4
40.570809 -94.542154 0.0 0.4
40.570856 -94.530773 0.0 0.4
40.570893 -94.51904499999999 0.0 0.4
40.570951 -94.505838 0.0 0.4
40.570977 -94.49528 0.0 0.4
40.570727999999995 -94.48299399999999 0.0 0.4
40.570814 -94.472549 0.0 0.4
40.571078 -94.46217399999999 0.0 0.4
40.570976 -94.445015 0.0 0.4
40.571028999999996 -94.432654 0.0 0.4
40.571317 -94.422342 0.0 0.4
40.57125 -94.412328 0.0 0.4
40.571295 -94.40226299999999 0.0 0.4
40.571335999999995 -94.39191699999999 0.0 0.4
40.571368 -94.37705299999999 0.0 0.4
40.571356 -94.36062299999999 0.0 0.4
40.571411 -94.34619699999999 0.0 0.4
40.571555 -94.33597999999999 0.0 0.4
40.57154 -94.32549399999999 0.0 0.4
40.571608 -94.314865 0.0 0.4
40.571422 -94.304554 0.0 0.4
40.571632 -94.294288 0.0 0.4
40.571476 -94.283158 0.0 0.4
40.571531 -94.270456 0.0 0.4
40.571670999999995 -94.259163 0.0 0.4
40.571813999999996 -94.248902 0.0 0.4
40.571873 -94.237434 0.0 0.4
40.572061 -94.213262 0.0 0.4
40.572168 -94.199871 0.0 0.4
40.572406 -94.175618 0.0 0.4
40.572508 -94.163567 0.0 0.4
40.572638 -94.146244 0.0 0.4
40.572753999999996 -94.13013099999999 0.0 0.4
40.572901 -94.120097 0.0 0.4
40.572902 -94.10931 0.0 0.4
40.572950999999996 -94.095709 0.0 0.4
40.573029999999996 -94.08380199999999 0.0 0.4
40.573026 -94.07213999999999 0.0 0.4
40.573209 -94.060375 0.0 0.4
40.573426 -94.046656 0.0 0.4
40.573585 -94.034211 0.0 0.4
40.573856 -94.018058 0.0 0.4
40.574096 -94.003323 0.0 0.4
40.57436 -93.98742999999999 0.0 0.4
40.574635 -93.97677 0.0 0.4
40.574785 -93.96600199999999 0.0 0.4
40.574936 -93.955901 0.0 0.4
40.575081 -93.9452 0.0 0.4
40.575243 -93.934845 0.0 0.4
40.575424 -93.92423199999999 0.0 0.4
40.575595 -93.914227 0.0 0.4
40.575793 -93.90290499999999 0.0 0.4
40.575967 -93.892448 0.0 0.4
40.57622 -93.881885 0.0 0.4
40.576332 -93.871226 0.0 0.4
40.576476 -93.860919 0.0 0.4
40.576671999999995 -93.849243 0.0 0.4
40.576935999999996 -93.83105599999999 0.0 0.4
40.57714 -93.81941599999999 0.0 0.4
40.577318999999996 -93.807953 0.0 0.4
40.577391 -93.789408 0.0 0.4
40.577548 -93.774344 0.0 0.4
40.577518999999995 -93.76348 0.0 0.4
40.577605999999996 -93.751924 0.0 0.4
40.577521999999995 -93.74181999999999 0.0 0.4
40.577546999999996 -93.728355 0.0 0.4
40.577796 -93.699862 0.0 0.4
40.577971 -93.686819 0.0 0.4
40.57815 -93.675748 0.0 0.4
40.578329 -93.663027 0.0 0.4
40.578488 -93.646992 0.0 0.4
40.578692 -93.63309699999999 0.0 0.4
40.579099 -93.616406 0.0 0.4
40.579431 -93.597377 0.0 0.4
40.579662 -93.58699399999999 0.0 0.4
40.579955 -93.57354099999999 0.0 0.4
40.580147 -93.560796 0.0 0.4
40.580369999999995 -93.548615 0.0 0.4
40.580335 -93.53293 0.0 0.4
40.580447 -93.522902 0.0 0.4
40.580358 -93.51015699999999 0.0 0.4
40.580346999999996 -93.49791499999999 0.0 0.4
40.580386 -93.48519499999999 0.0 0.4
40.580072 -93.466887 0.0 0.4
40.580013 -93.455089 0.0 0.4
40.579951 -93.44164699999999 0.0 0.4
40.580000999999996 -93.42994999999999 0.0 0.4
40.580075 -93.419111 0.0 0.4
40.580110999999995 -93.408386 0.0 0.4
40.580158 -93.393716 0.0 0.4
40.580227 -93.381312 0.0 0.4
40.580318999999996 -93.370858 0.0 0.4
40.58036 -93.360807 0.0 0.4
40.580444 -93.350133 0.0 0.4
40.580452 -93.33837 0.0 0.4
40.580527 -93.327761 0.0 0.4
40.580673999999995 -93.317486 0.0 0.4
40.580715 -93.307053 0.0 0.4
40.580715999999995 -93.29690199999999 0.0 0.4
40.580756 -93.284542 0.0 0.4
40.580765 -93.274237 0.0 0.4
40.580816 -93.263207 0.0 0.4
40.580923999999996 -93.251695 0.0 0.4
40.58124 -93.24147599999999 0.0 0.4
40.581354 -93.23118799999999 0.0 0.4
40.581624999999995 -93.212396 0.0 0.4
40.581804 -93.20179 0.0 0.4
40.581902 -93.191332 0.0 0.4
40.582105 -93.17815399999999 0.0 0.4
40.58233 -93.166404 0.0 0.4
40.582665 -93.148038 0.0 0.4
40.582854 -93.135802 0.0 0.4
40.583164 -93.125208 0.0 0.4
40.583832 -93.103067 0.0 0.4
40.584161 -93.09285 0.0 0.4
40.584495 -93.079138 0.0 0.4
40.584759999999996 -93.067921 0.0 0.4
40.585049999999995 -93.057739 0.0 0.4
40.585460999999995 -93.044499 0.0 0.4
40.585719999999995 -93.034488 0.0 0.4
40.586013 -93.024413 0.0 0.4
40.586296999999995 -93.01350000000001 0.0 0.4
40.586546 -93.00120000000001 0.0 0.4
40.586786 -92.990425 0.0 0.4
40.586974999999995 -92.97963 0.0 0.4
40.587179 -92.968604 0.0 0.4
40.587359 -92.957827 0.0 0.4
40.587514 -92.947243 0.0 0.4
40.587654 -92.932555 0.0 0.4
40.587841999999995 -92.918038 0.0 0.4
40.587978 -92.90740000000001 0.0 0.4
40.587984 -92.896191 0.0 0.4
40.588336999999996 -92.87946199999999 0.0 0.4
40.588178 -92.867308 0.0 0.4
40.588198999999996 -92.857219 0.0 0.4
40.588418 -92.846811 0.0 0.4
40.588451 -92.834977 0.0 0.4
40.588584999999995 -92.824756 0.0 0.4
40.588622 -92.802713 0.0 0.4
40.588619 -92.785411 0.0 0.4
40.588713 -92.775087 0.0 0.4
40.588902 -92.75712299999999 0.0 0.4
40.589054 -92.74654699999999 0.0 0.4
40.589261 -92.729024 0.0 0.4
40.589424 -92.71475799999999 0.0 0.4
40.589701 -92.696828 0.0 0.4
40.589808999999995 -92.68669299999999 0.0 0.4
40.590205 -92.66848399999999 0.0 0.4
40.590396999999996 -92.658372 0.0 0.4
40.59065 -92.647773 0.0 0.4
40.590922 -92.635043 0.0 0.4
40.591268 -92.618372 0.0 0.4
40.591651 -92.601171 0.0 0.4
40.591966 -92.58707299999999 0.0 0.4
40.592321999999996 -92.577058 0.0 0.4
40.592645 -92.566589 0.0 0.4
40.593064 -92.552964 0.0 0.4
40.593343 -92.54261699999999 0.0 0.4
40.593683999999996 -92.529224 0.0 0.4
40.593953 -92.51912999999999 0.0 0.4
40.594229 -92.508771 0.0 0.4
40.59474 -92.497163 0.0 0.4
40.595031999999996 -92.486396 0.0 0.4
40.595152999999996 -92.47304199999999 0.0 0.4
40.595273 -92.46282599999999 0.0 0.4
40.595306 -92.4482 0.0 0.4
40.595338 -92.438154 0.0 0.4
40.595566999999996 -92.427773 0.0 0.4
40.595786 -92.417334 0.0 0.4
40.596019999999996 -92.405632 0.0 0.4
40.596250999999995 -92.394114 0.0 0.4
40.596469 -92.379576 0.0 0.4
40.596844 -92.368119 0.0 0.4
40.597175 -92.356355 0.0 0.4
40.597364999999996 -92.341668 0.0 0.4
40.597712 -92.331492 0.0 0.4
40.597992999999995 -92.321051 0.0 0.4
40.598245999999996 -92.309517 0.0 0.4
40.598454 -92.299454 0.0 0.4
40.598903 -92.27018699999999 0.0 0.4
40.599148 -92.256219 0.0 0.4
40.59915 -92.24603499999999 0.0 0.4
40.599489 -92.23599 0.0 0.4
40.59975 -92.22271699999999 0.0 0.4
40.599965999999995 -92.209175 0.0 0.4
40.600061 -92.198951 0.0 0.4
40.600485 -92.181726 0.0 0.4
40.600856 -92.16025499999999 0.0 0.4
40.601031 -92.149745 0.0 0.4
40.601326 -92.13355899999999 0.0 0.4
40.601571 -92.122225 0.0 0.4
40.601831 -92.096611 0.0 0.4
40.602194999999995 -92.08634099999999 0.0 0.4
40.602689999999996 -92.071274 0.0 0.4
40.60282 -92.06022 0.0 0.4
40.603226 -92.04981699999999 0.0 0.4
40.603541 -92.038868 0.0 0.4
40.603848 -92.02784899999999 0.0 0.4
40.604129 -92.01775699999999 0.0 0.4
40.604419 -92.006918 0.0 0.4
40.604804 -91.98234599999999 0.0 0.4
40.605106 -91.9715 0.0 0.4
40.605382 -91.952109 0.0 0.4
40.606134999999995 -91.93967599999999 0.0 0.4
40.606505 -91.925866 0.0 0.4
40.606772 -91.915832 0.0 0.4
40.607043 -91.905608 0.0 0.4
40.607465 -91.889747 0.0 0.4
40.607901 -91.87517 0.0 0.4
40.608810999999996 -91.85284899999999 0.0 0.4
40.609392 -91.840824 0.0 0.4
40.610020999999996 -91.82957499999999 0.0 0.4
40.610521 -91.813963 0.0 0.4
40.610949 -91.800133 0.0 0.4
40.611545 -91.786827 0.0 0.4
40.612044999999995 -91.769735 0.0 0.4
40.612724 -91.750164 0.0 0.4
40.613287 -91.73704699999999 0.0 0.4
40.601527 -91.720058 0.0 0.4
40.595174 -91.712199 0.0 0.4
40.59019 -91.701242 0.0 0.4
40.583408999999996 -91.68881999999999 0.0 0.4
40.568632 -91.689967 0.0 0.4
40.558372999999996 -91.689526 0.0 0.4
40.552369999999996 -91.678315 0.0 0.4
40.55067 -91.668448 0.0 0.4
40.54942 -91.656548 0.0 0.4
40.547371 -91.64667399999999 0.0 0.4
40.545221 -91.635404 0.0 0.4
40.543515 -91.62525199999999 0.0 0.4
40.535283 -91.61818 0.0 0.4
40.524294 -91.619526 0.0 0.4
40.514362 -91.622362 0.0 0.4
40.504794 -91.616948 0.0 0.4
40.498813 -91.605097 0.0 0.4
40.495103 -91.59491299999999 0.0 0.4
40.487232999999996 -91.586884 0.0 0.4
40.476979 -91.58282799999999 0.0 0.4
40.466767 -91.57601299999999 0.0 0.4
40.462137 -91.56714099999999 0.0 0.4
40.4595 -91.556805 0.0 0.4
40.458149 -91.543785 0.0 0.4
40.458940999999996 -91.533761 0.0 0.4
40.456331 -91.52386399999999 0.0 0.4
40.445657 -91.527733 0.0 0.4
40.436910999999995 -91.53289799999999 0.0 0.4
40.433687 -91.522638 0.0 0.4
40.421599 -91.525268 0.0 0.4
40.410765 -91.52461199999999 0.0 0.4
40.408573 -91.514822 0.0 0.4
40.403512 -91.50527199999999 0.0 0.4
40.402256 -91.494592 0.0 0.4
40.39293 -91.490888 0.0 0.4
40.384657 -91.485255 0.0 0.4
40.382332999999996 -91.47533299999999 0.0 0.4
40.385168 -91.465334 0.0 0.4
40.375471999999995 -91.46039499999999 0.0 0.4
40.376804 -91.448742 0.0 0.4
40.385128 -91.442748 0.0 0.4
40.384281 -91.432699 0.0 0.4
40.381414 -91.423053 0.0 0.4
40.371987999999995 -91.426632 0.0 0.4
40.367598 -91.43683399999999 0.0 0.4
40.361823 -91.446308 0.0 0.4
40.35367 -91.452237 0.0 0.4
40.342414 -91.46213999999999 0.0 0.4
40.333285 -91.466999 0.0 0.4
40.322409 -91.469656 0.0 0.4
40.31161 -91.475043 0.0 0.4
40.302242 -91.481363 0.0 0.4
40.291184 -91.48732199999999 0.0 0.4
40.281664 -91.491496 0.0 0.4
40.269923 -91.492891 0.0 0.4
40.259498 -91.490524 0.0 0.4
40.250439 -91.49618199999999 0.0 0.4
40.242626 -91.50375199999999 0.0 0.4
40.231712 -91.504289 0.0 0.4
40.220861 -91.50519299999999 0.0 0.4
40.209337999999995 -91.507269 0.0 0.4
40.199318 -91.50475399999999 0.0 0.4
40.188794 -91.511073 0.0 0.4
40.178537 -91.51307899999999 0.0 0.4
40.161212 -91.509193 0.0 0.4
40.151255 -91.510775 0.0 0.4
40.141102 -91.51147999999999 0.0 0.4
40.131115 -91.510386 0.0 0.4
40.120478999999996 -91.508731 0.0 0.4
40.109966 -91.506453 0.0 0.4
40.099756 -91.503067 0.0 0.4
40.089735 -91.500512 0.0 0.4
40.078257 -91.497663 0.0 0.4
40.063409 -91.49212899999999 0.0 0.4
40.050194999999995 -91.491512 0.0 0.4
40.037715999999996 -91.49479 0.0 0.4
40.024575999999996 -91.488131 0.0 0.4
40.012667 -91.47970199999999 0.0 0.4
40.003493999999996 -91.474581 0.0 0.4
39.993742 -91.46849 0.0 0.4
39.983995 -91.46531499999999 0.0 0.4
39.975769 -91.457191 0.0 0.4
39.967192999999995 -91.45131599999999 0.0 0.4
39.956477 -91.445267 0.0 0.4
39.948465 -91.43910799999999 0.0 0.4
39.941901 -91.430657 0.0 0.4
39.934684999999995 -91.42323999999999 0.0 0.4
39.925422 -91.41903699999999 0.0 0.4
39.914865 -91.420878 0.0 0.4
39.907728999999996 -91.428956 0.0 0.4
39.90031 -91.436673 0.0 0.4
39.893144 -91.443699 0.0 0.4
39.883033999999995 -91.446922 0.0 0.4
39.871642 -91.446685 0.0 0.4
39.861982999999995 -91.44134299999999 0.0 0.4
39.851983 -91.437693 0.0 0.4
39.841865 -91.433798 0.0 0.4
39.834316 -91.421763 0.0 0.4
39.829403 -91.41127399999999 0.0 0.4
39.823584 -91.401949 0.0 0.4
39.818596 -91.390731 0.0 0.4
39.812671 -91.381174 0.0 0.4
39.805510999999996 -91.37216099999999 0.0 0.4
39.792804 -91.363444 0.0 0.4
39.782423 -91.363468 0.0 0.4
39.772625 -91.365799 0.0 0.4
39.762617999999996 -91.365642 0.0 0.4
39.75187 -91.36799599999999 0.0 0.4
39.741569999999996 -91.369889 0.0 0.4
39.731162999999995 -91.369395 0.0 0.4
39.720600999999995 -91.35827599999999 0.0 0.4
39.713774 -91.35031699999999 0.0 0.4
39.706786 -91.341031 0.0 0.4
39.700433 -91.331603 0.0 0.4
39.692591 -91.317814 0.0 0.4
39.684864999999995 -91.306693 0.0 0.4
39.677448999999996 -91.29841599999999 0.0 0.4
39.672768 -91.28933699999999 0.0 0.4
39.666975 -91.27855699999999 0.0 0.4
39.660683 -91.270456 0.0 0.4
39.652544999999996 -91.263055 0.0 0.4
39.644601 -91.25427499999999 0.0 0.4
39.638059999999996 -91.246444 0.0 0.4
39.628648 -91.23974 0.0 0.4
39.621806 -91.230559 0.0 0.4
39.616671 -91.22088 0.0 0.4
39.612499 -91.208895 0.0 0.4
39.609127 -91.19909899999999 0.0 0.4
39.606165 -91.18911399999999 0.0 0.4
39.601135 -91.180396 0.0 0.4
39.591975 -91.17423199999999 0.0 0.4
39.581899 -91.171641 0.0 0.4
39.57111 -91.17000999999999 0.0 0.4
39.558566 -91.163634 0.0 0.4
39.550576 -91.15624199999999 0.0 0.4
39.545486 -91.146596 0.0 0.4
39.543883 -91.135002 0.0 0.4
39.542068 -91.12513899999999 0.0 0.4
39.541098 -91.114305 0.0 0.4
39.539349 -91.10290499999999 0.0 0.4
39.529275 -91.092869 0.0 0.4
39.517140999999995 -91.086292 0.0 0.4
39.507728 -91.079769 0.0 0.4
39.500046 -91.07176899999999 0.0 0.4
39.491718 -91.06405699999999 0.0 0.4
39.481364 -91.062941 0.0 0.4
39.471377 -91.061167 0.0 0.4
39.462122 -91.053058 0.0 0.4
39.452265 -91.04258 0.0 0.4
39.445644 -91.03394399999999 0.0 0.4
39.439364999999995 -91.024681 0.0 0.4
39.432660999999996 -91.011954 0.0 0.4
39.427082 -91.002603 0.0 0.4
39.422413 -90.992317 0.0 0.4
39.419762 -90.98132 0.0 0.4
39.414144 -90.972465 0.0 0.4
39.410267 -90.96229799999999 0.0 0.4
39.408105 -90.95118099999999 0.0 0.4
39.403984 -90.940766 0.0 0.4
39.393529 -90.93478499999999 0.0 0.4
39.386384 -90.92678699999999 0.0 0.4
39.382503 -90.916833 0.0 0.4
39.380393999999995 -90.906798 0.0 0.4
39.372354 -90.900095 0.0 0.4
39.365767 -90.890931 0.0 0.4
39.360599 -90.87856599999999 0.0 0.4
39.355578 -90.868432 0.0 0.4
39.351369999999996 -90.859113 0.0 0.4
39.345272 -90.84750000000001 0.0 0.4
39.335460999999995 -90.83475299999999 0.0 0.4
39.323659 -90.82130599999999 0.0 0.4
39.316721 -90.80747799999999 0.0 0.4
39.312393 -90.798208 0.0 0.4
39.304277 -90.791305 0.0 0.4
39.297163999999995 -90.783789 0.0 0.4
39.291874 -90.774756 0.0 0.4
39.281512 -90.76887699999999 0.0 0.4
39.273142 -90.759813 0.0 0.4
39.265432 -90.751599 0.0 0.4
39.262442 -90.74077799999999 0.0 0.4
39.255894 -90.72995999999999 0.0 0.4
39.239183 -90.723725 0.0 0.4
39.228533999999996 -90.72132599999999 0.0 0.4
39.217613 -90.71877599999999 0.0 0.4
39.206723 -90.71667699999999 0.0 0.4
39.192648999999996 -90.716286 0.0 0.4
39.180675 -90.712357 0.0 0.4
39.166761 -90.70971 0.0 0.4
39.155111 -90.70914599999999 0.0 0.4
39.143152 -90.705168 0.0 0.4
39.13243 -90.697096 0.0 0.4
39.122673999999996 -90.690102 0.0 0.4
39.113566999999996 -90.684518 0.0 0.4
39.10059 -90.681086 0.0 0.4
39.090066 -90.68199399999999 0.0 0.4
39.081666 -90.690727 0.0 0.4
39.074649 -90.69828199999999 0.0 0.4
39.065036 -90.702556 0.0 0.4
39.057064 -90.712541 0.0 0.4
39.046797999999995 -90.71158 0.0 0.4
39.029074 -90.70059499999999 0.0 0.4
39.017213 -90.69277 0.0 0.4
39.007342 -90.688813 0.0 0.4
38.998778 -90.682068 0.0 0.4
38.989277 -90.677756 0.0 0.4
38.978273 -90.676245 0.0 0.4
38.967248999999995 -90.67632599999999 0.0 0.4
38.955298 -90.67324099999999 0.0 0.4
38.945892 -90.668707 0.0 0.4
38.935551 -90.66342399999999 0.0 0.4
38.925352 -90.66163499999999 0.0 0.4
38.91587 -90.651556 0.0 0.4
38.908031 -90.640726 0.0 0.4
38.896892 -90.631795 0.0 0.4
38.888188 -90.624737 0.0 0.4
38.882242 -90.61124799999999 0.0 0.4
38.876954999999995 -90.599712 0.0 0.4
38.87208 -90.58829899999999 0.0 0.4
38.868384 -90.577576 0.0 0.4
38.86915 -90.56461999999999 0.0 0.4
38.871109 -90.554564 0.0 0.4
38.879742 -90.53858699999999 0.0 0.4
38.889421 -90.528244 0.0 0.4
38.896979 -90.518581 0.0 0.4
38.901907 -90.509126 0.0 0.4
38.910408 -90.50011699999999 0.0 0.4
38.918248999999996 -90.493386 0.0 0.4
38.926975999999996 -90.48672599999999 0.0 0.4
38.936433 -90.48268399999999 0.0 0.4
38.946602999999996 -90.480919 0.0 0.4
38.954949 -90.47446099999999 0.0 0.4
38.962205999999995 -90.467049 0.0 0.4
38.965911999999996 -90.45731599999999 0.0 0.4
38.966994 -90.44686399999999 0.0 0.4
38.966572 -90.43651 0.0 0.4
38.963775 -90.426166 0.0 0.4
38.963443 -90.416017 0.0 0.4
38.962272999999996 -90.40521799999999 0.0 0.4
38.959641999999995 -90.394874 0.0 0.4
38.95626 -90.38530999999999 0.0 0.4
38.952470999999996 -90.375964 0.0 0.4
38.948178999999996 -90.36489 0.0 0.4
38.94079 -90.346442 0.0 0.4
38.93466 -90.33596299999999 0.0 0.4
38.93027 -90.325446 0.0 0.4
38.92631 -90.31412399999999 0.0 0.4
38.923563 -90.30412899999999 0.0 0.4
38.923455 -90.294061 0.0 0.4
38.924048 -90.283712 0.0 0.4
38.922556 -90.26987199999999 0.0 0.4
38.92055 -90.25918999999999 0.0 0.4
38.917116 -90.246403 0.0 0.4
38.912600000000005 -90.23602699999999 0.0 0.4
38.908975999999996 -90.225967 0.0 0.4
38.903292 -90.21727399999999 0.0 0.4
38.896913 -90.209312 0.0 0.4
38.890324 -90.20100000000001 0.0 0.4
38.886365999999995 -90.191474 0.0 0.4
38.882278 -90.18033799999999 0.0 0.4
38.878147999999996 -90.170509 0.0 0.4
38.873598 -90.16156699999999 0.0 0.4
38.867148 -90.15150799999999 0.0 0.4
38.863383 -90.14210899999999 0.0 0.4
38.858288 -90.13250699999999 0.0 0.4
38.853927999999996 -90.12319 0.0 0.4
38.849306 -90.113327 0.0 0.4
38.837447999999995 -90.109107 0.0 0.4
38.824417 -90.112327 0.0 0.4
38.811240999999995 -90.115935 0.0 0.4
38.800289 -90.121535 0.0 0.4
38.792908 -90.13121699999999 0.0 0.4
38.784549 -90.144408 0.0 0.4
38.779171999999996 -90.154405 0.0 0.4
38.77379 -90.164453 0.0 0.4
38.764531 -90.17253699999999 0.0 0.4
38.754478 -90.176301 0.0 0.4
38.747005 -90.18328199999999 0.0 0.4
38.7322 -90.20517699999999 0.0 0.4
38.722334 -90.211095 0.0 0.4
38.711779 -90.212002 0.0 0.4
38.693478999999996 -90.202202 0.0 0.4
38.684162 -90.192853 0.0 0.4
38.675701 -90.18703599999999 0.0 0.4
38.665379 -90.182602 0.0 0.4
38.650656 -90.17929 0.0 0.4
38.639680999999996 -90.17780499999999 0.0 0.4
38.629318 -90.178778 0.0 0.4
38.618023 -90.18241499999999 0.0 0.4
38.607864 -90.18666499999999 0.0 0.4
38.59898 -90.191803 0.0 0.4
38.58996 -90.201072 0.0 0.4
38.58398 -90.21010299999999 0.0 0.4
38.578016 -90.218497 0.0 0.4
38.570615 -90.22784399999999 0.0 0.4
38.56247 -90.234484 0.0 0.4
38.55348 -90.241816 0.0 0.4
38.544781 -90.248905 0.0 0.4
38.533629 -90.256658 0.0 0.4
38.52247 -90.26325 0.0 0.4
38.512688 -90.26631599999999 0.0 0.4
38.50154 -90.270538 0.0 0.4
38.491445999999996 -90.273281 0.0 0.4
38.479908 -90.277841 0.0 0.4
38.46947 -90.279904 0.0 0.4
38.457544999999996 -90.28267699999999 0.0 0.4
38.445662999999996 -90.285673 0.0 0.4
38.433136 -90.289901 0.0 0.4
38.424808 -90.29687 0.0 0.4
38.417393 -90.30851299999999 0.0 0.4
38.406527 -90.320471 0.0 0.4
38.398028 -90.32937 0.0 0.4
38.39091 -90.33791099999999 0.0 0.4
38.382833999999995 -90.345118 0.0 0.4
38.37182 -90.352105 0.0 0.4
38.360459999999996 -90.355942 0.0 0.4
38.347514 -90.364361 0.0 0.4
38.337078999999996 -90.36918 0.0 0.4
38.326538 -90.37128899999999 0.0 0.4
38.316162 -90.372626 0.0 0.4
38.306191 -90.371516 0.0 0.4
38.293594 -90.372666 0.0 0.4
38.280536 -90.371754 0.0 0.4
38.267708 -90.36991499999999 0.0 0.4
38.255494999999996 -90.36720000000001 0.0 0.4
38.240724 -90.365139 0.0 0.4
38.225659 -90.360142 0.0 0.4
38.216305999999996 -90.35543 0.0 0.4
38.206537999999995 -90.347776 0.0 0.4
38.196329999999996 -90.33986399999999 0.0 0.4
38.186523 -90.33017 0.0 0.4
38.18082 -90.320381 0.0 0.4
38.178573 -90.310627 0.0 0.4
38.175139 -90.30032899999999 0.0 0.4
38.170363 -90.290629 0.0 0.4
38.158981 -90.276541 0.0 0.4
38.146167999999996 -90.266359 0.0 0.4
38.135117 -90.258178 0.0 0.4
38.126087999999996 -90.25108999999999 0.0 0.4
38.115891 -90.245651 0.0 0.4
38.108197 -90.23794699999999 0.0 0.4
38.101268999999995 -90.22819199999999 0.0 0.4
38.093466 -90.217019 0.0 0.4
38.0885 -90.20768199999999 0.0 0.4
38.076851 -90.188115 0.0 0.4
38.071886 -90.17882999999999 0.0 0.4
38.071573 -90.168649 0.0 0.4
38.074949 -90.158338 0.0 0.4
38.070568 -90.148923 0.0 0.4
38.065854 -90.13860299999999 0.0 0.4
38.061436 -90.12960000000001 0.0 0.4
38.051989 -90.126103 0.0 0.4
38.041664999999995 -90.126532 0.0 0.4
38.033268 -90.119106 0.0 0.4
38.026801999999996 -90.1109 0.0 0.4
38.020900000000005 -90.10021499999999 0.0 0.4
38.016718999999995 -90.090732 0.0 0.4
38.015966 -90.07716599999999 0.0 0.4
38.016863 -90.06663999999999 0.0 0.4
38.013048999999995 -90.056432 0.0 0.4
38.002038 -90.044406 0.0 0.4
37.995126 -90.031795 0.0 0.4
37.988130999999996 -90.024242 0.0 0.4
37.979616 -90.01630899999999 0.0 0.4
37.97011 -90.007936 0.0 0.4
37.963218999999995 -89.996848 0.0 0.4
37.961906 -89.98450799999999 0.0 0.4
37.963868999999995 -89.972416 0.0 0.4
37.96499 -89.962274 0.0 0.4
37.967756 -89.95172699999999 0.0 0.4
37.970873999999995 -89.940687 0.0 0.4
37.961517 -89.936932 0.0 0.4
37.960021 -89.925085 0.0 0.4
37.950616 -89.92873 0.0 0.4
37.946311 -89.937957 0.0 0.4
37.940739 -89.94655999999999 0.0 0.4
37.939943 -89.95749099999999 0.0 0.4
37.933136999999995 -89.96537699999999 0.0 0.4
37.927732999999996 -89.974121 0.0 0.4
37.916924 -89.973034 0.0 0.4
37.908153 -89.96722299999999 0.0 0.4
37.898418 -89.96138599999999 0.0 0.4
37.889928 -89.95607299999999 0.0 0.4
37.880213 -89.948323 0.0 0.4
37.875159 -89.937961 0.0 0.4
37.872232 -89.92832399999999 0.0 0.4
37.869932999999996 -89.917951 0.0 0.4
37.869392999999995 -89.905631 0.0 0.4
37.87237 -89.89551499999999 0.0 0.4
37.878279 -89.883849 0.0 0.4
37.884644 -89.875191 0.0 0.4
37.892283 -89.868178 0.0 0.4
37.898675 -89.859516 0.0 0.4
37.904004 -89.850887 0.0 0.4
37.904098 -89.84031399999999 0.0 0.4
37.897858 -89.830052 0.0 0.4
37.891877 -89.82049599999999 0.0 0.4
37.8863 -89.81090499999999 0.0 0.4
37.882042999999996 -89.800876 0.0 0.4
37.872188 -89.798968 0.0 0.4
37.862128 -89.79754199999999 0.0 0.4
37.851689 -89.786326 0.0 0.4
37.852657 -89.775966 0.0 0.4
37.851763 -89.76520000000001 0.0 0.4
37.846353 -89.754099 0.0 0.4
37.846471 -89.743735 0.0 0.4
37.840789 -89.734343 0.0 0.4
37.833211999999996 -89.727243 0.0 0.4
37.826682 -89.718801 0.0 0.4
37.821335999999995 -89.710089 0.0 0.4
37.815827999999996 -89.700701 0.0 0.4
37.811693 -89.691183 0.0 0.4
37.806886999999996 -89.68151399999999 0.0 0.4
37.801144 -89.671255 0.0 0.4
37.792857999999995 -89.665216 0.0 0.4
37.782647 -89.66028 0.0 0.4
37.772746 -89.662403 0.0 0.4
37.762544999999996 -89.66684599999999 0.0 0.4
37.752095 -89.66554599999999 0.0 0.4
37.74682 -89.655558 0.0 0.4
37.746106 -89.645461 0.0 0.4
37.74579 -89.634233 0.0 0.4
37.74912 -89.624023 0.0 0.4
37.743124 -89.61591399999999 0.0 0.4
37.738403999999996 -89.606668 0.0 0.4
37.733477 -89.597481 0.0 0.4
37.725116 -89.59156899999999 0.0 0.4
37.715865 -89.585999 0.0 0.4
37.710777 -89.57734599999999 0.0 0.4
37.707189 -89.566704 0.0 0.4
37.705217999999995 -89.556649 0.0 0.4
37.701228 -89.539506 0.0 0.4
37.699659 -89.529395 0.0 0.4
37.695034 -89.519689 0.0 0.4
37.685525 -89.51200899999999 0.0 0.4
37.671783 -89.515316 0.0 0.4
37.660823 -89.516718 0.0 0.4
37.650802999999996 -89.515903 0.0 0.4
37.639103 -89.516801 0.0 0.4
37.629991 -89.50926199999999 0.0 0.4
37.621596 -89.50236 0.0 0.4
37.614526 -89.495064 0.0 0.4
37.607157 -89.48579199999999 0.0 0.4
37.598869 -89.478399 0.0 0.4
37.588156 -89.476511 0.0 0.4
37.581415 -89.48433999999999 0.0 0.4
37.580408 -89.495508 0.0 0.4
37.582948 -89.505585 0.0 0.4
37.584700000000005 -89.51550999999999 0.0 0.4
37.574947 -89.521406 0.0 0.4
37.563396999999995 -89.521979 0.0 0.4
37.55135 -89.520568 0.0 0.4
37.540254999999995 -89.517737 0.0 0.4
37.530587 -89.512878 0.0 0.4
37.522191 -89.50611099999999 0.0 0.4
37.512954 -89.500231 0.0 0.4
37.50273 -89.496653 0.0 0.4
37.493235999999996 -89.49152 0.0 0.4
37.48419 -89.484921 0.0 0.4
37.475674 -89.47849599999999 0.0 0.4
37.466473 -89.471201 0.0 0.4
37.459888 -89.462683 0.0 0.4
37.453102 -89.454405 0.0 0.4
37.445571 -89.446564 0.0 0.4
37.437200000000004 -89.439769 0.0 0.4
37.426846999999995 -89.43413 0.0 0.4
37.416776 -89.429789 0.0 0.4
37.407471 -89.42594 0.0 0.4
37.393952 -89.42093899999999 0.0 0.4
37.383465 -89.421382 0.0 0.4
37.372195999999995 -89.424319 0.0 0.4
37.356158 -89.428185 0.0 0.4
37.347055999999995 -89.432836 0.0 0.4
37.342135999999996 -89.443663 0.0 0.4
37.339283 -89.454723 0.0 0.4
37.338556 -89.468655 0.0 0.4
37.337047999999996 -89.479546 0.0 0.4
37.333368 -89.48900499999999 0.0 0.4
37.324795 -89.49516 0.0 0.4
37.318601 -89.503678 0.0 0.4
37.311591 -89.51141 0.0 0.4
37.299334 -89.514596 0.0 0.4
37.289876 -89.518249 0.0 0.4
37.27905 -89.515436 0.0 0.4
37.268903 -89.50709499999999 0.0 0.4
37.261646 -89.50009 0.0 0.4
37.25449 -89.492785 0.0 0.4
37.252297 -89.482631 0.0 0.4
37.253381 -89.472403 0.0 0.4
37.250577 -89.460692 0.0 0.4
37.240368 -89.45830199999999 0.0 0.4
37.230286 -89.46349 0.0 0.4
37.2182 -89.467631 0.0 0.4
37.207034 -89.463905 0.0 0.4
37.190826 -89.457472 0.0 0.4
37.175853 -89.44814699999999 0.0 0.4
37.166989 -89.44215799999999 0.0 0.4
37.15209 -89.43520199999999 0.0 0.4
37.138235 -89.42558 0.0 0.4
37.128474 -89.417356 0.0 0.4
37.120737 -89.409416 0.0 0.4
37.114539 -89.39956699999999 0.0 0.4
37.109155 -89.39031299999999 0.0 0.4
37.101009999999995 -89.38278199999999 0.0 0.4
37.092171 -89.377741 0.0 0.4
37.081832999999996 -89.37553799999999 0.0 0.4
37.072013 -89.378312 0.0 0.4
37.06162 -89.383108 0.0 0.4
37.051137 -89.38514599999999 0.0 0.4
37.041803 -89.380622 0.0 0.4
37.035678 -89.371968 0.0 0.4
37.030156 -89.362397 0.0 0.4
37.027046999999996 -89.351237 0.0 0.4
37.022737 -89.33852 0.0 0.4
37.018516 -89.328144 0.0 0.4
37.013481 -89.31841899999999 0.0 0.4
37.005696 -89.308692 0.0 0.4
36.996075999999995 -89.29690099999999 0.0 0.4
36.989013 -89.279945 0.0 0.4
36.993303 -89.26971999999999 0.0 0.4
37.001045 -89.26314599999999 0.0 0.4
37.015496 -89.25760799999999 0.0 0.4
37.025828 -89.26295999999999 0.0 0.4
37.034706 -89.27521 0.0 0.4
37.039175 -89.28708499999999 0.0 0.4
37.042876 -89.29680599999999 0.0 0.4
37.05019 -89.30717399999999 0.0 0.4
37.063413 -89.30948699999999 0.0 0.4
37.068698999999995 -89.30018199999999 0.0 0.4
37.066733 -89.28366799999999 0.0 0.4
37.064813 -89.264479 0.0 0.4
37.070459 -89.255906 0.0 0.4
37.061212999999995 -89.24782599999999 0.0 0.4
37.051983 -89.242854 0.0 0.4
37.042853 -89.238253 0.0 0.4
37.034036 -89.229621 0.0 0.4
37.027695 -89.219185 0.0 0.4
37.022763 -89.20973599999999 0.0 0.4
37.016163999999996 -89.20079299999999 0.0 0.4
37.004988999999995 -89.19647599999999 0.0 0.4
36.993407 -89.195279 0.0 0.4
36.981291 -89.19255199999999 0.0 0.4
36.973518 -89.185491 0.0 0.4
36.970618 -89.173959 0.0 0.4
36.972764999999995 -89.16177599999999 0.0 0.4
36.977636 -89.14988199999999 0.0 0.4
36.979343 -89.139918 0.0 0.4
36.983385999999996 -89.128053 0.0 0.4
36.981103 -89.116609 0.0 0.4
36.974692 -89.107393 0.0 0.4
36.965773999999996 -89.10028199999999 0.0 0.4
36.95122 -89.099634 0.0 0.4
36.941167 -89.101545 0.0 0.4
36.930701 -89.105443 0.0 0.4
36.920729 -89.109099 0.0 0.4
36.910252 -89.111858 0.0 0.4
36.892112999999995 -89.11631299999999 0.0 0.4
36.882462 -89.120014 0.0 0.4
36.871900000000004 -89.126774 0.0 0.4
36.857596 -89.131934 0.0 0.4
36.847322999999996 -89.138109 0.0 0.4
36.847052999999995 -89.14818199999999 0.0 0.4
36.843301 -89.157872 0.0 0.4
36.842227 -89.168858 0.0 0.4
36.836048999999996 -89.177319 0.0 0.4
36.825274 -89.17885799999999 0.0 0.4
36.81503 -89.17965099999999 0.0 0.4
36.805184 -89.176042 0.0 0.4
36.79644 -89.169445 0.0 0.4
36.790847 -89.160692 0.0 0.4
36.788486999999996 -89.14895899999999 0.0 0.4
36.788612 -89.138526 0.0 0.4
36.78733 -89.127674 0.0 0.4
36.780986999999996 -89.11991499999999 0.0 0.4
36.770801999999996 -89.11621 0.0 0.4
36.758437 -89.119992 0.0 0.4
36.751801 -89.12880799999999 0.0 0.4
36.753641 -89.139439 0.0 0.4
36.756161 -89.150334 0.0 0.4
36.757236 -89.16105 0.0 0.4
36.759125 -89.171623 0.0 0.4
36.755407999999996 -89.18202699999999 0.0 0.4
36.747668999999995 -89.191296 0.0 0.4
36.739771999999995 -89.197856 0.0 0.4
36.728969 -89.201042 0.0 0.4
36.718751 -89.20064699999999 0.0 0.4
36.710363 -89.19394799999999 0.0 0.4
36.702275 -89.18567999999999 0.0 0.4
36.695526 -89.176889 0.0 0.4
36.688770999999996 -89.169426 0.0 0.4
36.677060999999995 -89.16835999999999 0.0 0.4
36.667781999999995 -89.161614 0.0 0.4
36.658688999999995 -89.16628999999999 0.0 0.4
36.651596999999995 -89.17357 0.0 0.4
36.645668 -89.182056 0.0 0.4
36.638463 -89.19044 0.0 0.4
36.628971 -89.19775299999999 0.0 0.4
36.616544999999995 -89.20126499999999 0.0 0.4
36.604814999999995 -89.202654 0.0 0.4
36.593866 -89.20596599999999 0.0 0.4
36.584058 -89.211184 0.0 0.4
36.575057 -89.21903499999999 0.0 0.4
36.568624 -89.22975699999999 0.0 0.4
36.565956 -89.246174 0.0 0.4
36.564961 -89.25653799999999 0.0 0.4
36.569716 -89.26954599999999 0.0 0.4
36.576588 -89.277943 0.0 0.4
36.586861999999996 -89.28799599999999 0.0 0.4
36.597916999999995 -89.297547 0.0 0.4
36.606372 -89.30327899999999 0.0 0.4
36.615541 -89.31018999999999 0.0 0.4
36.624044 -89.31644999999999 0.0 0.4
36.631023 -89.324637 0.0 0.4
36.632625 -89.337824 0.0 0.4
36.630718 -89.34935 0.0 0.4
36.627463 -89.359759 0.0 0.4
36.621724 -89.37034 0.0 0.4
36.612865 -89.37665199999999 0.0 0.4
36.600747 -89.379243 0.0 0.4
36.5878 -89.381408 0.0 0.4
36.57572 -89.38695 0.0 0.4
36.566375 -89.392184 0.0 0.4
36.557216 -89.39642599999999 0.0 0.4
36.543746999999996 -89.398282 0.0 0.4
36.533511 -89.402985 0.0 0.4
36.524195 -89.40727299999999 0.0 0.4
36.513565 -89.411434 0.0 0.4
36.500067 -89.416833 0.0 0.4
36.490932 -89.42279099999999 0.0 0.4
36.482101 -89.430072 0.0 0.4
36.474833 -89.437344 0.0 0.4
36.464881999999996 -89.44896399999999 0.0 0.4
36.458686 -89.46076699999999 0.0 0.4
36.45756 -89.47189499999999 0.0 0.4
36.462114 -89.486193 0.0 0.4
36.4705 -89.493082 0.0 0.4
36.483106 -89.491813 0.0 0.4
36.494991999999996 -89.48668699999999 0.0 0.4
36.504109 -89.48021299999999 0.0 0.4
36.512416 -89.47325599999999 0.0 0.4
36.52187 -89.468425 0.0 0.4
36.531922 -89.46565199999999 0.0 0.4
36.543257 -89.466993 0.0 0.4
36.554489 -89.47116 0.0 0.4
36.56512 -89.476624 0.0 0.4
36.571574999999996 -89.484337 0.0 0.4
36.574383 -89.495842 0.0 0.4
36.576279 -89.507199 0.0 0.4
36.577853999999995 -89.518509 0.0 0.4
36.581582 -89.52854099999999 0.0 0.4
36.581016999999996 -89.540853 0.0 0.4
36.578074 -89.551119 0.0 0.4
36.57279 -89.559634 0.0 0.4
36.565048 -89.567004 0.0 0.4
36.555678 -89.57102499999999 0.0 0.4
36.54425 -89.569199 0.0 0.4
36.533321 -89.564773 0.0 0.4
36.523467 -89.559874 0.0 0.4
36.514616 -89.553066 0.0 0.4
36.506112 -89.545193 0.0 0.4
36.497934 -89.539232 0.0 0.4
36.489073 -89.53207599999999 0.0 0.4
36.482687 -89.52422 0.0 0.4
36.472919 -89.519408 0.0 0.4
36.461934 -89.52102099999999 0.0 0.4
36.451544999999996 -89.52727399999999 0.0 0.4
36.443933 -89.53784499999999 0.0 0.4
36.434915 -89.54506099999999 0.0 0.4
36.423684 -89.544221 0.0 0.4
36.407311 -89.530951 0.0 0.4
36.392237 -89.51919 0.0 0.4
36.378356 -89.51038 0.0 0.4
36.367844 -89.511178 0.0 0.4
36.353864 -89.51628699999999 0.0 0.4
36.344789 -89.522695 0.0 0.4
36.339245999999996 -89.53182199999999 0.0 0.4
36.336808999999995 -89.545006 0.0 0.4
36.337652 -89.55889499999999 0.0 0.4
36.339701 -89.569431 0.0 0.4
36.342302 -89.581384 0.0 0.4
36.342665 -89.592295 0.0 0.4
36.342234 -89.605668 0.0 0.4
36.336154 -89.615759 0.0 0.4
36.325143 -89.62010599999999 0.0 0.4
36.313193999999996 -89.614637 0.0 0.4
36.305521999999996 -89.605222 0.0 0.4
36.296814 -89.58981999999999 0.0 0.4
36.290005 -89.580456 0.0 0.4
36.284534 -89.569886 0.0 0.4
36.278008 -89.555036 0.0 0.4
36.280457999999996 -89.544797 0.0 0.4
36.274159999999995 -89.537005 0.0 0.4
36.263816 -89.534848 0.0 0.4
36.253079 -89.53468099999999 0.0 0.4
36.247594 -89.543596 0.0 0.4
36.250341 -89.553563 0.0 0.4
36.250479 -89.56412399999999 0.0 0.4
36.243843 -89.573928 0.0 0.4
36.239959999999996 -89.585498 0.0 0.4
36.238499 -89.59556099999999 0.0 0.4
36.238327999999996 -89.60651 0.0 0.4
36.241341 -89.617436 0.0 0.4
36.245004 -89.629213 0.0 0.4
36.249486 -89.64218199999999 0.0 0.4
36.250692 -89.65252 0.0 0.4
36.249597 -89.664563 0.0 0.4
36.248581 -89.675164 0.0 0.4
36.249507 -89.686229 0.0 0.4
36.252016999999995 -89.696308 0.0 0.4
36.244445999999996 -89.70286899999999 0.0 0.4
36.233692 -89.701987 0.0 0.4
36.226309 -89.694332 0.0 0.4
36.219746 -89.685092 0.0 0.4
36.213797 -89.676081 0.0 0.4
36.20652 -89.664144 0.0 0.4
36.20153 -89.654876 0.0 0.4
36.194100999999996 -89.64479 0.0 0.4
36.188311 -89.635578 0.0 0.4
36.183644 -89.625078 0.0 0.4
36.178594 -89.61635799999999 0.0 0.4
36.171178999999995 -89.60700399999999 0.0 0.4
36.162617 -89.599357 0.0 0.4
36.154005 -89.593583 0.0 0.4
36.144096 -89.591605 0.0 0.4
36.133527 -89.59258899999999 0.0 0.4
36.123436999999996 -89.597449 0.0 0.4
36.117568 -89.605946 0.0 0.4
36.113141 -89.61630199999999 0.0 0.4
36.108131 -89.625078 0.0 0.4
36.10556 -89.635272 0.0 0.4
36.101498 -89.650182 0.0 0.4
36.095802 -89.666598 0.0 0.4
36.087862 -89.676121 0.0 0.4
36.072336 -89.681946 0.0 0.4
36.060714 -89.68327 0.0 0.4
36.045897 -89.685395 0.0 0.4
36.034048 -89.687254 0.0 0.4
36.020506999999995 -89.692437 0.0 0.4
36.011747 -89.70051699999999 0.0 0.4
36.003209999999996 -89.70643 0.0 0.4
36.000838 -89.717462 0.0 0.4
36.000634999999996 -89.732569 0.0 0.4
36.000817 -89.74327799999999 0.0 0.4
36.000796 -89.756737 0.0 0.4
36.000735999999996 -89.768639 0.0 0.4
36.000625 -89.77931199999999 0.0 0.4
36.000513999999995 -89.791975 0.0 0.4
36.000411 -89.80348 0.0 0.4
36.000315 -89.81442899999999 0.0 0.4
36.000226 -89.82475699999999 0.0 0.4
36.000157 -89.834975 0.0 0.4
36.000043999999995 -89.845458 0.0 0.4
35.999922999999995 -89.85846599999999 0.0 0.4
35.99982 -89.86862099999999 0.0 0.4
35.999708 -89.879976 0.0 0.4
35.999613 -89.890146 0.0 0.4
35.999558 -89.901426 0.0 0.4
35.999445 -89.91436999999999 0.0 0.4
35.999348999999995 -89.92510399999999 0.0 0.4
35.999345 -89.939926 0.0 0.4
35.999243 -89.959262 0.0 0.4
35.999153 -89.972428 0.0 0.4
35.999046 -89.995322 0.0 0.4
35.998942 -90.012034 0.0 0.4
35.998515 -90.054448 0.0 0.4
35.998374 -90.068204 0.0 0.4
35.998219999999996 -90.08911599999999 0.0 0.4
35.998142 -90.103859 0.0 0.4
35.997958 -90.115101 0.0 0.4
35.997839 -90.12572999999999 0.0 0.4
35.997761 -90.13748 0.0 0.4
35.997676999999996 -90.147584 0.0 0.4
35.997561 -90.159052 0.0 0.4
35.997448 -90.17084899999999 0.0 0.4
35.997361 -90.180914 0.0 0.4
35.997278 -90.190946 0.0 0.4
35.997115 -90.20331 0.0 0.4
35.997056 -90.214417 0.0 0.4
35.996963 -90.22617 0.0 0.4
35.996836 -90.240678 0.0 0.4
35.996736999999996 -90.251651 0.0 0.4
35.996631 -90.262323 0.0 0.4
35.996525999999996 -90.272346 0.0 0.4
35.996409 -90.289076 0.0 0.4
35.996345999999996 -90.306285 0.0 0.4
35.996252999999996 -90.319124 0.0 0.4
35.996139 -90.329173 0.0 0.4
35.996038 -90.33927299999999 0.0 0.4
35.99584 -90.355458 0.0 0.4
35.995731 -90.365859 0.0 0.4
35.995745 -90.37790000000001 0.0 0.4
36.004534 -90.371673 0.0 0.4
36.012657 -90.36524999999999 0.0 0.4
36.019146 -90.35733599999999 0.0 0.4
36.027266999999995 -90.351406 0.0 0.4
36.03698 -90.348693 0.0 0.4
36.045463 -90.34298299999999 0.0 0.4
36.053948999999996 -90.3373 0.0 0.4
36.063666 -90.334836 0.0 0.4
36.069638 -90.326495 0.0 0.4
36.075610999999995 -90.31837999999999 0.0 0.4
36.085688999999995 -90.319369 0.0 0.4
36.093874 -90.31306099999999 0.0 0.4
36.096551 -90.303313 0.0 0.4
36.105002999999996 -90.29780799999999 0.0 0.4
36.114132999999995 -90.29352899999999 0.0 0.4
36.11605 -90.283678 0.0 0.4
36.116755999999995 -90.273247 0.0 0.4
36.122326 -90.264821 0.0 0.4
36.127097 -90.255955 0.0 0.4
36.132636999999995 -90.247542 0.0 0.4
36.138504 -90.239425 0.0 0.4
36.145714 -90.23244299999999 0.0 0.4
36.15574 -90.233037 0.0 0.4
36.165886 -90.230907 0.0 0.4
36.175044 -90.226822 0.0 0.4
36.183378 -90.22116799999999 0.0 0.4
36.183189999999996 -90.211158 0.0 0.4
36.190262 -90.20376999999999 0.0 0.4
36.196734 -90.19612099999999 0.0 0.4
36.20364 -90.18876399999999 0.0 0.4
36.208203 -90.179631 0.0 0.4
36.212244999999996 -90.170367 0.0 0.4
36.215572 -90.160844 0.0 0.4
36.219041 -90.15127299999999 0.0 0.4
36.225854999999996 -90.143812 0.0 0.4
36.226515 -90.133803 0.0 0.4
36.233325 -90.126353 0.0 0.4
36.242681 -90.130335 0.0 0.4
36.249145 -90.122524 0.0 0.4
36.258083 -90.117874 0.0 0.4
36.266321999999995 -90.111604 0.0 0.4
36.26904 -90.100991 0.0 0.4
36.271237 -90.091025 0.0 0.4
36.275341999999995 -90.081853 0.0 0.4
36.2842 -90.07713199999999 0.0 0.4
36.292964999999995 -90.072155 0.0 0.4
36.300851 -90.065935 0.0 0.4
36.310625 -90.068355 0.0 0.4
36.31823 -90.07512899999999 0.0 0.4
36.325759999999995 -90.0819 0.0 0.4
36.333861999999996 -90.075642 0.0 0.4
36.344071 -90.074339 0.0 0.4
36.353853 -90.072197 0.0 0.4
36.362232 -90.066586 0.0 0.4
36.37188 -90.06361199999999 0.0 0.4
36.381949999999996 -90.064561 0.0 0.4
36.390474 -90.06979299999999 0.0 0.4
36.396370999999995 -90.078178 0.0 0.4
36.402094 -90.086427 0.0 0.4
36.403366999999996 -90.096535 0.0 0.4
36.404376 -90.106768 0.0 0.4
36.408325999999995 -90.11632999999999 0.0 0.4
36.41106 -90.12632599999999 0.0 0.4
36.41328 -90.13686799999999 0.0 0.4
36.423091 -90.13482499999999 0.0 0.4
36.426838 -90.144114 0.0 0.4
36.435277 -90.138637 0.0 0.4
36.444991 -90.13590699999999 0.0 0.4
36.455041 -90.13693699999999 0.0 0.4
36.464528 -90.14035 0.0 0.4
36.465464 -90.150499 0.0 0.4
36.471399 -90.142392 0.0 0.4
36.476867 -90.150838 0.0 0.4
36.484476 -90.15741299999999 0.0 0.4
36.494191 -90.160077 0.0 0.4
36.497898 -90.173873 0.0 0.4
36.49791 -90.193981 0.0 0.4
36.49791 -90.204458 0.0 0.4
36.497848999999995 -90.215974 0.0 0.4
36.497865999999995 -90.229025 0.0 0.4
36.497825999999996 -90.239092 0.0 0.4
36.497800000000005 -90.249342 0.0 0.4
36.497896 -90.26549399999999 0.0 0.4
36.497935 -90.27786599999999 0.0 0.4
36.497965 -90.29404099999999 0.0 0.4
36.49798 -90.30517499999999 0.0 0.4
36.49809 -90.31664599999999 0.0 0.4
36.498127 -90.33133099999999 0.0 0.4
36.498066 -90.35578799999999 0.0 0.4
36.498107999999995 -90.370796 0.0 0.4
36.498056999999996 -90.385128 0.0 0.4
36.498094 -90.40452599999999 0.0 0.4
36.498154 -90.41981799999999 0.0 0.4
36.498227 -90.43021999999999 0.0 0.4
36.498328 -90.441047 0.0 0.4
36.498419999999996 -90.45541999999999 0.0 0.4
36.49843 -90.467185 0.0 0.4
36.498511 -90.479947 0.0 0.4
36.498353 -90.49421699999999 0.0 0.4
36.498466 -90.504297 0.0 0.4
36.498466 -90.516549 0.0 0.4
36.498467999999995 -90.52784 0.0 0.4
36.498509999999996 -90.539493 0.0 0.4
36.498515 -90.55245699999999 0.0 0.4
36.498574999999995 -90.56649 0.0 0.4
36.498568999999996 -90.577731 0.0 0.4
36.498494 -90.58985799999999 0.0 0.4
36.498528 -90.609201 0.0 0.4
36.498492 -90.621089 0.0 0.4
36.498478999999996 -90.63927 0.0 0.4
36.498647 -90.659143 0.0 0.4
36.498568 -90.67521599999999 0.0 0.4
36.498241 -90.693005 0.0 0.4
36.498374999999996 -90.708996 0.0 0.4
36.498472 -90.719944 0.0 0.4
36.498564 -90.741598 0.0 0.4
36.498559 -90.752473 0.0 0.4
36.498545 -90.76558 0.0 0.4
36.498613 -90.77624899999999 0.0 0.4
36.498585 -90.786479 0.0 0.4
36.498605999999995 -90.801232 0.0 0.4
36.498802 -90.81130399999999 0.0 0.4
36.498681 -90.833247 0.0 0.4
36.498495999999996 -90.850518 0.0 0.4
36.498383 -90.863688 0.0 0.4
36.498284999999996 -90.874972 0.0 0.4
36.498224 -90.888418 0.0 0.4
36.498337 -90.905112 0.0 0.4
36.498405999999996 -90.916404 0.0 0.4
36.498455 -90.927635 0.0 0.4
36.498443 -90.93786999999999 0.0 0.4
36.498422999999995 -90.94838399999999 0.0 0.4
36.498388999999996 -90.959014 0.0 0.4
36.498349 -90.971986 0.0 0.4
36.498314 -90.987388 0.0 0.4
36.49831 -90.99912499999999 0.0 0.4
36.498225 -91.01171699999999 0.0 0.4
36.498176 -91.02399799999999 0.0 0.4
36.498129999999996 -91.03733299999999 0.0 0.4
36.498064 -91.04986 0.0 0.4
36.497975 -91.06368499999999 0.0 0.4
36.497906 -91.073735 0.0 0.4
36.497873 -91.085467 0.0 0.4
36.497836 -91.09573999999999 0.0 0.4
36.497779 -91.10923199999999 0.0 0.4
36.497665 -91.126522 0.0 0.4
36.497671 -91.140883 0.0 0.4
36.497572 -91.16259 0.0 0.4
36.497544999999995 -91.172629 0.0 0.4
36.497524 -91.188594 0.0 0.4
36.497462 -91.19993099999999 0.0 0.4
36.497501 -91.21741999999999 0.0 0.4
36.497527 -91.22748899999999 0.0 0.4
36.497507999999996 -91.247952 0.0 0.4
36.497459 -91.26079899999999 0.0 0.4
36.497409999999995 -91.270926 0.0 0.4
36.497347999999995 -91.29066999999999 0.0 0.4
36.497403 -91.30230399999999 0.0 0.4
36.497378 -91.32440299999999 0.0 0.4
36.497293 -91.338999 0.0 0.4
36.497253 -91.358621 0.0 0.4
36.49724 -91.37335499999999 0.0 0.4
36.497124 -91.39787 0.0 0.4
36.497142 -91.408005 0.0 0.4
36.497174 -91.418598 0.0 0.4
36.497319 -91.42915699999999 0.0 0.4
36.497527 -91.44114499999999 0.0 0.4
36.497997999999995 -91.463504 0.0 0.4
36.498279 -91.47531599999999 0.0 0.4
36.49861 -91.49105399999999 0.0 0.4
36.49877 -91.505637 0.0 0.4
36.499034 -91.527433 0.0 0.4
36.499153 -91.539206 0.0 0.4
36.499182999999995 -91.550163 0.0 0.4
36.499235 -91.561523 0.0 0.4
36.499289 -91.57995 0.0 0.4
36.499294 -91.590271 0.0 0.4
36.499348 -91.601278 0.0 0.4
36.499325999999996 -91.612751 0.0 0.4
36.49928 -91.625103 0.0 0.4
36.499352 -91.63660399999999 0.0 0.4
36.499373 -91.651606 0.0 0.4
36.499384 -91.66314299999999 0.0 0.4
36.499407 -91.68536499999999 0.0 0.4
36.499409 -91.698112 0.0 0.4
36.499406 -91.708469 0.0 0.4
36.499410999999995 -91.719777 0.0 0.4
36.499398 -91.733717 0.0 0.4
36.499272 -91.74413 0.0 0.4
36.499207999999996 -91.75927 0.0 0.4
36.499158 -91.771912 0.0 0.4
36.499126 -91.796842 0.0 0.4
36.499054 -91.80687999999999 0.0 0.4
36.498953 -91.81910099999999 0.0 0.4
36.498926 -91.830469 0.0 0.4
36.498908 -91.840959 0.0 0.4
36.498891 -91.854998 0.0 0.4
36.498905 -91.866001 0.0 0.4
36.498885 -91.879235 0.0 0.4
36.498855 -91.900283 0.0 0.4
36.49885 -91.911289 0.0 0.4
36.498782 -91.92576199999999 0.0 0.4
36.498689 -91.93640599999999 0.0 0.4
36.498595 -91.94847399999999 0.0 0.4
36.498484999999995 -91.972612 0.0 0.4
36.498449 -91.985754 0.0 0.4
36.498418 -91.99795999999999 0.0 0.4
36.498489 -92.01141 0.0 0.4
36.498374999999996 -92.021473 0.0 0.4
36.49854 -92.03458599999999 0.0 0.4
36.498559 -92.04617999999999 0.0 0.4
36.498582 -92.056574 0.0 0.4
36.498661 -92.071911 0.0 0.4
36.498722 -92.085368 0.0 0.4
36.498748 -92.095711 0.0 0.4
36.49881 -92.1117 0.0 0.4
36.498711 -92.12735699999999 0.0 0.4
36.498683 -92.13757199999999 0.0 0.4
36.498663 -92.15003399999999 0.0 0.4
36.498677 -92.162313 0.0 0.4
36.498539 -92.176226 0.0 0.4
36.498447 -92.18627599999999 0.0 0.4
36.498374999999996 -92.199277 0.0 0.4
36.498365 -92.211395 0.0 0.4
36.498312 -92.22320099999999 0.0 0.4
36.498225 -92.23484099999999 0.0 0.4
36.498199 -92.246645 0.0 0.4
36.498070999999996 -92.25723099999999 0.0 0.4
36.497988 -92.27849599999999 0.0 0.4
36.497793 -92.290258 0.0 0.4
36.497717 -92.301468 0.0 0.4
36.497647 -92.313908 0.0 0.4
36.497634999999995 -92.32430099999999 0.0 0.4
36.497611 -92.334886 0.0 0.4
36.497645999999996 -92.350213 0.0 0.4
36.497355 -92.36107799999999 0.0 0.4
36.497302 -92.374737 0.0 0.4
36.497845 -92.38492699999999 0.0 0.4
36.497867 -92.396632 0.0 0.4
36.497887 -92.40737999999999 0.0 0.4
36.49791 -92.418678 0.0 0.4
36.498239999999996 -92.432119 0.0 0.4
36.498518 -92.445709 0.0 0.4
36.498653999999995 -92.457121 0.0 0.4
36.498762 -92.470416 0.0 0.4
36.498719 -92.481504 0.0 0.4
36.498664 -92.49161199999999 0.0 0.4
36.498609 -92.50197899999999 0.0 0.4
36.498598 -92.513544 0.0 0.4
36.498562 -92.52484799999999 0.0 0.4
36.498424 -92.55032899999999 0.0 0.4
36.498241 -92.564223 0.0 0.4
36.498256999999995 -92.57610199999999 0.0 0.4
36.498193 -92.59250999999999 0.0 0.4
36.498183 -92.604839 0.0 0.4
36.498145 -92.615742 0.0 0.4
36.498155 -92.63062599999999 0.0 0.4
36.498152 -92.643412 0.0 0.4
36.498092 -92.65466699999999 0.0 0.4
36.498045 -92.667739 0.0 0.4
36.498018 -92.678383 0.0 0.4
36.498000999999995 -92.689398 0.0 0.4
36.497971 -92.703666 0.0 0.4
36.497921 -92.717225 0.0 0.4
36.49787 -92.729839 0.0 0.4
36.497848 -92.745404 0.0 0.4
36.497842999999996 -92.75608299999999 0.0 0.4
36.497839 -92.772339 0.0 0.4
36.497848999999995 -92.78398399999999 0.0 0.4
36.497858 -92.794364 0.0 0.4
36.497856999999996 -92.807417 0.0 0.4
36.497842999999996 -92.81747399999999 0.0 0.4
36.497859 -92.831509 0.0 0.4
36.497865 -92.84985999999999 0.0 0.4
36.497862 -92.86071299999999 0.0 0.4
36.497845999999996 -92.872027 0.0 0.4
36.497898 -92.88243299999999 0.0 0.4
36.497885 -92.892676 0.0 0.4
36.497872 -92.90805999999999 0.0 0.4
36.4979 -92.929161 0.0 0.4
36.497909 -92.939213 0.0 0.4
36.497948 -92.96057499999999 0.0 0.4
36.497955 -92.97622799999999 0.0 0.4
36.498034 -92.987973 0.0 0.4
36.498159 -93.00819399999999 0.0 0.4
36.498248 -93.029377 0.0 0.4
36.498219 -93.06582 0.0 0.4
36.498062 -93.075987 0.0 0.4
36.498034 -93.08623399999999 0.0 0.4
36.498107 -93.09697 0.0 0.4
36.498078 -93.107417 0.0 0.4
36.498000000000005 -93.11788899999999 0.0 0.4
36.497853 -93.13747099999999 0.0 0.4
36.497910999999995 -93.150318 0.0 0.4
36.497941 -93.166074 0.0 0.4
36.49796 -93.180386 0.0 0.4
36.49799 -93.192448 0.0 0.4
36.498067999999996 -93.20323499999999 0.0 0.4
36.498155 -93.221353 0.0 0.4
36.498245 -93.236616 0.0 0.4
36.498306 -93.24739199999999 0.0 0.4
36.498388 -93.26164 0.0 0.4
36.498422999999995 -93.28294799999999 0.0 0.4
36.498433 -93.293174 0.0 0.4
36.498435 -93.307841 0.0 0.4
36.49845 -93.319676 0.0 0.4
36.498447999999996 -93.329802 0.0 0.4
36.498449 -93.340829 0.0 0.4
36.498450999999996 -93.35162 0.0 0.4
36.498498999999995 -93.36219799999999 0.0 0.4
36.49854 -93.384272 0.0 0.4
36.49865 -93.39472699999999 0.0 0.4
36.498774 -93.404945 0.0 0.4
36.498832 -93.415003 0.0 0.4
36.498926 -93.42645 0.0 0.4
36.498844999999996 -93.438043 0.0 0.4
36.498847999999995 -93.448585 0.0 0.4
36.498874 -93.46400899999999 0.0 0.4
36.498927 -93.47475899999999 0.0 0.4
36.498937999999995 -93.48923599999999 0.0 0.4
36.499085 -93.50094 0.0 0.4
36.499196 -93.511634 0.0 0.4
36.499215 -93.527391 0.0 0.4
36.499278 -93.539735 0.0 0.4
36.499289 -93.550207 0.0 0.4
36.499190999999996 -93.573647 0.0 0.4
36.499165999999995 -93.583989 0.0 0.4
36.499128999999996 -93.597792 0.0 0.4
36.499122 -93.609968 0.0 0.4
36.499092 -93.620657 0.0 0.4
36.499057 -93.633952 0.0 0.4
36.499098 -93.646048 0.0 0.4
36.499122 -93.658858 0.0 0.4
36.499122 -93.67073599999999 0.0 0.4
36.499127 -93.681789 0.0 0.4
36.499127 -93.69411 0.0 0.4
36.499176 -93.707546 0.0 0.4
36.499224 -93.71769499999999 0.0 0.4
36.499232 -93.72775899999999 0.0 0.4
36.499143 -93.74288399999999 0.0 0.4
36.49904 -93.75371899999999 0.0 0.4
36.498968 -93.770411 0.0 0.4
36.498979 -93.78974 0.0 0.4
36.498977 -93.80127399999999 0.0 0.4
36.498933 -93.81294199999999 0.0 0.4
36.498874 -93.8288 0.0 0.4
36.498824 -93.84203099999999 0.0 0.4
36.498768999999996 -93.857198 0.0 0.4
36.499095 -93.867874 0.0 0.4
36.499083999999996 -93.878744 0.0 0.4
36.4989 -93.89958899999999 0.0 0.4
36.498934999999996 -93.913851 0.0 0.4
36.498943 -93.92445699999999 0.0 0.4
36.498940999999995 -93.93585499999999 0.0 0.4
36.498931 -93.946452 0.0 0.4
36.498858999999996 -93.959383 0.0 0.4
36.498839 -93.97152299999999 0.0 0.4
36.498819 -93.982799 0.0 0.4
36.498821 -93.996042 0.0 0.4
36.498821 -94.01432299999999 0.0 0.4
36.498798 -94.024362 0.0 0.4
36.49877 -94.03660699999999 0.0 0.4
36.498709999999996 -94.060338 0.0 0.4
36.498678999999996 -94.073371 0.0 0.4
36.498641 -94.085686 0.0 0.4
36.498675999999996 -94.09858799999999 0.0 0.4
36.498708 -94.10878 0.0 0.4
36.498689999999996 -94.125204 0.0 0.4
36.498647999999996 -94.141801 0.0 0.4
36.498712999999995 -94.155858 0.0 0.4
36.498781 -94.173238 0.0 0.4
36.498809 -94.184114 0.0 0.4
36.498847999999995 -94.196011 0.0 0.4
36.498939 -94.21009 0.0 0.4
36.499002 -94.220323 0.0 0.4
36.499128999999996 -94.236508 0.0 0.4
36.499223 -94.246867 0.0 0.4
36.499323 -94.25713499999999 0.0 0.4
36.499176 -94.267988 0.0 0.4
36.499271 -94.278097 0.0 0.4
36.499292 -94.289137 0.0 0.4
36.499342 -94.303586 0.0 0.4
36.499387999999996 -94.315518 0.0 0.4
36.499443 -94.327429 0.0 0.4
36.499485 -94.338954 0.0 0.4
36.499559999999995 -94.35377299999999 0.0 0.4
36.499601999999996 -94.364389 0.0 0.4
36.499618999999996 -94.37441799999999 0.0 0.4
36.499238 -94.38676699999999 0.0 0.4
36.499387 -94.398519 0.0 0.4
36.499566 -94.408963 0.0 0.4
36.499451 -94.420261 0.0 0.4
36.499373999999996 -94.43115 0.0 0.4
36.499469 -94.44115699999999 0.0 0.4
36.499393999999995 -94.452558 0.0 0.4
36.499327 -94.46269199999999 0.0 0.4
36.499252999999996 -94.47371799999999 0.0 0.4
36.498993999999996 -94.493229 0.0 0.4
36.499106 -94.50592999999999 0.0 0.4
36.49919 -94.516407 0.0 0.4
36.499295 -94.52681299999999 0.0 0.4
36.49934 -94.537061 0.0 0.4
36.499382 -94.547547 0.0 0.4
36.49942 -94.55760099999999 0.0 0.4
36.499474 -94.594269 0.0 0.4
36.49949 -94.605307 0.0 0.4
36.499524 -94.615871 0.0 0.4
36.509389 -94.617831 0.0 0.4
36.523254 -94.61790599999999 0.0 0.4
36.533678 -94.617919 0.0 0.4
36.544833 -94.617909 0.0 0.4
36.555839 -94.617926 0.0 0.4
36.566008 -94.617916 0.0 0.4
36.57608 -94.617914 0.0 0.4
36.586666 -94.617858 0.0 0.4
36.596785 -94.617851 0.0 0.4
36.606826999999996 -94.61782099999999 0.0 0.4
36.618046 -94.617699 0.0 0.4
36.631892 -94.61781099999999 0.0 0.4
36.642918 -94.617908 0.0 0.4
36.65304 -94.617997 0.0 0.4
36.664657 -94.61805299999999 0.0 0.4
36.67489 -94.61806399999999 0.0 0.4
36.685874 -94.618113 0.0 0.4
36.69672 -94.618178 0.0 0.4
36.707512 -94.618152 0.0 0.4
36.719132 -94.6182 0.0 0.4
36.731923 -94.61824999999999 0.0 0.4
36.750068999999996 -94.618465 0.0 0.4
36.76369 -94.618329 0.0 0.4
36.777279 -94.618219 0.0 0.4
36.795348 -94.618338 0.0 0.4
36.816277 -94.618471 0.0 0.4
36.831626 -94.61834999999999 0.0 0.4
36.843745999999996 -94.61837299999999 0.0 0.4
36.854583999999996 -94.61838 0.0 0.4
36.864782 -94.618327 0.0 0.4
36.878841 -94.61845199999999 0.0 0.4
36.893642 -94.618326 0.0 0.4
36.904025 -94.618032 0.0 0.4
36.914401 -94.618048 0.0 0.4
36.926131 -94.61794599999999 0.0 0.4
36.937039 -94.61798399999999 0.0 0.4
36.949128 -94.61809799999999 0.0 0.4
36.959537 -94.618027 0.0 0.4
36.970349999999996 -94.618231 0.0 0.4
36.980509999999995 -94.61815999999999 0.0 0.4
36.991589999999995 -94.617972 0.0 0.4
37.001892 -94.617954 0.0 0.4
37.012144 -94.617947 0.0 0.4
37.030926 -94.618014 0.0 0.4
37.042707 -94.617992 0.0 0.4
37.053328 -94.617903 0.0 0.4
37.063421 -94.617859 0.0 0.4
37.074362 -94.617922 0.0 0.4
37.085004999999995 -94.61793999999999 0.0 0.4
37.096198 -94.61796 0.0 0.4
37.107957 -94.61803499999999 0.0 0.4
37.11893 -94.618167 0.0 0.4
37.129639999999995 -94.617978 0.0 0.4
37.141545 -94.617994 0.0 0.4
37.151651 -94.618229 0.0 0.4
37.163475 -94.618257 0.0 0.4
37.173511999999995 -94.618228 0.0 0.4
37.183946999999996 -94.618308 0.0 0.4
37.194469999999995 -94.618313 0.0 0.4
37.204688999999995 -94.618203 0.0 0.4
37.216829 -94.618134 0.0 0.4
37.227185999999996 -94.61815999999999 0.0 0.4
37.237193999999995 -94.61814799999999 0.0 0.4
37.24725 -94.61807499999999 0.0 0.4
37.257363999999995 -94.618051 0.0 0.4
37.267969 -94.618033 0.0 0.4
37.278589 -94.617981 0.0 0.4
37.288675999999995 -94.617961 0.0 0.4
37.300430999999996 -94.617886 0.0 0.4
37.312256999999995 -94.617869 0.0 0.4
37.322900000000004 -94.617815 0.0 0.4
37.333214 -94.617678 0.0 0.4
37.34357 -94.617663 0.0 0.4
37.355243 -94.61759599999999 0.0 0.4
37.366496 -94.61755 0.0 0.4
37.376546999999995 -94.617521 0.0 0.4
37.387114 -94.617492 0.0 0.4
37.399797 -94.6175 0.0 0.4
37.410649 -94.61741599999999 0.0 0.4
37.420665 -94.617323 0.0 0.4
37.430913 -94.617218 0.0 0.4
37.44122 -94.61726499999999 0.0 0.4
37.451628 -94.617105 0.0 0.4
37.464951 -94.617183 0.0 0.4
37.476894 -94.617094 0.0 0.4
37.487432 -94.61688699999999 0.0 0.4
37.49979 -94.61672899999999 0.0 0.4
37.510552 -94.61673599999999 0.0 0.4
37.521609 -94.616862 0.0 0.4
37.532289999999996 -94.616963 0.0 0.4
37.542654999999996 -94.61706 0.0 0.4
37.553484999999995 -94.617182 0.0 0.4
37.564976 -94.617098 0.0 0.4
37.575265 -94.617147 0.0 0.4
37.586529999999996 -94.617386 0.0 0.4
37.606349 -94.617414 0.0 0.4
37.616983 -94.61743399999999 0.0 0.4
37.628045 -94.61762399999999 0.0 0.4
37.639314 -94.617593 0.0 0.4
37.649491999999995 -94.61766 0.0 0.4
37.660266 -94.617763 0.0 0.4
37.670331999999995 -94.617803 0.0 0.4
37.680602 -94.617848 0.0 0.4
37.691217 -94.61787299999999 0.0 0.4
37.70202 -94.617885 0.0 0.4
37.714376 -94.617886 0.0 0.4
37.72539 -94.617864 0.0 0.4
37.73654 -94.61778199999999 0.0 0.4
37.747256 -94.617727 0.0 0.4
37.758441 -94.617673 0.0 0.4
37.769041 -94.617621 0.0 0.4
37.780656 -94.61756899999999 0.0 0.4
37.792525 -94.617364 0.0 0.4
37.802946 -94.617171 0.0 0.4
37.813677 -94.617018 0.0 0.4
37.828196999999996 -94.616663 0.0 0.4
37.839383999999995 -94.616355 0.0 0.4
37.849880999999996 -94.616315 0.0 0.4
37.862676 -94.616011 0.0 0.4
37.872704999999996 -94.61583399999999 0.0 0.4
37.883114 -94.615718 0.0 0.4
37.896212999999996 -94.61547999999999 0.0 0.4
37.906273999999996 -94.615172 0.0 0.4
37.922174999999996 -94.615043 0.0 0.4
37.934200000000004 -94.614778 0.0 0.4
37.944362 -94.614612 0.0 0.4
37.956409 -94.61454599999999 0.0 0.4
37.968761 -94.614544 0.0 0.4
37.979003999999996 -94.61416 0.0 0.4
37.989227 -94.614145 0.0 0.4
38.002375 -94.614014 0.0 0.4
38.01321 -94.614012 0.0 0.4
38.02398 -94.61402299999999 0.0 0.4
38.033985 -94.614072 0.0 0.4
38.045072999999995 -94.614094 0.0 0.4
38.055645 -94.614055 0.0 0.4
38.065691 -94.61408899999999 0.0 0.4
38.080951 -94.61389899999999 0.0 0.4
38.09233 -94.613902 0.0 0.4
38.10371 -94.61376 0.0 0.4
38.114441 -94.61375699999999 0.0 0.4
38.124517 -94.613805 0.0 0.4
38.138037 -94.613689 0.0 0.4
38.148382999999995 -94.61362799999999 0.0 0.4
38.160623 -94.613462 0.0 0.4
38.172221 -94.61332499999999 0.0 0.4
38.182486 -94.61312 0.0 0.4
38.192730999999995 -94.61287899999999 0.0 0.4
38.202949 -94.612893 0.0 0.4
38.213946 -94.61255 0.0 0.4
38.223956 -94.61246299999999 0.0 0.4
38.234607 -94.612532 0.0 0.4
38.24999 -94.612568 0.0 0.4
38.261285 -94.61264399999999 0.0 0.4
38.271415999999995 -94.612678 0.0 0.4
38.281483 -94.61268899999999 0.0 0.4
38.296856999999996 -94.61268799999999 0.0 0.4
38.310280999999996 -94.612707 0.0 0.4
38.324387 -94.612825 0.0 0.4
38.3357 -94.612971 0.0 0.4
38.349862 -94.6131 0.0 0.4
38.360855 -94.613233 0.0 0.4
38.375505 -94.61323999999999 0.0 0.4
38.388718 -94.613232 0.0 0.4
38.399877 -94.613332 0.0 0.4
38.411300000000004 -94.613377 0.0 0.4
38.422655999999996 -94.613402 0.0 0.4
38.432831 -94.613344 0.0 0.4
38.443504999999995 -94.613258 0.0 0.4
38.453947 -94.613371 0.0 0.4
38.464451 -94.613231 0.0 0.4
38.474837 -94.613033 0.0 0.4
38.489163999999995 -94.61275499999999 0.0 0.4
38.500014 -94.612433 0.0 0.4
38.518761 -94.612331 0.0 0.4
38.532717 -94.612303 0.0 0.4
38.546596 -94.612274 0.0 0.4
38.564302999999995 -94.612167 0.0 0.4
38.576482999999996 -94.611852 0.0 0.4
38.588538 -94.61189 0.0 0.4
38.601628 -94.611902 0.0 0.4
38.612322999999996 -94.611711 0.0 0.4
38.625006 -94.611466 0.0 0.4
38.63505 -94.6113 0.0 0.4
38.645717999999995 -94.611042 0.0 0.4
38.656025 -94.610866 0.0 0.4
38.666063 -94.61067399999999 0.0 0.4
38.676396 -94.610495 0.0 0.4
38.686586 -94.610259 0.0 0.4
38.697272 -94.61004 0.0 0.4
38.707315 -94.609808 0.0 0.4
38.718202 -94.609578 0.0 0.4
38.728609 -94.60939599999999 0.0 0.4
38.738645 -94.609099 0.0 0.4
38.748709 -94.608941 0.0 0.4
38.758863 -94.60874799999999 0.0 0.4
38.769106 -94.60857999999999 0.0 0.4
38.780688 -94.608471 0.0 0.4
38.790892 -94.60837 0.0 0.4
38.801426 -94.608254 0.0 0.4
38.815489 -94.607924 0.0 0.4
38.82564 -94.607677 0.0 0.4
38.838068 -94.60784199999999 0.0 0.4
