34.120090999999995 -90.956901 0.0 0.4
34.130514 -90.961044 0.0 0.4
34.138563999999995 -90.95429399999999 0.0 0.4
34.146374 -90.941024 0.0 0.4
34.152636 -90.929507 0.0 0.4
34.157858 -90.919787 0.0 0.4
34.165510999999995 -90.90995699999999 0.0 0.4
34.162966 -90.899833 0.0 0.4
34.157387 -90.890093 0.0 0.4
34.150911 -90.881984 0.0 0.4
34.145351 -90.872123 0.0 0.4
34.139787 -90.862258 0.0 0.4
34.137377 -90.852122 0.0 0.4
34.137188 -90.841983 0.0 0.4
34.13928 -90.831884 0.0 0.4
34.144054 -90.822593 0.0 0.4
34.151854 -90.814084 0.0 0.4
34.160129999999995 -90.80845699999999 0.0 0.4
34.171586999999995 -90.807654 0.0 0.4
34.180983 -90.812561 0.0 0.4
34.184256 -90.823212 0.0 0.4
34.18419 -90.833879 0.0 0.4
34.185159999999996 -90.844762 0.0 0.4
34.186689 -90.85673299999999 0.0 0.4
34.183203999999996 -90.867722 0.0 0.4
34.185618 -90.87745199999999 0.0 0.4
34.183065 -90.88909799999999 0.0 0.4
34.189662999999996 -90.902833 0.0 0.4
34.195726 -90.914425 0.0 0.4
34.203526 -90.922298 0.0 0.4
34.212586 -90.93029299999999 0.0 0.4
34.224548 -90.93641 0.0 0.4
34.237846999999995 -90.935548 0.0 0.4
34.246535 -90.922922 0.0 0.4
34.245753 -90.91163499999999 0.0 0.4
34.238377 -90.90323699999999 0.0 0.4
34.228952 -90.899581 0.0 0.4
34.220056 -90.88741 0.0 0.4
34.214389 -90.876796 0.0 0.4
34.212057 -90.866303 0.0 0.4
34.210903 -90.855684 0.0 0.4
34.207573 -90.84586399999999 0.0 0.4
34.216156 -90.839494 0.0 0.4
34.226155999999996 -90.839686 0.0 0.4
34.236622 -90.840538 0.0 0.4
34.247611 -90.838438 0.0 0.4
34.258635 -90.83501199999999 0.0 0.4
34.270272 -90.834153 0.0 0.4
34.279893 -90.825763 0.0 0.4
34.279514 -90.812219 0.0 0.4
34.277212 -90.802146 0.0 0.4
34.273441 -90.789188 0.0 0.4
34.270739 -90.778469 0.0 0.4
34.269515999999996 -90.768335 0.0 0.4
34.271983 -90.757643 0.0 0.4
34.279765 -90.746684 0.0 0.4
34.289279 -90.738025 0.0 0.4
34.299662 -90.735309 0.0 0.4
34.310687 -90.735873 0.0 0.4
34.320035 -90.74176299999999 0.0 0.4
34.331185 -90.751863 0.0 0.4
34.339148 -90.76144 0.0 0.4
34.347781999999995 -90.76869099999999 0.0 0.4
34.358433 -90.76923099999999 0.0 0.4
34.366147 -90.760409 0.0 0.4
34.368148 -90.749641 0.0 0.4
34.363999 -90.733685 0.0 0.4
34.360805 -90.72053299999999 0.0 0.4
34.360943 -90.71002899999999 0.0 0.4
34.363780999999996 -90.69725 0.0 0.4
34.367919 -90.68713 0.0 0.4
34.371381 -90.676859 0.0 0.4
34.361436 -90.678609 0.0 0.4
34.345774999999996 -90.686391 0.0 0.4
34.336881 -90.69193299999999 0.0 0.4
34.323997999999996 -90.693241 0.0 0.4
34.315771 -90.686003 0.0 0.4
34.313088 -90.669343 0.0 0.4
34.318605999999996 -90.65955 0.0 0.4
34.328714999999995 -90.65893 0.0 0.4
34.343961 -90.664536 0.0 0.4
34.353774 -90.666859 0.0 0.4
34.365533 -90.65986699999999 0.0 0.4
34.375704999999996 -90.65854 0.0 0.4
34.383098 -90.651012 0.0 0.4
34.388391999999996 -90.642001 0.0 0.4
34.390082 -90.63080699999999 0.0 0.4
34.389472999999995 -90.61970699999999 0.0 0.4
34.391586 -90.609597 0.0 0.4
34.398187 -90.59801399999999 0.0 0.4
34.409172 -90.586232 0.0 0.4
34.422734999999996 -90.57974399999999 0.0 0.4
34.433254999999996 -90.577894 0.0 0.4
34.443013 -90.583598 0.0 0.4
34.453342 -90.586959 0.0 0.4
34.465894 -90.590036 0.0 0.4
34.477322 -90.593104 0.0 0.4
34.487930999999996 -90.593293 0.0 0.4
34.498084999999996 -90.58959399999999 0.0 0.4
34.508035 -90.58497299999999 0.0 0.4
34.518035 -90.579324 0.0 0.4
34.523998999999996 -90.56787399999999 0.0 0.4
34.529185999999996 -90.55683599999999 0.0 0.4
34.534558 -90.54801499999999 0.0 0.4
34.544512 -90.54124999999999 0.0 0.4
34.555839 -90.53981399999999 0.0 0.4
34.565912 -90.546459 0.0 0.4
34.573496 -90.55377 0.0 0.4
34.581925 -90.562989 0.0 0.4
34.589459999999995 -90.571185 0.0 0.4
34.597834 -90.57794299999999 0.0 0.4
34.606 -90.58375699999999 0.0 0.4
34.614557 -90.589035 0.0 0.4
34.625211 -90.591537 0.0 0.4
34.636452999999996 -90.58882 0.0 0.4
34.646117 -90.585562 0.0 0.4
34.655173999999995 -90.58086399999999 0.0 0.4
34.664121 -90.571986 0.0 0.4
34.674279999999996 -90.567736 0.0 0.4
34.689603 -90.56940399999999 0.0 0.4
34.693891 -90.55977999999999 0.0 0.4
34.690895999999995 -90.550011 0.0 0.4
34.684238 -90.542165 0.0 0.4
34.674129 -90.541843 0.0 0.4
34.666095 -90.548193 0.0 0.4
34.656814 -90.55348599999999 0.0 0.4
34.646857 -90.554913 0.0 0.4
34.636483999999996 -90.551761 0.0 0.4
34.629493 -90.543909 0.0 0.4
34.62739 -90.533277 0.0 0.4
34.628800999999996 -90.523341 0.0 0.4
34.633449 -90.51322499999999 0.0 0.4
34.639207999999996 -90.504894 0.0 0.4
34.646688999999995 -90.497213 0.0 0.4
34.65323 -90.48758 0.0 0.4
34.660523999999995 -90.47880699999999 0.0 0.4
34.667676 -90.470856 0.0 0.4
34.676565 -90.46507199999999 0.0 0.4
34.686433 -90.462835 0.0 0.4
34.696394999999995 -90.464913 0.0 0.4
34.705276999999995 -90.474166 0.0 0.4
34.703579 -90.485686 0.0 0.4
34.701074 -90.49570399999999 0.0 0.4
34.695555 -90.516666 0.0 0.4
34.695834 -90.529562 0.0 0.4
34.698611 -90.53944399999999 0.0 0.4
34.703888 -90.549999 0.0 0.4
34.710833 -90.559444 0.0 0.4
34.712559999999996 -90.570544 0.0 0.4
34.724959 -90.56861099999999 0.0 0.4
34.735 -90.566667 0.0 0.4
34.739292999999996 -90.556432 0.0 0.4
34.738889 -90.54555599999999 0.0 0.4
34.750555 -90.541111 0.0 0.4
34.760559 -90.541356 0.0 0.4
34.770648 -90.545204 0.0 0.4
34.783333 -90.547778 0.0 0.4
34.795833 -90.54083299999999 0.0 0.4
34.800647 -90.530638 0.0 0.4
34.801558 -90.51956799999999 0.0 0.4
34.793712 -90.51126 0.0 0.4
34.784875 -90.50488899999999 0.0 0.4
34.772498999999996 -90.49277699999999 0.0 0.4
34.757568 -90.494148 0.0 0.4
34.751937999999996 -90.503115 0.0 0.4
34.744296999999996 -90.512768 0.0 0.4
34.734135 -90.521464 0.0 0.4
34.723611 -90.508333 0.0 0.4
34.721388 -90.491666 0.0 0.4
34.723887999999995 -90.474999 0.0 0.4
34.727309999999996 -90.46500499999999 0.0 0.4
34.732641 -90.455381 0.0 0.4
34.740103 -90.448168 0.0 0.4
34.75038 -90.449985 0.0 0.4
34.762622 -90.457865 0.0 0.4
34.771473 -90.464287 0.0 0.4
34.780536999999995 -90.47019 0.0 0.4
34.790876 -90.47560399999999 0.0 0.4
34.801367 -90.475858 0.0 0.4
34.811236 -90.470568 0.0 0.4
34.81755 -90.46246099999999 0.0 0.4
34.827267 -90.45915099999999 0.0 0.4
34.835958999999995 -90.464585 0.0 0.4
34.844166 -90.470394 0.0 0.4
34.852651 -90.47704 0.0 0.4
34.860459999999996 -90.483498 0.0 0.4
34.872851 -90.48468899999999 0.0 0.4
34.882234 -90.480414 0.0 0.4
34.888079999999995 -90.47214699999999 0.0 0.4
34.891707 -90.462761 0.0 0.4
34.890471 -90.452029 0.0 0.4
34.886756999999996 -90.44236099999999 0.0 0.4
34.879844 -90.43502 0.0 0.4
34.871005 -90.43004599999999 0.0 0.4
34.860845999999995 -90.43239299999999 0.0 0.4
34.852909 -90.43876499999999 0.0 0.4
34.844524 -90.444971 0.0 0.4
34.830245 -90.44246299999999 0.0 0.4
34.826077 -90.432108 0.0 0.4
34.826028 -90.421571 0.0 0.4
34.826558999999996 -90.407946 0.0 0.4
34.828624 -90.395809 0.0 0.4
34.832453 -90.385171 0.0 0.4
34.836715 -90.37477899999999 0.0 0.4
34.842765 -90.362258 0.0 0.4
34.850666 -90.349976 0.0 0.4
34.856615999999995 -90.340814 0.0 0.4
34.851864 -90.33158399999999 0.0 0.4
34.846348 -90.322923 0.0 0.4
34.844097999999995 -90.31298799999999 0.0 0.4
34.850086 -90.30423499999999 0.0 0.4
34.860586999999995 -90.30456099999999 0.0 0.4
34.863788 -90.314368 0.0 0.4
34.873801 -90.311904 0.0 0.4
34.878871 -90.301785 0.0 0.4
34.882576 -90.291851 0.0 0.4
34.884837 -90.279992 0.0 0.4
34.887859999999996 -90.268821 0.0 0.4
34.893384999999995 -90.257858 0.0 0.4
34.900143 -90.24906999999999 0.0 0.4
34.9091 -90.243208 0.0 0.4
34.919033 -90.241334 0.0 0.4
34.929643 -90.241804 0.0 0.4
34.940115999999996 -90.243005 0.0 0.4
34.949707 -90.247271 0.0 0.4
34.953139 -90.257215 0.0 0.4
34.957383 -90.26831399999999 0.0 0.4
34.965612 -90.28109099999999 0.0 0.4
34.972681 -90.290506 0.0 0.4
34.979634 -90.299404 0.0 0.4
34.988718999999996 -90.30573199999999 0.0 0.4
34.995540999999996 -90.293621 0.0 0.4
34.995498 -90.273011 0.0 0.4
34.995522 -90.25400599999999 0.0 0.4
34.995542 -90.237724 0.0 0.4
34.995441 -90.226446 0.0 0.4
34.995349 -90.216191 0.0 0.4
34.995221 -90.201887 0.0 0.4
34.995087999999996 -90.187073 0.0 0.4
34.994909 -90.167012 0.0 0.4
34.994805 -90.151258 0.0 0.4
34.994724 -90.13931199999999 0.0 0.4
34.994688 -90.129245 0.0 0.4
34.99471 -90.11712299999999 0.0 0.4
34.994745 -90.103482 0.0 0.4
34.994799 -90.09126599999999 0.0 0.4
34.994881 -90.080052 0.0 0.4
34.994879999999995 -90.067106 0.0 0.4
34.994870999999996 -90.054003 0.0 0.4
34.994963999999996 -90.043036 0.0 0.4
34.994862999999995 -90.031548 0.0 0.4
34.9949 -90.01812799999999 0.0 0.4
34.994963 -90.00756899999999 0.0 0.4
34.995072 -89.992271 0.0 0.4
34.995055 -89.981363 0.0 0.4
34.995011999999996 -89.970449 0.0 0.4
34.994960999999996 -89.95736699999999 0.0 0.4
34.994918999999996 -89.94716299999999 0.0 0.4
34.994876 -89.936754 0.0 0.4
34.994831 -89.92618 0.0 0.4
34.99476 -89.915337 0.0 0.4
34.994686 -89.904905 0.0 0.4
34.994512 -89.894194 0.0 0.4
34.994392 -89.883892 0.0 0.4
34.994293 -89.871797 0.0 0.4
34.994228 -89.85911399999999 0.0 0.4
34.994409 -89.848385 0.0 0.4
34.994468 -89.838199 0.0 0.4
34.994499 -89.827387 0.0 0.4
34.99452 -89.816766 0.0 0.4
34.99455 -89.805435 0.0 0.4
34.994564 -89.795357 0.0 0.4
34.994315 -89.784757 0.0 0.4
34.994665999999995 -89.768413 0.0 0.4
34.994684 -89.75794499999999 0.0 0.4
34.994803 -89.74518599999999 0.0 0.4
34.994809 -89.732062 0.0 0.4
34.995124 -89.72044299999999 0.0 0.4
34.995292 -89.709497 0.0 0.4
34.995163999999995 -89.69523799999999 0.0 0.4
34.995146999999996 -89.68144799999999 0.0 0.4
34.995235 -89.66969 0.0 0.4
34.995294 -89.65376599999999 0.0 0.4
34.995286 -89.64336 0.0 0.4
34.99521 -89.632322 0.0 0.4
34.995208999999996 -89.619394 0.0 0.4
34.995153 -89.60421699999999 0.0 0.4
34.995104 -89.59284099999999 0.0 0.4
34.995064 -89.582658 0.0 0.4
34.995019 -89.571941 0.0 0.4
34.994975 -89.561628 0.0 0.4
34.994878 -89.54989599999999 0.0 0.4
34.99479 -89.538281 0.0 0.4
34.994737 -89.527011 0.0 0.4
34.994631999999996 -89.511136 0.0 0.4
34.994378999999995 -89.5001 0.0 0.4
34.994049 -89.489269 0.0 0.4
34.993928 -89.47632 0.0 0.4
34.993879 -89.466306 0.0 0.4
34.99387 -89.45527899999999 0.0 0.4
34.993778999999996 -89.44409499999999 0.0 0.4
34.993776 -89.431623 0.0 0.4
34.993885999999996 -89.421103 0.0 0.4
34.993933999999996 -89.409159 0.0 0.4
34.993891 -89.390721 0.0 0.4
34.993866 -89.380321 0.0 0.4
34.993902999999996 -89.369846 0.0 0.4
34.993871999999996 -89.35463899999999 0.0 0.4
34.993947999999996 -89.34273499999999 0.0 0.4
34.99406 -89.32883799999999 0.0 0.4
34.994185 -89.315871 0.0 0.4
34.994332 -89.30398199999999 0.0 0.4
34.994415 -89.293707 0.0 0.4
34.99447 -89.28271699999999 0.0 0.4
34.994504 -89.272576 0.0 0.4
34.994526 -89.261398 0.0 0.4
34.994555999999996 -89.250068 0.0 0.4
34.994625 -89.236914 0.0 0.4
34.994648999999995 -89.22631299999999 0.0 0.4
34.994718999999996 -89.216135 0.0 0.4
34.994631 -89.204366 0.0 0.4
34.994412 -89.19424099999999 0.0 0.4
34.994302 -89.184102 0.0 0.4
34.994172999999996 -89.173439 0.0 0.4
34.993988 -89.161014 0.0 0.4
34.994091999999995 -89.15068 0.0 0.4
34.994285999999995 -89.140524 0.0 0.4
34.994561 -89.130517 0.0 0.4
34.994712 -89.115842 0.0 0.4
34.994724999999995 -89.105587 0.0 0.4
34.994738999999996 -89.09095599999999 0.0 0.4
34.994749999999996 -89.08092599999999 0.0 0.4
34.994783 -89.070106 0.0 0.4
34.994803999999995 -89.058495 0.0 0.4
34.994854 -89.04681099999999 0.0 0.4
34.994904 -89.03647 0.0 0.4
34.994963 -89.021962 0.0 0.4
34.994983 -89.009548 0.0 0.4
34.994876 -88.99382 0.0 0.4
34.994924999999995 -88.98287599999999 0.0 0.4
34.994904999999996 -88.97286299999999 0.0 0.4
34.994909 -88.962498 0.0 0.4
34.994951 -88.95006 0.0 0.4
34.994864 -88.935858 0.0 0.4
34.994842 -88.925242 0.0 0.4
34.995312 -88.911108 0.0 0.4
34.995678 -88.900195 0.0 0.4
34.995864999999995 -88.887586 0.0 0.4
34.995549 -88.87736 0.0 0.4
34.995366 -88.865603 0.0 0.4
34.995135999999995 -88.85529799999999 0.0 0.4
34.995187 -88.84335899999999 0.0 0.4
34.995222999999996 -88.823314 0.0 0.4
34.99517 -88.81297699999999 0.0 0.4
34.995186 -88.801284 0.0 0.4
34.99526 -88.791088 0.0 0.4
34.995261 -88.77858499999999 0.0 0.4
34.995277 -88.765655 0.0 0.4
34.995292 -88.75508599999999 0.0 0.4
34.995179 -88.745071 0.0 0.4
34.995163 -88.733344 0.0 0.4
34.995204 -88.719843 0.0 0.4
34.995246 -88.708463 0.0 0.4
34.995298 -88.69778699999999 0.0 0.4
34.995384 -88.68536999999999 0.0 0.4
34.995399 -88.675264 0.0 0.4
34.995381 -88.664272 0.0 0.4
34.995393 -88.653886 0.0 0.4
34.995464999999996 -88.641599 0.0 0.4
34.995470999999995 -88.630136 0.0 0.4
34.995495 -88.614323 0.0 0.4
34.995652 -88.602266 0.0 0.4
34.995673 -88.58932 0.0 0.4
34.995677 -88.578791 0.0 0.4
34.995712999999995 -88.568129 0.0 0.4
34.995737 -88.556951 0.0 0.4
34.995720999999996 -88.54598999999999 0.0 0.4
34.995816 -88.534458 0.0 0.4
34.995853 -88.524295 0.0 0.4
34.995852 -88.514214 0.0 0.4
34.995877 -88.50389799999999 0.0 0.4
34.995908 -88.493736 0.0 0.4
34.996034 -88.47883399999999 0.0 0.4
34.996097999999996 -88.464063 0.0 0.4
34.995996 -88.451627 0.0 0.4
34.995891 -88.44076199999999 0.0 0.4
34.995815 -88.429964 0.0 0.4
34.995756 -88.419353 0.0 0.4
34.995701 -88.40910699999999 0.0 0.4
34.995644999999996 -88.398592 0.0 0.4
34.995612 -88.386325 0.0 0.4
34.995609 -88.37504299999999 0.0 0.4
34.995474 -88.364088 0.0 0.4
34.995458 -88.35387999999999 0.0 0.4
34.995548 -88.343599 0.0 0.4
34.995551999999996 -88.332669 0.0 0.4
34.995568 -88.31336999999999 0.0 0.4
34.995627999999996 -88.292986 0.0 0.4
34.995650999999995 -88.28295899999999 0.0 0.4
34.995587 -88.271075 0.0 0.4
34.995509999999996 -88.261023 0.0 0.4
34.995442 -88.25035799999999 0.0 0.4
34.995494 -88.239673 0.0 0.4
34.995557999999996 -88.22875599999999 0.0 0.4
34.995571 -88.21766699999999 0.0 0.4
34.99557 -88.206215 0.0 0.4
34.987213 -88.196069 0.0 0.4
34.978513 -88.18999099999999 0.0 0.4
34.970354 -88.183055 0.0 0.4
34.960198 -88.174982 0.0 0.4
34.951322 -88.16985199999999 0.0 0.4
34.940979999999996 -88.164598 0.0 0.4
34.931244 -88.160992 0.0 0.4
34.921084 -88.15349599999999 0.0 0.4
34.914083999999995 -88.145504 0.0 0.4
34.907489 -88.136472 0.0 0.4
34.902086 -88.125104 0.0 0.4
34.899028 -88.115573 0.0 0.4
34.894906999999996 -88.103314 0.0 0.4
34.885908 -88.098674 0.0 0.4
34.875523 -88.099976 0.0 0.4
34.864748999999996 -88.10112699999999 0.0 0.4
34.85431 -88.10223599999999 0.0 0.4
34.843295999999995 -88.103552 0.0 0.4
34.832719 -88.10489 0.0 0.4
34.82226 -88.106212 0.0 0.4
34.811628 -88.10755999999999 0.0 0.4
34.801015 -88.108965 0.0 0.4
34.787624 -88.11073499999999 0.0 0.4
34.777349 -88.112093 0.0 0.4
34.767341 -88.113434 0.0 0.4
34.756826 -88.11493 0.0 0.4
34.746592 -88.116377 0.0 0.4
34.734955 -88.117397 0.0 0.4
34.72438 -88.118398 0.0 0.4
34.711228 -88.120283 0.0 0.4
34.700821 -88.122029 0.0 0.4
34.690373 -88.12395699999999 0.0 0.4
34.676294 -88.12599399999999 0.0 0.4
34.664513 -88.12778999999999 0.0 0.4
34.652608 -88.129606 0.0 0.4
34.639694999999996 -88.131577 0.0 0.4
34.62706 -88.133505 0.0 0.4
34.616806 -88.13526 0.0 0.4
34.602221 -88.1371 0.0 0.4
34.589191 -88.138722 0.0 0.4
34.571756 -88.141364 0.0 0.4
34.558099 -88.143333 0.0 0.4
34.547167 -88.144804 0.0 0.4
34.536978 -88.146215 0.0 0.4
34.526306999999996 -88.14772599999999 0.0 0.4
34.515301 -88.149284 0.0 0.4
34.500096 -88.151437 0.0 0.4
34.490161 -88.152699 0.0 0.4
34.479245 -88.154152 0.0 0.4
34.468513 -88.155585 0.0 0.4
34.457749 -88.15691199999999 0.0 0.4
34.442847 -88.15858899999999 0.0 0.4
34.43074 -88.160078 0.0 0.4
34.419909 -88.1614 0.0 0.4
34.409670999999996 -88.162579 0.0 0.4
34.394351 -88.164456 0.0 0.4
34.383944 -88.165583 0.0 0.4
34.372015 -88.16712299999999 0.0 0.4
34.355793999999996 -88.169179 0.0 0.4
34.342504 -88.17088299999999 0.0 0.4
34.32833 -88.1727 0.0 0.4
34.317596 -88.17407399999999 0.0 0.4
34.305322 -88.17560999999999 0.0 0.4
34.295055999999995 -88.176771 0.0 0.4
34.280951 -88.178748 0.0 0.4
34.269051 -88.180285 0.0 0.4
34.258092999999995 -88.1817 0.0 0.4
34.229388 -88.185549 0.0 0.4
34.218353 -88.186927 0.0 0.4
34.205925 -88.18753699999999 0.0 0.4
34.190123 -88.19067799999999 0.0 0.4
34.175346999999995 -88.19212399999999 0.0 0.4
34.158001999999996 -88.19451 0.0 0.4
34.145126999999995 -88.196229 0.0 0.4
34.128546 -88.19847999999999 0.0 0.4
34.117683 -88.19998799999999 0.0 0.4
34.102146 -88.20188 0.0 0.4
34.091511 -88.20326399999999 0.0 0.4
34.073727999999996 -88.20539199999999 0.0 0.4
34.063427 -88.206622 0.0 0.4
34.052825999999996 -88.207883 0.0 0.4
34.042617 -88.209093 0.0 0.4
34.0292 -88.210741 0.0 0.4
34.0184 -88.212226 0.0 0.4
34.008234 -88.213622 0.0 0.4
33.998035 -88.215015 0.0 0.4
33.987443999999996 -88.216419 0.0 0.4
33.975035 -88.21801599999999 0.0 0.4
33.963803 -88.2196 0.0 0.4
33.953885 -88.22100499999999 0.0 0.4
33.941475 -88.222679 0.0 0.4
33.928471 -88.224125 0.0 0.4
33.916692999999995 -88.22578399999999 0.0 0.4
33.905294999999995 -88.22748899999999 0.0 0.4
33.893465 -88.228934 0.0 0.4
33.880739 -88.230615 0.0 0.4
33.870289 -88.23198699999999 0.0 0.4
33.85481 -88.23431599999999 0.0 0.4
33.843966 -88.23586999999999 0.0 0.4
33.826308 -88.237943 0.0 0.4
33.810879 -88.240054 0.0 0.4
33.800990999999996 -88.24194299999999 0.0 0.4
33.78965 -88.243506 0.0 0.4
33.777733 -88.244614 0.0 0.4
33.767266 -88.24586599999999 0.0 0.4
33.754854 -88.24743099999999 0.0 0.4
33.744228 -88.249015 0.0 0.4
33.734145 -88.250343 0.0 0.4
33.722868 -88.251786 0.0 0.4
33.712682 -88.25298099999999 0.0 0.4
33.700133 -88.25426499999999 0.0 0.4
33.686752999999996 -88.255675 0.0 0.4
33.67606 -88.25717999999999 0.0 0.4
33.665758 -88.25832 0.0 0.4
33.65305 -88.259844 0.0 0.4
33.639058999999996 -88.26156999999999 0.0 0.4
33.625158 -88.263285 0.0 0.4
33.608249 -88.265284 0.0 0.4
33.595884 -88.266803 0.0 0.4
33.58518 -88.268159 0.0 0.4
33.573658 -88.269521 0.0 0.4
33.561079 -88.27125 0.0 0.4
33.54179 -88.27364999999999 0.0 0.4
33.525767 -88.275646 0.0 0.4
33.515616 -88.276944 0.0 0.4
33.50475 -88.278267 0.0 0.4
33.494397 -88.279551 0.0 0.4
33.484153 -88.28078699999999 0.0 0.4
33.473236 -88.282106 0.0 0.4
33.462949 -88.28334799999999 0.0 0.4
33.450508 -88.28484999999999 0.0 0.4
33.439006 -88.286239 0.0 0.4
33.42694 -88.287695 0.0 0.4
33.410484 -88.289683 0.0 0.4
33.399065 -88.291062 0.0 0.4
33.386537 -88.292575 0.0 0.4
33.375121 -88.293953 0.0 0.4
33.359137 -88.295836 0.0 0.4
33.349083 -88.29705899999999 0.0 0.4
33.335532 -88.29872499999999 0.0 0.4
33.320847 -88.300507 0.0 0.4
33.303447 -88.30261 0.0 0.4
33.290811 -88.30413399999999 0.0 0.4
33.277901 -88.30573 0.0 0.4
33.261603 -88.307757 0.0 0.4
33.251261 -88.309043 0.0 0.4
33.238929 -88.310563 0.0 0.4
33.226855 -88.31189599999999 0.0 0.4
33.213778999999995 -88.31362899999999 0.0 0.4
33.203322 -88.315235 0.0 0.4
33.192084 -88.316347 0.0 0.4
33.17904 -88.31776599999999 0.0 0.4
33.168023999999996 -88.31913399999999 0.0 0.4
33.148182 -88.321755 0.0 0.4
33.133246 -88.324569 0.0 0.4
33.120989 -88.32544299999999 0.0 0.4
33.109947999999996 -88.32633899999999 0.0 0.4
33.096655 -88.32799299999999 0.0 0.4
33.073125 -88.330934 0.0 0.4
33.051943 -88.333458 0.0 0.4
33.03091 -88.335965 0.0 0.4
33.010044 -88.33845199999999 0.0 0.4
32.998044 -88.33981999999999 0.0 0.4
32.983427999999996 -88.341359 0.0 0.4
32.97152 -88.342781 0.0 0.4
32.960422 -88.344105 0.0 0.4
32.94712 -88.34571 0.0 0.4
32.935215 -88.34716 0.0 0.4
32.920198 -88.348941 0.0 0.4
32.903593 -88.35086299999999 0.0 0.4
32.891222 -88.352351 0.0 0.4
32.87608 -88.35417699999999 0.0 0.4
32.850446999999996 -88.35682 0.0 0.4
32.832612 -88.358862 0.0 0.4
32.819804 -88.360328 0.0 0.4
32.807874 -88.361688 0.0 0.4
32.791073 -88.363592 0.0 0.4
32.777633 -88.365139 0.0 0.4
32.763455 -88.3668 0.0 0.4
32.752732 -88.368012 0.0 0.4
32.742584 -88.369055 0.0 0.4
32.728586 -88.37095599999999 0.0 0.4
32.711895999999996 -88.373328 0.0 0.4
32.698684 -88.374703 0.0 0.4
32.683261 -88.376358 0.0 0.4
32.672542 -88.377601 0.0 0.4
32.657655999999996 -88.379348 0.0 0.4
32.642762 -88.381112 0.0 0.4
32.628249 -88.382817 0.0 0.4
32.616468 -88.384135 0.0 0.4
32.604216 -88.38557999999999 0.0 0.4
32.592290999999996 -88.38701999999999 0.0 0.4
32.578693 -88.38871999999999 0.0 0.4
32.568743 -88.389789 0.0 0.4
32.554336 -88.39147 0.0 0.4
32.539847 -88.393248 0.0 0.4
32.528977999999995 -88.394615 0.0 0.4
32.515727 -88.39627999999999 0.0 0.4
32.502342 -88.39786699999999 0.0 0.4
32.491844 -88.399147 0.0 0.4
32.480089 -88.400589 0.0 0.4
32.468956 -88.401883 0.0 0.4
32.457971 -88.40301099999999 0.0 0.4
32.446284 -88.404144 0.0 0.4
32.428655 -88.40630999999999 0.0 0.4
32.418599 -88.40754299999999 0.0 0.4
32.405742 -88.409122 0.0 0.4
32.395511 -88.41045799999999 0.0 0.4
32.384592999999995 -88.411907 0.0 0.4
32.374069 -88.413782 0.0 0.4
32.357208 -88.415775 0.0 0.4
32.342971 -88.417442 0.0 0.4
32.331744 -88.418751 0.0 0.4
32.31405 -88.420824 0.0 0.4
32.299821 -88.422493 0.0 0.4
32.288553 -88.423812 0.0 0.4
32.27786 -88.42506499999999 0.0 0.4
32.266099 -88.426442 0.0 0.4
32.254571999999996 -88.42779399999999 0.0 0.4
32.242854 -88.429322 0.0 0.4
32.232726 -88.43074399999999 0.0 0.4
32.214417 -88.43304599999999 0.0 0.4
32.203485 -88.43442 0.0 0.4
32.19196 -88.435908 0.0 0.4
32.181058 -88.43739599999999 0.0 0.4
32.168746 -88.438952 0.0 0.4
32.158044 -88.440241 0.0 0.4
32.146515 -88.441676 0.0 0.4
32.135492 -88.44304699999999 0.0 0.4
32.125146 -88.444307 0.0 0.4
32.114889999999995 -88.44554099999999 0.0 0.4
32.104020999999996 -88.44689 0.0 0.4
32.093813 -88.448167 0.0 0.4
32.083495 -88.4495 0.0 0.4
32.071396 -88.451049 0.0 0.4
32.055913 -88.45302799999999 0.0 0.4
32.04318 -88.454635 0.0 0.4
32.028952 -88.456587 0.0 0.4
32.01828 -88.45788399999999 0.0 0.4
32.007470999999995 -88.459199 0.0 0.4
31.996699 -88.46052399999999 0.0 0.4
31.986645999999997 -88.46180799999999 0.0 0.4
31.975482 -88.463262 0.0 0.4
31.964243 -88.464743 0.0 0.4
31.949343 -88.466635 0.0 0.4
31.939231 -88.467834 0.0 0.4
31.928416 -88.46911899999999 0.0 0.4
31.917524999999998 -88.470529 0.0 0.4
31.904477 -88.47213099999999 0.0 0.4
31.893856 -88.473227 0.0 0.4
31.883726999999997 -88.472962 0.0 0.4
31.871446 -88.47243999999999 0.0 0.4
31.859873 -88.47168099999999 0.0 0.4
31.849666 -88.471057 0.0 0.4
31.836685 -88.470564 0.0 0.4
31.826400999999997 -88.470085 0.0 0.4
31.815315 -88.46952499999999 0.0 0.4
31.805301999999998 -88.46923 0.0 0.4
31.791210999999997 -88.468688 0.0 0.4
31.780929999999998 -88.468209 0.0 0.4
31.769682999999997 -88.467619 0.0 0.4
31.758951 -88.467072 0.0 0.4
31.745905999999998 -88.466374 0.0 0.4
31.73352 -88.46570799999999 0.0 0.4
31.722824 -88.465133 0.0 0.4
31.709013 -88.46498 0.0 0.4
31.697951999999997 -88.46443 0.0 0.4
31.683124999999997 -88.463487 0.0 0.4
31.67202 -88.462802 0.0 0.4
31.661037 -88.46211199999999 0.0 0.4
31.650942999999998 -88.461478 0.0 0.4
31.638254999999997 -88.460782 0.0 0.4
31.625161 -88.460065 0.0 0.4
31.611625999999998 -88.458902 0.0 0.4
31.589706999999997 -88.457734 0.0 0.4
31.574427999999997 -88.456921 0.0 0.4
31.563491 -88.456336 0.0 0.4
31.549961999999997 -88.455614 0.0 0.4
31.538712 -88.45499 0.0 0.4
31.528214 -88.454365 0.0 0.4
31.516626 -88.453679 0.0 0.4
31.505388 -88.45317899999999 0.0 0.4
31.493564 -88.452547 0.0 0.4
31.481530999999997 -88.451573 0.0 0.4
31.460867999999998 -88.45097 0.0 0.4
31.448641 -88.45031499999999 0.0 0.4
31.437475 -88.44955 0.0 0.4
31.42674 -88.448971 0.0 0.4
31.415692999999997 -88.448426 0.0 0.4
31.403111 -88.447797 0.0 0.4
31.392947999999997 -88.44734 0.0 0.4
31.382648 -88.446835 0.0 0.4
31.370835999999997 -88.446195 0.0 0.4
31.356219 -88.445222 0.0 0.4
31.346100999999997 -88.44460000000001 0.0 0.4
31.334099 -88.44389199999999 0.0 0.4
31.322260999999997 -88.443192 0.0 0.4
31.308445 -88.442385 0.0 0.4
31.292748999999997 -88.441447 0.0 0.4
31.282594999999997 -88.440837 0.0 0.4
31.267609999999998 -88.43992899999999 0.0 0.4
31.253218999999998 -88.438834 0.0 0.4
31.243002999999998 -88.438771 0.0 0.4
31.232139 -88.438256 0.0 0.4
31.219428999999998 -88.437534 0.0 0.4
31.208299 -88.43697399999999 0.0 0.4
31.196807 -88.43628199999999 0.0 0.4
31.184963999999997 -88.435581 0.0 0.4
31.174932 -88.43498799999999 0.0 0.4
31.164807 -88.434562 0.0 0.4
31.152328999999998 -88.434167 0.0 0.4
31.137067 -88.433151 0.0 0.4
31.125197 -88.43248899999999 0.0 0.4
31.114297999999998 -88.432007 0.0 0.4
31.100274 -88.43133 0.0 0.4
31.089123999999998 -88.430706 0.0 0.4
31.07798 -88.430245 0.0 0.4
31.067843 -88.42961199999999 0.0 0.4
31.057595 -88.429051 0.0 0.4
31.04021 -88.427925 0.0 0.4
31.021984999999997 -88.42686499999999 0.0 0.4
31.003656 -88.425935 0.0 0.4
30.991787 -88.425186 0.0 0.4
30.977325999999998 -88.42461 0.0 0.4
30.967032 -88.42422499999999 0.0 0.4
30.955565 -88.423642 0.0 0.4
30.944516 -88.42308 0.0 0.4
30.932209 -88.42245299999999 0.0 0.4
30.915677 -88.421611 0.0 0.4
30.902554 -88.42094399999999 0.0 0.4
30.892421 -88.420429 0.0 0.4
30.88139 -88.419877 0.0 0.4
30.86657 -88.418632 0.0 0.4
30.856451 -88.418162 0.0 0.4
30.845862999999998 -88.417626 0.0 0.4
30.834988 -88.417149 0.0 0.4
30.823569 -88.41661099999999 0.0 0.4
30.810527999999998 -88.41599599999999 0.0 0.4
30.797299 -88.415371 0.0 0.4
30.786528999999998 -88.414863 0.0 0.4
30.769534999999998 -88.41399299999999 0.0 0.4
30.757292 -88.413454 0.0 0.4
30.746409999999997 -88.413032 0.0 0.4
30.73559 -88.412612 0.0 0.4
30.725013999999998 -88.411891 0.0 0.4
30.714209999999998 -88.411405 0.0 0.4
30.702489999999997 -88.41093099999999 0.0 0.4
30.691924 -88.41043599999999 0.0 0.4
30.680671999999998 -88.409943 0.0 0.4
30.670196999999998 -88.409522 0.0 0.4
30.659868999999997 -88.408875 0.0 0.4
30.649803 -88.408665 0.0 0.4
30.639595999999997 -88.408191 0.0 0.4
30.629573999999998 -88.407381 0.0 0.4
30.618959999999998 -88.40707499999999 0.0 0.4
30.608798 -88.40711499999999 0.0 0.4
30.597202 -88.40657 0.0 0.4
30.587207999999997 -88.405977 0.0 0.4
30.575416999999998 -88.40519499999999 0.0 0.4
30.565352999999998 -88.405819 0.0 0.4
30.554565999999998 -88.40467699999999 0.0 0.4
30.544159999999998 -88.40363599999999 0.0 0.4
30.534053 -88.40334299999999 0.0 0.4
30.523774999999997 -88.402879 0.0 0.4
30.513284 -88.402422 0.0 0.4
30.503145999999997 -88.401792 0.0 0.4
30.483020999999997 -88.40088399999999 0.0 0.4
30.472602 -88.40035499999999 0.0 0.4
30.458216 -88.39960599999999 0.0 0.4
30.443223 -88.398856 0.0 0.4
30.428402 -88.39819299999999 0.0 0.4
30.400036999999998 -88.396671 0.0 0.4
30.389224 -88.3961 0.0 0.4
30.377644 -88.39549799999999 0.0 0.4
30.362461 -88.39468 0.0 0.4
30.350813 -88.39406199999999 0.0 0.4
30.335873999999997 -88.39327 0.0 0.4
30.312714999999997 -88.392163 0.0 0.4
30.269531999999998 -88.38987999999999 0.0 0.4
30.250200999999997 -88.388859 0.0 0.4
30.2235 -88.38766199999999 0.0 0.4
30.210915 -88.387098 0.0 0.4
30.198254 -88.386516 0.0 0.4
30.182243 -88.385779 0.0 0.4
30.158542999999998 -88.38443099999999 0.0 0.4
30.154683 -88.39592999999999 0.0 0.4
30.149234 -88.419384 0.0 0.4
30.147218 -88.43351299999999 0.0 0.4
30.146303 -88.446987 0.0 0.4
30.146686 -88.461283 0.0 0.4
30.149921 -88.479934 0.0 0.4
30.153588 -88.493482 0.0 0.4
30.156256 -88.50335899999999 0.0 0.4
30.161202 -88.518075 0.0 0.4
30.168377999999997 -88.533515 0.0 0.4
30.175082999999997 -88.543838 0.0 0.4
30.172515999999998 -88.558459 0.0 0.4
30.16938 -88.578053 0.0 0.4
30.169676 -88.595192 0.0 0.4
30.17253 -88.61507499999999 0.0 0.4
30.173952 -88.625016 0.0 0.4
30.176935999999998 -88.63733099999999 0.0 0.4
30.176910999999997 -88.647469 0.0 0.4
30.177429999999998 -88.657664 0.0 0.4
30.178621 -88.669418 0.0 0.4
30.18067 -88.68215699999999 0.0 0.4
30.186201999999998 -88.704167 0.0 0.4
30.190875 -88.71738599999999 0.0 0.4
30.188830999999997 -88.730565 0.0 0.4
30.187941 -88.74757 0.0 0.4
30.189090999999998 -88.75951599999999 0.0 0.4
30.191492 -88.771272 0.0 0.4
30.195480999999997 -88.784202 0.0 0.4
30.199994 -88.795147 0.0 0.4
30.206018999999998 -88.806722 0.0 0.4
30.212501999999997 -88.816311 0.0 0.4
30.210307999999998 -88.82863499999999 0.0 0.4
30.202583999999998 -88.836834 0.0 0.4
30.192282 -88.85038999999999 0.0 0.4
30.186397 -88.86054399999999 0.0 0.4
30.18162 -88.86932999999999 0.0 0.4
30.175798999999998 -88.882848 0.0 0.4
30.170727999999997 -88.897638 0.0 0.4
30.139844999999998 -88.88902999999999 0.0 0.4
30.141937 -88.905925 0.0 0.4
30.143864999999998 -88.92147299999999 0.0 0.4
30.145481 -88.93319799999999 0.0 0.4
30.148003 -88.952111 0.0 0.4
30.153959999999998 -89.000175 0.0 0.4
30.161087 -89.057491 0.0 0.4
30.165829 -89.096476 0.0 0.4
30.172468 -89.10875 0.0 0.4
30.177919 -89.118946 0.0 0.4
30.184286 -89.13091 0.0 0.4
30.212155 -89.183669 0.0 0.4
30.198559999999997 -89.217546 0.0 0.4
30.193438999999998 -89.23030399999999 0.0 0.4
30.187572999999997 -89.24492099999999 0.0 0.4
30.181998 -89.260977 0.0 0.4
30.180063999999998 -89.27405499999999 0.0 0.4
30.178469999999997 -89.288394 0.0 0.4
30.177940999999997 -89.306135 0.0 0.4
30.178538999999997 -89.375045 0.0 0.4
30.177940999999997 -89.401457 0.0 0.4
30.177639 -89.41671099999999 0.0 0.4
30.173865 -89.429113 0.0 0.4
30.170441 -89.441105 0.0 0.4
30.166839999999997 -89.451762 0.0 0.4
30.16075 -89.494973 0.0 0.4
30.160617 -89.511197 0.0 0.4
30.175314999999998 -89.521858 0.0 0.4
30.184365999999997 -89.52613799999999 0.0 0.4
30.193776999999997 -89.531937 0.0 0.4
30.195096 -89.54253299999999 0.0 0.4
30.189307999999997 -89.550827 0.0 0.4
30.183614 -89.559921 0.0 0.4
30.180418999999997 -89.570106 0.0 0.4
30.185530999999997 -89.579696 0.0 0.4
30.193243 -89.586288 0.0 0.4
30.203056 -89.590583 0.0 0.4
30.211965 -89.596572 0.0 0.4
30.217069 -89.605857 0.0 0.4
30.222272 -89.614837 0.0 0.4
30.233273999999998 -89.616134 0.0 0.4
30.243472999999998 -89.61374599999999 0.0 0.4
30.249366 -89.62192499999999 0.0 0.4
30.257012999999997 -89.631614 0.0 0.4
30.265234999999997 -89.625373 0.0 0.4
30.273576 -89.631362 0.0 0.4
30.285083 -89.63752699999999 0.0 0.4
30.289367 -89.647178 0.0 0.4
30.297583999999997 -89.64018999999999 0.0 0.4
30.307789999999997 -89.637275 0.0 0.4
30.31254 -89.62834099999999 0.0 0.4
30.321084 -89.633918 0.0 0.4
30.331487 -89.631011 0.0 0.4
30.342240999999998 -89.63407099999999 0.0 0.4
30.348851999999997 -89.64175399999999 0.0 0.4
30.354129 -89.650421 0.0 0.4
30.360491999999997 -89.658149 0.0 0.4
30.370357 -89.66030099999999 0.0 0.4
30.379507 -89.66465699999999 0.0 0.4
30.387226 -89.671455 0.0 0.4
30.395774 -89.677246 0.0 0.4
30.404607 -89.682434 0.0 0.4
30.414006999999998 -89.67855 0.0 0.4
30.424058 -89.681129 0.0 0.4
30.434068 -89.680809 0.0 0.4
30.444056999999997 -89.682853 0.0 0.4
30.453633999999997 -89.68582099999999 0.0 0.4
30.460783 -89.6931 0.0 0.4
30.464620999999998 -89.702432 0.0 0.4
30.472980999999997 -89.707965 0.0 0.4
30.47879 -89.716278 0.0 0.4
30.488083999999997 -89.721 0.0 0.4
30.492077 -89.73022399999999 0.0 0.4
30.495727 -89.739722 0.0 0.4
30.50295 -89.746696 0.0 0.4
30.499374999999997 -89.75607099999999 0.0 0.4
30.509323 -89.754257 0.0 0.4
30.518780999999997 -89.757682 0.0 0.4
30.513593 -89.766334 0.0 0.4
30.521198 -89.773078 0.0 0.4
30.531382999999998 -89.774276 0.0 0.4
30.540998 -89.777442 0.0 0.4
30.544297 -89.7872 0.0 0.4
30.546715 -89.796994 0.0 0.4
30.556552 -89.794456 0.0 0.4
30.559382999999997 -89.80407699999999 0.0 0.4
30.562469 -89.794364 0.0 0.4
30.569361999999998 -89.787078 0.0 0.4
30.569951999999997 -89.797061 0.0 0.4
30.567404999999997 -89.806845 0.0 0.4
30.577346 -89.809226 0.0 0.4
30.585289999999997 -89.815567 0.0 0.4
30.594863 -89.81970199999999 0.0 0.4
30.604642 -89.822334 0.0 0.4
30.614773999999997 -89.822346 0.0 0.4
30.621055 -89.83048199999999 0.0 0.4
30.626908999999998 -89.821777 0.0 0.4
30.636239999999997 -89.81441 0.0 0.4
30.640487 -89.823696 0.0 0.4
30.650381 -89.826995 0.0 0.4
30.657676 -89.834443 0.0 0.4
30.660252999999997 -89.84429 0.0 0.4
30.669168 -89.838663 0.0 0.4
30.679368 -89.837684 0.0 0.4
30.687030999999998 -89.844887 0.0 0.4
30.691166 -89.835478 0.0 0.4
30.701407 -89.836742 0.0 0.4
30.704942 -89.846374 0.0 0.4
30.71344 -89.84033699999999 0.0 0.4
30.715805999999997 -89.830457 0.0 0.4
30.725520999999997 -89.827534 0.0 0.4
30.732279 -89.835346 0.0 0.4
30.736686 -89.82545999999999 0.0 0.4
30.746893999999998 -89.825834 0.0 0.4
30.753950999999997 -89.833484 0.0 0.4
30.763921 -89.831868 0.0 0.4
30.773467 -89.82745899999999 0.0 0.4
30.781477 -89.821299 0.0 0.4
30.79176 -89.821382 0.0 0.4
30.787651999999998 -89.812175 0.0 0.4
30.791867999999997 -89.803085 0.0 0.4
30.798097 -89.81092 0.0 0.4
30.806741 -89.804329 0.0 0.4
30.816195999999998 -89.79999 0.0 0.4
30.819073 -89.790105 0.0 0.4
30.827385 -89.783985 0.0 0.4
30.836344999999998 -89.79001699999999 0.0 0.4
30.846331 -89.788555 0.0 0.4
30.856022 -89.783384 0.0 0.4
30.853659999999998 -89.772587 0.0 0.4
30.863857999999997 -89.767955 0.0 0.4
30.871381999999997 -89.77469599999999 0.0 0.4
30.881088 -89.77711 0.0 0.4
30.89024 -89.77201099999999 0.0 0.4
30.896666999999997 -89.763694 0.0 0.4
30.905770999999998 -89.75940399999999 0.0 0.4
30.912675 -89.752155 0.0 0.4
30.920576999999998 -89.74444799999999 0.0 0.4
30.926592 -89.753087 0.0 0.4
30.936524 -89.751088 0.0 0.4
30.946295 -89.75414699999999 0.0 0.4
30.953787 -89.746674 0.0 0.4
30.961757 -89.739712 0.0 0.4
30.966241999999998 -89.729327 0.0 0.4
30.974446 -89.736086 0.0 0.4
30.984399 -89.730412 0.0 0.4
30.994396 -89.728563 0.0 0.4
31.004488 -89.730757 0.0 0.4
31.003593 -89.740995 0.0 0.4
30.999419999999997 -89.750481 0.0 0.4
31.001869 -89.765654 0.0 0.4
31.001921999999997 -89.784309 0.0 0.4
31.001963 -89.79898299999999 0.0 0.4
31.002043999999998 -89.814047 0.0 0.4
31.002049999999997 -89.824263 0.0 0.4
31.002059 -89.83514699999999 0.0 0.4
31.001962 -89.845415 0.0 0.4
31.001924 -89.855762 0.0 0.4
31.001849999999997 -89.87096 0.0 0.4
31.001738999999997 -89.886871 0.0 0.4
31.001914 -89.89746 0.0 0.4
31.001559 -89.917881 0.0 0.4
31.00145 -89.92844799999999 0.0 0.4
31.001511999999998 -89.93993499999999 0.0 0.4
31.001445999999998 -89.96135199999999 0.0 0.4
31.001531 -89.972759 0.0 0.4
31.001575 -89.985098 0.0 0.4
31.001343 -90.00012199999999 0.0 0.4
31.001457 -90.011794 0.0 0.4
31.00136 -90.021997 0.0 0.4
31.001368 -90.032448 0.0 0.4
31.0013 -90.042913 0.0 0.4
31.001237999999997 -90.067505 0.0 0.4
31.001181 -90.083275 0.0 0.4
31.001112 -90.09747 0.0 0.4
31.001113999999998 -90.114859 0.0 0.4
31.001029 -90.125087 0.0 0.4
31.001079999999998 -90.13748799999999 0.0 0.4
31.001016999999997 -90.14836799999999 0.0 0.4
31.001023999999997 -90.164205 0.0 0.4
31.000853 -90.17772699999999 0.0 0.4
31.000781 -90.189635 0.0 0.4
31.000697 -90.20355699999999 0.0 0.4
31.000705 -90.223317 0.0 0.4
31.000795999999998 -90.233499 0.0 0.4
31.000818 -90.246881 0.0 0.4
31.000677999999997 -90.259525 0.0 0.4
31.000626999999998 -90.27173599999999 0.0 0.4
31.000541 -90.295036 0.0 0.4
31.000512999999998 -90.305184 0.0 0.4
31.000474999999998 -90.31773899999999 0.0 0.4
31.000397 -90.336856 0.0 0.4
31.000546999999997 -90.34723799999999 0.0 0.4
31.000346999999998 -90.357908 0.0 0.4
31.000337 -90.367971 0.0 0.4
31.000156999999998 -90.378222 0.0 0.4
31.000135999999998 -90.388802 0.0 0.4
31.000214999999997 -90.399101 0.0 0.4
31.000113 -90.409109 0.0 0.4
30.999938 -90.41924 0.0 0.4
30.999992 -90.429394 0.0 0.4
31.000107999999997 -90.44212499999999 0.0 0.4
30.999609 -90.454143 0.0 0.4
30.999654 -90.46508299999999 0.0 0.4
30.999796 -90.475082 0.0 0.4
30.999844 -90.485159 0.0 0.4
30.999781 -90.500096 0.0 0.4
30.999857 -90.514416 0.0 0.4
30.99982 -90.52712299999999 0.0 0.4
30.999717999999998 -90.53948199999999 0.0 0.4
30.99972 -90.54962499999999 0.0 0.4
30.999753 -90.559883 0.0 0.4
30.99971 -90.575594 0.0 0.4
30.999639 -90.586281 0.0 0.4
30.99957 -90.597663 0.0 0.4
30.999495 -90.60899099999999 0.0 0.4
30.999419999999997 -90.620192 0.0 0.4
30.999478 -90.634146 0.0 0.4
30.999546 -90.645748 0.0 0.4
30.999481999999997 -90.66320999999999 0.0 0.4
30.999429 -90.691575 0.0 0.4
30.999399 -90.70724 0.0 0.4
30.999322999999997 -90.71822399999999 0.0 0.4
30.99924 -90.73025 0.0 0.4
30.99925 -90.741012 0.0 0.4
30.999281999999997 -90.75106099999999 0.0 0.4
30.99945 -90.76497599999999 0.0 0.4
30.999436 -90.77527099999999 0.0 0.4
30.999442 -90.789417 0.0 0.4
30.999392999999998 -90.82193099999999 0.0 0.4
30.999352 -90.83382399999999 0.0 0.4
30.999301 -90.845293 0.0 0.4
30.999305999999997 -90.85871 0.0 0.4
30.999311 -90.870308 0.0 0.4
30.999647 -90.88170000000001 0.0 0.4
30.999627999999998 -90.893254 0.0 0.4
30.999523 -90.910474 0.0 0.4
30.99947 -90.92268299999999 0.0 0.4
30.999354 -90.93566899999999 0.0 0.4
30.999284 -90.94575999999999 0.0 0.4
30.999226999999998 -90.95613399999999 0.0 0.4
30.999140999999998 -90.970236 0.0 0.4
30.999083 -90.980297 0.0 0.4
30.999021 -90.99104299999999 0.0 0.4
30.998908999999998 -91.004452 0.0 0.4
30.998949 -91.016635 0.0 0.4
30.998936999999998 -91.042172 0.0 0.4
30.998928999999997 -91.05680199999999 0.0 0.4
30.999041 -91.067923 0.0 0.4
30.999159 -91.07808399999999 0.0 0.4
30.998897999999997 -91.092899 0.0 0.4
30.998856999999997 -91.108114 0.0 0.4
30.99891 -91.11998 0.0 0.4
30.999070999999997 -91.13287199999999 0.0 0.4
30.999112999999998 -91.15077699999999 0.0 0.4
30.99908 -91.17613999999999 0.0 0.4
30.999140999999998 -91.186178 0.0 0.4
30.999112 -91.19631 0.0 0.4
30.999079 -91.208186 0.0 0.4
30.999167999999997 -91.222084 0.0 0.4
30.999295 -91.23291599999999 0.0 0.4
30.999457 -91.244901 0.0 0.4
30.999229999999997 -91.25659 0.0 0.4
30.999162 -91.26742899999999 0.0 0.4
30.999121 -91.27989 0.0 0.4
30.999086 -91.292773 0.0 0.4
30.999198 -91.31381999999999 0.0 0.4
30.999191999999997 -91.32426199999999 0.0 0.4
30.999191999999997 -91.33592 0.0 0.4
30.999081999999998 -91.347562 0.0 0.4
30.999062 -91.359318 0.0 0.4
30.999094 -91.37028199999999 0.0 0.4
30.99898 -91.382559 0.0 0.4
30.999029 -91.394358 0.0 0.4
30.999022 -91.405811 0.0 0.4
30.999003 -91.41682399999999 0.0 0.4
30.998995999999998 -91.426862 0.0 0.4
30.998986 -91.43759 0.0 0.4
30.999081999999998 -91.450358 0.0 0.4
30.999098 -91.466853 0.0 0.4
30.999033999999998 -91.486082 0.0 0.4
30.999005999999998 -91.49739 0.0 0.4
30.998808999999998 -91.50757999999999 0.0 0.4
30.998962 -91.517727 0.0 0.4
30.999138 -91.52873699999999 0.0 0.4
30.999388999999997 -91.539689 0.0 0.4
30.99934 -91.55220899999999 0.0 0.4
30.999181 -91.56261599999999 0.0 0.4
30.999246 -91.578936 0.0 0.4
30.999191 -91.590801 0.0 0.4
30.999076 -91.60314699999999 0.0 0.4
30.999138 -91.621619 0.0 0.4
30.999408 -91.63656999999999 0.0 0.4
31.005374 -91.625118 0.0 0.4
31.009058999999997 -91.612971 0.0 0.4
31.013810999999997 -91.599544 0.0 0.4
31.020184999999998 -91.58467 0.0 0.4
31.025926 -91.57594399999999 0.0 0.4
31.035937999999998 -91.566465 0.0 0.4
31.046225 -91.56123199999999 0.0 0.4
31.05762 -91.56042 0.0 0.4
31.070186999999997 -91.567649 0.0 0.4
31.078179 -91.577373 0.0 0.4
31.084189 -91.58590699999999 0.0 0.4
31.091444 -91.59469299999999 0.0 0.4
31.097327 -91.603673 0.0 0.4
31.102992999999998 -91.61220999999999 0.0 0.4
31.115962999999997 -91.625199 0.0 0.4
31.125716999999998 -91.62806599999999 0.0 0.4
31.13687 -91.62167099999999 0.0 0.4
31.144655 -91.61380899999999 0.0 0.4
31.154545 -91.604197 0.0 0.4
31.163491999999998 -91.597062 0.0 0.4
31.173118 -91.59150199999999 0.0 0.4
31.182872 -91.588697 0.0 0.4
31.193693 -91.590051 0.0 0.4
31.204227999999997 -91.597253 0.0 0.4
31.213399 -91.60762199999999 0.0 0.4
31.219617 -91.616699 0.0 0.4
31.226034 -91.625119 0.0 0.4
31.230652 -91.635515 0.0 0.4
31.23734 -91.647166 0.0 0.4
31.245836999999998 -91.653233 0.0 0.4
31.257634999999997 -91.652885 0.0 0.4
31.265515999999998 -91.643164 0.0 0.4
31.267529999999997 -91.625119 0.0 0.4
31.266689 -91.613271 0.0 0.4
31.265024999999998 -91.60170199999999 0.0 0.4
31.263195 -91.591736 0.0 0.4
31.261702999999997 -91.578874 0.0 0.4
31.261633 -91.56419199999999 0.0 0.4
31.26305 -91.553905 0.0 0.4
31.265794999999997 -91.543041 0.0 0.4
31.270523999999998 -91.52936799999999 0.0 0.4
31.275282999999998 -91.51857799999999 0.0 0.4
31.284177 -91.512085 0.0 0.4
31.295828999999998 -91.508296 0.0 0.4
31.308982999999998 -91.507948 0.0 0.4
31.317956 -91.512492 0.0 0.4
31.324775 -91.52063 0.0 0.4
31.331801 -91.531657 0.0 0.4
31.339368999999998 -91.538297 0.0 0.4
31.346083999999998 -91.54821299999999 0.0 0.4
31.356475 -91.549148 0.0 0.4
31.366721 -91.549824 0.0 0.4
31.376844 -91.549622 0.0 0.4
31.386042 -91.553962 0.0 0.4
31.382469999999998 -91.56339 0.0 0.4
31.387418999999998 -91.572428 0.0 0.4
31.398816 -91.578216 0.0 0.4
31.409547999999997 -91.576549 0.0 0.4
31.419416 -91.57014699999999 0.0 0.4
31.425898 -91.560104 0.0 0.4
31.432668 -91.548465 0.0 0.4
31.428145999999998 -91.539417 0.0 0.4
31.41791 -91.539504 0.0 0.4
31.407802 -91.5377 0.0 0.4
31.396888999999998 -91.534357 0.0 0.4
31.386523999999998 -91.530434 0.0 0.4
31.376126 -91.52267499999999 0.0 0.4
31.369018999999998 -91.51360299999999 0.0 0.4
31.364946 -91.50415699999999 0.0 0.4
31.364978999999998 -91.486153 0.0 0.4
31.367214999999998 -91.47638599999999 0.0 0.4
31.376244 -91.47098299999999 0.0 0.4
31.392737999999998 -91.472061 0.0 0.4
31.400567 -91.478653 0.0 0.4
31.409055 -91.485446 0.0 0.4
31.415286 -91.493439 0.0 0.4
31.422746 -91.501284 0.0 0.4
31.432282999999998 -91.50692599999999 0.0 0.4
31.444395999999998 -91.51336599999999 0.0 0.4
31.455477 -91.51627099999999 0.0 0.4
31.468004999999998 -91.517415 0.0 0.4
31.483483 -91.518148 0.0 0.4
31.494774 -91.51728 0.0 0.4
31.505526999999997 -91.51527999999999 0.0 0.4
31.514121 -91.52113299999999 0.0 0.4
31.525188999999997 -91.52057599999999 0.0 0.4
31.532148999999997 -91.512957 0.0 0.4
31.533265999999998 -91.503018 0.0 0.4
31.533666 -91.49291799999999 0.0 0.4
31.531665999999998 -91.48271799999999 0.0 0.4
31.532715999999997 -91.472115 0.0 0.4
31.53595 -91.46221299999999 0.0 0.4
31.538998999999997 -91.45251499999999 0.0 0.4
31.542831999999997 -91.44322799999999 0.0 0.4
31.548365999999998 -91.434516 0.0 0.4
31.554565999999998 -91.42641599999999 0.0 0.4
31.560236999999997 -91.417789 0.0 0.4
31.566709999999997 -91.410142 0.0 0.4
31.576466 -91.40541499999999 0.0 0.4
31.586465999999998 -91.40411499999999 0.0 0.4
31.594333 -91.411202 0.0 0.4
31.596967 -91.42193499999999 0.0 0.4
31.596065 -91.432616 0.0 0.4
31.5929 -91.442134 0.0 0.4
31.589517999999998 -91.451647 0.0 0.4
31.586665999999997 -91.46201699999999 0.0 0.4
31.585566 -91.472017 0.0 0.4
31.585766 -91.483218 0.0 0.4
31.589565 -91.49291799999999 0.0 0.4
31.594918 -91.501486 0.0 0.4
31.602652 -91.508316 0.0 0.4
31.61104 -91.515968 0.0 0.4
31.622694 -91.51754199999999 0.0 0.4
31.632410999999998 -91.514111 0.0 0.4
31.641976999999997 -91.503253 0.0 0.4
31.644465 -91.493318 0.0 0.4
31.636464999999998 -91.48701799999999 0.0 0.4
31.628964999999997 -91.479818 0.0 0.4
31.623765 -91.47111699999999 0.0 0.4
31.619764999999997 -91.46161699999999 0.0 0.4
31.616864999999997 -91.451617 0.0 0.4
31.613965 -91.44141599999999 0.0 0.4
31.611665 -91.43161599999999 0.0 0.4
31.611565 -91.421116 0.0 0.4
31.615776999999998 -91.411332 0.0 0.4
31.620165 -91.402115 0.0 0.4
31.629365 -91.39811499999999 0.0 0.4
31.639264999999998 -91.396115 0.0 0.4
31.649665 -91.396615 0.0 0.4
31.660065 -91.397815 0.0 0.4
31.670665 -91.39861499999999 0.0 0.4
31.680864 -91.399615 0.0 0.4
31.691364 -91.400115 0.0 0.4
31.701663999999997 -91.399215 0.0 0.4
31.711764 -91.396715 0.0 0.4
31.719464 -91.390215 0.0 0.4
31.727864 -91.383915 0.0 0.4
31.738182 -91.376142 0.0 0.4
31.746264 -91.36981399999999 0.0 0.4
31.748741 -91.358746 0.0 0.4
31.749914999999998 -91.348367 0.0 0.4
31.75001 -91.337318 0.0 0.4
31.750052999999998 -91.324445 0.0 0.4
31.748958 -91.313216 0.0 0.4
31.747664 -91.303012 0.0 0.4
31.74526 -91.29281499999999 0.0 0.4
31.744988 -91.281757 0.0 0.4
31.747864 -91.271672 0.0 0.4
31.754164 -91.263711 0.0 0.4
31.764463 -91.260911 0.0 0.4
31.770463 -91.269511 0.0 0.4
31.772163 -91.27981199999999 0.0 0.4
31.770857999999997 -91.290616 0.0 0.4
31.766761 -91.301211 0.0 0.4
31.765181 -91.31130499999999 0.0 0.4
31.763063 -91.32131299999999 0.0 0.4
31.760662999999997 -91.331113 0.0 0.4
31.759062999999998 -91.341814 0.0 0.4
31.757862999999997 -91.35271399999999 0.0 0.4
31.759963 -91.362714 0.0 0.4
31.772682999999997 -91.364441 0.0 0.4
31.782715 -91.363675 0.0 0.4
31.792602 -91.361059 0.0 0.4
31.802561999999998 -91.358414 0.0 0.4
31.811961999999998 -91.35481399999999 0.0 0.4
31.821761 -91.352114 0.0 0.4
31.831360999999998 -91.348614 0.0 0.4
31.841860999999998 -91.345514 0.0 0.4
31.850761 -91.33901399999999 0.0 0.4
31.854460999999997 -91.32911399999999 0.0 0.4
31.855660999999998 -91.319113 0.0 0.4
31.856161 -91.309113 0.0 0.4
31.85906 -91.298913 0.0 0.4
31.852362 -91.291117 0.0 0.4
31.842039 -91.289558 0.0 0.4
31.831560999999997 -91.289912 0.0 0.4
31.821862 -91.286412 0.0 0.4
31.813162 -91.28021199999999 0.0 0.4
31.809362 -91.270012 0.0 0.4
31.810162 -91.259911 0.0 0.4
31.816162 -91.25191099999999 0.0 0.4
31.824977999999998 -91.24641 0.0 0.4
31.836060999999997 -91.25011099999999 0.0 0.4
31.84253 -91.25778799999999 0.0 0.4
31.849760999999997 -91.265112 0.0 0.4
31.85926 -91.268812 0.0 0.4
31.866422 -91.26058499999999 0.0 0.4
31.869477 -91.25011099999999 0.0 0.4
31.874098999999998 -91.24046799999999 0.0 0.4
31.885105 -91.226951 0.0 0.4
31.892816 -91.21800499999999 0.0 0.4
31.899459 -91.210011 0.0 0.4
31.907059 -91.20340999999999 0.0 0.4
31.910103 -91.19272 0.0 0.4
31.915758999999998 -91.18421 0.0 0.4
31.925836 -91.18441 0.0 0.4
31.934158 -91.190524 0.0 0.4
31.944257999999998 -91.19031 0.0 0.4
31.954458 -91.18901 0.0 0.4
31.964557 -91.18561 0.0 0.4
31.971857 -91.17871 0.0 0.4
31.978457 -91.17101 0.0 0.4
31.983057 -91.16091 0.0 0.4
31.983856999999997 -91.15041 0.0 0.4
31.985073999999997 -91.140337 0.0 0.4
31.985704 -91.13024899999999 0.0 0.4
31.986856999999997 -91.120109 0.0 0.4
31.988857 -91.109408 0.0 0.4
31.992601999999998 -91.09969799999999 0.0 0.4
31.998776999999997 -91.09178 0.0 0.4
32.006718 -91.084514 0.0 0.4
32.01589 -91.07670499999999 0.0 0.4
32.024955999999996 -91.08120799999999 0.0 0.4
32.033456 -91.086708 0.0 0.4
32.037554 -91.096408 0.0 0.4
32.039654999999996 -91.107109 0.0 0.4
32.041455 -91.117009 0.0 0.4
32.043155 -91.12710899999999 0.0 0.4
32.044924 -91.136952 0.0 0.4
32.047154 -91.14681 0.0 0.4
32.052054999999996 -91.15561 0.0 0.4
32.060254 -91.16150999999999 0.0 0.4
32.070354 -91.16031 0.0 0.4
32.077554 -91.15290999999999 0.0 0.4
32.081553 -91.14361 0.0 0.4
32.079754 -91.13360899999999 0.0 0.4
32.073453 -91.125709 0.0 0.4
32.060974 -91.116269 0.0 0.4
32.053855 -91.10870899999999 0.0 0.4
32.048555 -91.09960799999999 0.0 0.4
32.047896 -91.08878399999999 0.0 0.4
32.050655 -91.07910799999999 0.0 0.4
32.063195 -91.080398 0.0 0.4
32.074954 -91.081508 0.0 0.4
32.082215999999995 -91.073398 0.0 0.4
32.088896 -91.058984 0.0 0.4
32.09344 -91.049179 0.0 0.4
32.097754 -91.040007 0.0 0.4
32.108153 -91.030507 0.0 0.4
32.119974 -91.030847 0.0 0.4
32.123553 -91.020006 0.0 0.4
32.130252999999996 -91.012506 0.0 0.4
32.139252 -91.006806 0.0 0.4
32.151452 -91.003706 0.0 0.4
32.162051999999996 -91.002906 0.0 0.4
32.160852 -91.016606 0.0 0.4
32.163751999999995 -91.026607 0.0 0.4
32.169878 -91.034961 0.0 0.4
32.175351 -91.04350699999999 0.0 0.4
32.180951 -91.058307 0.0 0.4
32.163751999999995 -91.055707 0.0 0.4
32.155352 -91.049407 0.0 0.4
32.145252 -91.050207 0.0 0.4
32.134381999999995 -91.05203 0.0 0.4
32.124412 -91.053555 0.0 0.4
32.128298 -91.063829 0.0 0.4
32.132782999999996 -91.073678 0.0 0.4
32.133974 -91.083694 0.0 0.4
32.133032 -91.094207 0.0 0.4
32.129922 -91.103828 0.0 0.4
32.125406999999996 -91.11298 0.0 0.4
32.125778 -91.12345599999999 0.0 0.4
32.126706 -91.134248 0.0 0.4
32.13039 -91.1444 0.0 0.4
32.132128 -91.15445199999999 0.0 0.4
32.133505 -91.16445 0.0 0.4
32.1424 -91.170632 0.0 0.4
32.152451 -91.17426999999999 0.0 0.4
32.163987999999996 -91.17370199999999 0.0 0.4
32.176525999999996 -91.17104599999999 0.0 0.4
32.186634999999995 -91.16807299999999 0.0 0.4
32.196888 -91.164171 0.0 0.4
32.20977 -91.14190099999999 0.0 0.4
32.213628 -91.13244399999999 0.0 0.4
32.210254 -91.122705 0.0 0.4
32.20655 -91.113309 0.0 0.4
32.21785 -91.100409 0.0 0.4
32.22385 -91.092108 0.0 0.4
32.22703 -91.0754 0.0 0.4
32.219249 -91.06219399999999 0.0 0.4
32.22795 -91.053107 0.0 0.4
32.237769 -91.050383 0.0 0.4
32.242348 -91.039007 0.0 0.4
32.238749 -91.026607 0.0 0.4
32.230548999999996 -91.015006 0.0 0.4
32.224424 -91.006806 0.0 0.4
32.212849999999996 -91.005006 0.0 0.4
32.19805 -91.00320599999999 0.0 0.4
32.195245 -90.99346299999999 0.0 0.4
32.204309 -90.987723 0.0 0.4
32.215229 -90.982753 0.0 0.4
32.226200999999996 -90.983263 0.0 0.4
32.237988 -90.981893 0.0 0.4
32.248092 -90.97613899999999 0.0 0.4
32.257742 -90.971344 0.0 0.4
32.26525 -90.97966199999999 0.0 0.4
32.275132 -90.983668 0.0 0.4
32.285207 -90.982311 0.0 0.4
32.29497 -90.97806899999999 0.0 0.4
32.297405999999995 -90.96817899999999 0.0 0.4
32.290847 -90.95864 0.0 0.4
32.283198999999996 -90.951352 0.0 0.4
32.287537 -90.93932 0.0 0.4
32.293849 -90.92888099999999 0.0 0.4
32.303582 -90.916157 0.0 0.4
32.310798 -90.90916999999999 0.0 0.4
32.319122 -90.90285399999999 0.0 0.4
32.330379 -90.900722 0.0 0.4
32.338983999999996 -90.894679 0.0 0.4
32.348715999999996 -90.88732499999999 0.0 0.4
32.359313 -90.88127399999999 0.0 0.4
32.368961999999996 -90.87653399999999 0.0 0.4
32.37397 -90.885305 0.0 0.4
32.365342999999996 -90.89333099999999 0.0 0.4
32.355177999999995 -90.897179 0.0 0.4
32.345194 -90.906004 0.0 0.4
32.340876 -90.917136 0.0 0.4
32.344254 -90.93075999999999 0.0 0.4
32.345956 -90.94298099999999 0.0 0.4
32.345858 -90.954583 0.0 0.4
32.347803 -90.965178 0.0 0.4
32.349913 -90.976995 0.0 0.4
32.354047 -90.993625 0.0 0.4
32.360144999999996 -91.002106 0.0 0.4
32.370444 -91.003806 0.0 0.4
32.380544 -91.00100599999999 0.0 0.4
32.392277 -90.994686 0.0 0.4
32.402361 -90.99392399999999 0.0 0.4
32.408243 -90.980723 0.0 0.4
32.414094 -90.97136499999999 0.0 0.4
32.423643 -90.965739 0.0 0.4
32.433873999999996 -90.96644099999999 0.0 0.4
32.443889 -90.974873 0.0 0.4
32.449076999999996 -90.983423 0.0 0.4
32.450762 -90.99331199999999 0.0 0.4
32.446940999999995 -91.002906 0.0 0.4
32.442341 -91.011906 0.0 0.4
32.437742 -91.02110599999999 0.0 0.4
32.433541999999996 -91.030706 0.0 0.4
32.436141 -91.041507 0.0 0.4
32.437841999999996 -91.051407 0.0 0.4
32.443441 -91.06570699999999 0.0 0.4
32.44744 -91.075507 0.0 0.4
32.45344 -91.087108 0.0 0.4
32.459341 -91.096008 0.0 0.4
32.466941 -91.103808 0.0 0.4
32.474539 -91.11080799999999 0.0 0.4
32.48314 -91.116008 0.0 0.4
32.49394 -91.117108 0.0 0.4
32.505235 -91.113564 0.0 0.4
32.514933 -91.106985 0.0 0.4
32.525599 -91.101304 0.0 0.4
32.537214 -91.097949 0.0 0.4
32.549127 -91.09374199999999 0.0 0.4
32.53669 -91.078578 0.0 0.4
32.528185 -91.07048499999999 0.0 0.4
32.518288999999996 -91.064582 0.0 0.4
32.508621999999995 -91.05775299999999 0.0 0.4
32.500138 -91.050907 0.0 0.4
32.49344 -91.04260699999999 0.0 0.4
32.488039 -91.032206 0.0 0.4
32.48494 -91.022606 0.0 0.4
32.483039999999995 -91.01170599999999 0.0 0.4
32.48214 -91.00150599999999 0.0 0.4
32.488561 -90.990089 0.0 0.4
32.498418 -90.987658 0.0 0.4
32.508611 -90.994867 0.0 0.4
32.516371 -91.007075 0.0 0.4
32.521018999999995 -91.018469 0.0 0.4
32.524437 -91.02968899999999 0.0 0.4
32.529168999999996 -91.04553899999999 0.0 0.4
32.533009 -91.056066 0.0 0.4
32.538786 -91.065192 0.0 0.4
32.545079 -91.073306 0.0 0.4
32.553872999999996 -91.07907 0.0 0.4
32.561358 -91.072335 0.0 0.4
32.566590999999995 -91.06223 0.0 0.4
32.573623999999995 -91.049312 0.0 0.4
32.579555 -91.03617 0.0 0.4
32.58638 -91.028504 0.0 0.4
32.593815 -91.020426 0.0 0.4
32.599945 -91.01217799999999 0.0 0.4
32.60978 -91.004599 0.0 0.4
32.620405999999996 -91.00274499999999 0.0 0.4
32.631261 -91.00681999999999 0.0 0.4
32.63944 -91.01338799999999 0.0 0.4
32.645657 -91.02293399999999 0.0 0.4
32.640315 -91.03176099999999 0.0 0.4
32.633555 -91.040042 0.0 0.4
32.622853 -91.04283099999999 0.0 0.4
32.614354999999996 -91.048276 0.0 0.4
32.606449999999995 -91.054495 0.0 0.4
32.60387 -91.066806 0.0 0.4
32.600676 -91.07950699999999 0.0 0.4
32.596317 -91.090087 0.0 0.4
32.593084999999995 -91.100014 0.0 0.4
32.590016999999996 -91.110235 0.0 0.4
32.584795 -91.11985399999999 0.0 0.4
32.587699 -91.12976599999999 0.0 0.4
32.594133 -91.13783099999999 0.0 0.4
32.60197 -91.144894 0.0 0.4
32.613124 -91.150306 0.0 0.4
32.62399 -91.15295499999999 0.0 0.4
32.635227 -91.15374399999999 0.0 0.4
32.644670999999995 -91.148955 0.0 0.4
32.649774 -91.138712 0.0 0.4
32.657942 -91.13203 0.0 0.4
32.667135 -91.126201 0.0 0.4
32.674075 -91.118258 0.0 0.4
32.682434 -91.10444299999999 0.0 0.4
32.687035 -91.09293199999999 0.0 0.4
32.691127 -91.08114499999999 0.0 0.4
32.698639 -91.069234 0.0 0.4
32.708186999999995 -91.060271 0.0 0.4
32.717144999999995 -91.055326 0.0 0.4
32.727494 -91.060766 0.0 0.4
32.730539 -91.071696 0.0 0.4
32.733786 -91.082584 0.0 0.4
32.737192 -91.097258 0.0 0.4
32.739270999999995 -91.11011099999999 0.0 0.4
32.742283 -91.12168199999999 0.0 0.4
32.743107 -91.13169099999999 0.0 0.4
32.741931 -91.1495 0.0 0.4
32.747009 -91.163389 0.0 0.4
32.757841 -91.165814 0.0 0.4
32.767435 -91.162088 0.0 0.4
32.777048 -91.157063 0.0 0.4
32.785821 -91.164397 0.0 0.4
32.79723 -91.162172 0.0 0.4
32.807409 -91.161366 0.0 0.4
32.818472 -91.159471 0.0 0.4
32.826189 -91.152728 0.0 0.4
32.835169 -91.148035 0.0 0.4
32.844738 -91.143559 0.0 0.4
32.850561 -91.134771 0.0 0.4
32.855157999999996 -91.12584 0.0 0.4
32.856083 -91.11447799999999 0.0 0.4
32.860799 -91.10257399999999 0.0 0.4
32.867337 -91.094386 0.0 0.4
32.875127 -91.08475399999999 0.0 0.4
32.882284999999996 -91.07753 0.0 0.4
32.890623999999995 -91.06902 0.0 0.4
32.901063 -91.064449 0.0 0.4
32.913986 -91.06472099999999 0.0 0.4
32.924113 -91.063974 0.0 0.4
32.933780999999996 -91.069344 0.0 0.4
32.941772 -91.078395 0.0 0.4
32.951817999999996 -91.078904 0.0 0.4
32.962486999999996 -91.080308 0.0 0.4
32.976265999999995 -91.08680199999999 0.0 0.4
32.984370999999996 -91.094265 0.0 0.4
32.988512 -91.10398599999999 0.0 0.4
32.987345999999995 -91.115951 0.0 0.4
32.984148999999995 -91.126238 0.0 0.4
32.979656999999996 -91.135517 0.0 0.4
32.969549 -91.137524 0.0 0.4
32.960927999999996 -91.131243 0.0 0.4
32.952756 -91.137863 0.0 0.4
32.941683999999995 -91.134641 0.0 0.4
32.931905 -91.13171899999999 0.0 0.4
32.921172 -91.132736 0.0 0.4
32.911684 -91.139129 0.0 0.4
32.904091 -91.14738299999999 0.0 0.4
32.900476999999995 -91.15693399999999 0.0 0.4
32.899378 -91.16741999999999 0.0 0.4
32.901134 -91.17997199999999 0.0 0.4
32.905001999999996 -91.191762 0.0 0.4
32.909889 -91.201612 0.0 0.4
32.916857 -91.208963 0.0 0.4
32.927197 -91.213972 0.0 0.4
32.937967 -91.21188699999999 0.0 0.4
32.947037 -91.204278 0.0 0.4
32.957332 -91.20203 0.0 0.4
32.96651 -91.195888 0.0 0.4
32.974899 -91.188317 0.0 0.4
32.981378 -91.178927 0.0 0.4
32.988751 -91.171539 0.0 0.4
33.000124 -91.166806 0.0 0.4
33.010585 -91.166366 0.0 0.4
33.01985 -91.16183799999999 0.0 0.4
33.024848 -91.153004 0.0 0.4
33.027313 -91.14321199999999 0.0 0.4
33.030893999999996 -91.13370499999999 0.0 0.4
33.037524 -91.12606699999999 0.0 0.4
33.04726 -91.123471 0.0 0.4
33.057348 -91.120577 0.0 0.4
33.066098 -91.127361 0.0 0.4
33.072189 -91.135634 0.0 0.4
33.078126999999995 -91.145044 0.0 0.4
33.083681 -91.15406399999999 0.0 0.4
33.086286 -91.16416199999999 0.0 0.4
33.089402 -91.173766 0.0 0.4
33.097318 -91.180093 0.0 0.4
33.101639999999996 -91.18928 0.0 0.4
33.105838999999996 -91.198582 0.0 0.4
33.115579 -91.20152999999999 0.0 0.4
33.125664 -91.20111 0.0 0.4
33.134395999999995 -91.19508599999999 0.0 0.4
33.140574 -91.187091 0.0 0.4
33.142222 -91.176806 0.0 0.4
33.142559999999996 -91.16678399999999 0.0 0.4
33.138521 -91.157476 0.0 0.4
33.131006 -91.150722 0.0 0.4
33.129571 -91.140266 0.0 0.4
33.128983 -91.129767 0.0 0.4
33.129186 -91.119413 0.0 0.4
33.129574 -91.10857999999999 0.0 0.4
33.131862 -91.09710299999999 0.0 0.4
33.135397999999995 -91.087651 0.0 0.4
33.14559 -91.083274 0.0 0.4
33.157824999999995 -91.08104399999999 0.0 0.4
33.170308999999996 -91.08004799999999 0.0 0.4
33.182213 -91.080787 0.0 0.4
33.191981 -91.08485499999999 0.0 0.4
33.202498 -91.091436 0.0 0.4
33.211679 -91.096621 0.0 0.4
33.220754 -91.091701 0.0 0.4
33.222251 -91.08168599999999 0.0 0.4
33.226960999999996 -91.072758 0.0 0.4
33.233841999999996 -91.065472 0.0 0.4
33.241524 -91.05879499999999 0.0 0.4
33.248946 -91.051985 0.0 0.4
33.258369 -91.048215 0.0 0.4
33.267792 -91.044506 0.0 0.4
33.277844 -91.04463299999999 0.0 0.4
33.285115 -91.05167499999999 0.0 0.4
33.287169999999996 -91.06150000000001 0.0 0.4
33.285885 -91.07256699999999 0.0 0.4
33.280986 -91.08139399999999 0.0 0.4
33.272301999999996 -91.086485 0.0 0.4
33.262515 -91.089041 0.0 0.4
33.253158 -91.092709 0.0 0.4
33.243483999999995 -91.096211 0.0 0.4
33.241914 -91.10626599999999 0.0 0.4
33.249684 -91.11263199999999 0.0 0.4
33.258823 -91.11671899999999 0.0 0.4
33.265851999999995 -91.124033 0.0 0.4
33.276035 -91.12534699999999 0.0 0.4
33.284701 -91.130415 0.0 0.4
33.293107 -91.13654799999999 0.0 0.4
33.301860999999995 -91.141482 0.0 0.4
33.31194 -91.141452 0.0 0.4
33.32202 -91.142466 0.0 0.4
33.332057 -91.142405 0.0 0.4
33.342191 -91.141255 0.0 0.4
33.352029 -91.139316 0.0 0.4
33.356994 -91.130589 0.0 0.4
33.362414 -91.12196399999999 0.0 0.4
33.370315999999995 -91.115437 0.0 0.4
33.378122 -91.10864699999999 0.0 0.4
33.386094 -91.102605 0.0 0.4
33.392781 -91.095129 0.0 0.4
33.398675 -91.086871 0.0 0.4
33.403946 -91.07813 0.0 0.4
33.411111 -91.07104 0.0 0.4
33.418777999999996 -91.064194 0.0 0.4
33.427259 -91.05878899999999 0.0 0.4
33.43741 -91.057727 0.0 0.4
33.447634 -91.058312 0.0 0.4
33.454415 -91.06590299999999 0.0 0.4
33.455594999999995 -91.076217 0.0 0.4
33.452109 -91.085774 0.0 0.4
33.444804 -91.092638 0.0 0.4
33.435703 -91.096977 0.0 0.4
33.425729 -91.09543599999999 0.0 0.4
33.415675 -91.09558799999999 0.0 0.4
33.406582 -91.100025 0.0 0.4
33.398572 -91.10770099999999 0.0 0.4
33.392058999999996 -91.115352 0.0 0.4
33.387188 -91.12419 0.0 0.4
33.383351 -91.13354799999999 0.0 0.4
33.379694 -91.14296 0.0 0.4
33.378769 -91.153201 0.0 0.4
33.37966 -91.16331199999999 0.0 0.4
33.381571 -91.173406 0.0 0.4
33.385645 -91.18300599999999 0.0 0.4
33.390252 -91.191897 0.0 0.4
33.39602 -91.200284 0.0 0.4
33.402096 -91.20826799999999 0.0 0.4
33.412047 -91.20688899999999 0.0 0.4
33.418285 -91.198999 0.0 0.4
33.418462999999996 -91.188971 0.0 0.4
33.417182 -91.179028 0.0 0.4
33.41997 -91.169377 0.0 0.4
33.423179999999995 -91.15971599999999 0.0 0.4
33.426435 -91.150138 0.0 0.4
33.4272 -91.14010499999999 0.0 0.4
33.431308 -91.13097599999999 0.0 0.4
33.439653 -91.12521699999999 0.0 0.4
33.447258999999995 -91.118338 0.0 0.4
33.457558 -91.11765799999999 0.0 0.4
33.467484999999996 -91.12119799999999 0.0 0.4
33.47604 -91.126623 0.0 0.4
33.482966 -91.134115 0.0 0.4
33.48958 -91.144509 0.0 0.4
33.494793 -91.15536499999999 0.0 0.4
33.498311 -91.165065 0.0 0.4
33.49343 -91.174264 0.0 0.4
33.483858999999995 -91.17747299999999 0.0 0.4
33.473686 -91.176186 0.0 0.4
33.464221 -91.17258299999999 0.0 0.4
33.454431 -91.170344 0.0 0.4
33.445771 -91.175654 0.0 0.4
33.439852 -91.183917 0.0 0.4
33.436735999999996 -91.19346399999999 0.0 0.4
33.434435 -91.203316 0.0 0.4
33.434075 -91.213315 0.0 0.4
33.435899 -91.223209 0.0 0.4
33.438195 -91.233047 0.0 0.4
33.448201 -91.233 0.0 0.4
33.45793 -91.230177 0.0 0.4
33.463009 -91.221549 0.0 0.4
33.466668 -91.21193799999999 0.0 0.4
33.474139 -91.20522199999999 0.0 0.4
33.482639 -91.199848 0.0 0.4
33.490212 -91.193209 0.0 0.4
33.496649 -91.185231 0.0 0.4
33.506793 -91.184613 0.0 0.4
33.511856 -91.194233 0.0 0.4
33.517376 -91.203653 0.0 0.4
33.523596999999995 -91.212631 0.0 0.4
33.53129 -91.220294 0.0 0.4
33.53998 -91.225793 0.0 0.4
33.550053 -91.231814 0.0 0.4
33.560030999999995 -91.23454699999999 0.0 0.4
33.567451999999996 -91.22699899999999 0.0 0.4
33.569171 -91.21669 0.0 0.4
33.569364 -91.206201 0.0 0.4
33.56832 -91.195414 0.0 0.4
33.567263 -91.184936 0.0 0.4
33.567768 -91.174539 0.0 0.4
33.570496 -91.164064 0.0 0.4
33.575601 -91.154574 0.0 0.4
33.583666 -91.14421399999999 0.0 0.4
33.590871 -91.136191 0.0 0.4
33.599134 -91.130397 0.0 0.4
33.609204 -91.12872999999999 0.0 0.4
33.618984 -91.132368 0.0 0.4
33.627905999999996 -91.138521 0.0 0.4
33.634913 -91.14803099999999 0.0 0.4
33.641808999999995 -91.15827999999999 0.0 0.4
33.647794 -91.168391 0.0 0.4
33.652049999999996 -91.17766999999999 0.0 0.4
33.65457 -91.187444 0.0 0.4
33.655439 -91.19762399999999 0.0 0.4
33.655991 -91.208201 0.0 0.4
33.659334 -91.217631 0.0 0.4
33.666109 -91.225293 0.0 0.4
33.675047 -91.230296 0.0 0.4
33.685331999999995 -91.229599 0.0 0.4
33.693739 -91.223914 0.0 0.4
33.699062 -91.215434 0.0 0.4
33.701099 -91.20543599999999 0.0 0.4
33.701440999999996 -91.19513099999999 0.0 0.4
33.701518 -91.184201 0.0 0.4
33.701974 -91.174067 0.0 0.4
33.704544 -91.16417899999999 0.0 0.4
33.698039 -91.15202099999999 0.0 0.4
33.689596 -91.144188 0.0 0.4
33.681622 -91.137453 0.0 0.4
33.674455 -91.13022099999999 0.0 0.4
33.669895 -91.120677 0.0 0.4
33.666097 -91.111375 0.0 0.4
33.661479 -91.102216 0.0 0.4
33.657965 -91.092173 0.0 0.4
33.657689 -91.08197899999999 0.0 0.4
33.660496 -91.07221799999999 0.0 0.4
33.664772 -91.062923 0.0 0.4
33.667677 -91.05326099999999 0.0 0.4
33.669399 -91.042367 0.0 0.4
33.674178999999995 -91.033523 0.0 0.4
33.684163 -91.03022899999999 0.0 0.4
33.692032999999995 -91.03673599999999 0.0 0.4
33.701029 -91.042022 0.0 0.4
33.708580999999995 -91.049601 0.0 0.4
33.714203999999995 -91.058572 0.0 0.4
33.716167 -91.068392 0.0 0.4
33.713178 -91.078094 0.0 0.4
33.708506 -91.087166 0.0 0.4
33.705487999999995 -91.097965 0.0 0.4
33.704974 -91.10807 0.0 0.4
33.705585 -91.11828299999999 0.0 0.4
33.711092 -91.128569 0.0 0.4
33.721478999999995 -91.139859 0.0 0.4
33.728758 -91.14683699999999 0.0 0.4
33.739194 -91.147403 0.0 0.4
33.748601 -91.143903 0.0 0.4
33.758521 -91.14102 0.0 0.4
33.767841 -91.144995 0.0 0.4
33.776588 -91.140031 0.0 0.4
33.783536999999995 -91.132306 0.0 0.4
33.781302 -91.12217 0.0 0.4
33.775515999999996 -91.11319499999999 0.0 0.4
33.772436 -91.103188 0.0 0.4
33.773289 -91.090744 0.0 0.4
33.774211 -91.078936 0.0 0.4
33.775403 -91.06889 0.0 0.4
33.777119 -91.058657 0.0 0.4
33.775503 -91.04825 0.0 0.4
33.770728 -91.03929099999999 0.0 0.4
33.76603 -91.02968399999999 0.0 0.4
33.76412 -91.019367 0.0 0.4
33.765969 -91.00896499999999 0.0 0.4
33.769641 -90.99932 0.0 0.4
33.776328 -90.99161699999999 0.0 0.4
33.786124 -90.988867 0.0 0.4
33.795131999999995 -90.99445999999999 0.0 0.4
33.800838999999996 -91.003177 0.0 0.4
33.803537 -91.01307 0.0 0.4
33.805372999999996 -91.02301899999999 0.0 0.4
33.808105 -91.03282999999999 0.0 0.4
33.812207 -91.04248199999999 0.0 0.4
33.820145 -91.052408 0.0 0.4
33.828756 -91.059484 0.0 0.4
33.837475 -91.066079 0.0 0.4
33.846426 -91.070554 0.0 0.4
33.85727 -91.072795 0.0 0.4
33.867294 -91.072772 0.0 0.4
33.875966999999996 -91.066344 0.0 0.4
33.883054 -91.055387 0.0 0.4
33.888456999999995 -91.04660899999999 0.0 0.4
33.894736 -91.038545 0.0 0.4
33.902436 -91.030498 0.0 0.4
33.912181 -91.021969 0.0 0.4
33.921758 -91.01419899999999 0.0 0.4
33.931007 -91.010177 0.0 0.4
33.940003 -91.01512199999999 0.0 0.4
33.943588 -91.025044 0.0 0.4
33.945547999999995 -91.035777 0.0 0.4
33.947582 -91.046887 0.0 0.4
33.950632 -91.062294 0.0 0.4
33.952852 -91.073017 0.0 0.4
33.95554 -91.082942 0.0 0.4
33.963228 -91.089349 0.0 0.4
33.973777 -91.09032499999999 0.0 0.4
33.985118 -91.09056 0.0 0.4
33.995623 -91.08993099999999 0.0 0.4
34.005634 -91.086637 0.0 0.4
34.009245 -91.07702499999999 0.0 0.4
34.005794 -91.067582 0.0 0.4
33.998978 -91.059071 0.0 0.4
33.993161 -91.05025499999999 0.0 0.4
33.993184 -91.03942599999999 0.0 0.4
33.997265999999996 -91.030002 0.0 0.4
34.002753999999996 -91.019803 0.0 0.4
33.994596 -91.01384999999999 0.0 0.4
33.985434 -91.00949299999999 0.0 0.4
33.976282999999995 -91.004699 0.0 0.4
33.96696 -91.000568 0.0 0.4
33.96174 -90.991339 0.0 0.4
33.960184999999996 -90.98067499999999 0.0 0.4
33.962122 -90.97049899999999 0.0 0.4
33.970028 -90.962817 0.0 0.4
33.980351 -90.961885 0.0 0.4
33.988436 -90.968147 0.0 0.4
33.995248 -90.97563799999999 0.0 0.4
34.003509 -90.98131699999999 0.0 0.4
34.012755 -90.98534099999999 0.0 0.4
34.022186999999995 -90.980676 0.0 0.4
34.025568 -90.971082 0.0 0.4
34.026894999999996 -90.96092999999999 0.0 0.4
34.024150999999996 -90.94291899999999 0.0 0.4
34.022279999999995 -90.932797 0.0 0.4
34.021388 -90.921421 0.0 0.4
34.022055 -90.910842 0.0 0.4
34.023925 -90.90060199999999 0.0 0.4
34.027941999999996 -90.891243 0.0 0.4
34.036999 -90.886692 0.0 0.4
34.047436999999995 -90.88715599999999 0.0 0.4
34.058330999999995 -90.886352 0.0 0.4
34.067651 -90.87856699999999 0.0 0.4
34.075705 -90.872501 0.0 0.4
34.085851999999996 -90.871748 0.0 0.4
34.093835 -90.877888 0.0 0.4
34.097752 -90.8879 0.0 0.4
34.095800000000004 -90.898038 0.0 0.4
34.093624 -90.90798099999999 0.0 0.4
34.092739 -90.91823099999999 0.0 0.4
34.098296 -90.928654 0.0 0.4
34.103612999999996 -90.937626 0.0 0.4
34.109573999999995 -90.947689 0.0 0.4
34.117143999999996 -90.95451399999999 0.0 0.4
