47.47961 -115.629488 0.0 0.4
47.480191 -115.640434 0.0 0.4
47.477540999999995 -115.651417 0.0 0.4
47.480931999999996 -115.661069 0.0 0.4
47.488679 -115.667683 0.0 0.4
47.486385 -115.677474 0.0 0.4
47.489914 -115.687145 0.0 0.4
47.499634 -115.68976 0.0 0.4
47.503124 -115.699408 0.0 0.4
47.511407999999996 -115.705943 0.0 0.4
47.519936 -115.71135699999999 0.0 0.4
47.525931 -115.702826 0.0 0.4
47.533522 -115.709596 0.0 0.4
47.533491 -115.720675 0.0 0.4
47.535812 -115.73048299999999 0.0 0.4
47.538287 -115.740746 0.0 0.4
47.541439999999994 -115.750314 0.0 0.4
47.551088 -115.755356 0.0 0.4
47.556931 -115.74716 0.0 0.4
47.564113 -115.739637 0.0 0.4
47.569585 -115.730696 0.0 0.4
47.575381 -115.722037 0.0 0.4
47.577743 -115.71187499999999 0.0 0.4
47.585043 -115.704782 0.0 0.4
47.590019999999996 -115.695443 0.0 0.4
47.599827 -115.693261 0.0 0.4
47.608768999999995 -115.697786 0.0 0.4
47.61723 -115.691899 0.0 0.4
47.625842 -115.697451 0.0 0.4
47.633241999999996 -115.705769 0.0 0.4
47.636410999999995 -115.716019 0.0 0.4
47.639832 -115.725507 0.0 0.4
47.647109 -115.73276 0.0 0.4
47.657759999999996 -115.733621 0.0 0.4
47.667859 -115.732347 0.0 0.4
47.67715 -115.72695 0.0 0.4
47.687121 -115.725401 0.0 0.4
47.698913 -115.726022 0.0 0.4
47.706531999999996 -115.734928 0.0 0.4
47.711881999999996 -115.743419 0.0 0.4
47.716753 -115.75279 0.0 0.4
47.717892 -115.762741 0.0 0.4
47.717599 -115.772902 0.0 0.4
47.725418999999995 -115.781347 0.0 0.4
47.735363 -115.782841 0.0 0.4
47.745574999999995 -115.782822 0.0 0.4
47.751155999999995 -115.792525 0.0 0.4
47.757622999999995 -115.800969 0.0 0.4
47.756043 -115.810947 0.0 0.4
47.753707999999996 -115.820808 0.0 0.4
47.755036 -115.83091 0.0 0.4
47.764022999999995 -115.83551299999999 0.0 0.4
47.773986 -115.837043 0.0 0.4
47.78255 -115.84422599999999 0.0 0.4
47.793164 -115.845795 0.0 0.4
47.803441 -115.847328 0.0 0.4
47.813652999999995 -115.846032 0.0 0.4
47.822786 -115.85058599999999 0.0 0.4
47.829767999999994 -115.857994 0.0 0.4
47.833675 -115.867359 0.0 0.4
47.841196 -115.874242 0.0 0.4
47.848827 -115.880806 0.0 0.4
47.846463 -115.890862 0.0 0.4
47.843064 -115.900934 0.0 0.4
47.851377 -115.907534 0.0 0.4
47.853474999999996 -115.91767899999999 0.0 0.4
47.86201 -115.922898 0.0 0.4
47.869651999999995 -115.929686 0.0 0.4
47.87743 -115.936022 0.0 0.4
47.885208 -115.942709 0.0 0.4
47.890856 -115.95155 0.0 0.4
47.897298 -115.959213 0.0 0.4
47.903954 -115.966948 0.0 0.4
47.914063 -115.968692 0.0 0.4
47.914643999999996 -115.979038 0.0 0.4
47.923061999999994 -115.985315 0.0 0.4
47.929082 -115.993403 0.0 0.4
47.938207 -115.998031 0.0 0.4
47.943341 -116.006659 0.0 0.4
47.953013999999996 -116.009946 0.0 0.4
47.96002 -116.017098 0.0 0.4
47.966764999999995 -116.024926 0.0 0.4
47.972352 -116.03336 0.0 0.4
47.974354999999996 -116.043719 0.0 0.4
47.983404 -116.049103 0.0 0.4
47.994447 -116.049116 0.0 0.4
48.006481 -116.04911799999999 0.0 0.4
48.021508 -116.049121 0.0 0.4
48.033136 -116.049117 0.0 0.4
48.043222 -116.049117 0.0 0.4
48.053733 -116.049119 0.0 0.4
48.065107 -116.049106 0.0 0.4
48.075246 -116.049084 0.0 0.4
48.086496999999994 -116.049064 0.0 0.4
48.100823999999996 -116.049024 0.0 0.4
48.119445999999996 -116.04902799999999 0.0 0.4
48.130725 -116.048965 0.0 0.4
48.146851 -116.04905 0.0 0.4
48.162977 -116.049054 0.0 0.4
48.173204 -116.049039 0.0 0.4
48.183693 -116.049032 0.0 0.4
48.194094 -116.049026 0.0 0.4
48.20966 -116.049014 0.0 0.4
48.229361 -116.048978 0.0 0.4
48.249649999999995 -116.048947 0.0 0.4
48.261185999999995 -116.04894999999999 0.0 0.4
48.274619 -116.048953 0.0 0.4
48.308695 -116.048965 0.0 0.4
48.320513999999996 -116.048969 0.0 0.4
48.332943 -116.048956 0.0 0.4
48.343610999999996 -116.048958 0.0 0.4
48.356732 -116.048982 0.0 0.4
48.384699 -116.04899 0.0 0.4
48.394763999999995 -116.049007 0.0 0.4
48.413132 -116.04903999999999 0.0 0.4
48.438266999999996 -116.04909 0.0 0.4
48.480872999999995 -116.049068 0.0 0.4
48.502061999999995 -116.049058 0.0 0.4
48.515333999999996 -116.049025 0.0 0.4
48.53169 -116.049014 0.0 0.4
48.544626 -116.048985 0.0 0.4
48.557950999999996 -116.048964 0.0 0.4
48.573209999999996 -116.048937 0.0 0.4
48.585283 -116.049086 0.0 0.4
48.595548 -116.049083 0.0 0.4
48.607285999999995 -116.049057 0.0 0.4
48.61736 -116.049063 0.0 0.4
48.630102 -116.049049 0.0 0.4
48.640674999999995 -116.049036 0.0 0.4
48.655594 -116.049048 0.0 0.4
48.666292999999996 -116.049034 0.0 0.4
48.679293 -116.048991 0.0 0.4
48.689336999999995 -116.04896 0.0 0.4
48.705346 -116.048945 0.0 0.4
48.716918 -116.048953 0.0 0.4
48.731429 -116.048957 0.0 0.4
48.748641 -116.048975 0.0 0.4
48.760472 -116.049059 0.0 0.4
48.778994999999995 -116.04907299999999 0.0 0.4
48.791436999999995 -116.04908 0.0 0.4
48.808037999999996 -116.04908499999999 0.0 0.4
48.818419 -116.04908499999999 0.0 0.4
48.828857 -116.049089 0.0 0.4
48.844345 -116.049097 0.0 0.4
48.854766999999995 -116.049088 0.0 0.4
48.866237 -116.049084 0.0 0.4
48.884733999999995 -116.049076 0.0 0.4
48.896862 -116.049074 0.0 0.4
48.906999 -116.04907299999999 0.0 0.4
48.917626 -116.049078 0.0 0.4
48.931014999999995 -116.049089 0.0 0.4
48.941387999999996 -116.049098 0.0 0.4
48.957755 -116.04912 0.0 0.4
48.968286 -116.049128 0.0 0.4
48.979034999999996 -116.049129 0.0 0.4
48.990649999999995 -116.049108 0.0 0.4
49.000671 -116.049087 0.0 0.4
49.000882 -116.021364 0.0 0.4
49.000896999999995 -116.008959 0.0 0.4
49.000913999999995 -115.995004 0.0 0.4
49.000935999999996 -115.975499 0.0 0.4
49.000944999999994 -115.964439 0.0 0.4
49.000955999999995 -115.950416 0.0 0.4
49.000963999999996 -115.938642 0.0 0.4
49.000977999999996 -115.911862 0.0 0.4
49.000989 -115.894126 0.0 0.4
49.000991 -115.876071 0.0 0.4
49.000986999999995 -115.848154 0.0 0.4
49.000983 -115.836517 0.0 0.4
49.000977 -115.824046 0.0 0.4
49.000969999999995 -115.811574 0.0 0.4
49.000961 -115.799103 0.0 0.4
49.000954 -115.7883 0.0 0.4
49.000944999999994 -115.777497 0.0 0.4
49.000935999999996 -115.766694 0.0 0.4
49.000924 -115.753972 0.0 0.4
49.000910999999995 -115.741251 0.0 0.4
49.000896999999995 -115.72853 0.0 0.4
49.000882 -115.716586 0.0 0.4
49.000865999999995 -115.704643 0.0 0.4
49.000848 -115.692699 0.0 0.4
49.00083 -115.681981 0.0 0.4
49.00081 -115.670731 0.0 0.4
49.000792 -115.659299 0.0 0.4
49.000782 -115.646646 0.0 0.4
49.000782 -115.63373899999999 0.0 0.4
49.000761 -115.622523 0.0 0.4
49.000727999999995 -115.605387 0.0 0.4
49.000689 -115.587833 0.0 0.4
49.000665999999995 -115.577656 0.0 0.4
49.000634 -115.559596 0.0 0.4
49.000599 -115.545915 0.0 0.4
49.000575 -115.535608 0.0 0.4
49.000535 -115.518725 0.0 0.4
49.000502 -115.505299 0.0 0.4
49.000474 -115.494789 0.0 0.4
49.000429999999994 -115.478448 0.0 0.4
49.000384999999994 -115.464592 0.0 0.4
49.000322 -115.441319 0.0 0.4
49.000256 -115.421792 0.0 0.4
49.000226999999995 -115.411684 0.0 0.4
49.00016 -115.39216 0.0 0.4
49.000102 -115.376017 0.0 0.4
49.000060999999995 -115.365481 0.0 0.4
48.999992999999996 -115.347225 0.0 0.4
48.999945 -115.334838 0.0 0.4
48.999894999999995 -115.322451 0.0 0.4
48.999843 -115.310064 0.0 0.4
48.999790999999995 -115.297676 0.0 0.4
48.999739999999996 -115.285968 0.0 0.4
48.999693 -115.27542 0.0 0.4
48.999641999999994 -115.264516 0.0 0.4
48.999635999999995 -115.251047 0.0 0.4
48.999638 -115.240008 0.0 0.4
48.999638999999995 -115.228036 0.0 0.4
48.999637 -115.210865 0.0 0.4
48.999634 -115.196151 0.0 0.4
48.999629 -115.183364 0.0 0.4
48.999629 -115.17231699999999 0.0 0.4
48.999634 -115.155237 0.0 0.4
48.999638 -115.143642 0.0 0.4
48.99964 -115.132047 0.0 0.4
48.999641999999994 -115.120452 0.0 0.4
48.999641999999994 -115.108857 0.0 0.4
48.99964 -115.095475 0.0 0.4
48.999638 -115.08441 0.0 0.4
48.999632999999996 -115.070429 0.0 0.4
48.999626 -115.057142 0.0 0.4
48.999663 -115.045982 0.0 0.4
48.999714 -115.032242 0.0 0.4
48.999756999999995 -115.020699 0.0 0.4
48.999798 -115.009156 0.0 0.4
48.999838 -114.997613 0.0 0.4
48.999876 -114.98668 0.0 0.4
48.99991 -114.976214 0.0 0.4
48.999961 -114.960183 0.0 0.4
48.999998999999995 -114.947838 0.0 0.4
49.000035 -114.935493 0.0 0.4
49.00007 -114.923149 0.0 0.4
49.000101 -114.912243 0.0 0.4
49.000138 -114.898322 0.0 0.4
49.000184999999995 -114.879526 0.0 0.4
49.000226999999995 -114.86121299999999 0.0 0.4
49.00025 -114.85105 0.0 0.4
49.000271999999995 -114.840105 0.0 0.4
49.000294 -114.82916 0.0 0.4
49.000315 -114.818216 0.0 0.4
49.000335 -114.807271 0.0 0.4
49.000353 -114.796326 0.0 0.4
49.000372 -114.781625 0.0 0.4
49.0004 -114.768721 0.0 0.4
49.000439 -114.748699 0.0 0.4
49.000477 -114.737874 0.0 0.4
49.000513999999995 -114.72705 0.0 0.4
49.000554 -114.712995 0.0 0.4
49.000623 -114.691009 0.0 0.4
49.000661 -114.678303 0.0 0.4
49.000707999999996 -114.664204 0.0 0.4
49.000794 -114.631973 0.0 0.4
49.000823999999994 -114.621204 0.0 0.4
49.000988 -114.5471 0.0 0.4
49.001053999999996 -114.506155 0.0 0.4
49.001095 -114.478408 0.0 0.4
49.001093999999995 -114.458627 0.0 0.4
49.001101999999996 -114.438472 0.0 0.4
49.001104999999995 -114.423553 0.0 0.4
49.001107 -114.40760399999999 0.0 0.4
49.001107999999995 -114.363969 0.0 0.4
49.001022999999996 -114.34839 0.0 0.4
49.000935 -114.334855 0.0 0.4
49.000845999999996 -114.32132 0.0 0.4
49.000768 -114.309872 0.0 0.4
49.000679 -114.296949 0.0 0.4
49.000594 -114.284763 0.0 0.4
49.000507 -114.272577 0.0 0.4
49.000419 -114.260391 0.0 0.4
49.000332 -114.24847199999999 0.0 0.4
48.999863 -114.18771 0.0 0.4
48.999700999999995 -114.167574 0.0 0.4
48.999598 -114.154886 0.0 0.4
48.999493 -114.142198 0.0 0.4
48.999379999999995 -114.128623 0.0 0.4
48.999171999999994 -114.10381 0.0 0.4
48.998863 -114.068179 0.0 0.4
48.998841999999996 -114.049948 0.0 0.4
48.998781 -113.995723 0.0 0.4
48.998729999999995 -113.960408 0.0 0.4
48.998718 -113.949229 0.0 0.4
48.998711 -113.938763 0.0 0.4
48.998674 -113.905435 0.0 0.4
48.998607 -113.893443 0.0 0.4
48.998442 -113.864169 0.0 0.4
48.998084 -113.797433 0.0 0.4
48.997853 -113.755451 0.0 0.4
48.997733 -113.734645 0.0 0.4
48.997662999999996 -113.722872 0.0 0.4
48.997592 -113.711099 0.0 0.4
48.997502999999995 -113.694765 0.0 0.4
48.997567 -113.68333 0.0 0.4
48.997695 -113.660439 0.0 0.4
48.997817 -113.638495 0.0 0.4
48.997976 -113.60914 0.0 0.4
48.998051 -113.595428 0.0 0.4
48.99812 -113.58246 0.0 0.4
48.997969999999995 -113.551121 0.0 0.4
48.997862 -113.528943 0.0 0.4
48.997873999999996 -113.517228 0.0 0.4
48.997895 -113.507171 0.0 0.4
48.997982 -113.466436 0.0 0.4
48.998062 -113.407326 0.0 0.4
48.998096999999994 -113.37891 0.0 0.4
48.998129999999996 -113.357317 0.0 0.4
48.998148 -113.34351 0.0 0.4
48.998171 -113.32795 0.0 0.4
48.998194 -113.310933 0.0 0.4
48.998245 -113.271828 0.0 0.4
48.998264999999996 -113.255013 0.0 0.4
48.998283 -113.241049 0.0 0.4
48.998396 -113.16551799999999 0.0 0.4
48.998416 -113.152002 0.0 0.4
48.998428999999994 -113.141589 0.0 0.4
48.998447 -113.129235 0.0 0.4
48.998461999999996 -113.117097 0.0 0.4
48.998476 -113.104959 0.0 0.4
48.998492 -113.09209 0.0 0.4
48.998509 -113.077895 0.0 0.4
48.998523 -113.064363 0.0 0.4
48.998539 -113.053278 0.0 0.4
48.998557 -113.037676 0.0 0.4
48.998574 -113.02597 0.0 0.4
48.998591 -113.01399 0.0 0.4
48.998605 -113.002147 0.0 0.4
48.998619 -112.990304 0.0 0.4
48.998594999999995 -112.977866 0.0 0.4
48.998568999999996 -112.965428 0.0 0.4
48.998542 -112.95299 0.0 0.4
48.9985 -112.933628 0.0 0.4
48.998486 -112.912453 0.0 0.4
48.998492999999996 -112.90096 0.0 0.4
48.998498999999995 -112.889466 0.0 0.4
48.998507 -112.878168 0.0 0.4
48.998512999999996 -112.866869 0.0 0.4
48.998526 -112.844777 0.0 0.4
48.998532 -112.833984 0.0 0.4
48.998537999999996 -112.82319 0.0 0.4
48.998545 -112.812616 0.0 0.4
48.998552 -112.802041 0.0 0.4
48.998557 -112.791467 0.0 0.4
48.998568 -112.778893 0.0 0.4
48.99858 -112.760197 0.0 0.4
48.998594999999995 -112.74856199999999 0.0 0.4
48.998608 -112.736926 0.0 0.4
48.998619999999995 -112.725291 0.0 0.4
48.998633 -112.714964 0.0 0.4
48.998644999999996 -112.704636 0.0 0.4
48.998656 -112.694309 0.0 0.4
48.998664 -112.68216 0.0 0.4
48.998672 -112.670012 0.0 0.4
48.998678 -112.65786299999999 0.0 0.4
48.998687 -112.646778 0.0 0.4
48.998694 -112.635693 0.0 0.4
48.998701 -112.624607 0.0 0.4
48.998706 -112.614417 0.0 0.4
48.998709999999996 -112.604226 0.0 0.4
48.998712999999995 -112.594036 0.0 0.4
48.998726 -112.574281 0.0 0.4
48.998732999999994 -112.555997 0.0 0.4
48.99874 -112.523509 0.0 0.4
48.998743999999995 -112.506654 0.0 0.4
48.998746 -112.494372 0.0 0.4
48.998705 -112.483401 0.0 0.4
48.998663 -112.472431 0.0 0.4
48.998622999999995 -112.461403 0.0 0.4
48.998585999999996 -112.451395 0.0 0.4
48.998548 -112.441265 0.0 0.4
48.998580999999994 -112.427825 0.0 0.4
48.998619999999995 -112.416301 0.0 0.4
48.998656999999994 -112.404777 0.0 0.4
48.998694 -112.393253 0.0 0.4
48.998692999999996 -112.380105 0.0 0.4
48.998692999999996 -112.368669 0.0 0.4
48.998686 -112.351084 0.0 0.4
48.998689 -112.334329 0.0 0.4
48.998689999999996 -112.322428 0.0 0.4
48.998689999999996 -112.310526 0.0 0.4
48.998692 -112.298631 0.0 0.4
48.998689 -112.28858 0.0 0.4
48.998687999999994 -112.278535 0.0 0.4
48.998687999999994 -112.258591 0.0 0.4
48.998684999999995 -112.207934 0.0 0.4
48.998681999999995 -112.193409 0.0 0.4
48.998678999999996 -112.159632 0.0 0.4
48.998681 -112.149562 0.0 0.4
48.998681 -112.134983 0.0 0.4
48.998681 -112.119286 0.0 0.4
48.998678 -112.100986 0.0 0.4
48.998677 -112.088692 0.0 0.4
48.998674 -112.076399 0.0 0.4
48.99867 -112.064106 0.0 0.4
48.998667999999995 -112.050614 0.0 0.4
48.998664999999995 -112.037122 0.0 0.4
48.998658999999996 -112.02363 0.0 0.4
48.998574 -112.003776 0.0 0.4
48.9985 -111.986943 0.0 0.4
48.998447999999996 -111.973884 0.0 0.4
48.998401 -111.962897 0.0 0.4
48.998321 -111.941807 0.0 0.4
48.998236 -111.92039199999999 0.0 0.4
48.998173 -111.904675 0.0 0.4
48.99807 -111.881932 0.0 0.4
48.997935 -111.854112 0.0 0.4
48.997600999999996 -111.780258 0.0 0.4
48.997519999999994 -111.761987 0.0 0.4
48.997465 -111.749448 0.0 0.4
48.997367999999994 -111.727122 0.0 0.4
48.997313999999996 -111.714719 0.0 0.4
48.997259 -111.702315 0.0 0.4
48.997212999999995 -111.691417 0.0 0.4
48.997164999999995 -111.680518 0.0 0.4
48.997116999999996 -111.66962 0.0 0.4
48.99707 -111.658558 0.0 0.4
48.997022 -111.647496 0.0 0.4
48.996973 -111.636433 0.0 0.4
48.996919999999996 -111.625489 0.0 0.4
48.996866999999995 -111.614544 0.0 0.4
48.996812999999996 -111.6036 0.0 0.4
48.996722 -111.58499499999999 0.0 0.4
48.996694 -111.565862 0.0 0.4
48.996728 -111.546198 0.0 0.4
48.996750999999996 -111.533616 0.0 0.4
48.996772 -111.521033 0.0 0.4
48.996798999999996 -111.50747 0.0 0.4
48.996824 -111.49390700000001 0.0 0.4
48.996848 -111.480344 0.0 0.4
48.996871 -111.468597 0.0 0.4
48.996891999999995 -111.456851 0.0 0.4
48.996911999999995 -111.445105 0.0 0.4
48.996936999999996 -111.432821 0.0 0.4
48.996961999999996 -111.41936 0.0 0.4
48.996981999999996 -111.408253 0.0 0.4
48.997006 -111.395941 0.0 0.4
48.997029 -111.383629 0.0 0.4
48.997056 -111.370221 0.0 0.4
48.997082 -111.356813 0.0 0.4
48.997107 -111.344299 0.0 0.4
48.99713 -111.331786 0.0 0.4
48.997150999999995 -111.320014 0.0 0.4
48.997178999999996 -111.305656 0.0 0.4
48.997205 -111.29204 0.0 0.4
48.997229 -111.278424 0.0 0.4
48.997260999999995 -111.25840099999999 0.0 0.4
48.997288999999995 -111.244387 0.0 0.4
48.997305999999995 -111.233926 0.0 0.4
48.997341999999996 -111.214246 0.0 0.4
48.997361999999995 -111.202326 0.0 0.4
48.997388 -111.191505 0.0 0.4
48.997414 -111.180683 0.0 0.4
48.997448999999996 -111.168708 0.0 0.4
48.997496 -111.15001 0.0 0.4
48.997524 -111.139484 0.0 0.4
48.997552 -111.128957 0.0 0.4
48.997578 -111.118431 0.0 0.4
48.997603 -111.107905 0.0 0.4
48.99765 -111.089574 0.0 0.4
48.997682999999995 -111.077887 0.0 0.4
48.997704999999996 -111.067677 0.0 0.4
48.997746 -111.054514 0.0 0.4
48.997775 -111.042828 0.0 0.4
48.997806999999995 -111.031766 0.0 0.4
48.997837 -111.020704 0.0 0.4
48.997867 -111.009642 0.0 0.4
48.997899 -110.998348 0.0 0.4
48.997929 -110.987054 0.0 0.4
48.997955 -110.97555 0.0 0.4
48.998014999999995 -110.956312 0.0 0.4
48.998061 -110.935801 0.0 0.4
48.99809 -110.918514 0.0 0.4
48.998118 -110.902574 0.0 0.4
48.998137 -110.891353 0.0 0.4
48.998163999999996 -110.87727 0.0 0.4
48.998208 -110.867254 0.0 0.4
48.998261 -110.854375 0.0 0.4
48.998340999999996 -110.835581 0.0 0.4
48.998411999999995 -110.815616 0.0 0.4
48.998442999999995 -110.805047 0.0 0.4
48.998475 -110.793664 0.0 0.4
48.998512999999996 -110.777564 0.0 0.4
48.998543 -110.767153 0.0 0.4
48.998588999999996 -110.750931 0.0 0.4
48.998613 -110.736999 0.0 0.4
48.998639 -110.721256 0.0 0.4
48.998650999999995 -110.710249 0.0 0.4
48.998689 -110.68391 0.0 0.4
48.998709999999996 -110.672091 0.0 0.4
48.998726 -110.660273 0.0 0.4
48.99874 -110.648455 0.0 0.4
48.998757 -110.636323 0.0 0.4
48.998794 -110.611148 0.0 0.4
48.998812 -110.596271 0.0 0.4
48.998826 -110.586255 0.0 0.4
48.998853999999994 -110.567046 0.0 0.4
48.998869 -110.55568 0.0 0.4
48.998884 -110.544961 0.0 0.4
48.998912999999995 -110.525209 0.0 0.4
48.998926 -110.514154 0.0 0.4
48.998942 -110.50314399999999 0.0 0.4
48.998957 -110.492135 0.0 0.4
48.998973 -110.481078 0.0 0.4
48.998991 -110.46802 0.0 0.4
48.999015 -110.447906 0.0 0.4
48.999052 -110.422569 0.0 0.4
48.999072999999996 -110.409091 0.0 0.4
48.999091 -110.395613 0.0 0.4
48.999109 -110.382135 0.0 0.4
48.999137 -110.362923 0.0 0.4
48.999171999999994 -110.339695 0.0 0.4
48.999192 -110.326073 0.0 0.4
48.999213999999995 -110.312879 0.0 0.4
48.999230999999995 -110.30251799999999 0.0 0.4
48.999272999999995 -110.270636 0.0 0.4
48.999295 -110.257836 0.0 0.4
48.999323999999994 -110.237382 0.0 0.4
48.999339 -110.226297 0.0 0.4
48.999356 -110.215949 0.0 0.4
48.99937 -110.205196 0.0 0.4
48.999386 -110.194935 0.0 0.4
48.999401 -110.182378 0.0 0.4
48.999412 -110.17160200000001 0.0 0.4
48.999431 -110.156804 0.0 0.4
48.999446999999996 -110.143777 0.0 0.4
48.999463 -110.128611 0.0 0.4
48.999493 -110.105247 0.0 0.4
48.999508 -110.094243 0.0 0.4
48.999528 -110.079879 0.0 0.4
48.999547 -110.067785 0.0 0.4
48.999562999999995 -110.055691 0.0 0.4
48.999576999999995 -110.043596 0.0 0.4
48.999587999999996 -110.032915 0.0 0.4
48.999596999999994 -110.022233 0.0 0.4
48.999606 -110.011552 0.0 0.4
48.99962 -109.995393 0.0 0.4
48.999637 -109.977709 0.0 0.4
48.999657 -109.966213 0.0 0.4
48.999674999999996 -109.954717 0.0 0.4
48.999693 -109.94322199999999 0.0 0.4
48.999711 -109.932762 0.0 0.4
48.999728 -109.922302 0.0 0.4
48.999744 -109.91184200000001 0.0 0.4
48.999767 -109.893197 0.0 0.4
48.999795 -109.871201 0.0 0.4
48.99981 -109.858528 0.0 0.4
48.999824 -109.845854 0.0 0.4
48.999838999999994 -109.833355 0.0 0.4
48.999852999999995 -109.82085599999999 0.0 0.4
48.999866 -109.808357 0.0 0.4
48.999888999999996 -109.789478 0.0 0.4
48.999914999999994 -109.768099 0.0 0.4
48.99993 -109.75616 0.0 0.4
48.999947 -109.743923 0.0 0.4
48.999963 -109.731687 0.0 0.4
48.999983 -109.714122 0.0 0.4
49.000004999999994 -109.70078 0.0 0.4
49.000025 -109.687438 0.0 0.4
49.000043 -109.674097 0.0 0.4
49.000065 -109.661393 0.0 0.4
49.000085 -109.64869 0.0 0.4
49.000107 -109.635784 0.0 0.4
49.000128 -109.622877 0.0 0.4
49.000144 -109.612445 0.0 0.4
49.00016 -109.602012 0.0 0.4
49.000174 -109.591579 0.0 0.4
49.000187999999994 -109.581146 0.0 0.4
49.000206 -109.570007 0.0 0.4
49.000223 -109.558868 0.0 0.4
49.00024 -109.547729 0.0 0.4
49.000257999999995 -109.537256 0.0 0.4
49.000274999999995 -109.526783 0.0 0.4
49.000291999999995 -109.516309 0.0 0.4
49.000308999999994 -109.5049 0.0 0.4
49.000324 -109.49349 0.0 0.4
49.000339999999994 -109.48262 0.0 0.4
49.000355 -109.471751 0.0 0.4
49.00037 -109.460881 0.0 0.4
49.000392 -109.445463 0.0 0.4
49.000412 -109.433043 0.0 0.4
49.000429999999994 -109.420623 0.0 0.4
49.000391 -109.384793 0.0 0.4
49.000367999999995 -109.365401 0.0 0.4
49.000339 -109.354433 0.0 0.4
49.000308999999994 -109.343464 0.0 0.4
49.000215999999995 -109.308744 0.0 0.4
49.000074 -109.247877 0.0 0.4
49.000037 -109.232393 0.0 0.4
48.999977 -109.203748 0.0 0.4
48.999883 -109.159761 0.0 0.4
48.999843 -109.138034 0.0 0.4
48.999789 -109.112257 0.0 0.4
48.999722999999996 -109.080179 0.0 0.4
48.999685 -109.060081 0.0 0.4
48.999607 -109.0246 0.0 0.4
48.999556 -108.995694 0.0 0.4
48.999362999999995 -108.896084 0.0 0.4
48.99928 -108.854119 0.0 0.4
48.999252 -108.839569 0.0 0.4
48.999251 -108.822708 0.0 0.4
48.999257 -108.809923 0.0 0.4
48.999303 -108.742046 0.0 0.4
48.999353 -108.6761 0.0 0.4
48.999482 -108.488067 0.0 0.4
48.999489 -108.47448 0.0 0.4
48.999488 -108.463767 0.0 0.4
48.999486999999995 -108.453053 0.0 0.4
48.999483999999995 -108.44234 0.0 0.4
48.999480999999996 -108.423944 0.0 0.4
48.999494 -108.41193799999999 0.0 0.4
48.999507 -108.399931 0.0 0.4
48.999517 -108.388825 0.0 0.4
48.999641 -108.23636 0.0 0.4
48.999679 -108.099243 0.0 0.4
48.999685 -108.083995 0.0 0.4
48.999702 -108.046764 0.0 0.4
48.999717 -108.01379299999999 0.0 0.4
48.999736999999996 -107.97379 0.0 0.4
48.999756999999995 -107.917406 0.0 0.4
48.999759999999995 -107.906381 0.0 0.4
48.999764 -107.895411 0.0 0.4
48.999767999999996 -107.884332 0.0 0.4
48.999773 -107.870825 0.0 0.4
48.999784999999996 -107.8318 0.0 0.4
48.999793 -107.809414 0.0 0.4
48.999795999999996 -107.798487 0.0 0.4
48.999798999999996 -107.782869 0.0 0.4
48.999735 -107.727844 0.0 0.4
48.999652 -107.668199 0.0 0.4
48.999617 -107.637324 0.0 0.4
48.999555 -107.5869 0.0 0.4
48.999472 -107.510519 0.0 0.4
48.999457 -107.499845 0.0 0.4
48.999396999999995 -107.444309 0.0 0.4
48.999361 -107.415544 0.0 0.4
48.999547 -107.402176 0.0 0.4
48.999731 -107.388808 0.0 0.4
48.999919999999996 -107.375162 0.0 0.4
49.000108 -107.361516 0.0 0.4
49.000102999999996 -107.34843 0.0 0.4
49.000085999999996 -107.311559 0.0 0.4
49.000077999999995 -107.291035 0.0 0.4
49.000074999999995 -107.257473 0.0 0.4
49.000080999999994 -107.207323 0.0 0.4
49.000077 -107.193449 0.0 0.4
49.000074 -107.179812 0.0 0.4
49.000068999999996 -107.165403 0.0 0.4
49.000057999999996 -107.128624 0.0 0.4
49.000052 -107.104357 0.0 0.4
49.000049 -107.088934 0.0 0.4
49.000015 -106.938486 0.0 0.4
49.000012999999996 -106.925471 0.0 0.4
48.999984 -106.831811 0.0 0.4
48.999962 -106.779311 0.0 0.4
48.999871 -106.695109 0.0 0.4
48.999866999999995 -106.677331 0.0 0.4
48.999865 -106.654506 0.0 0.4
48.999865 -106.637784 0.0 0.4
48.999863 -106.621568 0.0 0.4
48.999860999999996 -106.60914 0.0 0.4
48.999835 -106.597436 0.0 0.4
48.999807999999994 -106.58573200000001 0.0 0.4
48.99978 -106.574027 0.0 0.4
48.999756999999995 -106.563586 0.0 0.4
48.999697999999995 -106.538413 0.0 0.4
48.999645 -106.518143 0.0 0.4
48.999638999999995 -106.506717 0.0 0.4
48.999632999999996 -106.49529 0.0 0.4
48.999614 -106.46725 0.0 0.4
48.999572 -106.415032 0.0 0.4
48.999533 -106.378002 0.0 0.4
48.999513 -106.363699 0.0 0.4
48.999472 -106.321019 0.0 0.4
48.999427999999995 -106.285067 0.0 0.4
48.999385 -106.245774 0.0 0.4
48.999371 -106.234712 0.0 0.4
48.999378 -106.215981 0.0 0.4
48.999390999999996 -106.202539 0.0 0.4
48.999403 -106.189161 0.0 0.4
48.999431 -106.159722 0.0 0.4
48.999477 -106.112058 0.0 0.4
48.999527 -106.050325 0.0 0.4
48.99957 -106.002343 0.0 0.4
48.999603 -105.967349 0.0 0.4
48.999621 -105.945933 0.0 0.4
48.999759 -105.777882 0.0 0.4
48.999778 -105.760774 0.0 0.4
48.999818 -105.717203 0.0 0.4
48.999814 -105.703413 0.0 0.4
48.999703 -105.599412 0.0 0.4
48.999663999999996 -105.55204 0.0 0.4
48.999573999999996 -105.460252 0.0 0.4
48.999562 -105.446992 0.0 0.4
48.999548999999995 -105.433731 0.0 0.4
48.999525 -105.409233 0.0 0.4
48.999506 -105.391405 0.0 0.4
48.999469999999995 -105.355902 0.0 0.4
48.999455999999995 -105.343286 0.0 0.4
48.999435 -105.32217 0.0 0.4
48.999418999999996 -105.305269 0.0 0.4
48.99939 -105.277477 0.0 0.4
48.999375 -105.264911 0.0 0.4
48.999308 -105.194225 0.0 0.4
48.999294 -105.178727 0.0 0.4
48.999280999999996 -105.162277 0.0 0.4
48.999227999999995 -105.057635 0.0 0.4
48.99922 -105.034104 0.0 0.4
48.999210999999995 -105.009173 0.0 0.4
48.999178 -104.955787 0.0 0.4
48.999154 -104.922257 0.0 0.4
48.999143 -104.905766 0.0 0.4
48.999116 -104.862588 0.0 0.4
48.999063 -104.772457 0.0 0.4
48.999024999999996 -104.706661 0.0 0.4
48.999013999999995 -104.688068 0.0 0.4
48.99903 -104.674273 0.0 0.4
48.999047 -104.663537 0.0 0.4
48.999134 -104.612359 0.0 0.4
48.999196999999995 -104.575075 0.0 0.4
48.999280999999996 -104.524806 0.0 0.4
48.999323999999994 -104.497859 0.0 0.4
48.999365 -104.472088 0.0 0.4
48.9994 -104.451655 0.0 0.4
48.999488 -104.399093 0.0 0.4
48.999525999999996 -104.37662 0.0 0.4
48.999624999999995 -104.319963 0.0 0.4
48.999649999999995 -104.305149 0.0 0.4
48.999686 -104.283088 0.0 0.4
48.99981 -104.212085 0.0 0.4
48.999849 -104.18961 0.0 0.4
48.999869 -104.178263 0.0 0.4
48.999902999999996 -104.1598 0.0 0.4
48.999924 -104.148872 0.0 0.4
48.999944 -104.137345 0.0 0.4
48.99997 -104.123882 0.0 0.4
48.999992999999996 -104.111565 0.0 0.4
48.999969 -104.09379 0.0 0.4
48.999953 -104.082432 0.0 0.4
48.999935 -104.071075 0.0 0.4
48.999916999999996 -104.059403 0.0 0.4
48.999899 -104.048692 0.0 0.4
48.989121999999995 -104.048712 0.0 0.4
48.978268 -104.048731 0.0 0.4
48.968081 -104.048791 0.0 0.4
48.957668999999996 -104.048802 0.0 0.4
48.942747999999995 -104.048859 0.0 0.4
48.932657999999996 -104.049012 0.0 0.4
48.922523 -104.048927 0.0 0.4
48.912437999999995 -104.048864 0.0 0.4
48.902342999999995 -104.048716 0.0 0.4
48.886632 -104.048841 0.0 0.4
48.875926 -104.048904 0.0 0.4
48.865834 -104.048834 0.0 0.4
48.854355 -104.048919 0.0 0.4
48.841752 -104.048867 0.0 0.4
48.829820999999995 -104.048849 0.0 0.4
48.815912999999995 -104.048737 0.0 0.4
48.80023 -104.048636 0.0 0.4
48.789705999999995 -104.048615 0.0 0.4
48.778825 -104.048529 0.0 0.4
48.767602 -104.048494 0.0 0.4
48.755632 -104.048498 0.0 0.4
48.743809999999996 -104.04851 0.0 0.4
48.733039 -104.048386 0.0 0.4
48.722488999999996 -104.048367 0.0 0.4
48.710955 -104.04828499999999 0.0 0.4
48.692125999999995 -104.048166 0.0 0.4
48.678957999999994 -104.048096 0.0 0.4
48.664389 -104.048043 0.0 0.4
48.653397 -104.047981 0.0 0.4
48.643319 -104.047965 0.0 0.4
48.630662 -104.047951 0.0 0.4
48.620407 -104.047875 0.0 0.4
48.60971 -104.047866 0.0 0.4
48.599229 -104.047779 0.0 0.4
48.586597999999995 -104.047777 0.0 0.4
48.575936999999996 -104.04772 0.0 0.4
48.565605 -104.047718 0.0 0.4
48.554725999999995 -104.047718 0.0 0.4
48.542988 -104.047697 0.0 0.4
48.531949999999995 -104.047658 0.0 0.4
48.518114 -104.047611 0.0 0.4
48.500765 -104.04755 0.0 0.4
48.490421999999995 -104.04757599999999 0.0 0.4
48.474391999999995 -104.047372 0.0 0.4
48.463156999999995 -104.047285 0.0 0.4
48.45298 -104.047214 0.0 0.4
48.442875 -104.047139 0.0 0.4
48.430195999999995 -104.047067 0.0 0.4
48.419785 -104.046982 0.0 0.4
48.409434999999995 -104.046908 0.0 0.4
48.39915 -104.046829 0.0 0.4
48.388686 -104.04677 0.0 0.4
48.378384999999994 -104.046644 0.0 0.4
48.352632 -104.046433 0.0 0.4
48.34262 -104.04634300000001 0.0 0.4
48.331540999999994 -104.046341 0.0 0.4
48.321058 -104.046154 0.0 0.4
48.311048 -104.045874 0.0 0.4
48.299352 -104.046029 0.0 0.4
48.289044999999994 -104.04592099999999 0.0 0.4
48.277972999999996 -104.04596 0.0 0.4
48.267793999999995 -104.045927 0.0 0.4
48.257556 -104.045937 0.0 0.4
48.247426 -104.045875 0.0 0.4
48.237094 -104.04575 0.0 0.4
48.219291 -104.045654 0.0 0.4
48.201195 -104.045553 0.0 0.4
48.190292 -104.045489 0.0 0.4
48.176448 -104.045362 0.0 0.4
48.164728 -104.045384 0.0 0.4
48.154711999999996 -104.04547 0.0 0.4
48.142796999999995 -104.045391 0.0 0.4
48.131136999999995 -104.045281 0.0 0.4
48.113858 -104.045189 0.0 0.4
48.095222 -104.044956 0.0 0.4
48.082347999999996 -104.044859 0.0 0.4
48.069575 -104.044688 0.0 0.4
48.048319 -104.04446899999999 0.0 0.4
48.037088999999995 -104.044355 0.0 0.4
48.026227999999996 -104.04420999999999 0.0 0.4
48.007548 -104.044112 0.0 0.4
47.996399 -104.044043 0.0 0.4
47.985675 -104.04386099999999 0.0 0.4
47.974692 -104.043708 0.0 0.4
47.9596 -104.043433 0.0 0.4
47.949587 -104.043252 0.0 0.4
47.939366 -104.042976 0.0 0.4
47.925672 -104.042513 0.0 0.4
47.90812 -104.042205 0.0 0.4
47.895089999999996 -104.042052 0.0 0.4
47.884488 -104.041992 0.0 0.4
47.874488 -104.041699 0.0 0.4
47.863054 -104.041443 0.0 0.4
47.852343 -104.04162 0.0 0.4
47.841795 -104.041789 0.0 0.4
47.830945 -104.04196400000001 0.0 0.4
47.820181999999996 -104.042219 0.0 0.4
47.809908 -104.042296 0.0 0.4
47.798306 -104.042599 0.0 0.4
47.787561 -104.042768 0.0 0.4
47.776162 -104.042951 0.0 0.4
47.765705999999994 -104.04311799999999 0.0 0.4
47.754449 -104.043245 0.0 0.4
47.732482999999995 -104.043441 0.0 0.4
47.717228 -104.043284 0.0 0.4
47.702366999999995 -104.043388 0.0 0.4
47.688528999999996 -104.043531 0.0 0.4
47.677073 -104.043625 0.0 0.4
47.666153 -104.043669 0.0 0.4
47.655347 -104.043762 0.0 0.4
47.644538 -104.043868 0.0 0.4
47.627913 -104.043824 0.0 0.4
47.612807 -104.043864 0.0 0.4
47.600486 -104.043881 0.0 0.4
47.590412 -104.043908 0.0 0.4
47.578258 -104.043935 0.0 0.4
47.567943 -104.043968 0.0 0.4
47.557655 -104.044032 0.0 0.4
47.543133999999995 -104.044113 0.0 0.4
47.532422 -104.044151 0.0 0.4
47.521885 -104.044186 0.0 0.4
47.511868 -104.044227 0.0 0.4
47.500662999999996 -104.044281 0.0 0.4
47.489011 -104.044334 0.0 0.4
47.474717999999996 -104.04438999999999 0.0 0.4
47.464113 -104.044429 0.0 0.4
47.453368 -104.044451 0.0 0.4
47.442125 -104.04458 0.0 0.4
47.430979 -104.044653 0.0 0.4
47.420131 -104.044743 0.0 0.4
47.409352 -104.044836 0.0 0.4
47.398289999999996 -104.044865 0.0 0.4
47.382895 -104.04489 0.0 0.4
47.371503999999995 -104.044959 0.0 0.4
47.356891999999995 -104.044999 0.0 0.4
47.34438 -104.044937 0.0 0.4
47.334128 -104.045048 0.0 0.4
47.320851999999995 -104.045012 0.0 0.4
47.310143 -104.04502 0.0 0.4
47.300002 -104.04495 0.0 0.4
47.289716 -104.04491 0.0 0.4
47.278006 -104.044888 0.0 0.4
47.267042 -104.044868 0.0 0.4
47.256851 -104.045015 0.0 0.4
47.245582999999996 -104.044812 0.0 0.4
47.231904 -104.044789 0.0 0.4
47.215741 -104.04481 0.0 0.4
47.204231 -104.04480000000001 0.0 0.4
47.193462 -104.044729 0.0 0.4
47.178171999999996 -104.044855 0.0 0.4
47.165639999999996 -104.044878 0.0 0.4
47.153787 -104.044899 0.0 0.4
47.141788999999996 -104.044917 0.0 0.4
47.127584999999996 -104.044945 0.0 0.4
47.116881 -104.044975 0.0 0.4
47.094279 -104.04493 0.0 0.4
47.080994 -104.044994 0.0 0.4
47.069806 -104.045024 0.0 0.4
47.058203999999996 -104.045062 0.0 0.4
47.045089 -104.045069 0.0 0.4
47.03485 -104.044996 0.0 0.4
47.023253999999994 -104.045083 0.0 0.4
47.008736 -104.045304 0.0 0.4
46.994302999999995 -104.045366 0.0 0.4
46.979811 -104.045435 0.0 0.4
46.962733 -104.045587 0.0 0.4
46.951924 -104.045602 0.0 0.4
46.941269 -104.045687 0.0 0.4
46.920103999999995 -104.045759 0.0 0.4
46.904599 -104.045853 0.0 0.4
46.894467 -104.04590400000001 0.0 0.4
46.87782 -104.04596599999999 0.0 0.4
46.861235 -104.045967 0.0 0.4
46.846644 -104.045974 0.0 0.4
46.835111 -104.045938 0.0 0.4
46.821858 -104.04585900000001 0.0 0.4
46.80346 -104.045797 0.0 0.4
46.78901 -104.045699 0.0 0.4
46.774198999999996 -104.04560000000001 0.0 0.4
46.76001 -104.045552 0.0 0.4
46.749981999999996 -104.045515 0.0 0.4
46.732879999999994 -104.045505 0.0 0.4
46.722716999999996 -104.04555 0.0 0.4
46.712336 -104.045708 0.0 0.4
46.701771 -104.045377 0.0 0.4
46.69128 -104.045362 0.0 0.4
46.680870999999996 -104.045368 0.0 0.4
46.670525999999995 -104.045331 0.0 0.4
46.660152 -104.045346 0.0 0.4
46.649986 -104.045303 0.0 0.4
46.639362 -104.045238 0.0 0.4
46.628552 -104.045258 0.0 0.4
46.617816 -104.045256 0.0 0.4
46.606404 -104.045246 0.0 0.4
46.594550999999996 -104.045231 0.0 0.4
46.584495 -104.045219 0.0 0.4
46.572899 -104.045221 0.0 0.4
46.560607 -104.045213 0.0 0.4
46.548517 -104.045212 0.0 0.4
46.5373 -104.045208 0.0 0.4
46.526986 -104.045181 0.0 0.4
46.513200000000005 -104.045158 0.0 0.4
46.496516 -104.04518 0.0 0.4
46.485367 -104.04522 0.0 0.4
46.474993999999995 -104.045235 0.0 0.4
46.462893 -104.045239 0.0 0.4
46.441185 -104.045349 0.0 0.4
46.427400000000006 -104.045359 0.0 0.4
46.414083999999995 -104.045383 0.0 0.4
46.394724 -104.045432 0.0 0.4
46.382711 -104.04546500000001 0.0 0.4
46.370214999999995 -104.04551000000001 0.0 0.4
46.351715999999996 -104.045568 0.0 0.4
46.336523 -104.045539 0.0 0.4
46.324934999999996 -104.045522 0.0 0.4
46.310190999999996 -104.045529 0.0 0.4
46.300059 -104.045671 0.0 0.4
46.290015 -104.045669 0.0 0.4
46.278208 -104.045542 0.0 0.4
46.26694 -104.045471 0.0 0.4
46.256513 -104.045545 0.0 0.4
46.24362 -104.045508 0.0 0.4
46.230574 -104.045496 0.0 0.4
46.219839 -104.045477 0.0 0.4
46.208205 -104.045446 0.0 0.4
46.196383999999995 -104.045462 0.0 0.4
46.184219999999996 -104.045495 0.0 0.4
46.171351 -104.045485 0.0 0.4
46.158854 -104.045537 0.0 0.4
46.147977999999995 -104.045607 0.0 0.4
46.136793 -104.045674 0.0 0.4
46.125322 -104.045759 0.0 0.4
46.114684 -104.045807 0.0 0.4
46.104174 -104.045856 0.0 0.4
46.091349 -104.045893 0.0 0.4
46.077042 -104.045958 0.0 0.4
46.06167 -104.046138 0.0 0.4
46.050537999999996 -104.046295 0.0 0.4
46.040231 -104.046492 0.0 0.4
46.028490999999995 -104.046703 0.0 0.4
46.018238 -104.046825 0.0 0.4
46.003640999999995 -104.046706 0.0 0.4
45.992833 -104.046526 0.0 0.4
45.977115999999995 -104.046223 0.0 0.4
45.96103 -104.045901 0.0 0.4
45.950942999999995 -104.045667 0.0 0.4
45.936191 -104.045333 0.0 0.4
45.925996 -104.045113 0.0 0.4
45.915932999999995 -104.044907 0.0 0.4
45.905211 -104.044686 0.0 0.4
45.882466 -104.044201 0.0 0.4
45.871966 -104.044008 0.0 0.4
45.859680999999995 -104.043768 0.0 0.4
45.844424 -104.043565 0.0 0.4
45.826471 -104.043381 0.0 0.4
45.807781 -104.043188 0.0 0.4
45.795832999999995 -104.043066 0.0 0.4
45.783429 -104.04293799999999 0.0 0.4
45.764720999999994 -104.042746 0.0 0.4
45.754628 -104.042643 0.0 0.4
45.741623 -104.042608 0.0 0.4
45.729858 -104.042603 0.0 0.4
45.712894999999996 -104.042564 0.0 0.4
45.696754 -104.042526 0.0 0.4
45.683295 -104.042496 0.0 0.4
45.669422 -104.04246499999999 0.0 0.4
45.646432 -104.042393 0.0 0.4
45.635843 -104.042362 0.0 0.4
45.625349 -104.042261 0.0 0.4
45.608481999999995 -104.04211 0.0 0.4
45.597428 -104.042023 0.0 0.4
45.581826 -104.041889 0.0 0.4
45.567873999999996 -104.041762 0.0 0.4
45.557786 -104.04162 0.0 0.4
45.547329 -104.041628 0.0 0.4
45.537290999999996 -104.041485 0.0 0.4
45.527271 -104.041428 0.0 0.4
45.516805 -104.041337 0.0 0.4
45.505756 -104.041231 0.0 0.4
45.495626 -104.041169 0.0 0.4
45.483714 -104.041378 0.0 0.4
45.471494 -104.04107 0.0 0.4
45.461434999999994 -104.040804 0.0 0.4
45.450488 -104.040713 0.0 0.4
45.437349 -104.040605 0.0 0.4
45.424707999999995 -104.040569 0.0 0.4
45.411145999999995 -104.040502 0.0 0.4
45.397755 -104.04044 0.0 0.4
45.379678999999996 -104.040374 0.0 0.4
45.362432 -104.040321 0.0 0.4
45.347100999999995 -104.040255 0.0 0.4
45.33699 -104.040226 0.0 0.4
45.322827 -104.040193 0.0 0.4
45.295345999999995 -104.040146 0.0 0.4
45.281676 -104.040111 0.0 0.4
45.264596 -104.040061 0.0 0.4
45.249351 -104.04003 0.0 0.4
45.224610999999996 -104.040001 0.0 0.4
45.212973999999996 -104.040004 0.0 0.4
45.199628999999995 -104.039977 0.0 0.4
45.18149 -104.04 0.0 0.4
45.154818 -104.040037 0.0 0.4
45.137201999999995 -104.040035 0.0 0.4
45.124103999999996 -104.040046 0.0 0.4
45.111875 -104.040076 0.0 0.4
45.091262 -104.040118 0.0 0.4
45.079724 -104.040123 0.0 0.4
45.055171 -104.040253 0.0 0.4
45.039834 -104.040102 0.0 0.4
45.023447999999995 -104.039939 0.0 0.4
45.011219999999994 -104.03982 0.0 0.4
44.99807 -104.039694 0.0 0.4
44.997783 -104.050783 0.0 0.4
44.997665 -104.067471 0.0 0.4
44.997679999999995 -104.082808 0.0 0.4
44.997687 -104.092997 0.0 0.4
44.997712 -104.103193 0.0 0.4
44.997844 -104.119792 0.0 0.4
44.997957 -104.141251 0.0 0.4
44.997913 -104.153909 0.0 0.4
44.997848 -104.171687 0.0 0.4
44.997931 -104.192809 0.0 0.4
44.998055 -104.234384 0.0 0.4
44.998095 -104.250336 0.0 0.4
44.998127 -104.263043 0.0 0.4
44.998149999999995 -104.295613 0.0 0.4
44.998287 -104.352794 0.0 0.4
44.99831 -104.366242 0.0 0.4
44.998342 -104.391097 0.0 0.4
44.998373 -104.411468 0.0 0.4
44.998387 -104.422428 0.0 0.4
44.998399 -104.44318 0.0 0.4
44.998418 -104.47002 0.0 0.4
44.998432 -104.482296 0.0 0.4
44.998452 -104.493087 0.0 0.4
44.99845 -104.503854 0.0 0.4
44.998539 -104.52091300000001 0.0 0.4
44.998594 -104.54527 0.0 0.4
44.998622 -104.572363 0.0 0.4
44.99865 -104.586613 0.0 0.4
44.998808 -104.631296 0.0 0.4
44.998954999999995 -104.659023 0.0 0.4
44.999052 -104.680078 0.0 0.4
44.999148999999996 -104.69889 0.0 0.4
44.999288 -104.72659 0.0 0.4
44.999385 -104.74784700000001 0.0 0.4
44.999438999999995 -104.759813 0.0 0.4
44.999542 -104.783945 0.0 0.4
44.99962 -104.801776 0.0 0.4
44.999700000000004 -104.818705 0.0 0.4
44.999767999999996 -104.832579 0.0 0.4
44.999828 -104.845589 0.0 0.4
44.999897 -104.860077 0.0 0.4
44.999949 -104.871096 0.0 0.4
45.000023999999996 -104.88859 0.0 0.4
45.000043 -104.902033 0.0 0.4
45.00009 -104.944931 0.0 0.4
45.000087 -104.970502 0.0 0.4
45.000091 -104.986455 0.0 0.4
45.000098 -105.00282 0.0 0.4
45.000105 -105.018017 0.0 0.4
45.000105999999995 -105.038249 0.0 0.4
45.000113 -105.048456 0.0 0.4
45.000121 -105.058663 0.0 0.4
44.999955 -105.073988 0.0 0.4
44.999944 -105.084209 0.0 0.4
45.000057 -105.094436 0.0 0.4
45.000115 -105.104645 0.0 0.4
45.000111 -105.114838 0.0 0.4
45.000115 -105.125023 0.0 0.4
45.000127 -105.135201 0.0 0.4
45.000124 -105.146295 0.0 0.4
45.000107 -105.160531 0.0 0.4
45.000119999999995 -105.170729 0.0 0.4
45.000135 -105.180928 0.0 0.4
45.000142 -105.19112 0.0 0.4
45.000147999999996 -105.20121 0.0 0.4
45.000156999999994 -105.211217 0.0 0.4
45.000163 -105.221638 0.0 0.4
45.000161 -105.23190000000001 0.0 0.4
45.00016 -105.241948 0.0 0.4
45.00016 -105.252328 0.0 0.4
45.00016 -105.262559 0.0 0.4
45.000161 -105.27278 0.0 0.4
45.000164 -105.282807 0.0 0.4
45.000159 -105.293292 0.0 0.4
45.000153999999995 -105.303329 0.0 0.4
45.000152 -105.313603 0.0 0.4
45.000152 -105.323862 0.0 0.4
45.000164 -105.333907 0.0 0.4
45.000178999999996 -105.344124 0.0 0.4
45.000184 -105.354343 0.0 0.4
45.000186 -105.36454499999999 0.0 0.4
45.000183 -105.374746 0.0 0.4
45.000178999999996 -105.384966 0.0 0.4
45.000173 -105.395183 0.0 0.4
45.000178 -105.405383 0.0 0.4
45.000215 -105.41559 0.0 0.4
45.000229 -105.429625 0.0 0.4
45.000215 -105.439817 0.0 0.4
45.000214 -105.45136 0.0 0.4
45.000226999999995 -105.463759 0.0 0.4
45.000265999999996 -105.475158 0.0 0.4
45.000268999999996 -105.485249 0.0 0.4
45.00028 -105.500555 0.0 0.4
45.000296 -105.511272 0.0 0.4
45.000243999999995 -105.521471 0.0 0.4
45.000246 -105.532731 0.0 0.4
45.000287 -105.545598 0.0 0.4
45.000326 -105.556822 0.0 0.4
45.000355 -105.567021 0.0 0.4
45.000347999999995 -105.577232 0.0 0.4
45.000341999999996 -105.587442 0.0 0.4
45.000361 -105.597636 0.0 0.4
45.000378 -105.607829 0.0 0.4
45.000391 -105.61803 0.0 0.4
45.000405 -105.628231 0.0 0.4
45.000420999999996 -105.639745 0.0 0.4
45.000433 -105.653768 0.0 0.4
45.000443 -105.663983 0.0 0.4
45.000436 -105.674218 0.0 0.4
45.00042 -105.684411 0.0 0.4
45.000429 -105.694602 0.0 0.4
45.000443 -105.704804 0.0 0.4
45.000443999999995 -105.715112 0.0 0.4
45.00044 -105.725157 0.0 0.4
45.000439 -105.735312 0.0 0.4
45.000440999999995 -105.745532 0.0 0.4
45.000403 -105.755752 0.0 0.4
45.000364 -105.765956 0.0 0.4
45.000372 -105.776938 0.0 0.4
45.000389 -105.787024 0.0 0.4
45.000374 -105.797425 0.0 0.4
45.000361 -105.807633 0.0 0.4
45.00036 -105.817744 0.0 0.4
45.000367 -105.827894 0.0 0.4
45.000375 -105.838044 0.0 0.4
45.000381 -105.848066 0.0 0.4
45.000361 -105.858487 0.0 0.4
45.000333 -105.868703 0.0 0.4
45.000282 -105.878914 0.0 0.4
45.000242 -105.889068 0.0 0.4
45.000233 -105.899236 0.0 0.4
45.000237 -105.909465 0.0 0.4
44.997294 -105.919695 0.0 0.4
44.993485 -105.929889 0.0 0.4
44.993476 -105.943519 0.0 0.4
44.993488 -105.953679 0.0 0.4
44.993516 -105.963855 0.0 0.4
44.993521 -105.974046 0.0 0.4
44.993493 -105.986379 0.0 0.4
44.993466 -105.996413 0.0 0.4
44.993503 -106.007971 0.0 0.4
44.993497999999995 -106.019633 0.0 0.4
44.993491 -106.040007 0.0 0.4
44.993493 -106.05014 0.0 0.4
44.993463 -106.060356 0.0 0.4
44.993438999999995 -106.070565 0.0 0.4
44.993454 -106.080774 0.0 0.4
44.993459 -106.090984 0.0 0.4
44.99339 -106.101195 0.0 0.4
44.993320999999995 -106.11138 0.0 0.4
44.99328 -106.121566 0.0 0.4
44.993300000000005 -106.138498 0.0 0.4
44.993339 -106.148853 0.0 0.4
44.993399 -106.159492 0.0 0.4
44.99346 -106.17052699999999 0.0 0.4
44.993522999999996 -106.183541 0.0 0.4
44.993596 -106.196953 0.0 0.4
44.993643999999996 -106.207137 0.0 0.4
44.993676 -106.217303 0.0 0.4
44.993694999999995 -106.227487 0.0 0.4
44.993725 -106.237656 0.0 0.4
44.993762 -106.247885 0.0 0.4
44.993797 -106.258098 0.0 0.4
44.993832999999995 -106.271152 0.0 0.4
44.993975999999996 -106.287807 0.0 0.4
44.994018999999994 -106.300315 0.0 0.4
44.994022 -106.315576 0.0 0.4
44.994056 -106.32974 0.0 0.4
44.994096 -106.340754 0.0 0.4
44.994150999999995 -106.356143 0.0 0.4
44.994188 -106.36819 0.0 0.4
44.994233 -106.380359 0.0 0.4
44.994288999999995 -106.39539 0.0 0.4
44.994333999999995 -106.406089 0.0 0.4
44.994333999999995 -106.417448 0.0 0.4
44.994232 -106.428498 0.0 0.4
44.994451 -106.451586 0.0 0.4
44.994515 -106.464868 0.0 0.4
44.994513999999995 -106.475923 0.0 0.4
44.994457999999995 -106.486465 0.0 0.4
44.994462 -106.500944 0.0 0.4
44.994636 -106.51985 0.0 0.4
44.994699 -106.542361 0.0 0.4
44.994730999999994 -106.554212 0.0 0.4
44.994772999999995 -106.564621 0.0 0.4
44.99482 -106.57556 0.0 0.4
44.994836 -106.589489 0.0 0.4
44.994865 -106.60258 0.0 0.4
44.994906 -106.617575 0.0 0.4
44.994957 -106.630901 0.0 0.4
44.995014999999995 -106.641209 0.0 0.4
44.995082 -106.653302 0.0 0.4
44.995142 -106.664022 0.0 0.4
44.995218 -106.677566 0.0 0.4
44.995273999999995 -106.687678 0.0 0.4
44.995337 -106.704746 0.0 0.4
44.995414 -106.725448 0.0 0.4
44.995492999999996 -106.745132 0.0 0.4
44.995498 -106.757452 0.0 0.4
44.995529 -106.767458 0.0 0.4
44.99557 -106.777824 0.0 0.4
44.995615 -106.789227 0.0 0.4
44.995646 -106.799791 0.0 0.4
44.995681999999995 -106.810009 0.0 0.4
44.995723 -106.820898 0.0 0.4
44.995759 -106.830995 0.0 0.4
44.995813 -106.845217 0.0 0.4
44.995867999999994 -106.8614 0.0 0.4
44.995920999999996 -106.87578 0.0 0.4
44.995965 -106.888297 0.0 0.4
44.996007 -106.898612 0.0 0.4
44.996074 -106.918696 0.0 0.4
44.996106999999995 -106.92905999999999 0.0 0.4
44.996137999999995 -106.939759 0.0 0.4
44.996173999999996 -106.952268 0.0 0.4
44.99621 -106.964536 0.0 0.4
44.996248 -106.974816 0.0 0.4
44.996294999999996 -106.986963 0.0 0.4
44.996348 -106.999661 0.0 0.4
44.99641 -107.012895 0.0 0.4
44.996435 -107.023639 0.0 0.4
44.996309 -107.034676 0.0 0.4
44.996480999999996 -107.046092 0.0 0.4
44.996694999999995 -107.062775 0.0 0.4
44.997076 -107.073883 0.0 0.4
44.9966 -107.084886 0.0 0.4
44.997248 -107.09547 0.0 0.4
44.998501 -107.10543 0.0 0.4
44.999837 -107.127418 0.0 0.4
45.000128 -107.138121 0.0 0.4
44.999962 -107.153381 0.0 0.4
45.000080999999994 -107.163561 0.0 0.4
45.000164999999996 -107.173796 0.0 0.4
45.000245 -107.184139 0.0 0.4
45.000453 -107.196598 0.0 0.4
45.000488 -107.210968 0.0 0.4
45.000523 -107.222804 0.0 0.4
45.000575 -107.235182 0.0 0.4
45.000861 -107.281153 0.0 0.4
45.000941999999995 -107.297867 0.0 0.4
45.001011999999996 -107.311551 0.0 0.4
45.001045 -107.32175 0.0 0.4
45.001003 -107.339075 0.0 0.4
45.000893 -107.350732 0.0 0.4
45.000887 -107.362982 0.0 0.4
45.000943 -107.373344 0.0 0.4
45.001016 -107.383523 0.0 0.4
45.001087999999996 -107.393706 0.0 0.4
45.001166 -107.40840299999999 0.0 0.4
45.001317 -107.45099 0.0 0.4
45.001363 -107.461416 0.0 0.4
45.001411999999995 -107.471916 0.0 0.4
45.001425999999995 -107.483747 0.0 0.4
45.001329999999996 -107.496955 0.0 0.4
45.001255 -107.50730899999999 0.0 0.4
45.001129999999996 -107.52865800000001 0.0 0.4
45.001025999999996 -107.55426 0.0 0.4
45.000935999999996 -107.567273 0.0 0.4
45.000845 -107.585363 0.0 0.4
45.000732 -107.596491 0.0 0.4
45.000639 -107.606865 0.0 0.4
45.000651999999995 -107.625792 0.0 0.4
45.000654 -107.642403 0.0 0.4
45.000586999999996 -107.655385 0.0 0.4
45.000633 -107.674225 0.0 0.4
45.00046 -107.685407 0.0 0.4
45.000634999999996 -107.696067 0.0 0.4
45.000665999999995 -107.708457 0.0 0.4
45.000676999999996 -107.718986 0.0 0.4
45.000695 -107.732485 0.0 0.4
45.000698 -107.744945 0.0 0.4
45.0007 -107.76337 0.0 0.4
45.000690999999996 -107.783583 0.0 0.4
45.000682 -107.796063 0.0 0.4
45.000679999999996 -107.806525 0.0 0.4
45.000679 -107.818754 0.0 0.4
45.000676 -107.829992 0.0 0.4
45.000675 -107.841012 0.0 0.4
45.000675 -107.862698 0.0 0.4
45.000668 -107.87472700000001 0.0 0.4
45.000675 -107.891838 0.0 0.4
45.000676999999996 -107.90818 0.0 0.4
45.00065 -107.93391199999999 0.0 0.4
45.000623 -107.952377 0.0 0.4
45.000578 -107.986801 0.0 0.4
45.000563 -107.998275 0.0 0.4
45.000537 -108.014394 0.0 0.4
45.000519999999995 -108.027948 0.0 0.4
45.000488 -108.05229800000001 0.0 0.4
45.000465 -108.067829 0.0 0.4
45.000445 -108.083128 0.0 0.4
45.000429 -108.094714 0.0 0.4
45.000411 -108.112847 0.0 0.4
45.000411 -108.125135 0.0 0.4
45.000411 -108.135458 0.0 0.4
45.000419 -108.148514 0.0 0.4
45.000412 -108.160294 0.0 0.4
45.000412 -108.172184 0.0 0.4
45.000414 -108.185611 0.0 0.4
45.000412 -108.196307 0.0 0.4
45.000411 -108.218391 0.0 0.4
45.000412999999995 -108.229514 0.0 0.4
45.000138 -108.240557 0.0 0.4
44.999866 -108.250837 0.0 0.4
45.000071 -108.262548 0.0 0.4
45.000220999999996 -108.27494899999999 0.0 0.4
45.000192 -108.288945 0.0 0.4
45.000152 -108.300571 0.0 0.4
45.000113 -108.310807 0.0 0.4
45.000067 -108.329244 0.0 0.4
44.999998 -108.359216 0.0 0.4
44.999969 -108.369266 0.0 0.4
44.999891 -108.39597 0.0 0.4
44.999877 -108.408083 0.0 0.4
44.999818 -108.428699 0.0 0.4
44.999801999999995 -108.438943 0.0 0.4
44.999762 -108.463659 0.0 0.4
44.999725999999995 -108.480941 0.0 0.4
44.999700000000004 -108.496587 0.0 0.4
44.999663 -108.509597 0.0 0.4
44.999851 -108.519752 0.0 0.4
45.000242 -108.530989 0.0 0.4
45.000403999999996 -108.547115 0.0 0.4
45.000425 -108.565567 0.0 0.4
45.000414 -108.57845 0.0 0.4
45.000398999999994 -108.590946 0.0 0.4
45.000372999999996 -108.613036 0.0 0.4
45.000356 -108.625321 0.0 0.4
45.000333999999995 -108.642052 0.0 0.4
45.000310999999996 -108.658186 0.0 0.4
45.000293 -108.672405 0.0 0.4
45.000274999999995 -108.683057 0.0 0.4
45.000243999999995 -108.69898 0.0 0.4
45.000178999999996 -108.714764 0.0 0.4
45.000149 -108.728535 0.0 0.4
45.000135 -108.743567 0.0 0.4
45.000122 -108.755686 0.0 0.4
45.000099 -108.771784 0.0 0.4
45.000085999999996 -108.782721 0.0 0.4
45.00007 -108.792849 0.0 0.4
45.000051 -108.804982 0.0 0.4
45.000034 -108.818791 0.0 0.4
45.000009 -108.831588 0.0 0.4
44.999989 -108.842642 0.0 0.4
44.999961 -108.853419 0.0 0.4
44.99993 -108.869004 0.0 0.4
44.999896 -108.895734 0.0 0.4
44.999839 -108.912487 0.0 0.4
44.999781 -108.925974 0.0 0.4
44.999728 -108.939658 0.0 0.4
44.999621999999995 -108.950237 0.0 0.4
44.999493 -108.961595 0.0 0.4
44.999679 -108.971923 0.0 0.4
44.999663 -108.982186 0.0 0.4
44.999652 -108.996658 0.0 0.4
44.999623 -109.014575 0.0 0.4
44.999604 -109.030536 0.0 0.4
44.999579999999995 -109.042123 0.0 0.4
44.999548999999995 -109.054557 0.0 0.4
44.999559999999995 -109.0656 0.0 0.4
44.999463999999996 -109.078819 0.0 0.4
45.00152 -109.089434 0.0 0.4
45.005815 -109.103228 0.0 0.4
45.005776 -109.13418 0.0 0.4
45.005761 -109.148588 0.0 0.4
45.005745 -109.167124 0.0 0.4
45.005724 -109.192623 0.0 0.4
45.005669 -109.211801 0.0 0.4
45.005544 -109.227327 0.0 0.4
45.005451 -109.250204 0.0 0.4
45.005403 -109.262357 0.0 0.4
45.005337999999995 -109.27520200000001 0.0 0.4
45.005286 -109.285922 0.0 0.4
45.005319 -109.30116699999999 0.0 0.4
45.005344 -109.315884 0.0 0.4
45.005289999999995 -109.326839 0.0 0.4
45.005196 -109.337321 0.0 0.4
45.004991 -109.360086 0.0 0.4
45.004795 -109.382072 0.0 0.4
45.004695 -109.39323999999999 0.0 0.4
45.004574999999996 -109.407125 0.0 0.4
45.004563999999995 -109.421564 0.0 0.4
45.004546999999995 -109.43177299999999 0.0 0.4
45.004537 -109.442517 0.0 0.4
45.004304999999995 -109.463173 0.0 0.4
45.004025999999996 -109.483401 0.0 0.4
45.003585 -109.513895 0.0 0.4
45.003402 -109.52439 0.0 0.4
45.003294 -109.535032 0.0 0.4
45.002977 -109.565199 0.0 0.4
45.002893 -109.59740000000001 0.0 0.4
45.002775 -109.609329 0.0 0.4
45.002539999999996 -109.633323 0.0 0.4
45.00242 -109.645362 0.0 0.4
45.002289 -109.662449 0.0 0.4
45.002272999999995 -109.687715 0.0 0.4
45.002176999999996 -109.703636 0.0 0.4
45.002106 -109.714036 0.0 0.4
45.001802 -109.761106 0.0 0.4
45.001795 -109.78609 0.0 0.4
45.002286999999995 -109.797423 0.0 0.4
45.002783 -109.811011 0.0 0.4
45.003184 -109.824308 0.0 0.4
45.003239 -109.834512 0.0 0.4
45.003260999999995 -109.846997 0.0 0.4
45.003277 -109.859276 0.0 0.4
45.003288999999995 -109.873023 0.0 0.4
45.003302 -109.893916 0.0 0.4
45.003315 -109.904096 0.0 0.4
45.003322999999995 -109.925065 0.0 0.4
45.003347999999995 -109.962007 0.0 0.4
45.003353 -109.978152 0.0 0.4
45.003355 -109.988277 0.0 0.4
45.003356 -109.999444 0.0 0.4
45.003403 -110.014875 0.0 0.4
45.003451 -110.026232 0.0 0.4
45.003504 -110.03745599999999 0.0 0.4
45.003533999999995 -110.059979 0.0 0.4
45.003533 -110.076764 0.0 0.4
45.003533 -110.10577599999999 0.0 0.4
44.999333 -110.155736 0.0 0.4
44.998416 -110.166657 0.0 0.4
44.996953 -110.183221 0.0 0.4
44.996887 -110.19433599999999 0.0 0.4
44.996756999999995 -110.220701 0.0 0.4
44.996946 -110.244237 0.0 0.4
44.997142 -110.26349 0.0 0.4
44.997358999999996 -110.284774 0.0 0.4
44.998172 -110.29773 0.0 0.4
44.999677 -110.325198 0.0 0.4
44.999638 -110.345592 0.0 0.4
44.999606 -110.362331 0.0 0.4
44.999496 -110.407116 0.0 0.4
44.996597 -110.42639 0.0 0.4
44.993682 -110.445743 0.0 0.4
44.992899 -110.486599 0.0 0.4
44.992644999999996 -110.500803 0.0 0.4
44.992515999999995 -110.515913 0.0 0.4
44.992517 -110.54130599999999 0.0 0.4
44.992515 -110.55226 0.0 0.4
44.992515 -110.563788 0.0 0.4
44.992491 -110.575327 0.0 0.4
44.992290999999994 -110.640608 0.0 0.4
44.992247 -110.655345 0.0 0.4
44.992205 -110.66963200000001 0.0 0.4
44.992185 -110.687179 0.0 0.4
44.992182 -110.700367 0.0 0.4
44.996842 -110.750378 0.0 0.4
44.997999 -110.761751 0.0 0.4
44.999328999999996 -110.774834 0.0 0.4
45.000882999999995 -110.790119 0.0 0.4
45.000872 -110.807388 0.0 0.4
45.00084 -110.821988 0.0 0.4
45.000789999999995 -110.84239099999999 0.0 0.4
45.000772 -110.865121 0.0 0.4
45.000706 -110.876086 0.0 0.4
45.000674 -110.888757 0.0 0.4
45.000648999999996 -110.89886 0.0 0.4
45.000645 -110.910349 0.0 0.4
45.000651 -110.937239 0.0 0.4
45.000662 -110.948991 0.0 0.4
45.0007 -110.96015 0.0 0.4
45.000755 -110.974586 0.0 0.4
45.000780999999996 -110.985766 0.0 0.4
45.000817 -110.99969 0.0 0.4
45.000867 -111.010153 0.0 0.4
45.000918999999996 -111.035904 0.0 0.4
45.000955 -111.054556 0.0 0.4
44.955698999999996 -111.054537 0.0 0.4
44.942746 -111.054521 0.0 0.4
44.93076 -111.054517 0.0 0.4
44.915816 -111.054502 0.0 0.4
44.904852 -111.054477 0.0 0.4
44.889508 -111.05443700000001 0.0 0.4
44.865815999999995 -111.054373 0.0 0.4
44.855019 -111.054348 0.0 0.4
44.827200999999995 -111.054265 0.0 0.4
44.813787999999995 -111.054241 0.0 0.4
44.800754999999995 -111.054241 0.0 0.4
44.78277 -111.054165 0.0 0.4
44.770658999999995 -111.05414 0.0 0.4
44.752671 -111.054095 0.0 0.4
44.726245 -111.053986 0.0 0.4
44.679100000000005 -111.053571 0.0 0.4
44.666267999999995 -111.053447 0.0 0.4
44.654368999999996 -111.053325 0.0 0.4
44.631378999999995 -111.053242 0.0 0.4
44.616189 -111.053185 0.0 0.4
44.604813 -111.053125 0.0 0.4
44.59287 -111.053068 0.0 0.4
44.575568999999994 -111.052989 0.0 0.4
44.564242 -111.052948 0.0 0.4
44.54016 -111.052805 0.0 0.4
44.515789999999996 -111.052664 0.0 0.4
44.499694999999996 -111.052567 0.0 0.4
44.489649 -111.052531 0.0 0.4
44.478411 -111.052434 0.0 0.4
44.478638 -111.064672 0.0 0.4
44.483447999999996 -111.074787 0.0 0.4
44.485169 -111.086708 0.0 0.4
44.486464 -111.097117 0.0 0.4
44.486928999999996 -111.107213 0.0 0.4
44.493848 -111.115061 0.0 0.4
44.497142 -111.126247 0.0 0.4
44.506232 -111.133575 0.0 0.4
44.515420999999996 -111.138004 0.0 0.4
44.532429 -111.131382 0.0 0.4
44.535844 -111.140806 0.0 0.4
44.542401999999996 -111.155114 0.0 0.4
44.549333 -111.173755 0.0 0.4
44.557095 -111.180845 0.0 0.4
44.567169 -111.180031 0.0 0.4
44.572446 -111.191365 0.0 0.4
44.575896 -111.201491 0.0 0.4
44.575578 -111.212085 0.0 0.4
44.576252 -111.224615 0.0 0.4
44.584467 -111.231529 0.0 0.4
44.594666 -111.23209 0.0 0.4
44.604752 -111.23512099999999 0.0 0.4
44.613687 -111.240332 0.0 0.4
44.617866 -111.22969 0.0 0.4
44.622521 -111.219319 0.0 0.4
44.630108 -111.227994 0.0 0.4
44.636663 -111.235666 0.0 0.4
44.643421 -111.244602 0.0 0.4
44.649488999999996 -111.252758 0.0 0.4
44.649445 -111.263234 0.0 0.4
44.648863 -111.27376 0.0 0.4
44.659009 -111.274576 0.0 0.4
44.665516 -111.266705 0.0 0.4
44.673601 -111.275041 0.0 0.4
44.682974 -111.280302 0.0 0.4
44.686021 -111.290467 0.0 0.4
44.693601 -111.297243 0.0 0.4
44.703547 -111.299717 0.0 0.4
44.708979 -111.308795 0.0 0.4
44.714476999999995 -111.317875 0.0 0.4
44.724134 -111.323645 0.0 0.4
44.731201 -111.331481 0.0 0.4
44.729383 -111.341599 0.0 0.4
44.725918 -111.351715 0.0 0.4
44.732686 -111.360375 0.0 0.4
44.740749 -111.366597 0.0 0.4
44.747679 -111.37438 0.0 0.4
44.75372 -111.383043 0.0 0.4
44.75231 -111.392969 0.0 0.4
44.742098999999996 -111.395462 0.0 0.4
44.732538 -111.398437 0.0 0.4
44.722485 -111.39916 0.0 0.4
44.71647 -111.407681 0.0 0.4
44.712137 -111.417449 0.0 0.4
44.717715 -111.426199 0.0 0.4
44.720545 -111.438798 0.0 0.4
44.717492 -111.44882799999999 0.0 0.4
44.715499 -111.459472 0.0 0.4
44.711559 -111.468678 0.0 0.4
44.707094 -111.478818 0.0 0.4
44.705642999999995 -111.488784 0.0 0.4
44.695706 -111.486182 0.0 0.4
44.686301 -111.482747 0.0 0.4
44.681534 -111.473733 0.0 0.4
44.670952 -111.476187 0.0 0.4
44.660866 -111.477891 0.0 0.4
44.654637 -111.48620700000001 0.0 0.4
44.646116 -111.491566 0.0 0.4
44.649639 -111.500956 0.0 0.4
44.644633999999996 -111.509949 0.0 0.4
44.634541 -111.509773 0.0 0.4
44.627365 -111.502695 0.0 0.4
44.622479 -111.511521 0.0 0.4
44.615862 -111.519287 0.0 0.4
44.60657 -111.524043 0.0 0.4
44.595985999999996 -111.524064 0.0 0.4
44.587129999999995 -111.519367 0.0 0.4
44.579527999999996 -111.512673 0.0 0.4
44.573947 -111.503179 0.0 0.4
44.566244 -111.509586 0.0 0.4
44.560964999999996 -111.499941 0.0 0.4
44.559923 -111.489927 0.0 0.4
44.555735 -111.480656 0.0 0.4
44.557466 -111.470624 0.0 0.4
44.547714 -111.467564 0.0 0.4
44.54096 -111.474965 0.0 0.4
44.541650999999995 -111.48559 0.0 0.4
44.540911 -111.495584 0.0 0.4
44.537701 -111.505438 0.0 0.4
44.537259 -111.515649 0.0 0.4
44.545621999999995 -111.521343 0.0 0.4
44.549887 -111.532143 0.0 0.4
44.553076999999995 -111.541928 0.0 0.4
44.556173 -111.551537 0.0 0.4
44.555209 -111.562814 0.0 0.4
44.558611 -111.57288199999999 0.0 0.4
44.560514999999995 -111.582716 0.0 0.4
44.558519 -111.592531 0.0 0.4
44.553936 -111.60153199999999 0.0 0.4
44.549988 -111.610812 0.0 0.4
44.550787 -111.620852 0.0 0.4
44.552991 -111.631865 0.0 0.4
44.553146999999996 -111.641949 0.0 0.4
44.555004 -111.651785 0.0 0.4
44.554567 -111.66202200000001 0.0 0.4
44.556608999999995 -111.67197 0.0 0.4
44.56051 -111.681877 0.0 0.4
44.556433 -111.691052 0.0 0.4
44.559214 -111.700758 0.0 0.4
44.551839 -111.707809 0.0 0.4
44.544044 -111.71475699999999 0.0 0.4
44.543844 -111.72510000000001 0.0 0.4
44.542986 -111.735283 0.0 0.4
44.540853999999996 -111.745055 0.0 0.4
44.536119 -111.753872 0.0 0.4
44.529283 -111.761544 0.0 0.4
44.530868 -111.77151 0.0 0.4
44.523984 -111.779149 0.0 0.4
44.524941999999996 -111.789124 0.0 0.4
44.526314 -111.799538 0.0 0.4
44.519748 -111.80816 0.0 0.4
44.510737999999996 -111.81380300000001 0.0 0.4
44.510351 -111.824106 0.0 0.4
44.517458999999995 -111.831296 0.0 0.4
44.524446999999995 -111.83924999999999 0.0 0.4
44.534965 -111.846575 0.0 0.4
44.543051999999996 -111.85275899999999 0.0 0.4
44.550104999999995 -111.860412 0.0 0.4
44.558563 -111.866214 0.0 0.4
44.561709 -111.876098 0.0 0.4
44.562422 -111.88633899999999 0.0 0.4
44.559211999999995 -111.895878 0.0 0.4
44.556993999999996 -111.905773 0.0 0.4
44.5563 -111.916196 0.0 0.4
44.557311 -111.927144 0.0 0.4
44.557483999999995 -111.937588 0.0 0.4
44.557013 -111.947782 0.0 0.4
44.54866 -111.953928 0.0 0.4
44.544233 -111.962927 0.0 0.4
44.537935999999995 -111.97122 0.0 0.4
44.536608 -111.981747 0.0 0.4
44.537529 -111.992039 0.0 0.4
44.538061 -112.002216 0.0 0.4
44.54316 -112.010938 0.0 0.4
44.544145 -112.021386 0.0 0.4
44.54664 -112.031915 0.0 0.4
44.536805 -112.033725 0.0 0.4
44.53227 -112.042715 0.0 0.4
44.534735999999995 -112.052702 0.0 0.4
44.536121 -112.063289 0.0 0.4
44.534867999999996 -112.073318 0.0 0.4
44.532159 -112.08542299999999 0.0 0.4
44.527221 -112.094711 0.0 0.4
44.520908 -112.103248 0.0 0.4
44.524834999999996 -112.113266 0.0 0.4
44.527772 -112.123357 0.0 0.4
44.535964 -112.129098 0.0 0.4
44.539277999999996 -112.138935 0.0 0.4
44.536775 -112.1487 0.0 0.4
44.540226999999994 -112.160425 0.0 0.4
44.537897 -112.171327 0.0 0.4
44.532776999999996 -112.180073 0.0 0.4
44.535633999999995 -112.191664 0.0 0.4
44.538869999999996 -112.201163 0.0 0.4
44.540746 -112.211742 0.0 0.4
44.543391 -112.221391 0.0 0.4
44.549412 -112.229521 0.0 0.4
44.559428 -112.23105699999999 0.0 0.4
44.566112 -112.23857699999999 0.0 0.4
44.568466 -112.248373 0.0 0.4
44.569936 -112.258403 0.0 0.4
44.565461 -112.267805 0.0 0.4
44.566641 -112.278472 0.0 0.4
44.567932 -112.288626 0.0 0.4
44.561206 -112.296332 0.0 0.4
44.558073 -112.306348 0.0 0.4
44.551404 -112.31459100000001 0.0 0.4
44.541286 -112.315422 0.0 0.4
44.538916 -112.325188 0.0 0.4
44.538599 -112.335206 0.0 0.4
44.538421 -112.345429 0.0 0.4
44.534318 -112.354705 0.0 0.4
44.522709 -112.357094 0.0 0.4
44.511500999999996 -112.357742 0.0 0.4
44.501349999999995 -112.356883 0.0 0.4
44.490939 -112.357435 0.0 0.4
44.482600000000005 -112.363088 0.0 0.4
44.472466999999995 -112.36484899999999 0.0 0.4
44.464465 -112.371004 0.0 0.4
44.456347 -112.377463 0.0 0.4
44.449393 -112.384929 0.0 0.4
44.452211999999996 -112.395138 0.0 0.4
44.456519 -112.404487 0.0 0.4
44.454225 -112.41463 0.0 0.4
44.454496999999996 -112.424815 0.0 0.4
44.456343 -112.434645 0.0 0.4
44.464842 -112.440905 0.0 0.4
44.466792999999996 -112.451164 0.0 0.4
44.473822999999996 -112.459436 0.0 0.4
44.478023 -112.469182 0.0 0.4
44.475679 -112.47902500000001 0.0 0.4
44.470745 -112.488292 0.0 0.4
44.466058 -112.497186 0.0 0.4
44.464957 -112.507145 0.0 0.4
44.473608999999996 -112.512497 0.0 0.4
44.476122 -112.522206 0.0 0.4
44.478403 -112.532032 0.0 0.4
44.483545 -112.541295 0.0 0.4
44.484328999999995 -112.551455 0.0 0.4
44.482566 -112.562025 0.0 0.4
44.481899 -112.57232 0.0 0.4
44.482127 -112.582524 0.0 0.4
44.485065 -112.592156 0.0 0.4
44.490271 -112.600964 0.0 0.4
44.488786 -112.61120700000001 0.0 0.4
44.485955999999995 -112.620809 0.0 0.4
44.489464 -112.630462 0.0 0.4
44.490352 -112.640959 0.0 0.4
44.487721 -112.650973 0.0 0.4
44.485952 -112.660867 0.0 0.4
44.490711 -112.670528 0.0 0.4
44.492329 -112.68154200000001 0.0 0.4
44.498624 -112.689433 0.0 0.4
44.500741999999995 -112.701368 0.0 0.4
44.503409999999995 -112.711243 0.0 0.4
44.502984999999995 -112.722833 0.0 0.4
44.50008 -112.732944 0.0 0.4
44.491049 -112.739289 0.0 0.4
44.490134 -112.749759 0.0 0.4
44.4881 -112.760359 0.0 0.4
44.484017 -112.770219 0.0 0.4
44.484714 -112.780437 0.0 0.4
44.476082999999996 -112.786907 0.0 0.4
44.468342 -112.794229 0.0 0.4
44.459719 -112.800178 0.0 0.4
44.453122 -112.807706 0.0 0.4
44.449467999999996 -112.817099 0.0 0.4
44.443574999999996 -112.826415 0.0 0.4
44.433282999999996 -112.827731 0.0 0.4
44.42635 -112.83613 0.0 0.4
44.417044 -112.832038 0.0 0.4
44.410152 -112.82470599999999 0.0 0.4
44.400521 -112.820297 0.0 0.4
44.398810999999995 -112.81034700000001 0.0 0.4
44.388684 -112.812003 0.0 0.4
44.378387 -112.813356 0.0 0.4
44.370408999999995 -112.820762 0.0 0.4
44.365586 -112.829778 0.0 0.4
44.361894 -112.83949799999999 0.0 0.4
44.358618 -112.849352 0.0 0.4
44.364014999999995 -112.858765 0.0 0.4
44.370239999999995 -112.86705 0.0 0.4
44.376445 -112.87494699999999 0.0 0.4
44.383927 -112.881892 0.0 0.4
44.394236 -112.884581 0.0 0.4
44.40374 -112.888254 0.0 0.4
44.400346 -112.898394 0.0 0.4
44.401361 -112.908546 0.0 0.4
44.405572 -112.917807 0.0 0.4
44.410970999999996 -112.926891 0.0 0.4
44.412501 -112.937077 0.0 0.4
44.41583 -112.946602 0.0 0.4
44.423988 -112.952489 0.0 0.4
44.423255 -112.963048 0.0 0.4
44.427929999999996 -112.971973 0.0 0.4
44.433752999999996 -112.980429 0.0 0.4
44.441202 -112.987419 0.0 0.4
44.447106 -112.99556 0.0 0.4
44.452827 -113.00450599999999 0.0 0.4
44.462955 -113.008389 0.0 0.4
44.473082999999995 -113.00844000000001 0.0 0.4
44.480764 -113.016429 0.0 0.4
44.489017 -113.023348 0.0 0.4
44.499908 -113.022423 0.0 0.4
44.507543999999996 -113.015466 0.0 0.4
44.517277 -113.012923 0.0 0.4
44.524722 -113.006208 0.0 0.4
44.529424 -113.015788 0.0 0.4
44.536021999999996 -113.023547 0.0 0.4
44.537600999999995 -113.033594 0.0 0.4
44.542593 -113.04249899999999 0.0 0.4
44.552166 -113.047099 0.0 0.4
44.558749999999996 -113.03916699999999 0.0 0.4
44.568087 -113.042791 0.0 0.4
44.572340999999994 -113.052217 0.0 0.4
44.576522 -113.061365 0.0 0.4
44.586571 -113.063263 0.0 0.4
44.592873 -113.072037 0.0 0.4
44.597702 -113.081665 0.0 0.4
44.608017 -113.078769 0.0 0.4
44.615871 -113.071888 0.0 0.4
44.618359999999996 -113.061384 0.0 0.4
44.625569 -113.051537 0.0 0.4
44.636159 -113.051205 0.0 0.4
44.643498 -113.058977 0.0 0.4
44.651452 -113.065138 0.0 0.4
44.661342 -113.068546 0.0 0.4
44.672295 -113.068063 0.0 0.4
44.680358 -113.074577 0.0 0.4
44.688876 -113.07994 0.0 0.4
44.694191 -113.088784 0.0 0.4
44.698868 -113.097833 0.0 0.4
44.708256999999996 -113.101559 0.0 0.4
44.718053999999995 -113.099465 0.0 0.4
44.728119 -113.101699 0.0 0.4
44.732991 -113.111446 0.0 0.4
44.741259 -113.11716799999999 0.0 0.4
44.749437 -113.124901 0.0 0.4
44.752463 -113.134498 0.0 0.4
44.762375 -113.135961 0.0 0.4
44.771473 -113.131665 0.0 0.4
44.776993999999995 -113.141908 0.0 0.4
44.779405 -113.151949 0.0 0.4
44.778779 -113.163409 0.0 0.4
44.784082 -113.172224 0.0 0.4
44.789704 -113.18114 0.0 0.4
44.797412 -113.187729 0.0 0.4
44.802292 -113.197017 0.0 0.4
44.806717 -113.206323 0.0 0.4
44.810269999999996 -113.216421 0.0 0.4
44.812461 -113.22628399999999 0.0 0.4
44.813874 -113.237711 0.0 0.4
44.820997999999996 -113.244966 0.0 0.4
44.819924 -113.25622 0.0 0.4
44.815692999999996 -113.265605 0.0 0.4
44.813551 -113.275852 0.0 0.4
44.808521 -113.284768 0.0 0.4
44.804672 -113.294747 0.0 0.4
44.79889 -113.303382 0.0 0.4
44.796226999999995 -113.313377 0.0 0.4
44.792131999999995 -113.322838 0.0 0.4
44.786803 -113.334289 0.0 0.4
44.786949 -113.34481099999999 0.0 0.4
44.791798 -113.354083 0.0 0.4
44.79893 -113.346492 0.0 0.4
44.809357 -113.350996 0.0 0.4
44.818562 -113.355796 0.0 0.4
44.823599 -113.365077 0.0 0.4
44.829609999999995 -113.374245 0.0 0.4
44.836586999999994 -113.381664 0.0 0.4
44.837232 -113.392248 0.0 0.4
44.839256 -113.403531 0.0 0.4
44.840441 -113.41351399999999 0.0 0.4
44.844518 -113.423455 0.0 0.4
44.853967 -113.428668 0.0 0.4
44.855424 -113.438683 0.0 0.4
44.862463999999996 -113.446459 0.0 0.4
44.867698 -113.45571699999999 0.0 0.4
44.877486 -113.459448 0.0 0.4
44.887231 -113.46198 0.0 0.4
44.891743 -113.471498 0.0 0.4
44.901033 -113.475538 0.0 0.4
44.91103 -113.474867 0.0 0.4
44.918087 -113.482601 0.0 0.4
44.923445 -113.491108 0.0 0.4
44.932589 -113.495363 0.0 0.4
44.942029 -113.498734 0.0 0.4
44.947716 -113.490349 0.0 0.4
44.950255 -113.480668 0.0 0.4
44.947919 -113.470608 0.0 0.4
44.951491 -113.46116599999999 0.0 0.4
44.953209 -113.45061799999999 0.0 0.4
44.963415 -113.44549 0.0 0.4
44.974016 -113.444871 0.0 0.4
44.98441 -113.446998 0.0 0.4
44.994566 -113.445573 0.0 0.4
45.003496 -113.44103 0.0 0.4
45.013773 -113.44197199999999 0.0 0.4
45.022003999999995 -113.448341 0.0 0.4
45.031988 -113.446156 0.0 0.4
45.038002 -113.454284 0.0 0.4
45.047124 -113.449856 0.0 0.4
45.057103999999995 -113.45147 0.0 0.4
45.064378 -113.459219 0.0 0.4
45.062115999999996 -113.470644 0.0 0.4
45.062808 -113.481348 0.0 0.4
45.070425 -113.487861 0.0 0.4
45.079367999999995 -113.493236 0.0 0.4
45.082172 -113.503281 0.0 0.4
45.084759 -113.513377 0.0 0.4
45.090939 -113.52152699999999 0.0 0.4
45.098734 -113.512799 0.0 0.4
45.106918 -113.506908 0.0 0.4
45.116129 -113.51124899999999 0.0 0.4
45.115652999999995 -113.52181 0.0 0.4
45.11548 -113.532148 0.0 0.4
45.11222 -113.54323099999999 0.0 0.4
45.116454 -113.552495 0.0 0.4
45.121794 -113.562182 0.0 0.4
45.126445 -113.57172800000001 0.0 0.4
45.137344 -113.572377 0.0 0.4
45.145728 -113.566016 0.0 0.4
45.148424 -113.577549 0.0 0.4
45.154188999999995 -113.585974 0.0 0.4
45.162839 -113.592138 0.0 0.4
45.173100000000005 -113.591743 0.0 0.4
45.183510999999996 -113.592079 0.0 0.4
45.190934999999996 -113.599614 0.0 0.4
45.195724999999996 -113.609016 0.0 0.4
45.201474999999995 -113.617518 0.0 0.4
45.207144 -113.626412 0.0 0.4
45.211847 -113.636352 0.0 0.4
45.220453 -113.642106 0.0 0.4
45.229166 -113.647794 0.0 0.4
45.237702 -113.653476 0.0 0.4
45.243660999999996 -113.661507 0.0 0.4
45.247938 -113.671164 0.0 0.4
45.251374 -113.680786 0.0 0.4
45.259585 -113.688816 0.0 0.4
45.269842 -113.691041 0.0 0.4
45.273792 -113.681695 0.0 0.4
45.283359999999995 -113.684889 0.0 0.4
45.28919 -113.694439 0.0 0.4
45.294937999999995 -113.702904 0.0 0.4
45.301978999999996 -113.710723 0.0 0.4
45.310708 -113.715689 0.0 0.4
45.318092 -113.723451 0.0 0.4
45.323802 -113.732151 0.0 0.4
45.331533 -113.738507 0.0 0.4
45.341584999999995 -113.739914 0.0 0.4
45.350384999999996 -113.734881 0.0 0.4
45.360091999999995 -113.732074 0.0 0.4
45.36813 -113.738879 0.0 0.4
45.377067 -113.734253 0.0 0.4
45.387164999999996 -113.732609 0.0 0.4
45.394563999999995 -113.739779 0.0 0.4
45.400726 -113.74806699999999 0.0 0.4
45.404925999999996 -113.757323 0.0 0.4
45.406147999999995 -113.76780600000001 0.0 0.4
45.413044 -113.775934 0.0 0.4
45.420908 -113.76943299999999 0.0 0.4
45.426044999999995 -113.760446 0.0 0.4
45.431487999999995 -113.768967 0.0 0.4
45.439623999999995 -113.775127 0.0 0.4
45.450071 -113.77909199999999 0.0 0.4
45.460063 -113.777813 0.0 0.4
45.47042 -113.776364 0.0 0.4
45.475384 -113.76668 0.0 0.4
45.483334 -113.760419 0.0 0.4
45.493258 -113.76347799999999 0.0 0.4
45.502305 -113.76797 0.0 0.4
45.512192 -113.77055899999999 0.0 0.4
45.522268 -113.771953 0.0 0.4
45.521859 -113.782139 0.0 0.4
45.521978999999995 -113.792804 0.0 0.4
45.52294 -113.803115 0.0 0.4
45.520627999999995 -113.813165 0.0 0.4
45.521428 -113.823874 0.0 0.4
45.52052 -113.834484 0.0 0.4
45.530079 -113.830438 0.0 0.4
45.539788 -113.827969 0.0 0.4
45.547394 -113.821458 0.0 0.4
45.556823 -113.817538 0.0 0.4
45.566936999999996 -113.819004 0.0 0.4
45.574006999999995 -113.81193 0.0 0.4
45.579901 -113.80326099999999 0.0 0.4
45.590194 -113.801295 0.0 0.4
45.599388999999995 -113.80600799999999 0.0 0.4
45.60686 -113.813591 0.0 0.4
45.612316 -113.82320899999999 0.0 0.4
45.610251999999996 -113.833579 0.0 0.4
45.612742999999995 -113.843496 0.0 0.4
45.620691 -113.851541 0.0 0.4
45.62361 -113.861254 0.0 0.4
45.620352 -113.873125 0.0 0.4
45.618565 -113.883207 0.0 0.4
45.620509 -113.893318 0.0 0.4
45.621491 -113.903341 0.0 0.4
45.63169 -113.901418 0.0 0.4
45.641132 -113.897364 0.0 0.4
45.650220999999995 -113.902453 0.0 0.4
45.653763 -113.912642 0.0 0.4
45.660212 -113.920568 0.0 0.4
45.668679 -113.927032 0.0 0.4
45.677893999999995 -113.930969 0.0 0.4
45.687902 -113.933194 0.0 0.4
45.695482 -113.940148 0.0 0.4
45.692616 -113.950479 0.0 0.4
45.689957 -113.96079399999999 0.0 0.4
45.695676 -113.969294 0.0 0.4
45.702735 -113.977762 0.0 0.4
45.705478 -113.98791299999999 0.0 0.4
45.699304 -113.99581 0.0 0.4
45.694337999999995 -114.004863 0.0 0.4
45.69578 -114.015258 0.0 0.4
45.685797 -114.016217 0.0 0.4
45.677718999999996 -114.023828 0.0 0.4
45.669056 -114.01868999999999 0.0 0.4
45.659121999999996 -114.014505 0.0 0.4
45.649142 -114.018046 0.0 0.4
45.647912 -114.028318 0.0 0.4
45.644467 -114.038101 0.0 0.4
45.636762 -114.045134 0.0 0.4
45.631909 -114.054857 0.0 0.4
45.628971 -114.064529 0.0 0.4
45.621646 -114.072186 0.0 0.4
45.612916999999996 -114.0781 0.0 0.4
45.604136 -114.082915 0.0 0.4
45.593982 -114.08421799999999 0.0 0.4
45.58972 -114.093476 0.0 0.4
45.585831999999996 -114.103782 0.0 0.4
45.584945999999995 -114.114276 0.0 0.4
45.582347999999996 -114.124014 0.0 0.4
45.574691 -114.131241 0.0 0.4
45.564634 -114.129965 0.0 0.4
45.556975 -114.13725 0.0 0.4
45.557987999999995 -114.147502 0.0 0.4
45.552808999999996 -114.157167 0.0 0.4
45.551434 -114.16754 0.0 0.4
45.550649 -114.178268 0.0 0.4
45.545133 -114.186825 0.0 0.4
45.536581999999996 -114.193041 0.0 0.4
45.53552 -114.203085 0.0 0.4
45.539733 -114.212323 0.0 0.4
45.543209 -114.222172 0.0 0.4
45.546431999999996 -114.232634 0.0 0.4
45.545592 -114.244543 0.0 0.4
45.537999 -114.251601 0.0 0.4
45.527691 -114.24866 0.0 0.4
45.517652 -114.252016 0.0 0.4
45.509766 -114.258595 0.0 0.4
45.499311 -114.260211 0.0 0.4
45.491310999999996 -114.266661 0.0 0.4
45.483537999999996 -114.273925 0.0 0.4
45.479937 -114.28442 0.0 0.4
45.479372999999995 -114.29506 0.0 0.4
45.472159 -114.302749 0.0 0.4
45.469882999999996 -114.312811 0.0 0.4
45.465911999999996 -114.322756 0.0 0.4
45.459623 -114.330557 0.0 0.4
45.459604999999996 -114.341556 0.0 0.4
45.465520999999995 -114.34996699999999 0.0 0.4
45.472649999999994 -114.358076 0.0 0.4
45.48251 -114.363425 0.0 0.4
45.491854 -114.367201 0.0 0.4
45.495782 -114.377096 0.0 0.4
45.502035 -114.38782 0.0 0.4
45.504486 -114.399728 0.0 0.4
45.507670999999995 -114.409623 0.0 0.4
45.5093 -114.419741 0.0 0.4
45.515813 -114.428394 0.0 0.4
45.526342 -114.431274 0.0 0.4
45.532979999999995 -114.438795 0.0 0.4
45.539103 -114.446973 0.0 0.4
45.544295 -114.456113 0.0 0.4
45.552186999999996 -114.462412 0.0 0.4
45.560989 -114.456349 0.0 0.4
45.56104 -114.46659199999999 0.0 0.4
45.56258 -114.476938 0.0 0.4
45.560491999999996 -114.487151 0.0 0.4
45.555791 -114.496646 0.0 0.4
45.559222999999996 -114.506325 0.0 0.4
45.565822999999995 -114.51536 0.0 0.4
45.57063 -114.52583 0.0 0.4
45.564917 -114.535762 0.0 0.4
45.561962 -114.545838 0.0 0.4
45.557587 -114.555146 0.0 0.4
45.558181999999995 -114.565257 0.0 0.4
45.566049 -114.558522 0.0 0.4
45.576183 -114.553091 0.0 0.4
45.58483 -114.558278 0.0 0.4
45.593128 -114.552397 0.0 0.4
45.6006 -114.545589 0.0 0.4
45.607385 -114.538197 0.0 0.4
45.616231 -114.544318 0.0 0.4
45.619386999999996 -114.554108 0.0 0.4
45.628754 -114.55990800000001 0.0 0.4
45.638600000000004 -114.562869 0.0 0.4
45.642075999999996 -114.552452 0.0 0.4
45.641960999999995 -114.542323 0.0 0.4
45.650335 -114.53647 0.0 0.4
45.650628 -114.525637 0.0 0.4
45.6527 -114.51572 0.0 0.4
45.658891 -114.507799 0.0 0.4
45.667055999999995 -114.50102 0.0 0.4
45.6771 -114.501525 0.0 0.4
45.683349 -114.509896 0.0 0.4
45.69172 -114.504128 0.0 0.4
45.699306 -114.496811 0.0 0.4
45.709441999999996 -114.497736 0.0 0.4
45.718294 -114.50307 0.0 0.4
45.724990999999996 -114.510878 0.0 0.4
45.726555999999995 -114.521047 0.0 0.4
45.732549999999996 -114.529558 0.0 0.4
45.739602999999995 -114.537448 0.0 0.4
45.743182999999995 -114.547178 0.0 0.4
45.753204 -114.546445 0.0 0.4
45.76347 -114.550664 0.0 0.4
45.767188 -114.560068 0.0 0.4
45.776928 -114.563441 0.0 0.4
45.784222 -114.556317 0.0 0.4
45.789359999999995 -114.547598 0.0 0.4
45.798645 -114.543676 0.0 0.4
45.806351 -114.535384 0.0 0.4
45.816224 -114.532102 0.0 0.4
45.822393 -114.523874 0.0 0.4
45.827131 -114.51440000000001 0.0 0.4
45.837416999999995 -114.516505 0.0 0.4
45.845337 -114.509661 0.0 0.4
45.849987 -114.500349 0.0 0.4
45.850421999999995 -114.4895 0.0 0.4
45.848194 -114.479401 0.0 0.4
45.851580999999996 -114.469196 0.0 0.4
45.854788 -114.459193 0.0 0.4
45.858652 -114.449277 0.0 0.4
45.862173 -114.439697 0.0 0.4
45.859048 -114.42944 0.0 0.4
45.855025 -114.420216 0.0 0.4
45.851824 -114.410706 0.0 0.4
45.860797999999996 -114.406155 0.0 0.4
45.871126 -114.405202 0.0 0.4
45.873756 -114.395503 0.0 0.4
45.881541 -114.389209 0.0 0.4
45.892075999999996 -114.388626 0.0 0.4
45.900783 -114.395088 0.0 0.4
45.904226 -114.404892 0.0 0.4
45.911094 -114.41280499999999 0.0 0.4
45.921588 -114.41485 0.0 0.4
45.927958 -114.422776 0.0 0.4
45.935002 -114.430552 0.0 0.4
45.943585999999996 -114.424874 0.0 0.4
45.948091999999995 -114.415816 0.0 0.4
45.954245 -114.406918 0.0 0.4
45.963156999999995 -114.40178399999999 0.0 0.4
45.971001 -114.408458 0.0 0.4
45.97927 -114.41413299999999 0.0 0.4
45.983886999999996 -114.423665 0.0 0.4
45.987224 -114.43346 0.0 0.4
45.987365 -114.44545600000001 0.0 0.4
45.99257 -114.455032 0.0 0.4
45.997589999999995 -114.463704 0.0 0.4
45.992247 -114.4741 0.0 0.4
45.995669 -114.483552 0.0 0.4
46.00505 -114.487224 0.0 0.4
46.010442999999995 -114.478338 0.0 0.4
46.020224 -114.475634 0.0 0.4
46.029945 -114.48025 0.0 0.4
46.027778 -114.490719 0.0 0.4
46.028718 -114.500935 0.0 0.4
46.03723 -114.506581 0.0 0.4
46.042351 -114.497511 0.0 0.4
46.052323 -114.49354 0.0 0.4
46.055203 -114.483555 0.0 0.4
46.060117999999996 -114.474184 0.0 0.4
46.070132 -114.472028 0.0 0.4
46.077663 -114.465321 0.0 0.4
46.086518999999996 -114.460127 0.0 0.4
46.097153999999996 -114.460239 0.0 0.4
46.104532 -114.46700799999999 0.0 0.4
46.111697 -114.474216 0.0 0.4
46.113605 -114.48515499999999 0.0 0.4
46.117321 -114.494966 0.0 0.4
46.11839 -114.504994 0.0 0.4
46.122918 -114.515001 0.0 0.4
46.132506 -114.518273 0.0 0.4
46.140806999999995 -114.524092 0.0 0.4
46.150766 -114.521825 0.0 0.4
46.158622 -114.515257 0.0 0.4
46.164635999999994 -114.506259 0.0 0.4
46.167958 -114.495582 0.0 0.4
46.165613 -114.48545899999999 0.0 0.4
46.160619 -114.476563 0.0 0.4
46.165420999999995 -114.467235 0.0 0.4
46.169996 -114.458058 0.0 0.4
46.168167 -114.44746599999999 0.0 0.4
46.178568999999996 -114.445512 0.0 0.4
46.188638999999995 -114.444931 0.0 0.4
46.1987 -114.44458 0.0 0.4
46.208687 -114.448733 0.0 0.4
46.218757 -114.446989 0.0 0.4
46.229037999999996 -114.447744 0.0 0.4
46.238929 -114.451467 0.0 0.4
46.244474 -114.459814 0.0 0.4
46.253743 -114.46574 0.0 0.4
46.263056 -114.469947 0.0 0.4
46.272419 -114.466402 0.0 0.4
46.271392 -114.455851 0.0 0.4
46.272698 -114.444767 0.0 0.4
46.27661 -114.43544 0.0 0.4
46.283364999999996 -114.427616 0.0 0.4
46.293841 -114.42903799999999 0.0 0.4
46.303771999999995 -114.432781 0.0 0.4
46.313437 -114.43005099999999 0.0 0.4
46.322098 -114.423896 0.0 0.4
46.331585 -114.419028 0.0 0.4
46.340900999999995 -114.414557 0.0 0.4
46.351400000000005 -114.412047 0.0 0.4
46.361508 -114.410698 0.0 0.4
46.370813999999996 -114.414535 0.0 0.4
46.380072 -114.41946 0.0 0.4
46.390294999999995 -114.418885 0.0 0.4
46.39606 -114.410484 0.0 0.4
46.40148 -114.401841 0.0 0.4
46.408417 -114.394549 0.0 0.4
46.411359 -114.384843 0.0 0.4
46.421903 -114.383915 0.0 0.4
46.432172 -114.382961 0.0 0.4
46.435902 -114.37278 0.0 0.4
46.444299 -114.378377 0.0 0.4
46.454176 -114.381417 0.0 0.4
46.464272 -114.382581 0.0 0.4
46.468717999999996 -114.391922 0.0 0.4
46.475947999999995 -114.398949 0.0 0.4
46.487328 -114.401373 0.0 0.4
46.498180999999995 -114.403293 0.0 0.4
46.503468999999996 -114.394632 0.0 0.4
46.504906 -114.384456 0.0 0.4
46.501864999999995 -114.374917 0.0 0.4
46.505337 -114.364756 0.0 0.4
46.506955 -114.354668 0.0 0.4
46.513844 -114.34737200000001 0.0 0.4
46.523185999999995 -114.343689 0.0 0.4
46.532824999999995 -114.34884 0.0 0.4
46.541532 -114.343901 0.0 0.4
46.551001 -114.347533 0.0 0.4
46.558828 -114.341195 0.0 0.4
46.567744999999995 -114.335336 0.0 0.4
46.576198999999995 -114.329639 0.0 0.4
46.583008 -114.337061 0.0 0.4
46.591496 -114.342471 0.0 0.4
46.596593999999996 -114.332699 0.0 0.4
46.605489 -114.327708 0.0 0.4
46.616101 -114.32621 0.0 0.4
46.625518 -114.322289 0.0 0.4
46.635695999999996 -114.321818 0.0 0.4
46.646285999999996 -114.321445 0.0 0.4
46.654844 -114.327682 0.0 0.4
46.662101 -114.336371 0.0 0.4
46.662209 -114.346529 0.0 0.4
46.666228 -114.355786 0.0 0.4
46.668701999999996 -114.365946 0.0 0.4
46.66744 -114.376299 0.0 0.4
46.663095999999996 -114.385433 0.0 0.4
46.664088 -114.396516 0.0 0.4
46.659946 -114.406521 0.0 0.4
46.657657 -114.416658 0.0 0.4
46.659799 -114.426602 0.0 0.4
46.655938 -114.436102 0.0 0.4
46.6514 -114.44508 0.0 0.4
46.646091 -114.453796 0.0 0.4
46.637001999999995 -114.45883 0.0 0.4
46.631797 -114.46751499999999 0.0 0.4
46.631786 -114.478146 0.0 0.4
46.633617 -114.488544 0.0 0.4
46.637561999999996 -114.497752 0.0 0.4
46.639404 -114.508486 0.0 0.4
46.640111999999995 -114.520791 0.0 0.4
46.643888999999994 -114.530593 0.0 0.4
46.648976 -114.540467 0.0 0.4
46.644569999999995 -114.551339 0.0 0.4
46.64216 -114.561368 0.0 0.4
46.642322 -114.571471 0.0 0.4
46.635635 -114.579507 0.0 0.4
46.634512 -114.589949 0.0 0.4
46.636327 -114.599891 0.0 0.4
46.637564 -114.610656 0.0 0.4
46.647576 -114.611678 0.0 0.4
46.656031 -114.61772500000001 0.0 0.4
46.658941 -114.627944 0.0 0.4
46.662673 -114.637695 0.0 0.4
46.671817999999995 -114.63314 0.0 0.4
46.677941999999994 -114.641267 0.0 0.4
46.683626 -114.63245 0.0 0.4
46.690062999999995 -114.624387 0.0 0.4
46.700289999999995 -114.62320199999999 0.0 0.4
46.710753 -114.624461 0.0 0.4
46.71557 -114.633267 0.0 0.4
46.722335 -114.640698 0.0 0.4
46.730875999999995 -114.646818 0.0 0.4
46.734488999999996 -114.657813 0.0 0.4
46.739176 -114.666718 0.0 0.4
46.737516 -114.677237 0.0 0.4
46.736481 -114.687483 0.0 0.4
46.740612 -114.696941 0.0 0.4
46.731154 -114.702095 0.0 0.4
46.72247 -114.708484 0.0 0.4
46.714751 -114.714932 0.0 0.4
46.714569999999995 -114.726135 0.0 0.4
46.712392 -114.736388 0.0 0.4
46.705180999999996 -114.745587 0.0 0.4
46.697227 -114.751914 0.0 0.4
46.697198 -114.762395 0.0 0.4
46.704982 -114.769102 0.0 0.4
46.706714999999996 -114.779352 0.0 0.4
46.711922 -114.787897 0.0 0.4
46.720313999999995 -114.782116 0.0 0.4
46.730405999999995 -114.77967 0.0 0.4
46.734584999999996 -114.770454 0.0 0.4
46.743781999999996 -114.766143 0.0 0.4
46.753828999999996 -114.767335 0.0 0.4
46.762087 -114.773535 0.0 0.4
46.768848999999996 -114.781429 0.0 0.4
46.777885999999995 -114.786431 0.0 0.4
46.777184999999996 -114.79656 0.0 0.4
46.780077 -114.806181 0.0 0.4
46.781310999999995 -114.817511 0.0 0.4
46.782443 -114.827832 0.0 0.4
46.78959 -114.834941 0.0 0.4
46.794301999999995 -114.844788 0.0 0.4
46.799794 -114.853279 0.0 0.4
46.80647 -114.860837 0.0 0.4
46.814358999999996 -114.86737 0.0 0.4
46.811372 -114.87818899999999 0.0 0.4
46.808406 -114.887808 0.0 0.4
46.801629999999996 -114.895189 0.0 0.4
46.811749999999996 -114.897813 0.0 0.4
46.822001 -114.898236 0.0 0.4
46.824293999999995 -114.909763 0.0 0.4
46.827199 -114.91945 0.0 0.4
46.833611 -114.927714 0.0 0.4
46.843635 -114.92866599999999 0.0 0.4
46.853736999999995 -114.928427 0.0 0.4
46.856972 -114.938396 0.0 0.4
46.85964 -114.948039 0.0 0.4
46.868358 -114.942361 0.0 0.4
46.874506 -114.934416 0.0 0.4
46.885324999999995 -114.932136 0.0 0.4
46.894884999999995 -114.935111 0.0 0.4
46.904087 -114.931042 0.0 0.4
46.911606 -114.923979 0.0 0.4
46.919937 -114.929943 0.0 0.4
46.922883 -114.939751 0.0 0.4
46.926407 -114.949795 0.0 0.4
46.929564 -114.959639 0.0 0.4
46.938041999999996 -114.965037 0.0 0.4
46.941559999999996 -114.974954 0.0 0.4
46.948581999999995 -114.982536 0.0 0.4
46.955981 -114.989505 0.0 0.4
46.966032 -114.99943999999999 0.0 0.4
46.973099 -115.00816 0.0 0.4
46.974246 -115.018863 0.0 0.4
46.975519 -115.029015 0.0 0.4
46.970493999999995 -115.037945 0.0 0.4
46.9696 -115.047974 0.0 0.4
46.979999 -115.050048 0.0 0.4
46.989315999999995 -115.059241 0.0 0.4
46.995211999999995 -115.067775 0.0 0.4
47.006524 -115.06861599999999 0.0 0.4
47.017500999999996 -115.069588 0.0 0.4
47.025835 -115.075332 0.0 0.4
47.034676 -115.08061599999999 0.0 0.4
47.041121 -115.088363 0.0 0.4
47.04797 -115.096033 0.0 0.4
47.048562999999994 -115.106065 0.0 0.4
47.055341999999996 -115.113517 0.0 0.4
47.062208 -115.121159 0.0 0.4
47.067617999999996 -115.12960000000001 0.0 0.4
47.075945999999995 -115.135297 0.0 0.4
47.08473 -115.140787 0.0 0.4
47.095106 -115.141713 0.0 0.4
47.102495999999995 -115.148515 0.0 0.4
47.102778 -115.158767 0.0 0.4
47.105666 -115.168776 0.0 0.4
47.114121 -115.175226 0.0 0.4
47.121248 -115.18238099999999 0.0 0.4
47.130007 -115.187501 0.0 0.4
47.135908 -115.195714 0.0 0.4
47.140505999999995 -115.20481699999999 0.0 0.4
47.143660999999994 -115.215156 0.0 0.4
47.148891 -115.223892 0.0 0.4
47.150389999999994 -115.234403 0.0 0.4
47.151312 -115.244619 0.0 0.4
47.159898999999996 -115.249987 0.0 0.4
47.168127999999996 -115.256562 0.0 0.4
47.178194 -115.258432 0.0 0.4
47.181402999999996 -115.26799199999999 0.0 0.4
47.182103999999995 -115.27799 0.0 0.4
47.184688 -115.287962 0.0 0.4
47.187371 -115.297603 0.0 0.4
47.197471 -115.299382 0.0 0.4
47.206796 -115.294943 0.0 0.4
47.217099 -115.294743 0.0 0.4
47.225608 -115.300021 0.0 0.4
47.229695 -115.310196 0.0 0.4
47.235856999999996 -115.318212 0.0 0.4
47.244366 -115.324029 0.0 0.4
47.252983 -115.31858 0.0 0.4
47.257802 -115.327743 0.0 0.4
47.262259 -115.339145 0.0 0.4
47.260397 -115.349187 0.0 0.4
47.259643 -115.359219 0.0 0.4
47.263646 -115.368993 0.0 0.4
47.265643 -115.379615 0.0 0.4
47.265829 -115.389799 0.0 0.4
47.265139999999995 -115.400464 0.0 0.4
47.264271 -115.41070500000001 0.0 0.4
47.270433 -115.419135 0.0 0.4
47.2794 -115.424464 0.0 0.4
47.279834 -115.43458 0.0 0.4
47.277021 -115.44468499999999 0.0 0.4
47.277536 -115.45508 0.0 0.4
47.285374999999995 -115.461426 0.0 0.4
47.284237999999995 -115.471806 0.0 0.4
47.281403999999995 -115.481414 0.0 0.4
47.288477 -115.489085 0.0 0.4
47.289860999999995 -115.499224 0.0 0.4
47.293197 -115.50896399999999 0.0 0.4
47.297438 -115.518338 0.0 0.4
47.299243999999995 -115.528509 0.0 0.4
47.309422999999995 -115.528885 0.0 0.4
47.317837999999995 -115.53706199999999 0.0 0.4
47.327636 -115.539783 0.0 0.4
47.333332999999996 -115.548843 0.0 0.4
47.343606 -115.548957 0.0 0.4
47.352385999999996 -115.555087 0.0 0.4
47.352419999999995 -115.565547 0.0 0.4
47.355875 -115.575047 0.0 0.4
47.366017 -115.576322 0.0 0.4
47.370137 -115.586134 0.0 0.4
47.372082999999996 -115.596167 0.0 0.4
47.377835 -115.604651 0.0 0.4
47.381629 -115.61444399999999 0.0 0.4
47.381358999999996 -115.624467 0.0 0.4
47.37968 -115.635683 0.0 0.4
47.380793 -115.645824 0.0 0.4
47.390316 -115.649384 0.0 0.4
47.396876 -115.657312 0.0 0.4
47.401815 -115.666714 0.0 0.4
47.402097 -115.676908 0.0 0.4
47.410851 -115.681821 0.0 0.4
47.414868999999996 -115.691175 0.0 0.4
47.416326999999995 -115.701085 0.0 0.4
47.415309 -115.711321 0.0 0.4
47.420567999999996 -115.720054 0.0 0.4
47.424898999999996 -115.73003299999999 0.0 0.4
47.424668999999994 -115.741014 0.0 0.4
47.422112999999996 -115.750807 0.0 0.4
47.431962 -115.75254 0.0 0.4
47.441328999999996 -115.748435 0.0 0.4
47.443641 -115.738462 0.0 0.4
47.446642999999995 -115.72886 0.0 0.4
47.451111999999995 -115.719225 0.0 0.4
47.453253 -115.708919 0.0 0.4
47.453320999999995 -115.69781499999999 0.0 0.4
47.457122 -115.688028 0.0 0.4
47.454037 -115.678391 0.0 0.4
47.454316 -115.668179 0.0 0.4
47.454550999999995 -115.657831 0.0 0.4
47.456610999999995 -115.646978 0.0 0.4
47.462821999999996 -115.63759 0.0 0.4
47.472068 -115.632937 0.0 0.4
