36.072827 -82.416738 0.0 0.4
36.081668 -82.41080699999999 0.0 0.4
36.088386 -82.40313499999999 0.0 0.4
36.093247 -82.39433199999999 0.0 0.4
36.098310999999995 -82.385554 0.0 0.4
36.103978 -82.377256 0.0 0.4
36.107349 -82.367738 0.0 0.4
36.112522999999996 -82.358982 0.0 0.4
36.116971 -82.349879 0.0 0.4
36.114779999999996 -82.338889 0.0 0.4
36.117491 -82.32890499999999 0.0 0.4
36.120328 -82.319251 0.0 0.4
36.125717 -82.31047199999999 0.0 0.4
36.131606 -82.302115 0.0 0.4
36.13455 -82.292502 0.0 0.4
36.131121 -82.282619 0.0 0.4
36.129037 -82.272751 0.0 0.4
36.130462 -82.262833 0.0 0.4
36.13597 -82.25447199999999 0.0 0.4
36.131274999999995 -82.24562499999999 0.0 0.4
36.138511 -82.238693 0.0 0.4
36.144399 -82.23057299999999 0.0 0.4
36.152239 -82.223829 0.0 0.4
36.158474 -82.21578199999999 0.0 0.4
36.1574 -82.20567799999999 0.0 0.4
36.151944 -82.19725299999999 0.0 0.4
36.150632 -82.187332 0.0 0.4
36.143511 -82.179818 0.0 0.4
36.146685999999995 -82.170244 0.0 0.4
36.146564999999995 -82.16023 0.0 0.4
36.149101 -82.15035 0.0 0.4
36.140834999999996 -82.14456 0.0 0.4
36.132486 -82.13899599999999 0.0 0.4
36.122609 -82.136933 0.0 0.4
36.113082 -82.133859 0.0 0.4
36.104141999999996 -82.12935 0.0 0.4
36.104666 -82.11926199999999 0.0 0.4
36.107171 -82.109523 0.0 0.4
36.105618 -82.099238 0.0 0.4
36.10615 -82.088591 0.0 0.4
36.107177 -82.078346 0.0 0.4
36.111153 -82.069052 0.0 0.4
36.116102 -82.060316 0.0 0.4
36.125127 -82.055876 0.0 0.4
36.125614999999996 -82.04567 0.0 0.4
36.120928 -82.036641 0.0 0.4
36.126472 -82.028059 0.0 0.4
36.13532 -82.023372 0.0 0.4
36.143616 -82.01763 0.0 0.4
36.151872999999995 -82.01189099999999 0.0 0.4
36.160101999999995 -82.00618399999999 0.0 0.4
36.168385 -82.000458 0.0 0.4
36.176888999999996 -81.99470099999999 0.0 0.4
36.18523 -81.989027 0.0 0.4
36.193626 -81.983335 0.0 0.4
36.202129 -81.977623 0.0 0.4
36.210649 -81.97184399999999 0.0 0.4
36.218984 -81.966201 0.0 0.4
36.227349 -81.960494 0.0 0.4
36.235679 -81.954456 0.0 0.4
36.248581 -81.944762 0.0 0.4
36.256575999999995 -81.93863999999999 0.0 0.4
36.264938 -81.933021 0.0 0.4
36.273472 -81.92729 0.0 0.4
36.281971 -81.921587 0.0 0.4
36.292626 -81.914419 0.0 0.4
36.301966 -81.90816699999999 0.0 0.4
36.306844999999996 -81.899408 0.0 0.4
36.308735 -81.889414 0.0 0.4
36.313514 -81.880545 0.0 0.4
36.320385 -81.872998 0.0 0.4
36.327895999999996 -81.86622299999999 0.0 0.4
36.333923 -81.858035 0.0 0.4
36.33898 -81.849402 0.0 0.4
36.343790999999996 -81.84025199999999 0.0 0.4
36.347496 -81.830849 0.0 0.4
36.349134 -81.820904 0.0 0.4
36.351728 -81.81071 0.0 0.4
36.356424 -81.801788 0.0 0.4
36.362182 -81.793478 0.0 0.4
36.352275999999996 -81.79120499999999 0.0 0.4
36.347536999999996 -81.782333 0.0 0.4
36.343309999999995 -81.773117 0.0 0.4
36.339369999999995 -81.763758 0.0 0.4
36.337021 -81.753947 0.0 0.4
36.338198 -81.74381 0.0 0.4
36.342349 -81.73460299999999 0.0 0.4
36.340067999999995 -81.724801 0.0 0.4
36.336166999999996 -81.715492 0.0 0.4
36.339098 -81.70585299999999 0.0 0.4
36.346716 -81.71239899999999 0.0 0.4
36.351183999999996 -81.72140499999999 0.0 0.4
36.361236999999996 -81.722883 0.0 0.4
36.370305 -81.727378 0.0 0.4
36.378568 -81.733042 0.0 0.4
36.388284999999996 -81.730513 0.0 0.4
36.394712 -81.73818399999999 0.0 0.4
36.404344 -81.74118899999999 0.0 0.4
36.412386999999995 -81.735007 0.0 0.4
36.418869 -81.72725299999999 0.0 0.4
36.425122 -81.719414 0.0 0.4
36.435148 -81.718026 0.0 0.4
36.44515 -81.71775099999999 0.0 0.4
36.454943 -81.715211 0.0 0.4
36.462154 -81.70826799999999 0.0 0.4
36.464513 -81.69841 0.0 0.4
36.47401 -81.694834 0.0 0.4
36.483779999999996 -81.69733099999999 0.0 0.4
36.493918 -81.69699899999999 0.0 0.4
36.503907999999996 -81.697819 0.0 0.4
36.513678999999996 -81.700361 0.0 0.4
36.52248 -81.705139 0.0 0.4
36.532077 -81.70844199999999 0.0 0.4
36.537002 -81.699726 0.0 0.4
36.546310999999996 -81.695628 0.0 0.4
36.555389999999996 -81.690998 0.0 0.4
36.565402 -81.691504 0.0 0.4
36.568524 -81.681877 0.0 0.4
36.578328 -81.67918 0.0 0.4
36.588001999999996 -81.6693 0.0 0.4
36.587837 -81.65906199999999 0.0 0.4
36.587717999999995 -81.648602 0.0 0.4
36.587472999999996 -81.631858 0.0 0.4
36.587303999999996 -81.62026 0.0 0.4
36.587106 -81.608644 0.0 0.4
36.586785 -81.598421 0.0 0.4
36.585915 -81.587571 0.0 0.4
36.585113 -81.577586 0.0 0.4
36.584145 -81.56553199999999 0.0 0.4
36.583327 -81.55536099999999 0.0 0.4
36.582333999999996 -81.543072 0.0 0.4
36.581512 -81.532837 0.0 0.4
36.580701 -81.522795 0.0 0.4
36.580042 -81.507536 0.0 0.4
36.579423999999996 -81.497165 0.0 0.4
36.578970999999996 -81.4868 0.0 0.4
36.57853 -81.473603 0.0 0.4
36.578173 -81.463028 0.0 0.4
36.577104999999996 -81.445951 0.0 0.4
36.576591 -81.43489799999999 0.0 0.4
36.575823 -81.410139 0.0 0.4
36.575413999999995 -81.398167 0.0 0.4
36.574996 -81.387912 0.0 0.4
36.574767 -81.37638 0.0 0.4
36.574539 -81.364597 0.0 0.4
36.574672 -81.354151 0.0 0.4
36.574763 -81.343981 0.0 0.4
36.57484 -81.333642 0.0 0.4
36.574917 -81.32358099999999 0.0 0.4
36.574957999999995 -81.309214 0.0 0.4
36.57472 -81.298931 0.0 0.4
36.574287 -81.280766 0.0 0.4
36.574083 -81.270658 0.0 0.4
36.573814999999996 -81.260162 0.0 0.4
36.57325 -81.249871 0.0 0.4
36.572725999999996 -81.235401 0.0 0.4
36.572511 -81.217491 0.0 0.4
36.572348999999996 -81.206926 0.0 0.4
36.572168 -81.195156 0.0 0.4
36.57201 -81.18475699999999 0.0 0.4
36.571056999999996 -81.171711 0.0 0.4
36.570281 -81.157522 0.0 0.4
36.569738 -81.14662 0.0 0.4
36.569314 -81.136066 0.0 0.4
36.569137999999995 -81.122761 0.0 0.4
36.568577999999995 -81.11090999999999 0.0 0.4
36.56796 -81.100478 0.0 0.4
36.567352 -81.08928 0.0 0.4
36.567236 -81.078525 0.0 0.4
36.567098 -81.062326 0.0 0.4
36.566801 -81.05212399999999 0.0 0.4
36.566154 -81.04024199999999 0.0 0.4
36.565270999999996 -81.02887199999999 0.0 0.4
36.564831 -81.018795 0.0 0.4
36.564150999999995 -81.008549 0.0 0.4
36.563566 -80.990985 0.0 0.4
36.563434 -80.979682 0.0 0.4
36.563508 -80.96897799999999 0.0 0.4
36.563432999999996 -80.95420399999999 0.0 0.4
36.563103999999996 -80.944158 0.0 0.4
36.562964 -80.932938 0.0 0.4
36.562083 -80.91514099999999 0.0 0.4
36.561834999999995 -80.904577 0.0 0.4
36.561459 -80.892938 0.0 0.4
36.560829 -80.87886 0.0 0.4
36.560081 -80.86111199999999 0.0 0.4
36.559672 -80.85086 0.0 0.4
36.559261 -80.840622 0.0 0.4
36.559509 -80.830395 0.0 0.4
36.560248 -80.815766 0.0 0.4
36.561001 -80.80165699999999 0.0 0.4
36.560552 -80.790562 0.0 0.4
36.560375 -80.77402699999999 0.0 0.4
36.560932 -80.761113 0.0 0.4
36.561383 -80.751021 0.0 0.4
36.561836 -80.741013 0.0 0.4
36.562307 -80.730837 0.0 0.4
36.562322 -80.720699 0.0 0.4
36.562297 -80.709803 0.0 0.4
36.562098 -80.69967199999999 0.0 0.4
36.561516999999995 -80.68965 0.0 0.4
36.560837 -80.679245 0.0 0.4
36.559812 -80.66371099999999 0.0 0.4
36.559183 -80.653387 0.0 0.4
36.558800000000005 -80.64235699999999 0.0 0.4
36.558428 -80.628833 0.0 0.4
36.558097 -80.618101 0.0 0.4
36.557756 -80.607432 0.0 0.4
36.557429 -80.597076 0.0 0.4
36.557103 -80.58668899999999 0.0 0.4
36.556605 -80.571045 0.0 0.4
36.556231 -80.560521 0.0 0.4
36.555706 -80.549247 0.0 0.4
36.55508 -80.53576199999999 0.0 0.4
36.554608 -80.525629 0.0 0.4
36.553965 -80.511816 0.0 0.4
36.553498 -80.501823 0.0 0.4
36.552901999999996 -80.48886999999999 0.0 0.4
36.552425 -80.478478 0.0 0.4
36.551882 -80.466697 0.0 0.4
36.551411 -80.456474 0.0 0.4
36.550926 -80.446231 0.0 0.4
36.550466 -80.435931 0.0 0.4
36.549997 -80.425518 0.0 0.4
36.549534 -80.415267 0.0 0.4
36.548997 -80.403393 0.0 0.4
36.548448 -80.391172 0.0 0.4
36.547982 -80.381034 0.0 0.4
36.547477 -80.37018599999999 0.0 0.4
36.546838 -80.356631 0.0 0.4
36.546361 -80.34607199999999 0.0 0.4
36.545902 -80.335894 0.0 0.4
36.545429 -80.325553 0.0 0.4
36.544955 -80.315484 0.0 0.4
36.544485 -80.30527599999999 0.0 0.4
36.544070999999995 -80.295215 0.0 0.4
36.544021 -80.284387 0.0 0.4
36.544013 -80.27408799999999 0.0 0.4
36.543999 -80.26376599999999 0.0 0.4
36.543971 -80.253726 0.0 0.4
36.543932999999996 -80.24303599999999 0.0 0.4
36.543828 -80.23237999999999 0.0 0.4
36.543686 -80.218948 0.0 0.4
36.543575 -80.208865 0.0 0.4
36.543459 -80.198224 0.0 0.4
36.543332 -80.18660899999999 0.0 0.4
36.543182 -80.172967 0.0 0.4
36.543075 -80.16218099999999 0.0 0.4
36.542949 -80.151195 0.0 0.4
36.542829999999995 -80.140952 0.0 0.4
36.542711 -80.130068 0.0 0.4
36.542632 -80.117069 0.0 0.4
36.542617 -80.10642299999999 0.0 0.4
36.5426 -80.09607799999999 0.0 0.4
36.54258 -80.084858 0.0 0.4
36.54256 -80.07408699999999 0.0 0.4
36.542539 -80.063816 0.0 0.4
36.542522999999996 -80.05345899999999 0.0 0.4
36.542500000000004 -80.042447 0.0 0.4
36.542487 -80.031993 0.0 0.4
36.542463999999995 -80.021828 0.0 0.4
36.542434 -80.011494 0.0 0.4
36.542404 -80.00116 0.0 0.4
36.542431 -79.990866 0.0 0.4
36.542466 -79.98057299999999 0.0 0.4
36.542507 -79.970277 0.0 0.4
36.542553999999996 -79.95998399999999 0.0 0.4
36.542601 -79.949654 0.0 0.4
36.542643999999996 -79.93959199999999 0.0 0.4
36.542671 -79.929299 0.0 0.4
36.542691 -79.919186 0.0 0.4
36.542693 -79.908857 0.0 0.4
36.542688 -79.89872799999999 0.0 0.4
36.542662 -79.888398 0.0 0.4
36.542636 -79.87817299999999 0.0 0.4
36.542626999999996 -79.868158 0.0 0.4
36.542578 -79.85769499999999 0.0 0.4
36.542544 -79.847617 0.0 0.4
36.542508999999995 -79.837516 0.0 0.4
36.542462 -79.827187 0.0 0.4
36.54241 -79.81694499999999 0.0 0.4
36.542372 -79.80672 0.0 0.4
36.542335 -79.796497 0.0 0.4
36.542291999999996 -79.786166 0.0 0.4
36.542246 -79.776124 0.0 0.4
36.542207 -79.765895 0.0 0.4
36.542161 -79.755866 0.0 0.4
36.542108999999996 -79.745843 0.0 0.4
36.542049999999996 -79.735717 0.0 0.4
36.542004999999996 -79.725478 0.0 0.4
36.541965 -79.715176 0.0 0.4
36.541919 -79.70490000000001 0.0 0.4
36.541881 -79.694897 0.0 0.4
36.541841 -79.68484699999999 0.0 0.4
36.54181 -79.67253099999999 0.0 0.4
36.541757 -79.662401 0.0 0.4
36.541725 -79.652385 0.0 0.4
36.541671 -79.642147 0.0 0.4
36.54163 -79.631957 0.0 0.4
36.54159 -79.62165 0.0 0.4
36.541567 -79.611465 0.0 0.4
36.541502 -79.60125099999999 0.0 0.4
36.541353 -79.591043 0.0 0.4
36.541222 -79.580942 0.0 0.4
36.541108 -79.570604 0.0 0.4
36.541021 -79.560582 0.0 0.4
36.540918 -79.550562 0.0 0.4
36.540855 -79.540554 0.0 0.4
36.540879 -79.530222 0.0 0.4
36.540898999999996 -79.52005 0.0 0.4
36.540906 -79.50970000000001 0.0 0.4
36.540931 -79.497833 0.0 0.4
36.540955 -79.484781 0.0 0.4
36.540966999999995 -79.473821 0.0 0.4
36.540977 -79.4633 0.0 0.4
36.54121 -79.451892 0.0 0.4
36.541453 -79.44100499999999 0.0 0.4
36.541533 -79.429889 0.0 0.4
36.541534999999996 -79.418035 0.0 0.4
36.541562 -79.407336 0.0 0.4
36.54155 -79.397155 0.0 0.4
36.54146 -79.386718 0.0 0.4
36.541367 -79.37467099999999 0.0 0.4
36.541295 -79.36425 0.0 0.4
36.54148 -79.35315399999999 0.0 0.4
36.54159 -79.34311699999999 0.0 0.4
36.541554999999995 -79.330536 0.0 0.4
36.541498 -79.319073 0.0 0.4
36.541484 -79.30693 0.0 0.4
36.541469 -79.295163 0.0 0.4
36.541461 -79.28383 0.0 0.4
36.541423 -79.27354199999999 0.0 0.4
36.541309999999996 -79.263058 0.0 0.4
36.541171999999996 -79.25296399999999 0.0 0.4
36.541292 -79.242249 0.0 0.4
36.541484 -79.23051699999999 0.0 0.4
36.541633999999995 -79.220513 0.0 0.4
36.541726 -79.20953899999999 0.0 0.4
36.54177 -79.199527 0.0 0.4
36.541812 -79.189173 0.0 0.4
36.541852 -79.177694 0.0 0.4
36.541885 -79.165185 0.0 0.4
36.541877 -79.15500999999999 0.0 0.4
36.541933 -79.141475 0.0 0.4
36.541813 -79.13135299999999 0.0 0.4
36.541686999999996 -79.12132199999999 0.0 0.4
36.541768999999995 -79.111085 0.0 0.4
36.54185 -79.100848 0.0 0.4
36.541931 -79.09061 0.0 0.4
36.54201 -79.080373 0.0 0.4
36.542049 -79.070131 0.0 0.4
36.542061 -79.05988599999999 0.0 0.4
36.542072 -79.04964199999999 0.0 0.4
36.542083 -79.039397 0.0 0.4
36.542092 -79.029153 0.0 0.4
36.542100000000005 -79.018908 0.0 0.4
36.542113 -79.008631 0.0 0.4
36.54213 -78.99833 0.0 0.4
36.542147 -78.988321 0.0 0.4
36.542172 -78.97819199999999 0.0 0.4
36.542178 -78.967908 0.0 0.4
36.542182 -78.957624 0.0 0.4
36.542186 -78.94730899999999 0.0 0.4
36.54219 -78.93697999999999 0.0 0.4
36.542155 -78.926718 0.0 0.4
36.542100999999995 -78.916488 0.0 0.4
36.542075 -78.906224 0.0 0.4
36.542055 -78.89595299999999 0.0 0.4
36.542034 -78.885682 0.0 0.4
36.542012 -78.875412 0.0 0.4
36.542024 -78.865195 0.0 0.4
36.542038 -78.85498299999999 0.0 0.4
36.542034 -78.84473799999999 0.0 0.4
36.541995 -78.834426 0.0 0.4
36.541956 -78.824114 0.0 0.4
36.541893 -78.813802 0.0 0.4
36.541804 -78.80349199999999 0.0 0.4
36.541812 -78.793375 0.0 0.4
36.541774 -78.782246 0.0 0.4
36.541739 -78.769796 0.0 0.4
36.541824999999996 -78.759147 0.0 0.4
36.541861 -78.74903499999999 0.0 0.4
36.541928 -78.73798599999999 0.0 0.4
36.541969 -78.724278 0.0 0.4
36.542035999999996 -78.714022 0.0 0.4
36.542051 -78.703839 0.0 0.4
36.542069999999995 -78.693401 0.0 0.4
36.542116 -78.683137 0.0 0.4
36.542161 -78.672873 0.0 0.4
36.542027999999995 -78.66273199999999 0.0 0.4
36.541824 -78.649644 0.0 0.4
36.541585999999995 -78.637485 0.0 0.4
36.541374999999995 -78.626008 0.0 0.4
36.5413 -78.61211999999999 0.0 0.4
36.541257 -78.596053 0.0 0.4
36.541229 -78.586039 0.0 0.4
36.541198 -78.575419 0.0 0.4
36.541167 -78.565156 0.0 0.4
36.541134 -78.55455099999999 0.0 0.4
36.541112 -78.543949 0.0 0.4
36.541089 -78.533042 0.0 0.4
36.541067 -78.522716 0.0 0.4
36.54105 -78.511592 0.0 0.4
36.541394 -78.501465 0.0 0.4
36.541691 -78.491463 0.0 0.4
36.541986 -78.480926 0.0 0.4
36.542275 -78.470888 0.0 0.4
36.542496 -78.460826 0.0 0.4
36.542609 -78.449317 0.0 0.4
36.542705 -78.43914 0.0 0.4
36.542812999999995 -78.428525 0.0 0.4
36.542916 -78.417219 0.0 0.4
36.543006 -78.406943 0.0 0.4
36.543096999999996 -78.396343 0.0 0.4
36.543203999999996 -78.38368899999999 0.0 0.4
36.543344 -78.37330399999999 0.0 0.4
36.543473 -78.362909 0.0 0.4
36.543563 -78.352766 0.0 0.4
36.543651 -78.34217199999999 0.0 0.4
36.543746 -78.331824 0.0 0.4
36.543872 -78.31795799999999 0.0 0.4
36.543954 -78.307903 0.0 0.4
36.544036999999996 -78.297809 0.0 0.4
36.544121 -78.28778899999999 0.0 0.4
36.544211 -78.277464 0.0 0.4
36.544298 -78.267459 0.0 0.4
36.544395 -78.257457 0.0 0.4
36.544472999999996 -78.247323 0.0 0.4
36.544421 -78.237066 0.0 0.4
36.544368999999996 -78.22680799999999 0.0 0.4
36.54434 -78.216218 0.0 0.4
36.544326 -78.205975 0.0 0.4
36.544312 -78.19573299999999 0.0 0.4
36.544295999999996 -78.18549 0.0 0.4
36.54428 -78.175247 0.0 0.4
36.544263 -78.165005 0.0 0.4
36.544157999999996 -78.15494699999999 0.0 0.4
36.543999 -78.14480499999999 0.0 0.4
36.543938 -78.134773 0.0 0.4
36.543887 -78.124727 0.0 0.4
36.543759 -78.114076 0.0 0.4
36.543645999999995 -78.09716 0.0 0.4
36.543623 -78.086946 0.0 0.4
36.543597 -78.07677699999999 0.0 0.4
36.54359 -78.066735 0.0 0.4
36.543562 -78.056187 0.0 0.4
36.543549 -78.04537499999999 0.0 0.4
36.543673999999996 -78.035011 0.0 0.4
36.543887999999995 -78.02499399999999 0.0 0.4
36.544107 -78.01417099999999 0.0 0.4
36.5443 -78.004161 0.0 0.4
36.54441 -77.99409899999999 0.0 0.4
36.54444 -77.983317 0.0 0.4
36.544475 -77.970968 0.0 0.4
36.544503999999996 -77.959685 0.0 0.4
36.544567 -77.94761 0.0 0.4
36.544668 -77.937378 0.0 0.4
36.544596999999996 -77.926895 0.0 0.4
36.54462 -77.91656499999999 0.0 0.4
36.544655999999996 -77.90593 0.0 0.4
36.544618 -77.89564299999999 0.0 0.4
36.544672999999996 -77.88534899999999 0.0 0.4
36.544567 -77.875322 0.0 0.4
36.544792 -77.865158 0.0 0.4
36.544855999999996 -77.854863 0.0 0.4
36.544917999999996 -77.844568 0.0 0.4
36.544973999999996 -77.83429 0.0 0.4
36.545018999999996 -77.824047 0.0 0.4
36.545072999999995 -77.811414 0.0 0.4
36.545119 -77.80117299999999 0.0 0.4
36.545197 -77.79095 0.0 0.4
36.545273 -77.780726 0.0 0.4
36.545349 -77.77050299999999 0.0 0.4
36.545404999999995 -77.760269 0.0 0.4
36.545451 -77.750029 0.0 0.4
36.545432999999996 -77.739888 0.0 0.4
36.545432 -77.729289 0.0 0.4
36.545428 -77.718992 0.0 0.4
36.545411 -77.708694 0.0 0.4
36.545384999999996 -77.698605 0.0 0.4
36.54538 -77.688598 0.0 0.4
36.545339 -77.67855899999999 0.0 0.4
36.545314 -77.668487 0.0 0.4
36.545296 -77.65838099999999 0.0 0.4
36.545262 -77.646757 0.0 0.4
36.545211 -77.624753 0.0 0.4
36.545197 -77.61444 0.0 0.4
36.545198 -77.604186 0.0 0.4
36.545167 -77.59387 0.0 0.4
36.545162 -77.583668 0.0 0.4
36.545175 -77.573602 0.0 0.4
36.545168 -77.563339 0.0 0.4
36.54517 -77.553313 0.0 0.4
36.54519 -77.53657199999999 0.0 0.4
36.545195 -77.517977 0.0 0.4
36.545169 -77.507871 0.0 0.4
36.545088 -77.497642 0.0 0.4
36.544967 -77.48763699999999 0.0 0.4
36.54492 -77.477368 0.0 0.4
36.544893 -77.467107 0.0 0.4
36.544863 -77.451843 0.0 0.4
36.544832 -77.44158 0.0 0.4
36.544798 -77.431265 0.0 0.4
36.544798 -77.420987 0.0 0.4
36.544793999999996 -77.410715 0.0 0.4
36.544776999999996 -77.400351 0.0 0.4
36.544764 -77.390237 0.0 0.4
36.544764 -77.379966 0.0 0.4
36.544785 -77.369901 0.0 0.4
36.544847 -77.359639 0.0 0.4
36.544895 -77.349373 0.0 0.4
36.544897999999996 -77.33909 0.0 0.4
36.5449 -77.328807 0.0 0.4
36.544902 -77.31778 0.0 0.4
36.544886999999996 -77.307565 0.0 0.4
36.544855999999996 -77.297299 0.0 0.4
36.544824 -77.287033 0.0 0.4
36.544791 -77.27676699999999 0.0 0.4
36.544758 -77.266502 0.0 0.4
36.544709999999995 -77.256255 0.0 0.4
36.544641 -77.24603599999999 0.0 0.4
36.544571999999995 -77.235818 0.0 0.4
36.544501 -77.225599 0.0 0.4
36.54443 -77.215381 0.0 0.4
36.544537999999996 -77.205153 0.0 0.4
36.545772 -77.195207 0.0 0.4
36.546639 -77.18492599999999 0.0 0.4
36.547097 -77.17465399999999 0.0 0.4
36.546351 -77.16452 0.0 0.4
36.544453 -77.15460499999999 0.0 0.4
36.544101999999995 -77.144312 0.0 0.4
36.544067999999996 -77.13398099999999 0.0 0.4
36.544064999999996 -77.12364099999999 0.0 0.4
36.544339 -77.11349299999999 0.0 0.4
36.544585999999995 -77.103368 0.0 0.4
36.544588 -77.0933 0.0 0.4
36.544568999999996 -77.083126 0.0 0.4
36.544511 -77.072835 0.0 0.4
36.544467999999995 -77.062209 0.0 0.4
36.544429 -77.05165099999999 0.0 0.4
36.544359 -77.03573 0.0 0.4
36.544311 -77.023001 0.0 0.4
36.544266 -77.011287 0.0 0.4
36.544200000000004 -77.00106099999999 0.0 0.4
36.544159 -76.990967 0.0 0.4
36.544117 -76.980901 0.0 0.4
36.544073999999995 -76.97064999999999 0.0 0.4
36.544029 -76.9604 0.0 0.4
36.543984 -76.950149 0.0 0.4
36.543938 -76.939898 0.0 0.4
36.543897 -76.929647 0.0 0.4
36.543886 -76.919393 0.0 0.4
36.552147 -76.913487 0.0 0.4
36.552004 -76.90308499999999 0.0 0.4
36.551893 -76.892787 0.0 0.4
36.551787 -76.882559 0.0 0.4
36.55168 -76.87232999999999 0.0 0.4
36.55151 -76.856306 0.0 0.4
36.551393 -76.845396 0.0 0.4
36.551276 -76.834486 0.0 0.4
36.551156999999996 -76.82357499999999 0.0 0.4
36.551058999999995 -76.81232899999999 0.0 0.4
36.55101 -76.802114 0.0 0.4
36.550956 -76.790876 0.0 0.4
36.550903 -76.78032 0.0 0.4
36.550847999999995 -76.769423 0.0 0.4
36.550795 -76.759208 0.0 0.4
36.550748 -76.748954 0.0 0.4
36.550779 -76.7388 0.0 0.4
36.550767 -76.728065 0.0 0.4
36.550798 -76.715322 0.0 0.4
36.550758 -76.705062 0.0 0.4
36.550740999999995 -76.693924 0.0 0.4
36.550747 -76.683188 0.0 0.4
36.55075 -76.67213699999999 0.0 0.4
36.550762999999996 -76.659667 0.0 0.4
36.550758 -76.648922 0.0 0.4
36.550768 -76.63842199999999 0.0 0.4
36.550762999999996 -76.625463 0.0 0.4
36.550751999999996 -76.61543999999999 0.0 0.4
36.550740999999995 -76.604846 0.0 0.4
36.550723999999995 -76.590835 0.0 0.4
36.550706999999996 -76.577507 0.0 0.4
36.550691 -76.56622899999999 0.0 0.4
36.550666 -76.550168 0.0 0.4
36.550653 -76.53987699999999 0.0 0.4
36.550652 -76.52841599999999 0.0 0.4
36.55065 -76.515366 0.0 0.4
36.550649 -76.503091 0.0 0.4
36.550647999999995 -76.491496 0.0 0.4
36.550647 -76.480255 0.0 0.4
36.550646 -76.467648 0.0 0.4
36.550643 -76.45640399999999 0.0 0.4
36.550630999999996 -76.42642099999999 0.0 0.4
36.550619999999995 -76.408464 0.0 0.4
36.550598 -76.379329 0.0 0.4
36.550587 -76.3685 0.0 0.4
36.550576 -76.357936 0.0 0.4
36.550568 -76.347717 0.0 0.4
36.550553 -76.33749399999999 0.0 0.4
36.550539 -76.327272 0.0 0.4
36.550525 -76.31705099999999 0.0 0.4
36.550522 -76.288586 0.0 0.4
36.550520999999996 -76.272454 0.0 0.4
36.550467999999995 -76.258838 0.0 0.4
36.550418 -76.24641 0.0 0.4
36.550488 -76.233486 0.0 0.4
36.550442 -76.222883 0.0 0.4
36.550443 -76.211501 0.0 0.4
36.550461999999996 -76.200852 0.0 0.4
36.550473 -76.190659 0.0 0.4
36.550481999999995 -76.178157 0.0 0.4
36.550492 -76.164534 0.0 0.4
36.5505 -76.152593 0.0 0.4
36.550509999999996 -76.140303 0.0 0.4
36.550519 -76.12869599999999 0.0 0.4
36.550526 -76.11777099999999 0.0 0.4
36.550532 -76.106847 0.0 0.4
36.550537999999996 -76.09523899999999 0.0 0.4
36.550565999999996 -76.08195599999999 0.0 0.4
36.550598 -76.071704 0.0 0.4
36.550561 -76.05941299999999 0.0 0.4
36.550526999999995 -76.046605 0.0 0.4
36.550498 -76.036182 0.0 0.4
36.550433999999996 -76.013718 0.0 0.4
36.550436 -76.00258 0.0 0.4
36.550488 -75.984229 0.0 0.4
36.550543999999995 -75.962842 0.0 0.4
36.550574999999995 -75.94995999999999 0.0 0.4
36.550616999999995 -75.932557 0.0 0.4
36.550604 -75.922297 0.0 0.4
36.550573 -75.912289 0.0 0.4
36.550534 -75.901005 0.0 0.4
36.550485 -75.887416 0.0 0.4
36.550443 -75.876043 0.0 0.4
36.550396 -75.866002 0.0 0.4
36.550283 -75.854355 0.0 0.4
36.550916 -75.79749699999999 0.0 0.4
36.500156 -75.790508 0.0 0.4
36.426162999999995 -75.769834 0.0 0.4
36.375159 -75.75554799999999 0.0 0.4
36.353606 -75.749635 0.0 0.4
36.342442999999996 -75.74501 0.0 0.4
36.250163 -75.711319 0.0 0.4
36.18905 -75.684249 0.0 0.4
36.175056 -75.678478 0.0 0.4
36.162409 -75.673065 0.0 0.4
36.150625 -75.667164 0.0 0.4
36.125166 -75.653195 0.0 0.4
36.07628 -75.62462 0.0 0.4
36.016283 -75.590717 0.0 0.4
36.000178 -75.581615 0.0 0.4
35.975614 -75.566047 0.0 0.4
35.875175 -75.51151399999999 0.0 0.4
35.852635 -75.49960999999999 0.0 0.4
35.814206999999996 -75.48050099999999 0.0 0.4
35.806985 -75.47181599999999 0.0 0.4
35.797218 -75.464446 0.0 0.4
35.784524 -75.460815 0.0 0.4
35.771557 -75.45163 0.0 0.4
35.75018 -75.439539 0.0 0.4
35.730722 -75.43204 0.0 0.4
35.705777999999995 -75.424703 0.0 0.4
35.686082 -75.41781999999999 0.0 0.4
35.660061 -75.41135299999999 0.0 0.4
35.636972 -75.406815 0.0 0.4
35.62518 -75.405019 0.0 0.4
35.593534 -75.40039399999999 0.0 0.4
35.575410999999995 -75.400119 0.0 0.4
35.558718 -75.400849 0.0 0.4
35.54421 -75.402422 0.0 0.4
35.533767 -75.405801 0.0 0.4
35.50018 -75.415089 0.0 0.4
35.477218 -75.417092 0.0 0.4
35.465713 -75.418126 0.0 0.4
35.454881 -75.419861 0.0 0.4
35.444852 -75.421765 0.0 0.4
35.432548 -75.422791 0.0 0.4
35.422256 -75.42362399999999 0.0 0.4
35.410627 -75.423751 0.0 0.4
35.400535999999995 -75.424545 0.0 0.4
35.390009 -75.425581 0.0 0.4
35.378735999999996 -75.42841899999999 0.0 0.4
35.359353999999996 -75.434226 0.0 0.4
35.343838 -75.438535 0.0 0.4
35.332901 -75.441243 0.0 0.4
35.319922999999996 -75.44452299999999 0.0 0.4
35.309794 -75.447751 0.0 0.4
35.296942 -75.450205 0.0 0.4
35.280215 -75.454166 0.0 0.4
35.267795 -75.455561 0.0 0.4
35.257377 -75.45745699999999 0.0 0.4
35.246552 -75.459334 0.0 0.4
35.233886999999996 -75.46364299999999 0.0 0.4
35.219716 -75.468164 0.0 0.4
35.208728 -75.47085899999999 0.0 0.4
35.194365 -75.480296 0.0 0.4
35.184993999999996 -75.487685 0.0 0.4
35.177172 -75.49959299999999 0.0 0.4
35.172639 -75.509489 0.0 0.4
35.169083 -75.519213 0.0 0.4
35.167148999999995 -75.53217599999999 0.0 0.4
35.167879 -75.544342 0.0 0.4
35.170535 -75.55758399999999 0.0 0.4
35.175533 -75.56932499999999 0.0 0.4
35.181843 -75.578842 0.0 0.4
35.183757 -75.59022 0.0 0.4
35.181025999999996 -75.602261 0.0 0.4
35.178329999999995 -75.6148 0.0 0.4
35.175824 -75.6246 0.0 0.4
35.172205 -75.63621499999999 0.0 0.4
35.167198 -75.65045599999999 0.0 0.4
35.16021 -75.67237899999999 0.0 0.4
35.153209 -75.68910000000001 0.0 0.4
35.146111 -75.70737 0.0 0.4
35.143256 -75.718958 0.0 0.4
35.1411 -75.728899 0.0 0.4
35.136212 -75.749847 0.0 0.4
35.125211 -75.780479 0.0 0.4
35.121157 -75.791556 0.0 0.4
35.117467999999995 -75.801496 0.0 0.4
35.114244 -75.812045 0.0 0.4
35.106716999999996 -75.82770599999999 0.0 0.4
35.103144 -75.83728099999999 0.0 0.4
35.099388999999995 -75.847404 0.0 0.4
35.09457 -75.85967699999999 0.0 0.4
35.089817 -75.870936 0.0 0.4
35.083968 -75.88396 0.0 0.4
35.077121999999996 -75.897876 0.0 0.4
35.071754999999996 -75.90731 0.0 0.4
35.065241 -75.91830499999999 0.0 0.4
35.059906999999995 -75.92696699999999 0.0 0.4
35.052994 -75.936481 0.0 0.4
35.046164 -75.944028 0.0 0.4
35.038471 -75.952426 0.0 0.4
35.028600000000004 -75.96709299999999 0.0 0.4
35.020724 -75.97713499999999 0.0 0.4
35.013977 -75.985351 0.0 0.4
35.008793 -75.994744 0.0 0.4
35.006018 -76.006936 0.0 0.4
35.005364 -76.02443 0.0 0.4
34.986751999999996 -76.051002 0.0 0.4
34.946498999999996 -76.106219 0.0 0.4
34.933081 -76.12462599999999 0.0 0.4
34.921800999999995 -76.139158 0.0 0.4
34.896861 -76.169249 0.0 0.4
34.886735 -76.181769 0.0 0.4
34.875166 -76.196072 0.0 0.4
34.868707 -76.204059 0.0 0.4
34.856421999999995 -76.219248 0.0 0.4
34.849781 -76.22836699999999 0.0 0.4
34.843741 -76.236676 0.0 0.4
34.836453 -76.247041 0.0 0.4
34.829439 -76.25572 0.0 0.4
34.813862 -76.273984 0.0 0.4
34.802845999999995 -76.28643699999999 0.0 0.4
34.785368 -76.30552999999999 0.0 0.4
34.777504 -76.314121 0.0 0.4
34.769017999999996 -76.32270199999999 0.0 0.4
34.754731 -76.336901 0.0 0.4
34.745439999999995 -76.346481 0.0 0.4
34.731269 -76.360314 0.0 0.4
34.721365999999996 -76.369524 0.0 0.4
34.701429 -76.387405 0.0 0.4
34.677898 -76.408035 0.0 0.4
34.657204 -76.425073 0.0 0.4
34.642253 -76.437383 0.0 0.4
34.633154999999995 -76.44419599999999 0.0 0.4
34.623123 -76.44988599999999 0.0 0.4
34.600014 -76.463736 0.0 0.4
34.583846 -76.471074 0.0 0.4
34.566204 -76.47746 0.0 0.4
34.55636 -76.483183 0.0 0.4
34.546532 -76.491991 0.0 0.4
34.539595999999996 -76.504213 0.0 0.4
34.535142 -76.514867 0.0 0.4
34.531735999999995 -76.531644 0.0 0.4
34.532838999999996 -76.547874 0.0 0.4
34.536912 -76.56250899999999 0.0 0.4
34.542544 -76.57206599999999 0.0 0.4
34.552625 -76.58372 0.0 0.4
34.56313 -76.590745 0.0 0.4
34.574165 -76.59456399999999 0.0 0.4
34.591196 -76.60681 0.0 0.4
34.600128 -76.612344 0.0 0.4
34.610758 -76.614137 0.0 0.4
34.620655 -76.62464899999999 0.0 0.4
34.624262 -76.638103 0.0 0.4
34.627984999999995 -76.65204299999999 0.0 0.4
34.631437 -76.666782 0.0 0.4
34.634304 -76.677227 0.0 0.4
34.64295 -76.6928 0.0 0.4
34.644784 -76.710664 0.0 0.4
34.64721 -76.729827 0.0 0.4
34.647653999999996 -76.742181 0.0 0.4
34.646927 -76.759233 0.0 0.4
34.645832 -76.781793 0.0 0.4
34.644545 -76.799317 0.0 0.4
34.643253 -76.81893699999999 0.0 0.4
34.640768 -76.83626 0.0 0.4
34.638951 -76.85011899999999 0.0 0.4
34.637416 -76.86182699999999 0.0 0.4
34.63593 -76.874661 0.0 0.4
34.634454 -76.886973 0.0 0.4
34.633252 -76.897007 0.0 0.4
34.631526 -76.909869 0.0 0.4
34.629836 -76.920766 0.0 0.4
34.627594 -76.93522899999999 0.0 0.4
34.625555 -76.948421 0.0 0.4
34.623519 -76.960771 0.0 0.4
34.618637 -76.989942 0.0 0.4
34.610634999999995 -77.02330599999999 0.0 0.4
34.606066999999996 -77.04025 0.0 0.4
34.595974 -77.079208 0.0 0.4
34.58904 -77.09320699999999 0.0 0.4
34.584990999999995 -77.112156 0.0 0.4
34.584375 -77.122999 0.0 0.4
34.574434 -77.14521599999999 0.0 0.4
34.570487 -77.156425 0.0 0.4
34.560455999999995 -77.179881 0.0 0.4
34.549216 -77.20150199999999 0.0 0.4
34.53966 -77.21917599999999 0.0 0.4
34.533573 -77.227507 0.0 0.4
34.525695 -77.239654 0.0 0.4
34.518080999999995 -77.249676 0.0 0.4
34.511018 -77.260244 0.0 0.4
34.500164999999996 -77.277835 0.0 0.4
34.493145999999996 -77.289166 0.0 0.4
34.486171 -77.300871 0.0 0.4
34.481044 -77.314325 0.0 0.4
34.476454 -77.328428 0.0 0.4
34.471663 -77.34127099999999 0.0 0.4
34.465219999999995 -77.354147 0.0 0.4
34.460732 -77.364311 0.0 0.4
34.456299 -77.37468199999999 0.0 0.4
34.445575999999996 -77.396958 0.0 0.4
34.435922999999995 -77.418832 0.0 0.4
34.428982 -77.43200499999999 0.0 0.4
34.422849 -77.443056 0.0 0.4
34.414524 -77.45785599999999 0.0 0.4
34.402488 -77.480274 0.0 0.4
34.391462 -77.49968899999999 0.0 0.4
34.382442999999995 -77.516162 0.0 0.4
34.375167999999995 -77.526155 0.0 0.4
34.363112 -77.543245 0.0 0.4
34.353651 -77.556732 0.0 0.4
34.346123 -77.566138 0.0 0.4
34.334011 -77.581836 0.0 0.4
34.323737 -77.594875 0.0 0.4
34.31519 -77.60257899999999 0.0 0.4
34.308538999999996 -77.611297 0.0 0.4
34.303162 -77.62357899999999 0.0 0.4
34.292566 -77.635493 0.0 0.4
34.285334999999996 -77.643514 0.0 0.4
34.278574 -77.650969 0.0 0.4
34.268152 -77.659995 0.0 0.4
34.258302 -77.668453 0.0 0.4
34.250169 -77.68032099999999 0.0 0.4
34.245744 -77.691093 0.0 0.4
34.235999 -77.70082599999999 0.0 0.4
34.227211 -77.705897 0.0 0.4
34.218968 -77.712623 0.0 0.4
34.209997 -77.72295299999999 0.0 0.4
34.197271 -77.727113 0.0 0.4
34.186237 -77.734093 0.0 0.4
34.177766999999996 -77.743928 0.0 0.4
34.163331 -77.74930599999999 0.0 0.4
34.146842 -77.764377 0.0 0.4
34.138664999999996 -77.77496599999999 0.0 0.4
34.125171 -77.785555 0.0 0.4
34.109698 -77.792335 0.0 0.4
34.090711999999996 -77.800253 0.0 0.4
34.075934 -77.807795 0.0 0.4
34.064157 -77.813741 0.0 0.4
34.051762 -77.819711 0.0 0.4
34.040652 -77.824617 0.0 0.4
34.030283 -77.83020599999999 0.0 0.4
34.012373 -77.837138 0.0 0.4
34.000173 -77.842041 0.0 0.4
33.978199 -77.848873 0.0 0.4
33.960094999999995 -77.855252 0.0 0.4
33.948609 -77.862169 0.0 0.4
33.93467 -77.863534 0.0 0.4
33.919612 -77.874706 0.0 0.4
33.90367 -77.884519 0.0 0.4
33.891194999999996 -77.88610899999999 0.0 0.4
33.882331 -77.891458 0.0 0.4
33.867305 -77.895107 0.0 0.4
33.857371 -77.897775 0.0 0.4
33.846593 -77.897812 0.0 0.4
33.835305 -77.895307 0.0 0.4
33.81971 -77.896782 0.0 0.4
33.804702 -77.893686 0.0 0.4
33.793371 -77.895202 0.0 0.4
33.77852 -77.902436 0.0 0.4
33.766031999999996 -77.914695 0.0 0.4
33.757984 -77.929284 0.0 0.4
33.753769999999996 -77.943061 0.0 0.4
33.752877999999995 -77.953848 0.0 0.4
33.752899 -77.964052 0.0 0.4
33.75872 -77.983768 0.0 0.4
33.76713 -77.99971 0.0 0.4
33.781729 -78.009027 0.0 0.4
33.798449999999995 -78.01262899999999 0.0 0.4
33.808161999999996 -78.020983 0.0 0.4
33.818774 -78.040981 0.0 0.4
33.827432 -78.05289499999999 0.0 0.4
33.839203 -78.062756 0.0 0.4
33.848355999999995 -78.070003 0.0 0.4
33.850544 -78.080674 0.0 0.4
33.855450999999995 -78.101855 0.0 0.4
33.859707 -78.124715 0.0 0.4
33.862733999999996 -78.145353 0.0 0.4
33.863383999999996 -78.158723 0.0 0.4
33.864089 -78.169164 0.0 0.4
33.864132999999995 -78.182976 0.0 0.4
33.863353 -78.20228999999999 0.0 0.4
33.862746 -78.21273 0.0 0.4
33.862474999999996 -78.223773 0.0 0.4
33.862898 -78.24972 0.0 0.4
33.863163 -78.262335 0.0 0.4
33.861126 -78.283879 0.0 0.4
33.859715 -78.300981 0.0 0.4
33.857592 -78.317892 0.0 0.4
33.856345999999995 -78.331767 0.0 0.4
33.854054 -78.345618 0.0 0.4
33.851797999999995 -78.35991 0.0 0.4
33.850516 -78.370362 0.0 0.4
33.843261999999996 -78.399002 0.0 0.4
33.83883 -78.415059 0.0 0.4
33.829946 -78.44614899999999 0.0 0.4
33.82391 -78.465265 0.0 0.4
33.816716 -78.48814899999999 0.0 0.4
33.812852 -78.499301 0.0 0.4
33.831147 -78.519144 0.0 0.4
33.841623999999996 -78.530619 0.0 0.4
33.850365 -78.54024799999999 0.0 0.4
33.857048999999996 -78.547949 0.0 0.4
33.864784 -78.556871 0.0 0.4
33.871674 -78.56490699999999 0.0 0.4
33.878453 -78.572807 0.0 0.4
33.885137 -78.58058299999999 0.0 0.4
33.895056 -78.59230199999999 0.0 0.4
33.902957 -78.601598 0.0 0.4
33.911584 -78.61175 0.0 0.4
33.922134 -78.624162 0.0 0.4
33.928988 -78.632204 0.0 0.4
33.936012999999996 -78.640503 0.0 0.4
33.944201 -78.650149 0.0 0.4
33.957398 -78.6657 0.0 0.4
33.967493999999995 -78.677602 0.0 0.4
33.978102 -78.690112 0.0 0.4
33.992180999999995 -78.706724 0.0 0.4
33.998802999999995 -78.71453799999999 0.0 0.4
34.009267 -78.726846 0.0 0.4
34.015969 -78.734765 0.0 0.4
34.024937 -78.74541099999999 0.0 0.4
34.032672999999996 -78.754548 0.0 0.4
34.04201 -78.765597 0.0 0.4
34.050545 -78.775697 0.0 0.4
34.060399 -78.78737 0.0 0.4
34.068456999999995 -78.79692299999999 0.0 0.4
34.075106 -78.804785 0.0 0.4
34.08213 -78.813113 0.0 0.4
34.092200999999996 -78.824969 0.0 0.4
34.098794 -78.83272 0.0 0.4
34.107751 -78.843378 0.0 0.4
34.115856 -78.85296 0.0 0.4
34.12238 -78.860688 0.0 0.4
34.129225 -78.86883 0.0 0.4
34.13568 -78.876498 0.0 0.4
34.143563 -78.885849 0.0 0.4
34.15233 -78.89625699999999 0.0 0.4
34.159268 -78.9045 0.0 0.4
34.166084 -78.91259199999999 0.0 0.4
34.173629 -78.921531 0.0 0.4
34.181486 -78.930892 0.0 0.4
34.188133 -78.93880999999999 0.0 0.4
34.19809 -78.950668 0.0 0.4
34.205543999999996 -78.959542 0.0 0.4
34.212421 -78.967687 0.0 0.4
34.220096999999996 -78.976824 0.0 0.4
34.227253 -78.98534699999999 0.0 0.4
34.233784 -78.993128 0.0 0.4
34.242523999999996 -79.00350999999999 0.0 0.4
34.249252999999996 -79.011502 0.0 0.4
34.256205 -79.019848 0.0 0.4
34.265267 -79.03071 0.0 0.4
34.272675 -79.039551 0.0 0.4
34.292425 -79.062969 0.0 0.4
34.299323 -79.07118899999999 0.0 0.4
34.306025999999996 -79.079156 0.0 0.4
34.316188 -79.091235 0.0 0.4
34.330935 -79.108761 0.0 0.4
34.347341 -79.128252 0.0 0.4
34.354020999999996 -79.136185 0.0 0.4
34.360524999999996 -79.143922 0.0 0.4
34.37197 -79.157496 0.0 0.4
34.379385 -79.166366 0.0 0.4
34.389047999999995 -79.177707 0.0 0.4
34.39889 -79.18945699999999 0.0 0.4
34.405419 -79.197363 0.0 0.4
34.419168 -79.21390000000001 0.0 0.4
34.437774999999995 -79.235592 0.0 0.4
34.449377 -79.24906899999999 0.0 0.4
34.45707 -79.257842 0.0 0.4
34.467348 -79.269562 0.0 0.4
34.474714999999996 -79.27796099999999 0.0 0.4
34.487314999999995 -79.292119 0.0 0.4
34.494696999999995 -79.30037399999999 0.0 0.4
34.501616999999996 -79.308193 0.0 0.4
34.508991 -79.316552 0.0 0.4
34.516287 -79.324818 0.0 0.4
34.52305 -79.332403 0.0 0.4
34.529717999999995 -79.340071 0.0 0.4
34.536542 -79.347861 0.0 0.4
34.545749 -79.358465 0.0 0.4
34.553898 -79.367992 0.0 0.4
34.561811 -79.377382 0.0 0.4
34.572452999999996 -79.38984599999999 0.0 0.4
34.580799 -79.400342 0.0 0.4
34.591578 -79.413521 0.0 0.4
34.599298999999995 -79.42308899999999 0.0 0.4
34.608376 -79.434315 0.0 0.4
34.614656 -79.442099 0.0 0.4
34.621052999999996 -79.450024 0.0 0.4
34.627579 -79.458027 0.0 0.4
34.637768 -79.470688 0.0 0.4
34.644135999999996 -79.478599 0.0 0.4
34.652318 -79.488641 0.0 0.4
34.658785 -79.496427 0.0 0.4
34.665448999999995 -79.504564 0.0 0.4
34.677078 -79.51883 0.0 0.4
34.683938 -79.52726299999999 0.0 0.4
34.692887 -79.538253 0.0 0.4
34.699477 -79.546373 0.0 0.4
34.705968999999996 -79.554339 0.0 0.4
34.718188999999995 -79.569343 0.0 0.4
34.729253 -79.58301 0.0 0.4
34.740581999999996 -79.59696699999999 0.0 0.4
34.75109 -79.60991 0.0 0.4
34.757463 -79.61775999999999 0.0 0.4
34.765651999999996 -79.62787 0.0 0.4
34.775323 -79.639806 0.0 0.4
34.782135 -79.648215 0.0 0.4
34.788593 -79.656188 0.0 0.4
34.797756 -79.66750499999999 0.0 0.4
34.805065 -79.67649399999999 0.0 0.4
34.805127 -79.687634 0.0 0.4
34.805195 -79.70059599999999 0.0 0.4
34.80526 -79.712317 0.0 0.4
34.805336 -79.724098 0.0 0.4
34.805467 -79.74441499999999 0.0 0.4
34.805583 -79.760194 0.0 0.4
34.805692 -79.774093 0.0 0.4
34.805793 -79.78746699999999 0.0 0.4
34.805949 -79.807701 0.0 0.4
34.80618 -79.84052799999999 0.0 0.4
34.806308 -79.860394 0.0 0.4
34.806489 -79.889432 0.0 0.4
34.806615 -79.907893 0.0 0.4
34.806754 -79.923935 0.0 0.4
34.80706 -79.94777599999999 0.0 0.4
34.807373 -79.96257 0.0 0.4
34.807715 -79.978741 0.0 0.4
34.808026999999996 -79.99396899999999 0.0 0.4
34.808403 -80.013274 0.0 0.4
34.808626 -80.025004 0.0 0.4
34.808918999999996 -80.035007 0.0 0.4
34.809070999999996 -80.04501499999999 0.0 0.4
34.809287 -80.055489 0.0 0.4
34.809574 -80.071184 0.0 0.4
34.80995 -80.090351 0.0 0.4
34.810153 -80.101047 0.0 0.4
34.810596 -80.123706 0.0 0.4
34.810915 -80.139425 0.0 0.4
34.811209 -80.154721 0.0 0.4
34.811408 -80.165711 0.0 0.4
34.811746 -80.184404 0.0 0.4
34.811993 -80.195708 0.0 0.4
34.812356 -80.208471 0.0 0.4
34.812593 -80.220642 0.0 0.4
34.812808 -80.23684399999999 0.0 0.4
34.813072 -80.252769 0.0 0.4
34.813416 -80.278348 0.0 0.4
34.813621 -80.293595 0.0 0.4
34.813776 -80.30599 0.0 0.4
34.813905999999996 -80.32082799999999 0.0 0.4
34.814279 -80.336485 0.0 0.4
34.814416 -80.347188 0.0 0.4
34.814565 -80.357986 0.0 0.4
34.814721 -80.369422 0.0 0.4
34.814867 -80.381284 0.0 0.4
34.814997999999996 -80.391567 0.0 0.4
34.815386 -80.411366 0.0 0.4
34.815644999999996 -80.424025 0.0 0.4
34.815854 -80.43437999999999 0.0 0.4
34.816085 -80.445756 0.0 0.4
34.816322 -80.45588599999999 0.0 0.4
34.81651 -80.46638899999999 0.0 0.4
34.816629 -80.476643 0.0 0.4
34.816721 -80.48737 0.0 0.4
34.816801 -80.497393 0.0 0.4
34.816905 -80.51088399999999 0.0 0.4
34.817008 -80.523811 0.0 0.4
34.817130999999996 -80.536052 0.0 0.4
34.817249 -80.546426 0.0 0.4
34.817403999999996 -80.56007699999999 0.0 0.4
34.817600999999996 -80.572571 0.0 0.4
34.817741 -80.584152 0.0 0.4
34.817941999999995 -80.59530099999999 0.0 0.4
34.818070999999996 -80.607672 0.0 0.4
34.818177999999996 -80.620404 0.0 0.4
34.818304 -80.635859 0.0 0.4
34.818473 -80.646434 0.0 0.4
34.818494 -80.658424 0.0 0.4
34.818622999999995 -80.66855 0.0 0.4
34.818926999999995 -80.689472 0.0 0.4
34.819072 -80.700814 0.0 0.4
34.819148999999996 -80.711417 0.0 0.4
34.819196 -80.724211 0.0 0.4
34.819237 -80.73524599999999 0.0 0.4
34.81928 -80.74751499999999 0.0 0.4
34.819358 -80.75903 0.0 0.4
34.819537 -80.773125 0.0 0.4
34.819672 -80.783688 0.0 0.4
34.81981 -80.794271 0.0 0.4
34.830687 -80.796042 0.0 0.4
34.841775 -80.794648 0.0 0.4
34.852305 -80.793475 0.0 0.4
34.866037 -80.791433 0.0 0.4
34.88025 -80.789506 0.0 0.4
34.891023 -80.788122 0.0 0.4
34.902456 -80.78665099999999 0.0 0.4
34.913607 -80.78522099999999 0.0 0.4
34.923556 -80.783613 0.0 0.4
34.934287 -80.78213 0.0 0.4
34.94272 -80.78827 0.0 0.4
34.95021 -80.794978 0.0 0.4
34.959097 -80.803054 0.0 0.4
34.967557 -80.810839 0.0 0.4
34.976821 -80.819056 0.0 0.4
34.987089 -80.827952 0.0 0.4
34.99684 -80.836184 0.0 0.4
35.006485999999995 -80.84432699999999 0.0 0.4
35.014659 -80.851218 0.0 0.4
35.022264 -80.857809 0.0 0.4
35.029973999999996 -80.864634 0.0 0.4
35.038140999999996 -80.871645 0.0 0.4
35.049431999999996 -80.881491 0.0 0.4
35.057355 -80.88848399999999 0.0 0.4
35.064828 -80.895371 0.0 0.4
35.076257999999996 -80.906367 0.0 0.4
35.084381 -80.91353699999999 0.0 0.4
35.098987 -80.926026 0.0 0.4
35.106453 -80.933812 0.0 0.4
35.101124 -80.944654 0.0 0.4
35.092962 -80.95774 0.0 0.4
35.084562999999996 -80.97225499999999 0.0 0.4
35.075772 -80.987687 0.0 0.4
35.069759999999995 -80.998029 0.0 0.4
35.062576 -81.010426 0.0 0.4
35.056899 -81.02022199999999 0.0 0.4
35.051275 -81.02927199999999 0.0 0.4
35.044713 -81.041496 0.0 0.4
35.053000000000004 -81.048013 0.0 0.4
35.060047 -81.05553499999999 0.0 0.4
35.070073 -81.057724 0.0 0.4
35.080676 -81.056443 0.0 0.4
35.090683999999996 -81.053884 0.0 0.4
35.099503999999996 -81.048761 0.0 0.4
35.101984 -81.038645 0.0 0.4
35.110729 -81.032327 0.0 0.4
35.120363999999995 -81.036148 0.0 0.4
35.12882 -81.043206 0.0 0.4
35.133486 -81.05207399999999 0.0 0.4
35.143592999999996 -81.048251 0.0 0.4
35.148049 -81.038586 0.0 0.4
35.150461 -81.05548 0.0 0.4
35.151241999999996 -81.069092 0.0 0.4
35.152049999999996 -81.084125 0.0 0.4
35.152612999999995 -81.094278 0.0 0.4
35.153755 -81.112487 0.0 0.4
35.15444 -81.123386 0.0 0.4
35.155747 -81.144168 0.0 0.4
35.156423 -81.158193 0.0 0.4
35.156962 -81.170565 0.0 0.4
35.157412 -81.180719 0.0 0.4
35.158124 -81.196899 0.0 0.4
35.158639 -81.208553 0.0 0.4
35.159296999999995 -81.22381399999999 0.0 0.4
35.159819999999996 -81.23602199999999 0.0 0.4
35.160275 -81.246037 0.0 0.4
35.160782 -81.257677 0.0 0.4
35.161246999999996 -81.269195 0.0 0.4
35.16169 -81.280146 0.0 0.4
35.162272 -81.29383299999999 0.0 0.4
35.162866 -81.307831 0.0 0.4
35.163229 -81.322409 0.0 0.4
35.163599 -81.33323299999999 0.0 0.4
35.163989 -81.348939 0.0 0.4
35.164882999999996 -81.3666 0.0 0.4
35.165642999999996 -81.381626 0.0 0.4
35.166425 -81.394899 0.0 0.4
35.167139 -81.40692299999999 0.0 0.4
35.167335 -81.41974499999999 0.0 0.4
35.167544 -81.43377 0.0 0.4
35.16822 -81.45031999999999 0.0 0.4
35.168641 -81.46140799999999 0.0 0.4
35.169108 -81.472043 0.0 0.4
35.169593 -81.484495 0.0 0.4
35.170254 -81.500479 0.0 0.4
35.170626 -81.511977 0.0 0.4
35.170991 -81.522105 0.0 0.4
35.171516 -81.53708 0.0 0.4
35.171903 -81.548368 0.0 0.4
35.172435 -81.56389 0.0 0.4
35.172903 -81.576589 0.0 0.4
35.173519999999996 -81.590429 0.0 0.4
35.17435 -81.60900099999999 0.0 0.4
35.17505 -81.624724 0.0 0.4
35.175543999999995 -81.635967 0.0 0.4
35.175903 -81.646264 0.0 0.4
35.176486 -81.660651 0.0 0.4
35.177077 -81.67545799999999 0.0 0.4
35.177535 -81.686588 0.0 0.4
35.178253999999995 -81.703233 0.0 0.4
35.178886 -81.721051 0.0 0.4
35.179635999999995 -81.740943 0.0 0.4
35.180113999999996 -81.753502 0.0 0.4
35.180537 -81.765174 0.0 0.4
35.180845999999995 -81.777102 0.0 0.4
35.181112999999996 -81.787649 0.0 0.4
35.181405 -81.798904 0.0 0.4
35.181826 -81.809816 0.0 0.4
35.182262 -81.820352 0.0 0.4
35.182671 -81.83324999999999 0.0 0.4
35.183035 -81.84403999999999 0.0 0.4
35.183501 -81.857625 0.0 0.4
35.183868 -81.86811999999999 0.0 0.4
35.184159 -81.88031699999999 0.0 0.4
35.184422 -81.891176 0.0 0.4
35.184762 -81.90136799999999 0.0 0.4
35.185215 -81.915414 0.0 0.4
35.185572 -81.925609 0.0 0.4
35.185955 -81.93813 0.0 0.4
35.186408 -81.950761 0.0 0.4
35.186867 -81.96173 0.0 0.4
35.187322 -81.9719 0.0 0.4
35.187816 -81.98258299999999 0.0 0.4
35.188345 -81.995767 0.0 0.4
35.188680999999995 -82.00773 0.0 0.4
35.189071 -82.02134 0.0 0.4
35.189211 -82.032142 0.0 0.4
35.189553 -82.04345599999999 0.0 0.4
35.189854 -82.05511 0.0 0.4
35.19027 -82.069594 0.0 0.4
35.190847999999995 -82.090114 0.0 0.4
35.191299 -82.106095 0.0 0.4
35.19195 -82.118667 0.0 0.4
35.19299 -82.134692 0.0 0.4
35.193202 -82.146198 0.0 0.4
35.193407 -82.15733999999999 0.0 0.4
35.193708 -82.167519 0.0 0.4
35.194466 -82.183668 0.0 0.4
35.194936 -82.194696 0.0 0.4
35.195747 -82.20803099999999 0.0 0.4
35.196373 -82.218828 0.0 0.4
35.196887 -82.228822 0.0 0.4
35.197711999999996 -82.24480799999999 0.0 0.4
35.198361 -82.25742799999999 0.0 0.4
35.198978 -82.269442 0.0 0.4
35.199562 -82.28084899999999 0.0 0.4
35.20008 -82.290958 0.0 0.4
35.193885 -82.299255 0.0 0.4
35.192245 -82.309707 0.0 0.4
35.187258 -82.318857 0.0 0.4
35.186851 -82.32906799999999 0.0 0.4
35.188558 -82.339023 0.0 0.4
35.192657 -82.348339 0.0 0.4
35.192149 -82.358525 0.0 0.4
35.184326 -82.364874 0.0 0.4
35.183493999999996 -82.37517299999999 0.0 0.4
35.190554999999996 -82.382824 0.0 0.4
35.200227999999996 -82.380275 0.0 0.4
35.209654 -82.383798 0.0 0.4
35.215396999999996 -82.392082 0.0 0.4
35.207905 -82.398752 0.0 0.4
35.202731 -82.40740699999999 0.0 0.4
35.200471 -82.417395 0.0 0.4
35.193076 -82.424216 0.0 0.4
35.183779 -82.428282 0.0 0.4
35.172371999999996 -82.432357 0.0 0.4
35.165743 -82.43987 0.0 0.4
35.165634 -82.45062899999999 0.0 0.4
35.175475 -82.453508 0.0 0.4
35.176770999999995 -82.46355299999999 0.0 0.4
35.174192999999995 -82.473638 0.0 0.4
35.174095 -82.484578 0.0 0.4
35.16777 -82.492583 0.0 0.4
35.165814999999995 -82.503389 0.0 0.4
35.162998 -82.513401 0.0 0.4
35.158125999999996 -82.52226399999999 0.0 0.4
35.156112 -82.532393 0.0 0.4
35.161513 -82.541054 0.0 0.4
35.161576 -82.551361 0.0 0.4
35.152273 -82.555038 0.0 0.4
35.151409 -82.565089 0.0 0.4
35.144188 -82.572744 0.0 0.4
35.142659 -82.583254 0.0 0.4
35.13885 -82.59250999999999 0.0 0.4
35.139066 -82.602853 0.0 0.4
35.139654 -82.613095 0.0 0.4
35.134862 -82.622193 0.0 0.4
35.126343 -82.62759899999999 0.0 0.4
35.130178 -82.63704899999999 0.0 0.4
35.126939 -82.647161 0.0 0.4
35.120701 -82.655104 0.0 0.4
35.118838 -82.66500599999999 0.0 0.4
35.11803 -82.675139 0.0 0.4
35.127773 -82.677843 0.0 0.4
35.123542 -82.686965 0.0 0.4
35.116364 -82.694273 0.0 0.4
35.109201999999996 -82.687274 0.0 0.4
35.100936 -82.693623 0.0 0.4
35.098737 -82.703435 0.0 0.4
35.094414 -82.712661 0.0 0.4
35.094378 -82.723395 0.0 0.4
35.087316 -82.731112 0.0 0.4
35.081379 -82.739346 0.0 0.4
35.081522 -82.74978999999999 0.0 0.4
35.07167 -82.752625 0.0 0.4
35.068008 -82.761962 0.0 0.4
35.065523999999996 -82.771684 0.0 0.4
35.065304999999995 -82.781731 0.0 0.4
35.074978 -82.777808 0.0 0.4
35.084543 -82.780977 0.0 0.4
35.083289 -82.792501 0.0 0.4
35.079744 -82.806191 0.0 0.4
35.076453 -82.819014 0.0 0.4
35.073918 -82.82884399999999 0.0 0.4
35.071221 -82.839311 0.0 0.4
35.068197999999995 -82.85099799999999 0.0 0.4
35.065256 -82.86237799999999 0.0 0.4
35.062573 -82.872784 0.0 0.4
35.060006 -82.882695 0.0 0.4
35.057500000000005 -82.892394 0.0 0.4
35.05345 -82.908046 0.0 0.4
35.048322 -82.927855 0.0 0.4
35.045269 -82.939636 0.0 0.4
35.042271 -82.951201 0.0 0.4
35.038151 -82.967147 0.0 0.4
35.03498 -82.97931899999999 0.0 0.4
35.030038 -82.998352 0.0 0.4
35.027454 -83.008303 0.0 0.4
35.02464 -83.019133 0.0 0.4
35.020206 -83.03617799999999 0.0 0.4
35.017613 -83.045913 0.0 0.4
35.015074 -83.055898 0.0 0.4
35.009040999999996 -83.079065 0.0 0.4
35.005185 -83.093865 0.0 0.4
35.001354 -83.10856799999999 0.0 0.4
35.001070999999996 -83.119945 0.0 0.4
35.000744 -83.132995 0.0 0.4
35.000433 -83.145376 0.0 0.4
35.000129 -83.157422 0.0 0.4
34.999849 -83.168464 0.0 0.4
34.999534 -83.18084499999999 0.0 0.4
34.999279 -83.191136 0.0 0.4
34.998987 -83.20226 0.0 0.4
34.998698 -83.213556 0.0 0.4
34.998435 -83.223674 0.0 0.4
34.998159 -83.234188 0.0 0.4
34.997887999999996 -83.244779 0.0 0.4
34.997591 -83.25482799999999 0.0 0.4
34.997206999999996 -83.26763799999999 0.0 0.4
34.996874 -83.27891799999999 0.0 0.4
34.996612 -83.288935 0.0 0.4
34.996248 -83.301232 0.0 0.4
34.996086999999996 -83.311532 0.0 0.4
34.995905 -83.321641 0.0 0.4
34.995714 -83.331807 0.0 0.4
34.995591 -83.342101 0.0 0.4
34.995487 -83.352297 0.0 0.4
34.995250999999996 -83.362729 0.0 0.4
34.994973 -83.37468799999999 0.0 0.4
34.994796 -83.386324 0.0 0.4
34.994628 -83.397297 0.0 0.4
34.994453 -83.408676 0.0 0.4
34.994275 -83.42020000000001 0.0 0.4
34.994105 -83.431099 0.0 0.4
34.993938 -83.44180899999999 0.0 0.4
34.993772 -83.45232399999999 0.0 0.4
34.993614 -83.462553 0.0 0.4
34.993456 -83.472814 0.0 0.4
34.993300999999995 -83.48294899999999 0.0 0.4
34.993063 -83.493106 0.0 0.4
34.992875 -83.503247 0.0 0.4
34.992768 -83.514752 0.0 0.4
34.992654 -83.524979 0.0 0.4
34.992548 -83.535044 0.0 0.4
34.992443 -83.54509 0.0 0.4
34.99236 -83.555705 0.0 0.4
34.992363999999995 -83.56599 0.0 0.4
34.99229 -83.577458 0.0 0.4
34.992225999999995 -83.589743 0.0 0.4
34.992166999999995 -83.600267 0.0 0.4
34.992142 -83.61043699999999 0.0 0.4
34.988927 -83.619992 0.0 0.4
34.986686999999996 -83.630336 0.0 0.4
34.986764 -83.640503 0.0 0.4
34.986813 -83.650768 0.0 0.4
34.986874 -83.66162 0.0 0.4
34.986967 -83.67191 0.0 0.4
34.987041 -83.682209 0.0 0.4
34.987207999999995 -83.693895 0.0 0.4
34.987342999999996 -83.704072 0.0 0.4
34.98747 -83.714501 0.0 0.4
34.987592 -83.724594 0.0 0.4
34.987697 -83.735047 0.0 0.4
34.987795 -83.74550599999999 0.0 0.4
34.987792 -83.755629 0.0 0.4
34.987708 -83.766425 0.0 0.4
34.987626 -83.776885 0.0 0.4
34.9876 -83.787134 0.0 0.4
34.987581 -83.797405 0.0 0.4
34.987573999999995 -83.807926 0.0 0.4
34.987339999999996 -83.81842499999999 0.0 0.4
34.987341 -83.828453 0.0 0.4
34.987339999999996 -83.839146 0.0 0.4
34.987338 -83.84917 0.0 0.4
34.987335 -83.859528 0.0 0.4
34.98733 -83.870554 0.0 0.4
34.987266 -83.881621 0.0 0.4
34.987167 -83.89204199999999 0.0 0.4
34.987103 -83.90223999999999 0.0 0.4
34.987176 -83.91337 0.0 0.4
34.987351 -83.92373099999999 0.0 0.4
34.987536999999996 -83.93476 0.0 0.4
34.98746 -83.94487699999999 0.0 0.4
34.987353999999996 -83.954944 0.0 0.4
34.987345 -83.96524 0.0 0.4
34.987328999999995 -83.975439 0.0 0.4
34.987216 -83.985771 0.0 0.4
34.987246999999996 -84.00034099999999 0.0 0.4
34.98712 -84.010868 0.0 0.4
34.987063 -84.021192 0.0 0.4
34.98703 -84.031655 0.0 0.4
34.987114999999996 -84.04175699999999 0.0 0.4
34.987185 -84.05236099999999 0.0 0.4
34.987255999999995 -84.06243099999999 0.0 0.4
34.987336 -84.07288799999999 0.0 0.4
34.987375 -84.083142 0.0 0.4
34.98742 -84.095602 0.0 0.4
34.987462 -84.105907 0.0 0.4
34.987503 -84.116101 0.0 0.4
34.987539 -84.12626 0.0 0.4
34.987565 -84.136759 0.0 0.4
34.987611 -84.147261 0.0 0.4
34.987646999999996 -84.157826 0.0 0.4
34.987691 -84.168126 0.0 0.4
34.987739 -84.17833999999999 0.0 0.4
34.987772 -84.188627 0.0 0.4
34.987815 -84.198802 0.0 0.4
34.987866 -84.20947199999999 0.0 0.4
34.987884 -84.219713 0.0 0.4
34.987909 -84.229866 0.0 0.4
34.988124 -84.24027 0.0 0.4
34.988451 -84.250266 0.0 0.4
34.988448 -84.260483 0.0 0.4
34.988451 -84.27072 0.0 0.4
34.988437999999995 -84.281655 0.0 0.4
34.988431 -84.29172899999999 0.0 0.4
34.988431999999996 -84.301833 0.0 0.4
34.988420999999995 -84.311988 0.0 0.4
34.991743 -84.321452 0.0 0.4
35.00202 -84.320273 0.0 0.4
35.011949 -84.318956 0.0 0.4
35.021862 -84.317627 0.0 0.4
35.032505 -84.316198 0.0 0.4
35.042919999999995 -84.3148 0.0 0.4
35.053335 -84.313402 0.0 0.4
35.063475 -84.312045 0.0 0.4
35.073606 -84.31072999999999 0.0 0.4
35.083737 -84.309415 0.0 0.4
35.094141 -84.308064 0.0 0.4
35.105931999999996 -84.306533 0.0 0.4
35.116045 -84.305218 0.0 0.4
35.126173 -84.303899 0.0 0.4
35.136555 -84.302521 0.0 0.4
35.146936 -84.301143 0.0 0.4
35.15759 -84.299729 0.0 0.4
35.167688 -84.29814999999999 0.0 0.4
35.177893999999995 -84.29621 0.0 0.4
35.188083 -84.294602 0.0 0.4
35.198302999999996 -84.293402 0.0 0.4
35.20859 -84.29215599999999 0.0 0.4
35.218576999999996 -84.291065 0.0 0.4
35.226254 -84.28425 0.0 0.4
35.233222 -84.276817 0.0 0.4
35.238182 -84.267943 0.0 0.4
35.243648 -84.25952199999999 0.0 0.4
35.249998999999995 -84.251661 0.0 0.4
35.253627 -84.242322 0.0 0.4
35.260889999999996 -84.235435 0.0 0.4
35.267614 -84.22802 0.0 0.4
35.268153999999996 -84.217905 0.0 0.4
35.262554 -84.20945499999999 0.0 0.4
35.254942 -84.20284199999999 0.0 0.4
35.245207 -84.200481 0.0 0.4
35.241762 -84.19091999999999 0.0 0.4
35.240249999999996 -84.180981 0.0 0.4
35.244562 -84.17181599999999 0.0 0.4
35.243583 -84.161703 0.0 0.4
35.246117 -84.151729 0.0 0.4
35.246280999999996 -84.1417 0.0 0.4
35.241934 -84.132584 0.0 0.4
35.249212 -84.12554399999999 0.0 0.4
35.250681 -84.115607 0.0 0.4
35.25053 -84.10548399999999 0.0 0.4
35.24825 -84.095659 0.0 0.4
35.253893999999995 -84.08726 0.0 0.4
35.26143 -84.08032399999999 0.0 0.4
35.264016999999996 -84.070404 0.0 0.4
35.267159 -84.06089 0.0 0.4
35.27218 -84.05202299999999 0.0 0.4
35.277663 -84.043416 0.0 0.4
35.286069 -84.03791799999999 0.0 0.4
35.292080999999996 -84.029454 0.0 0.4
35.299704 -84.02266499999999 0.0 0.4
35.308996 -84.026519 0.0 0.4
35.313215 -84.035884 0.0 0.4
35.32316 -84.033896 0.0 0.4
35.332298 -84.029613 0.0 0.4
35.339884999999995 -84.036141 0.0 0.4
35.349564 -84.03867699999999 0.0 0.4
35.353778999999996 -84.02939599999999 0.0 0.4
35.357586 -84.020123 0.0 0.4
35.365838 -84.014072 0.0 0.4
35.374573 -84.008819 0.0 0.4
35.384378999999996 -84.011341 0.0 0.4
35.394354 -84.013111 0.0 0.4
35.401964 -84.019731 0.0 0.4
35.411418999999995 -84.02349799999999 0.0 0.4
35.413230999999996 -84.01340599999999 0.0 0.4
35.420131999999995 -84.005966 0.0 0.4
35.428233999999996 -83.999939 0.0 0.4
35.436738999999996 -83.99447599999999 0.0 0.4
35.440058 -83.984775 0.0 0.4
35.447961 -83.97854 0.0 0.4
35.455321 -83.971364 0.0 0.4
35.459086 -83.962012 0.0 0.4
35.460578999999996 -83.95187899999999 0.0 0.4
35.464939 -83.942854 0.0 0.4
35.471927 -83.935417 0.0 0.4
35.473546 -83.92550399999999 0.0 0.4
35.474091 -83.915505 0.0 0.4
35.481975 -83.909126 0.0 0.4
35.490136 -83.903187 0.0 0.4
35.499164 -83.898523 0.0 0.4
35.504574 -83.89005 0.0 0.4
35.512851 -83.883755 0.0 0.4
35.519459999999995 -83.876102 0.0 0.4
35.520465 -83.865954 0.0 0.4
35.521101 -83.85585999999999 0.0 0.4
35.520325 -83.845771 0.0 0.4
35.523441999999996 -83.836 0.0 0.4
35.524328 -83.82585499999999 0.0 0.4
35.528735999999995 -83.816779 0.0 0.4
35.53477 -83.80870399999999 0.0 0.4
35.541641 -83.80111 0.0 0.4
35.546088 -83.79175599999999 0.0 0.4
35.550444999999996 -83.78251999999999 0.0 0.4
35.556702 -83.77438599999999 0.0 0.4
35.56167 -83.765654 0.0 0.4
35.564296999999996 -83.755825 0.0 0.4
35.560336 -83.746512 0.0 0.4
35.56502 -83.737656 0.0 0.4
35.563099 -83.727649 0.0 0.4
35.564088999999996 -83.717428 0.0 0.4
35.568041 -83.708079 0.0 0.4
35.569092 -83.69805699999999 0.0 0.4
35.568236999999996 -83.687876 0.0 0.4
35.569900000000004 -83.67789599999999 0.0 0.4
35.569320999999995 -83.667861 0.0 0.4
35.569134999999996 -83.65780199999999 0.0 0.4
35.567105999999995 -83.64786099999999 0.0 0.4
35.567295 -83.637777 0.0 0.4
35.568996999999996 -83.627218 0.0 0.4
35.572973999999995 -83.61797299999999 0.0 0.4
35.578728999999996 -83.609646 0.0 0.4
35.576882 -83.59960000000001 0.0 0.4
35.570809 -83.591583 0.0 0.4
35.562895999999995 -83.584958 0.0 0.4
35.563969 -83.57477999999999 0.0 0.4
35.566091 -83.564979 0.0 0.4
35.564735 -83.554801 0.0 0.4
35.565289 -83.54479099999999 0.0 0.4
35.564737 -83.534615 0.0 0.4
35.565191999999996 -83.524138 0.0 0.4
35.562882 -83.514184 0.0 0.4
35.562098999999996 -83.503912 0.0 0.4
35.566084 -83.494675 0.0 0.4
35.569191 -83.484894 0.0 0.4
35.57803 -83.47994 0.0 0.4
35.585826 -83.47340799999999 0.0 0.4
35.591918 -83.46531 0.0 0.4
35.597194 -83.456589 0.0 0.4
35.605329999999995 -83.450706 0.0 0.4
35.611775 -83.44277 0.0 0.4
35.610056 -83.432727 0.0 0.4
35.611028 -83.422427 0.0 0.4
35.615657 -83.413547 0.0 0.4
35.620929 -83.404517 0.0 0.4
35.623698999999995 -83.39477099999999 0.0 0.4
35.631918999999996 -83.388868 0.0 0.4
35.634634 -83.378975 0.0 0.4
35.638079 -83.369496 0.0 0.4
35.64448 -83.36169699999999 0.0 0.4
35.652904 -83.35582699999999 0.0 0.4
35.660702 -83.34916799999999 0.0 0.4
35.663655 -83.339565 0.0 0.4
35.663713 -83.329021 0.0 0.4
35.660506 -83.319131 0.0 0.4
35.654491 -83.31094499999999 0.0 0.4
35.656804 -83.300997 0.0 0.4
35.663790999999996 -83.2938 0.0 0.4
35.673311 -83.290506 0.0 0.4
35.677699 -83.281342 0.0 0.4
35.68213 -83.272217 0.0 0.4
35.688477999999996 -83.26425499999999 0.0 0.4
35.694842 -83.256318 0.0 0.4
35.704879 -83.257296 0.0 0.4
35.714213 -83.253585 0.0 0.4
35.721534999999996 -83.246698 0.0 0.4
35.726571 -83.237923 0.0 0.4
35.725818 -83.227507 0.0 0.4
35.725743 -83.217388 0.0 0.4
35.726191 -83.207383 0.0 0.4
35.72538 -83.19737099999999 0.0 0.4
35.729707 -83.18808399999999 0.0 0.4
35.737285 -83.181249 0.0 0.4
35.745135999999995 -83.174962 0.0 0.4
35.751554999999996 -83.16721 0.0 0.4
35.761111 -83.16350899999999 0.0 0.4
35.764331 -83.153774 0.0 0.4
35.765284 -83.143778 0.0 0.4
35.766973 -83.133639 0.0 0.4
35.767143 -83.123406 0.0 0.4
35.770306999999995 -83.113897 0.0 0.4
35.774207 -83.10466799999999 0.0 0.4
35.778206 -83.095336 0.0 0.4
35.783758 -83.086748 0.0 0.4
35.789674999999995 -83.078503 0.0 0.4
35.787752999999995 -83.068354 0.0 0.4
35.788232 -83.058307 0.0 0.4
35.787642999999996 -83.04827399999999 0.0 0.4
35.786977 -83.03826699999999 0.0 0.4
35.784987 -83.028458 0.0 0.4
35.780522999999995 -83.019457 0.0 0.4
35.778684 -83.00952099999999 0.0 0.4
35.773752 -83.000551 0.0 0.4
35.775335 -82.990594 0.0 0.4
35.779908 -82.981633 0.0 0.4
35.787 -82.974268 0.0 0.4
35.790467 -82.96480199999999 0.0 0.4
35.800366 -82.961811 0.0 0.4
35.808746 -82.95606599999999 0.0 0.4
35.816573 -82.949494 0.0 0.4
35.825395 -82.944445 0.0 0.4
35.828655 -82.93484099999999 0.0 0.4
35.837756999999996 -82.930554 0.0 0.4
35.839385 -82.920211 0.0 0.4
35.849528 -82.91990899999999 0.0 0.4
35.859493 -82.918224 0.0 0.4
35.868294999999996 -82.91332899999999 0.0 0.4
35.871781999999996 -82.90395099999999 0.0 0.4
35.878783 -82.89652 0.0 0.4
35.882957 -82.905665 0.0 0.4
35.892092999999996 -82.901577 0.0 0.4
35.901413 -82.905631 0.0 0.4
35.911231 -82.907985 0.0 0.4
35.920211 -82.912426 0.0 0.4
35.926957 -82.920288 0.0 0.4
35.927389999999995 -82.91002 0.0 0.4
35.929382 -82.900055 0.0 0.4
35.93952 -82.900911 0.0 0.4
35.945163 -82.892352 0.0 0.4
35.949677 -82.883059 0.0 0.4
35.952295 -82.87326999999999 0.0 0.4
35.948746 -82.86357199999999 0.0 0.4
35.94882 -82.853017 0.0 0.4
35.942957 -82.844782 0.0 0.4
35.937036 -82.83636899999999 0.0 0.4
35.931635 -82.827837 0.0 0.4
35.922861999999995 -82.822797 0.0 0.4
35.925399 -82.812922 0.0 0.4
35.928698 -82.803388 0.0 0.4
35.938705999999996 -82.804018 0.0 0.4
35.946145 -82.79730099999999 0.0 0.4
35.951485999999996 -82.78882399999999 0.0 0.4
35.961045 -82.785229 0.0 0.4
35.967738 -82.77739 0.0 0.4
35.976009999999995 -82.783598 0.0 0.4
35.985999 -82.784927 0.0 0.4
35.994327999999996 -82.778849 0.0 0.4
36.001242 -82.771397 0.0 0.4
36.004898 -82.76197499999999 0.0 0.4
36.00618 -82.751993 0.0 0.4
36.011268 -82.74333399999999 0.0 0.4
36.015485999999996 -82.733869 0.0 0.4
36.018826 -82.72408399999999 0.0 0.4
36.023724 -82.715355 0.0 0.4
36.030291999999996 -82.707247 0.0 0.4
36.034265999999995 -82.698048 0.0 0.4
36.038652 -82.688878 0.0 0.4
36.046003999999996 -82.682023 0.0 0.4
36.050411 -82.672963 0.0 0.4
36.054522999999996 -82.663697 0.0 0.4
36.056813999999996 -82.653874 0.0 0.4
36.061844 -82.64506 0.0 0.4
36.065836 -82.63568099999999 0.0 0.4
36.060964 -82.626798 0.0 0.4
36.05591 -82.617954 0.0 0.4
36.046313 -82.615115 0.0 0.4
36.041481 -82.60624899999999 0.0 0.4
36.036685999999996 -82.59737 0.0 0.4
36.026664 -82.599104 0.0 0.4
36.017437 -82.60323799999999 0.0 0.4
36.008752 -82.608353 0.0 0.4
36.001177999999996 -82.615076 0.0 0.4
35.99288 -82.609465 0.0 0.4
35.982645 -82.607444 0.0 0.4
35.97329 -82.611238 0.0 0.4
35.966209 -82.603931 0.0 0.4
35.965935 -82.593603 0.0 0.4
35.965253 -82.583495 0.0 0.4
35.958611999999995 -82.57583 0.0 0.4
35.955304999999996 -82.56617899999999 0.0 0.4
35.956421999999996 -82.55604199999999 0.0 0.4
35.964107999999996 -82.54956 0.0 0.4
35.968747 -82.540517 0.0 0.4
35.972136 -82.530963 0.0 0.4
35.974407 -82.521121 0.0 0.4
35.976768 -82.511365 0.0 0.4
35.982227 -82.502951 0.0 0.4
35.986871 -82.49403199999999 0.0 0.4
35.992529999999995 -82.485547 0.0 0.4
35.998399 -82.47740999999999 0.0 0.4
36.003408 -82.468724 0.0 0.4
36.008646999999996 -82.45996099999999 0.0 0.4
36.016937999999996 -82.454364 0.0 0.4
36.025794999999995 -82.448443 0.0 0.4
36.03458 -82.44247399999999 0.0 0.4
36.043133 -82.436759 0.0 0.4
36.051590999999995 -82.431011 0.0 0.4
36.059973 -82.425403 0.0 0.4
36.068546999999995 -82.41959899999999 0.0 0.4
