47.330141 -104.044968 0.0 0.4
47.340402999999995 -104.045135 0.0 0.4
47.351048999999996 -104.044983 0.0 0.4
47.363597 -104.044986 0.0 0.4
47.374055 -104.044944 0.0 0.4
47.388528 -104.044881 0.0 0.4
47.399791 -104.044856 0.0 0.4
47.411347 -104.044825 0.0 0.4
47.422098 -104.04472 0.0 0.4
47.432976 -104.044642 0.0 0.4
47.445358 -104.044544 0.0 0.4
47.455642999999995 -104.044463 0.0 0.4
47.46606 -104.044413 0.0 0.4
47.481894999999994 -104.044361 0.0 0.4
47.492627 -104.044318 0.0 0.4
47.503406 -104.044274 0.0 0.4
47.514385 -104.044217 0.0 0.4
47.525757 -104.04417 0.0 0.4
47.535999 -104.044139 0.0 0.4
47.547709999999995 -104.044092 0.0 0.4
47.558417999999996 -104.044027 0.0 0.4
47.568453 -104.043965 0.0 0.4
47.586287999999996 -104.043917 0.0 0.4
47.600486 -104.043881 0.0 0.4
47.612807 -104.043864 0.0 0.4
47.622966999999996 -104.043834 0.0 0.4
47.643152 -104.043864 0.0 0.4
47.654322 -104.043778 0.0 0.4
47.666153 -104.043669 0.0 0.4
47.677014 -104.043626 0.0 0.4
47.688528999999996 -104.043531 0.0 0.4
47.702366999999995 -104.043388 0.0 0.4
47.716898 -104.043289 0.0 0.4
47.727733 -104.043391 0.0 0.4
47.745548 -104.043321 0.0 0.4
47.756065 -104.043234 0.0 0.4
47.768938999999996 -104.043066 0.0 0.4
47.781157 -104.042872 0.0 0.4
47.791232 -104.042708 0.0 0.4
47.805692 -104.042477 0.0 0.4
47.815968999999996 -104.042219 0.0 0.4
47.826313 -104.042097 0.0 0.4
47.838252999999995 -104.041886 0.0 0.4
47.848279 -104.04167699999999 0.0 0.4
47.85832 -104.041512 0.0 0.4
47.869358999999996 -104.041574 0.0 0.4
47.879376 -104.041883 0.0 0.4
47.889379 -104.042094 0.0 0.4
47.901683 -104.042127 0.0 0.4
47.924464 -104.042493 0.0 0.4
47.93457 -104.042827 0.0 0.4
47.944601999999996 -104.043102 0.0 0.4
47.955372999999994 -104.043403 0.0 0.4
47.96872 -104.043615 0.0 0.4
47.978986 -104.043783 0.0 0.4
47.989315 -104.043887 0.0 0.4
47.999511 -104.044085 0.0 0.4
48.02477 -104.044198 0.0 0.4
48.037088999999995 -104.044355 0.0 0.4
48.047992 -104.044466 0.0 0.4
48.061464 -104.044611 0.0 0.4
48.082347999999996 -104.044859 0.0 0.4
48.095222 -104.044956 0.0 0.4
48.108792 -104.04513 0.0 0.4
48.125702 -104.045242 0.0 0.4
48.137364999999996 -104.045333 0.0 0.4
48.154711999999996 -104.04547 0.0 0.4
48.164728 -104.045384 0.0 0.4
48.176448 -104.045362 0.0 0.4
48.186972 -104.045463 0.0 0.4
48.198146 -104.045536 0.0 0.4
48.219291 -104.045654 0.0 0.4
48.229959 -104.045695 0.0 0.4
48.241381 -104.045778 0.0 0.4
48.252255999999996 -104.045944 0.0 0.4
48.263022 -104.045889 0.0 0.4
48.275301 -104.045978 0.0 0.4
48.28608 -104.04596599999999 0.0 0.4
48.296673999999996 -104.045956 0.0 0.4
48.307257 -104.045936 0.0 0.4
48.320395 -104.046167 0.0 0.4
48.331540999999994 -104.046341 0.0 0.4
48.341735 -104.046341 0.0 0.4
48.352632 -104.046433 0.0 0.4
48.37314 -104.046594 0.0 0.4
48.387479 -104.046763 0.0 0.4
48.39749 -104.046815 0.0 0.4
48.408282 -104.04690000000001 0.0 0.4
48.419232 -104.046992 0.0 0.4
48.430195999999995 -104.047067 0.0 0.4
48.442875 -104.047139 0.0 0.4
48.45298 -104.047214 0.0 0.4
48.463156999999995 -104.047285 0.0 0.4
48.474126999999996 -104.047353 0.0 0.4
48.489112999999996 -104.047475 0.0 0.4
48.500765 -104.04755 0.0 0.4
48.511137 -104.04756 0.0 0.4
48.525161 -104.047635 0.0 0.4
48.535346999999994 -104.047672 0.0 0.4
48.54709 -104.047698 0.0 0.4
48.558614999999996 -104.047728 0.0 0.4
48.573004999999995 -104.047721 0.0 0.4
48.583106 -104.047746 0.0 0.4
48.597308 -104.047817 0.0 0.4
48.60971 -104.047866 0.0 0.4
48.620188999999996 -104.04787400000001 0.0 0.4
48.630662 -104.047951 0.0 0.4
48.641467 -104.047916 0.0 0.4
48.651829 -104.048 0.0 0.4
48.663230999999996 -104.048041 0.0 0.4
48.677141999999996 -104.048089 0.0 0.4
48.692125999999995 -104.048166 0.0 0.4
48.706436 -104.048238 0.0 0.4
48.717366 -104.048281 0.0 0.4
48.729167999999994 -104.048391 0.0 0.4
48.741248 -104.048413 0.0 0.4
48.751265 -104.048466 0.0 0.4
48.765636 -104.048495 0.0 0.4
48.775647 -104.048511 0.0 0.4
48.786708999999995 -104.048566 0.0 0.4
48.796856 -104.04861700000001 0.0 0.4
48.807666999999995 -104.048686 0.0 0.4
48.81989 -104.048773 0.0 0.4
48.831807999999995 -104.048859 0.0 0.4
48.845732999999996 -104.048849 0.0 0.4
48.856822 -104.048914 0.0 0.4
48.86739 -104.04880299999999 0.0 0.4
48.877610999999995 -104.048908 0.0 0.4
48.894776 -104.04883 0.0 0.4
48.905443999999996 -104.048907 0.0 0.4
48.916985 -104.048949 0.0 0.4
48.927631999999996 -104.048936 0.0 0.4
48.939825 -104.048871 0.0 0.4
48.95084 -104.048824 0.0 0.4
48.963494 -104.048779 0.0 0.4
48.974179 -104.048783 0.0 0.4
48.984898 -104.048707 0.0 0.4
48.999418999999996 -104.048689 0.0 0.4
48.999843999999996 -104.012491 0.0 0.4
48.999825 -104.000246 0.0 0.4
48.999807999999994 -103.988702 0.0 0.4
48.999787999999995 -103.97644 0.0 0.4
48.999773 -103.965263 0.0 0.4
48.999752 -103.950704 0.0 0.4
48.999713 -103.92307 0.0 0.4
48.999649999999995 -103.876811 0.0 0.4
48.999635 -103.865712 0.0 0.4
48.999615 -103.852607 0.0 0.4
48.999596999999994 -103.838619 0.0 0.4
48.999581 -103.826098 0.0 0.4
48.999562 -103.813578 0.0 0.4
48.999544 -103.799225 0.0 0.4
48.999531 -103.789191 0.0 0.4
48.999517 -103.779156 0.0 0.4
48.999488 -103.758297 0.0 0.4
48.999471 -103.74663 0.0 0.4
48.999452 -103.734964 0.0 0.4
48.999437 -103.72431399999999 0.0 0.4
48.999418999999996 -103.712405 0.0 0.4
48.999404 -103.70183 0.0 0.4
48.999378 -103.684362 0.0 0.4
48.999351 -103.665206 0.0 0.4
48.999325999999996 -103.647711 0.0 0.4
48.999297999999996 -103.628096 0.0 0.4
48.999271 -103.608898 0.0 0.4
48.999257 -103.596659 0.0 0.4
48.999265 -103.580927 0.0 0.4
48.999269999999996 -103.567267 0.0 0.4
48.999275999999995 -103.554114 0.0 0.4
48.999280999999996 -103.540961 0.0 0.4
48.999286 -103.530328 0.0 0.4
48.999289999999995 -103.519695 0.0 0.4
48.999297 -103.504152 0.0 0.4
48.999300999999996 -103.492401 0.0 0.4
48.999309 -103.478803 0.0 0.4
48.999313 -103.468105 0.0 0.4
48.999317 -103.453195 0.0 0.4
48.999323999999994 -103.440672 0.0 0.4
48.999328999999996 -103.428148 0.0 0.4
48.999333 -103.415625 0.0 0.4
48.999339 -103.404043 0.0 0.4
48.999344 -103.392461 0.0 0.4
48.999347 -103.380878 0.0 0.4
48.999353 -103.367692 0.0 0.4
48.999359999999996 -103.348578 0.0 0.4
48.999365999999995 -103.333531 0.0 0.4
48.999371 -103.314579 0.0 0.4
48.999376 -103.304353 0.0 0.4
48.999379999999995 -103.294128 0.0 0.4
48.999389 -103.26803699999999 0.0 0.4
48.999396999999995 -103.249921 0.0 0.4
48.999401999999996 -103.239712 0.0 0.4
48.999406 -103.229503 0.0 0.4
48.999413999999994 -103.216352 0.0 0.4
48.99942 -103.20320000000001 0.0 0.4
48.999407999999995 -103.186648 0.0 0.4
48.999399 -103.175541 0.0 0.4
48.999389 -103.164434 0.0 0.4
48.999382 -103.153222 0.0 0.4
48.999373999999996 -103.142011 0.0 0.4
48.999364 -103.130799 0.0 0.4
48.999365 -103.118699 0.0 0.4
48.999364 -103.106598 0.0 0.4
48.999362 -103.094497 0.0 0.4
48.999362999999995 -103.08402 0.0 0.4
48.999362999999995 -103.073543 0.0 0.4
48.999362 -103.063157 0.0 0.4
48.999359 -103.052589 0.0 0.4
48.999356999999996 -103.040489 0.0 0.4
48.999353 -103.028389 0.0 0.4
48.999348 -103.016288 0.0 0.4
48.999345999999996 -103.004808 0.0 0.4
48.999342999999996 -102.992781 0.0 0.4
48.999337999999995 -102.981173 0.0 0.4
48.999333 -102.962762 0.0 0.4
48.999325 -102.946915 0.0 0.4
48.999316 -102.917718 0.0 0.4
48.999308 -102.896693 0.0 0.4
48.999309 -102.873837 0.0 0.4
48.999303 -102.861559 0.0 0.4
48.999300999999996 -102.850648 0.0 0.4
48.999294 -102.839526 0.0 0.4
48.999286999999995 -102.828403 0.0 0.4
48.999261 -102.808905 0.0 0.4
48.999237 -102.79163199999999 0.0 0.4
48.999221 -102.77989 0.0 0.4
48.999213999999995 -102.769327 0.0 0.4
48.999206 -102.758764 0.0 0.4
48.999196999999995 -102.748201 0.0 0.4
48.999181 -102.726062 0.0 0.4
48.999171 -102.713887 0.0 0.4
48.999154 -102.700255 0.0 0.4
48.999136 -102.686624 0.0 0.4
48.999136 -102.67657 0.0 0.4
48.999100000000006 -102.655697 0.0 0.4
48.999083 -102.644976 0.0 0.4
48.999069999999996 -102.633743 0.0 0.4
48.999055 -102.619756 0.0 0.4
48.999043 -102.608095 0.0 0.4
48.999027 -102.594689 0.0 0.4
48.999013999999995 -102.582987 0.0 0.4
48.999001 -102.571285 0.0 0.4
48.998988 -102.560862 0.0 0.4
48.998973 -102.550439 0.0 0.4
48.998954999999995 -102.535201 0.0 0.4
48.998937 -102.51894 0.0 0.4
48.998912999999995 -102.499752 0.0 0.4
48.998895 -102.487651 0.0 0.4
48.998881999999995 -102.477283 0.0 0.4
48.998867999999995 -102.466915 0.0 0.4
48.998853999999994 -102.456547 0.0 0.4
48.998855999999996 -102.44607 0.0 0.4
48.998858 -102.435594 0.0 0.4
48.998858999999996 -102.425118 0.0 0.4
48.998858999999996 -102.414279 0.0 0.4
48.998861999999995 -102.402265 0.0 0.4
48.998864 -102.38989 0.0 0.4
48.998864 -102.377514 0.0 0.4
48.998836 -102.35767799999999 0.0 0.4
48.99884 -102.336761 0.0 0.4
48.998858 -102.325762 0.0 0.4
48.998875999999996 -102.314762 0.0 0.4
48.998878 -102.303431 0.0 0.4
48.998878999999995 -102.292099 0.0 0.4
48.998881999999995 -102.275186 0.0 0.4
48.998884 -102.264912 0.0 0.4
48.998886999999996 -102.245287 0.0 0.4
48.998891 -102.223686 0.0 0.4
48.998892999999995 -102.21136 0.0 0.4
48.998895999999995 -102.199208 0.0 0.4
48.998898 -102.180678 0.0 0.4
48.998903999999996 -102.16132 0.0 0.4
48.998905 -102.146879 0.0 0.4
48.998909999999995 -102.131358 0.0 0.4
48.998912999999995 -102.113098 0.0 0.4
48.998917 -102.09924 0.0 0.4
48.998919 -102.087652 0.0 0.4
48.99892 -102.076063 0.0 0.4
48.998925 -102.056612 0.0 0.4
48.998909 -102.03540000000001 0.0 0.4
48.998891 -102.023913 0.0 0.4
48.998872 -102.012425 0.0 0.4
48.998875 -102.001884 0.0 0.4
48.998877 -101.991342 0.0 0.4
48.998878999999995 -101.9808 0.0 0.4
48.998903999999996 -101.96872 0.0 0.4
48.998928 -101.956639 0.0 0.4
48.998951999999996 -101.944035 0.0 0.4
48.998974999999994 -101.93143 0.0 0.4
48.998996 -101.9205 0.0 0.4
48.999016 -101.909569 0.0 0.4
48.999035 -101.898639 0.0 0.4
48.999043 -101.888152 0.0 0.4
48.99905 -101.877665 0.0 0.4
48.999055999999996 -101.867178 0.0 0.4
48.999061999999995 -101.856691 0.0 0.4
48.999069 -101.846385 0.0 0.4
48.999075999999995 -101.836079 0.0 0.4
48.999089 -101.823304 0.0 0.4
48.999100000000006 -101.810528 0.0 0.4
48.999123999999995 -101.786361 0.0 0.4
48.999153 -101.759094 0.0 0.4
48.999201 -101.715725 0.0 0.4
48.999296 -101.62783400000001 0.0 0.4
48.999313 -101.612109 0.0 0.4
48.999449 -101.496551 0.0 0.4
48.999466999999996 -101.482101 0.0 0.4
48.999469999999995 -101.469398 0.0 0.4
48.999471 -101.456695 0.0 0.4
48.999472 -101.445667 0.0 0.4
48.999471 -101.43464 0.0 0.4
48.999472999999995 -101.422558 0.0 0.4
48.999472999999995 -101.410477 0.0 0.4
48.999471 -101.398395 0.0 0.4
48.999474 -101.378426 0.0 0.4
48.999475 -101.365443 0.0 0.4
48.999475999999994 -101.344228 0.0 0.4
48.999477999999996 -101.324264 0.0 0.4
48.999479 -101.311873 0.0 0.4
48.999479 -101.300217 0.0 0.4
48.999485 -101.278203 0.0 0.4
48.999488 -101.254969 0.0 0.4
48.999489999999994 -101.234005 0.0 0.4
48.999494999999996 -101.21621 0.0 0.4
48.999503 -101.194139 0.0 0.4
48.999508 -101.182086 0.0 0.4
48.999514999999995 -101.159997 0.0 0.4
48.999517999999995 -101.14666 0.0 0.4
48.999524 -101.127915 0.0 0.4
48.999528999999995 -101.11356 0.0 0.4
48.999531 -101.102863 0.0 0.4
48.999536 -101.092325 0.0 0.4
48.999539 -101.08075 0.0 0.4
48.999542 -101.069175 0.0 0.4
48.999548 -101.049348 0.0 0.4
48.99955 -101.037786 0.0 0.4
48.999558 -101.017416 0.0 0.4
48.999569 -100.987786 0.0 0.4
48.999573 -100.972148 0.0 0.4
48.999573 -100.95837 0.0 0.4
48.99957 -100.9281 0.0 0.4
48.999569 -100.912194 0.0 0.4
48.999559999999995 -100.892993 0.0 0.4
48.999548 -100.873656 0.0 0.4
48.999534 -100.854182 0.0 0.4
48.99953 -100.841895 0.0 0.4
48.999525 -100.829609 0.0 0.4
48.999519 -100.817322 0.0 0.4
48.999514999999995 -100.804947 0.0 0.4
48.99951 -100.792572 0.0 0.4
48.999503 -100.780197 0.0 0.4
48.999497999999996 -100.766854 0.0 0.4
48.999492 -100.75351 0.0 0.4
48.999486999999995 -100.740143 0.0 0.4
48.99948 -100.726775 0.0 0.4
48.999472999999995 -100.708693 0.0 0.4
48.999466 -100.696992 0.0 0.4
48.999458 -100.684756 0.0 0.4
48.999455 -100.674253 0.0 0.4
48.999449999999996 -100.663751 0.0 0.4
48.999444999999994 -100.653248 0.0 0.4
48.999438999999995 -100.642745 0.0 0.4
48.999435 -100.62899 0.0 0.4
48.999421 -100.594384 0.0 0.4
48.999413999999994 -100.577198 0.0 0.4
48.999404999999996 -100.555643 0.0 0.4
48.999398 -100.536414 0.0 0.4
48.99939 -100.519833 0.0 0.4
48.999384 -100.502432 0.0 0.4
48.999379999999995 -100.49191 0.0 0.4
48.999376 -100.481388 0.0 0.4
48.99937 -100.470866 0.0 0.4
48.99937 -100.457242 0.0 0.4
48.999367 -100.445573 0.0 0.4
48.999364 -100.433875 0.0 0.4
48.999345999999996 -100.392873 0.0 0.4
48.999341 -100.379873 0.0 0.4
48.999334 -100.366873 0.0 0.4
48.999328 -100.352765 0.0 0.4
48.999328 -100.341098 0.0 0.4
48.999327 -100.330505 0.0 0.4
48.999327 -100.314581 0.0 0.4
48.999323999999994 -100.29463 0.0 0.4
48.999320999999995 -100.283711 0.0 0.4
48.999316 -100.272793 0.0 0.4
48.99931 -100.261874 0.0 0.4
48.999305 -100.251696 0.0 0.4
48.999303 -100.2193 0.0 0.4
48.999300999999996 -100.208648 0.0 0.4
48.999297999999996 -100.189787 0.0 0.4
48.999295 -100.166404 0.0 0.4
48.999292 -100.149973 0.0 0.4
48.999288 -100.137552 0.0 0.4
48.999278999999994 -100.088703 0.0 0.4
48.999275999999995 -100.078182 0.0 0.4
48.999269999999996 -100.060111 0.0 0.4
48.999268 -100.049763 0.0 0.4
48.99924 -99.964985 0.0 0.4
48.999233 -99.939893 0.0 0.4
48.999227 -99.92123699999999 0.0 0.4
48.999218 -99.893002 0.0 0.4
48.999213999999995 -99.88212999999999 0.0 0.4
48.999206 -99.861486 0.0 0.4
48.999196 -99.833118 0.0 0.4
48.999196999999995 -99.821461 0.0 0.4
48.999187 -99.805286 0.0 0.4
48.999181 -99.79217799999999 0.0 0.4
48.999174 -99.77906999999999 0.0 0.4
48.999185 -99.768008 0.0 0.4
48.999193999999996 -99.756946 0.0 0.4
48.999204 -99.74627199999999 0.0 0.4
48.999213 -99.735598 0.0 0.4
48.999227 -99.723272 0.0 0.4
48.999288 -99.658881 0.0 0.4
48.99935 -99.59047799999999 0.0 0.4
48.999389 -99.54777999999999 0.0 0.4
48.999404999999996 -99.531792 0.0 0.4
48.99946 -99.47318399999999 0.0 0.4
48.999534999999995 -99.394436 0.0 0.4
48.999558 -99.371297 0.0 0.4
48.999569 -99.358477 0.0 0.4
48.999581 -99.346938 0.0 0.4
48.999596 -99.328231 0.0 0.4
48.999631 -99.308933 0.0 0.4
48.999645 -99.296371 0.0 0.4
48.999659 -99.284092 0.0 0.4
48.999682 -99.262756 0.0 0.4
48.999748 -99.197651 0.0 0.4
48.999759999999995 -99.17833 0.0 0.4
48.999783 -99.163533 0.0 0.4
48.999814 -99.132972 0.0 0.4
48.999843999999996 -99.11003799999999 0.0 0.4
48.999938 -99.022154 0.0 0.4
48.999959 -98.999817 0.0 0.4
49.000035 -98.937691 0.0 0.4
49.000049999999995 -98.92185099999999 0.0 0.4
49.000077 -98.86903799999999 0.0 0.4
49.000122 -98.737129 0.0 0.4
49.000133999999996 -98.69429699999999 0.0 0.4
49.000141 -98.673851 0.0 0.4
49.00016 -98.626319 0.0 0.4
49.00017 -98.60597399999999 0.0 0.4
49.000172 -98.58994 0.0 0.4
49.000201 -98.48660199999999 0.0 0.4
49.000205 -98.474684 0.0 0.4
49.000212 -98.454172 0.0 0.4
49.000234999999996 -98.37833099999999 0.0 0.4
49.00024 -98.36523799999999 0.0 0.4
49.000246999999995 -98.34272999999999 0.0 0.4
49.000274 -98.290458 0.0 0.4
49.000271999999995 -98.274236 0.0 0.4
49.00027 -98.261772 0.0 0.4
49.000273 -98.235429 0.0 0.4
49.000267 -98.21153799999999 0.0 0.4
49.00026 -98.198709 0.0 0.4
49.000251999999996 -98.18678299999999 0.0 0.4
49.000273 -98.175782 0.0 0.4
49.000294 -98.16478 0.0 0.4
49.000304 -98.15377199999999 0.0 0.4
49.000313 -98.142765 0.0 0.4
49.00037 -98.079368 0.0 0.4
49.000411 -98.03339299999999 0.0 0.4
49.000451999999996 -97.95329199999999 0.0 0.4
49.000462999999996 -97.933251 0.0 0.4
49.000465999999996 -97.92251399999999 0.0 0.4
49.000473 -97.908605 0.0 0.4
49.000484 -97.884726 0.0 0.4
49.00049 -97.867391 0.0 0.4
49.00051 -97.818867 0.0 0.4
49.000518 -97.797805 0.0 0.4
49.000526 -97.779156 0.0 0.4
49.000561 -97.699624 0.0 0.4
49.000561 -97.687828 0.0 0.4
49.000553 -97.63890599999999 0.0 0.4
49.000527999999996 -97.556945 0.0 0.4
49.000502999999995 -97.462796 0.0 0.4
49.000496999999996 -97.450363 0.0 0.4
49.000496999999996 -97.43777999999999 0.0 0.4
49.000496 -97.426761 0.0 0.4
49.000493 -97.415742 0.0 0.4
49.000485999999995 -97.390006 0.0 0.4
49.00047 -97.371659 0.0 0.4
49.000474999999994 -97.36064499999999 0.0 0.4
49.000474999999994 -97.293133 0.0 0.4
49.000462 -97.24834399999999 0.0 0.4
49.000460999999994 -97.23802099999999 0.0 0.4
48.994918 -97.229462 0.0 0.4
48.986917 -97.23624699999999 0.0 0.4
48.977000999999994 -97.237985 0.0 0.4
48.967034999999996 -97.23888099999999 0.0 0.4
48.964061 -97.22929599999999 0.0 0.4
48.954409999999996 -97.232182 0.0 0.4
48.945826 -97.226624 0.0 0.4
48.935781999999996 -97.225977 0.0 0.4
48.932683 -97.21642399999999 0.0 0.4
48.922909 -97.219765 0.0 0.4
48.917052999999996 -97.211461 0.0 0.4
48.906946999999995 -97.212201 0.0 0.4
48.901435 -97.203706 0.0 0.4
48.898627999999995 -97.19402099999999 0.0 0.4
48.891932 -97.201627 0.0 0.4
48.881903 -97.19978499999999 0.0 0.4
48.876926999999995 -97.19095 0.0 0.4
48.877226 -97.180855 0.0 0.4
48.868559999999995 -97.186296 0.0 0.4
48.861900000000006 -97.17877899999999 0.0 0.4
48.853083 -97.17390999999999 0.0 0.4
48.847746 -97.182397 0.0 0.4
48.841969 -97.174202 0.0 0.4
48.834961 -97.181433 0.0 0.4
48.825458999999995 -97.178139 0.0 0.4
48.81767 -97.185047 0.0 0.4
48.813233 -97.176064 0.0 0.4
48.811873 -97.16596899999999 0.0 0.4
48.803321999999994 -97.17148 0.0 0.4
48.800067999999996 -97.180971 0.0 0.4
48.800948999999996 -97.170681 0.0 0.4
48.791312 -97.167772 0.0 0.4
48.790842 -97.157642 0.0 0.4
48.782469 -97.152058 0.0 0.4
48.774985 -97.159042 0.0 0.4
48.769842999999995 -97.150438 0.0 0.4
48.759957 -97.151994 0.0 0.4
48.750355 -97.14914999999999 0.0 0.4
48.750617999999996 -97.13909699999999 0.0 0.4
48.740634 -97.13790499999999 0.0 0.4
48.7342 -97.130175 0.0 0.4
48.727315999999995 -97.137619 0.0 0.4
48.722243999999996 -97.128782 0.0 0.4
48.714755 -97.122102 0.0 0.4
48.709630999999995 -97.113463 0.0 0.4
48.702586 -97.120701 0.0 0.4
48.695704 -97.113271 0.0 0.4
48.689492 -97.104841 0.0 0.4
48.687075 -97.095036 0.0 0.4
48.679355 -97.10164499999999 0.0 0.4
48.669351 -97.100178 0.0 0.4
48.664583 -97.109022 0.0 0.4
48.662061 -97.09928599999999 0.0 0.4
48.654004 -97.10553 0.0 0.4
48.645944 -97.11161899999999 0.0 0.4
48.63605 -97.10921599999999 0.0 0.4
48.631488 -97.118389 0.0 0.4
48.633666999999996 -97.128395 0.0 0.4
48.623998 -97.123412 0.0 0.4
48.622834999999995 -97.133494 0.0 0.4
48.613399 -97.130183 0.0 0.4
48.614852 -97.140264 0.0 0.4
48.612449999999995 -97.150061 0.0 0.4
48.608647999999995 -97.140141 0.0 0.4
48.598831 -97.143155 0.0 0.4
48.596263 -97.15287599999999 0.0 0.4
48.593367 -97.14318999999999 0.0 0.4
48.583324999999995 -97.143059 0.0 0.4
48.582426 -97.15309099999999 0.0 0.4
48.573698 -97.147852 0.0 0.4
48.566596999999994 -97.15498799999999 0.0 0.4
48.565802999999995 -97.16504599999999 0.0 0.4
48.563334999999995 -97.174815 0.0 0.4
48.557308 -97.16645 0.0 0.4
48.557342 -97.156342 0.0 0.4
48.557324 -97.146058 0.0 0.4
48.551137999999995 -97.15395799999999 0.0 0.4
48.554054 -97.16357699999999 0.0 0.4
48.543966999999995 -97.163355 0.0 0.4
48.539885999999996 -97.15330399999999 0.0 0.4
48.536583 -97.142533 0.0 0.4
48.530867 -97.15133 0.0 0.4
48.520364 -97.152423 0.0 0.4
48.520164 -97.141167 0.0 0.4
48.522667999999996 -97.130777 0.0 0.4
48.512240999999996 -97.136518 0.0 0.4
48.512198999999995 -97.146969 0.0 0.4
48.502486 -97.149823 0.0 0.4
48.496663 -97.140872 0.0 0.4
48.491552 -97.13161099999999 0.0 0.4
48.492540999999996 -97.14232 0.0 0.4
48.482963 -97.14559299999999 0.0 0.4
48.481784 -97.15623099999999 0.0 0.4
48.475781999999995 -97.147742 0.0 0.4
48.477626 -97.136499 0.0 0.4
48.474052 -97.14613299999999 0.0 0.4
48.463823 -97.143017 0.0 0.4
48.463701 -97.13190399999999 0.0 0.4
48.452207 -97.130692 0.0 0.4
48.446676 -97.14018399999999 0.0 0.4
48.442173 -97.150159 0.0 0.4
48.439166 -97.13986399999999 0.0 0.4
48.444010999999996 -97.130685 0.0 0.4
48.437017999999995 -97.123448 0.0 0.4
48.431146 -97.131546 0.0 0.4
48.433771 -97.14124199999999 0.0 0.4
48.426108 -97.13465699999999 0.0 0.4
48.422399 -97.124991 0.0 0.4
48.421278 -97.135042 0.0 0.4
48.420576999999994 -97.146614 0.0 0.4
48.415915 -97.155478 0.0 0.4
48.415901999999996 -97.145324 0.0 0.4
48.411922 -97.134844 0.0 0.4
48.402809 -97.139274 0.0 0.4
48.396758999999996 -97.148155 0.0 0.4
48.396344 -97.158648 0.0 0.4
48.385732 -97.15720999999999 0.0 0.4
48.38163 -97.147971 0.0 0.4
48.383880999999995 -97.137418 0.0 0.4
48.373565 -97.137647 0.0 0.4
48.370912999999994 -97.14766399999999 0.0 0.4
48.365601 -97.156261 0.0 0.4
48.360234999999996 -97.14771999999999 0.0 0.4
48.353424999999994 -97.139851 0.0 0.4
48.343835999999996 -97.135425 0.0 0.4
48.340579 -97.12592 0.0 0.4
48.33192 -97.131123 0.0 0.4
48.329361999999996 -97.140872 0.0 0.4
48.328193 -97.13033999999999 0.0 0.4
48.327098 -97.120301 0.0 0.4
48.319472 -97.12678799999999 0.0 0.4
48.314774 -97.135622 0.0 0.4
48.311834 -97.125875 0.0 0.4
48.301745 -97.122867 0.0 0.4
48.297757 -97.113086 0.0 0.4
48.297428 -97.123404 0.0 0.4
48.29456 -97.13301799999999 0.0 0.4
48.290808999999996 -97.123143 0.0 0.4
48.282571999999995 -97.117235 0.0 0.4
48.276303 -97.12536999999999 0.0 0.4
48.270593 -97.13444199999999 0.0 0.4
48.268766 -97.145032 0.0 0.4
48.265825 -97.135059 0.0 0.4
48.263881 -97.124697 0.0 0.4
48.253695 -97.125348 0.0 0.4
48.249736999999996 -97.134534 0.0 0.4
48.246131 -97.14449599999999 0.0 0.4
48.240893 -97.13573699999999 0.0 0.4
48.235049 -97.14434 0.0 0.4
48.229743 -97.135127 0.0 0.4
48.228387 -97.12444699999999 0.0 0.4
48.227084 -97.135791 0.0 0.4
48.224258 -97.14652799999999 0.0 0.4
48.220943999999996 -97.135967 0.0 0.4
48.217752999999995 -97.125349 0.0 0.4
48.210603 -97.117905 0.0 0.4
48.214417 -97.127862 0.0 0.4
48.217681 -97.13737599999999 0.0 0.4
48.210448 -97.129691 0.0 0.4
48.205841 -97.139091 0.0 0.4
48.195471 -97.138359 0.0 0.4
48.188734 -97.14610499999999 0.0 0.4
48.182303999999995 -97.138386 0.0 0.4
48.174105999999995 -97.144871 0.0 0.4
48.164092 -97.14457499999999 0.0 0.4
48.160295 -97.134502 0.0 0.4
48.162774999999996 -97.124759 0.0 0.4
48.154250999999995 -97.13052499999999 0.0 0.4
48.150894 -97.140295 0.0 0.4
48.142219999999995 -97.14650499999999 0.0 0.4
48.143079 -97.135403 0.0 0.4
48.141090999999996 -97.125351 0.0 0.4
48.130804 -97.12902799999999 0.0 0.4
48.119461 -97.123384 0.0 0.4
48.108004 -97.123666 0.0 0.4
48.106187999999996 -97.113194 0.0 0.4
48.098622999999996 -97.10612599999999 0.0 0.4
48.089121999999996 -97.102165 0.0 0.4
48.078756999999996 -97.100155 0.0 0.4
48.068701999999995 -97.09634 0.0 0.4
48.061 -97.089282 0.0 0.4
48.054809 -97.080468 0.0 0.4
48.048068 -97.072257 0.0 0.4
48.037366 -97.069987 0.0 0.4
48.026267 -97.06898799999999 0.0 0.4
48.016200000000005 -97.069329 0.0 0.4
48.006159 -97.065596 0.0 0.4
47.996412 -97.06288099999999 0.0 0.4
47.9919 -97.053809 0.0 0.4
47.982076 -97.055905 0.0 0.4
47.972355 -97.05851899999999 0.0 0.4
47.962418 -97.059908 0.0 0.4
47.955873999999994 -97.052253 0.0 0.4
47.946044 -97.054345 0.0 0.4
47.941241 -97.045566 0.0 0.4
47.93882 -97.03575699999999 0.0 0.4
47.929026 -97.033709 0.0 0.4
47.924257999999995 -97.02476899999999 0.0 0.4
47.914756 -97.021592 0.0 0.4
47.90708 -97.01512 0.0 0.4
47.908004 -97.025111 0.0 0.4
47.898056999999994 -97.02395899999999 0.0 0.4
47.888042 -97.023234 0.0 0.4
47.879259 -97.01834199999999 0.0 0.4
47.871226 -97.01158199999999 0.0 0.4
47.868218 -97.00192799999999 0.0 0.4
47.858857 -96.998125 0.0 0.4
47.848853 -96.997439 0.0 0.4
47.839312 -96.994187 0.0 0.4
47.834143999999995 -96.985418 0.0 0.4
47.825675 -96.97961 0.0 0.4
47.815323 -96.980125 0.0 0.4
47.809939 -96.988945 0.0 0.4
47.804266 -96.980448 0.0 0.4
47.797922 -96.972625 0.0 0.4
47.79443 -96.963111 0.0 0.4
47.784524 -96.96539399999999 0.0 0.4
47.779773999999996 -96.956063 0.0 0.4
47.775090999999996 -96.946773 0.0 0.4
47.768462 -96.939229 0.0 0.4
47.758721 -96.936325 0.0 0.4
47.751005 -96.929853 0.0 0.4
47.740829999999995 -96.932085 0.0 0.4
47.731849 -96.92762499999999 0.0 0.4
47.725229 -96.919975 0.0 0.4
47.718885 -96.927723 0.0 0.4
47.711987 -96.920306 0.0 0.4
47.70623 -96.912123 0.0 0.4
47.701305 -96.920873 0.0 0.4
47.699619 -96.910742 0.0 0.4
47.689600999999996 -96.909812 0.0 0.4
47.690442999999995 -96.899777 0.0 0.4
47.680743 -96.897247 0.0 0.4
47.673303999999995 -96.890397 0.0 0.4
47.664268 -96.885571 0.0 0.4
47.65414 -96.88678999999999 0.0 0.4
47.644265999999995 -96.882859 0.0 0.4
47.634018 -96.88279399999999 0.0 0.4
47.628170999999995 -96.874529 0.0 0.4
47.619336 -96.87972599999999 0.0 0.4
47.614343 -96.870969 0.0 0.4
47.61228 -96.860811 0.0 0.4
47.602941 -96.856949 0.0 0.4
47.593122 -96.854417 0.0 0.4
47.582924 -96.853285 0.0 0.4
47.575382 -96.86005399999999 0.0 0.4
47.569786 -96.851598 0.0 0.4
47.568391 -96.86156299999999 0.0 0.4
47.565712 -96.851855 0.0 0.4
47.560538 -96.86053899999999 0.0 0.4
47.554778999999996 -96.852347 0.0 0.4
47.547039999999996 -96.858874 0.0 0.4
47.542961999999996 -96.849604 0.0 0.4
47.541849 -96.859753 0.0 0.4
47.531934 -96.858221 0.0 0.4
47.528957999999996 -96.868421 0.0 0.4
47.520129999999995 -96.863666 0.0 0.4
47.514402999999994 -96.855082 0.0 0.4
47.517001 -96.84517699999999 0.0 0.4
47.511506 -96.853625 0.0 0.4
47.510121 -96.843677 0.0 0.4
47.506571 -96.853031 0.0 0.4
47.496584999999996 -96.851978 0.0 0.4
47.492087 -96.861063 0.0 0.4
47.486964 -96.85246099999999 0.0 0.4
47.484209 -96.862089 0.0 0.4
47.47999 -96.85265199999999 0.0 0.4
47.473475 -96.860475 0.0 0.4
47.463708999999994 -96.856748 0.0 0.4
47.453972 -96.85423 0.0 0.4
47.445268 -96.859222 0.0 0.4
47.435905 -96.862738 0.0 0.4
47.432781999999996 -96.853205 0.0 0.4
47.429409 -96.862726 0.0 0.4
47.420397 -96.867578 0.0 0.4
47.413104 -96.860314 0.0 0.4
47.410202999999996 -96.85066499999999 0.0 0.4
47.402404999999995 -96.844335 0.0 0.4
47.393425 -96.848755 0.0 0.4
47.391493 -96.838876 0.0 0.4
47.381395999999995 -96.838911 0.0 0.4
47.382521 -96.84898299999999 0.0 0.4
47.374173 -96.85457199999999 0.0 0.4
47.370601 -96.84504899999999 0.0 0.4
47.369475 -96.85532099999999 0.0 0.4
47.359902999999996 -96.852136 0.0 0.4
47.356376999999995 -96.84245 0.0 0.4
47.347322 -96.84684 0.0 0.4
47.340582999999995 -96.83935 0.0 0.4
47.331693 -96.84397799999999 0.0 0.4
47.330909 -96.83380000000001 0.0 0.4
47.320814 -96.834707 0.0 0.4
47.317704 -96.844304 0.0 0.4
47.311406999999996 -96.836332 0.0 0.4
47.301362 -96.835573 0.0 0.4
47.294371 -96.84287499999999 0.0 0.4
47.284366999999996 -96.84151899999999 0.0 0.4
47.274333 -96.840757 0.0 0.4
47.266329999999996 -96.834645 0.0 0.4
47.265361999999996 -96.844771 0.0 0.4
47.261573 -96.835488 0.0 0.4
47.258621 -96.84510999999999 0.0 0.4
47.252699 -96.836899 0.0 0.4
47.243496 -96.840869 0.0 0.4
47.237612 -96.832606 0.0 0.4
47.233031 -96.84165 0.0 0.4
47.228497 -96.832623 0.0 0.4
47.223537 -96.84149099999999 0.0 0.4
47.214786 -96.836187 0.0 0.4
47.205383999999995 -96.832503 0.0 0.4
47.198218999999995 -96.83958799999999 0.0 0.4
47.193504999999995 -96.830632 0.0 0.4
47.18488 -96.835956 0.0 0.4
47.185486 -96.82588299999999 0.0 0.4
47.177696999999995 -96.83219899999999 0.0 0.4
47.173652 -96.82291599999999 0.0 0.4
47.164434 -96.81895899999999 0.0 0.4
47.16097 -96.828678 0.0 0.4
47.154337 -96.83625699999999 0.0 0.4
47.147056 -96.829228 0.0 0.4
47.137156999999995 -96.827798 0.0 0.4
47.130049 -96.820689 0.0 0.4
47.122735999999996 -96.828924 0.0 0.4
47.115753999999995 -96.821192 0.0 0.4
47.10615 -96.816041 0.0 0.4
47.096129 -96.81756 0.0 0.4
47.08985 -96.82612999999999 0.0 0.4
47.088466 -96.815973 0.0 0.4
47.078455 -96.816713 0.0 0.4
47.075502 -96.828003 0.0 0.4
47.065967 -96.82350000000001 0.0 0.4
47.055724 -96.825098 0.0 0.4
47.045674999999996 -96.827559 0.0 0.4
47.036255999999995 -96.822053 0.0 0.4
47.027169 -96.817425 0.0 0.4
47.022901 -96.82738599999999 0.0 0.4
47.012761999999995 -96.833939 0.0 0.4
47.004284999999996 -96.828124 0.0 0.4
46.998413 -96.81947799999999 0.0 0.4
46.989214999999994 -96.823882 0.0 0.4
46.979378 -96.82011299999999 0.0 0.4
46.969184 -96.82159 0.0 0.4
46.964867 -96.81240000000001 0.0 0.4
46.964127999999995 -96.801981 0.0 0.4
46.954316 -96.799606 0.0 0.4
46.944269 -96.799449 0.0 0.4
46.938404 -96.790447 0.0 0.4
46.928264999999996 -96.791799 0.0 0.4
46.927051 -96.781341 0.0 0.4
46.931411 -96.77134 0.0 0.4
46.934557999999996 -96.761693 0.0 0.4
46.925498999999995 -96.75666199999999 0.0 0.4
46.91504 -96.754494 0.0 0.4
46.912138 -96.764082 0.0 0.4
46.905215 -96.772323 0.0 0.4
46.895872 -96.77663299999999 0.0 0.4
46.885743999999995 -96.774114 0.0 0.4
46.877038999999996 -96.78018999999999 0.0 0.4
46.866527999999995 -96.781194 0.0 0.4
46.856761999999996 -96.77691899999999 0.0 0.4
46.846993999999995 -96.78151 0.0 0.4
46.839647 -96.774648 0.0 0.4
46.841341 -96.78578499999999 0.0 0.4
46.834294 -96.792918 0.0 0.4
46.82806 -96.78307699999999 0.0 0.4
46.826014 -96.79309599999999 0.0 0.4
46.81881 -96.80017 0.0 0.4
46.808704999999996 -96.79658099999999 0.0 0.4
46.798725 -96.79822899999999 0.0 0.4
46.788826 -96.795119 0.0 0.4
46.778386999999995 -96.795684 0.0 0.4
46.778458 -96.784831 0.0 0.4
46.768535 -96.780639 0.0 0.4
46.761041999999996 -96.78729299999999 0.0 0.4
46.751179 -96.78379199999999 0.0 0.4
46.741423 -96.780352 0.0 0.4
46.731877999999995 -96.784551 0.0 0.4
46.722966 -96.779888 0.0 0.4
46.719742 -96.789469 0.0 0.4
46.711422999999996 -96.783574 0.0 0.4
46.704043999999996 -96.790739 0.0 0.4
46.695035999999995 -96.78495799999999 0.0 0.4
46.684996 -96.784269 0.0 0.4
46.683502 -96.794401 0.0 0.4
46.674347 -96.79908999999999 0.0 0.4
46.664234 -96.79847699999999 0.0 0.4
46.654112 -96.79894999999999 0.0 0.4
46.648312999999995 -96.790531 0.0 0.4
46.637502999999995 -96.791298 0.0 0.4
46.63022 -96.798178 0.0 0.4
46.629321999999995 -96.788204 0.0 0.4
46.625582 -96.778683 0.0 0.4
46.620627 -96.787494 0.0 0.4
46.620430999999996 -96.77748299999999 0.0 0.4
46.610862 -96.77434099999999 0.0 0.4
46.601040999999995 -96.772317 0.0 0.4
46.595064 -96.764242 0.0 0.4
46.586993 -96.758094 0.0 0.4
46.583394 -96.748531 0.0 0.4
46.578157999999995 -96.757179 0.0 0.4
46.575874999999996 -96.747096 0.0 0.4
46.566562 -96.743246 0.0 0.4
46.562297 -96.752386 0.0 0.4
46.554027 -96.74668799999999 0.0 0.4
46.546051999999996 -96.740518 0.0 0.4
46.544784 -96.750441 0.0 0.4
46.543906 -96.74013599999999 0.0 0.4
46.541045 -96.749933 0.0 0.4
46.539775999999996 -96.739622 0.0 0.4
46.530006 -96.742156 0.0 0.4
46.520452999999996 -96.74517 0.0 0.4
46.514086999999996 -96.737314 0.0 0.4
46.504771999999996 -96.733351 0.0 0.4
46.500186 -96.74234299999999 0.0 0.4
46.494139 -96.734282 0.0 0.4
46.484154 -96.73363599999999 0.0 0.4
46.476482 -96.727149 0.0 0.4
46.472882999999996 -96.717776 0.0 0.4
46.462877999999996 -96.71779599999999 0.0 0.4
46.452974 -96.71623 0.0 0.4
46.443034 -96.71425099999999 0.0 0.4
46.436479999999996 -96.70669799999999 0.0 0.4
46.426615 -96.70475499999999 0.0 0.4
46.420263999999996 -96.696984 0.0 0.4
46.414356999999995 -96.68865199999999 0.0 0.4
46.407537999999995 -96.681322 0.0 0.4
46.399142999999995 -96.67564 0.0 0.4
46.391653 -96.668949 0.0 0.4
46.381588 -96.667677 0.0 0.4
46.374345999999996 -96.660664 0.0 0.4
46.366023 -96.655056 0.0 0.4
46.362685 -96.645479 0.0 0.4
46.352705 -96.64646599999999 0.0 0.4
46.352609 -96.63571499999999 0.0 0.4
46.348670999999996 -96.62528999999999 0.0 0.4
46.34009 -96.620025 0.0 0.4
46.336593 -96.610469 0.0 0.4
46.331182999999996 -96.60200999999999 0.0 0.4
46.321155999999995 -96.600878 0.0 0.4
46.311461 -96.59835 0.0 0.4
46.302775999999994 -96.60351999999999 0.0 0.4
46.292696 -96.6029 0.0 0.4
46.286395999999996 -96.59492 0.0 0.4
46.276050999999995 -96.59559399999999 0.0 0.4
46.266006999999995 -96.598219 0.0 0.4
46.257342 -96.592958 0.0 0.4
46.250440999999995 -96.585655 0.0 0.4
46.245224 -96.594346 0.0 0.4
46.236149 -96.59896099999999 0.0 0.4
46.226245 -96.59698999999999 0.0 0.4
46.217805 -96.59160899999999 0.0 0.4
46.209505 -96.585957 0.0 0.4
46.199602999999996 -96.584305 0.0 0.4
46.191002 -96.58968899999999 0.0 0.4
46.181478999999996 -96.586551 0.0 0.4
46.173365999999994 -96.580693 0.0 0.4
46.163838 -96.57732 0.0 0.4
46.153576 -96.57825299999999 0.0 0.4
46.144044 -96.57509499999999 0.0 0.4
46.134623 -96.571412 0.0 0.4
46.124567 -96.57199899999999 0.0 0.4
46.119633 -96.56307299999999 0.0 0.4
46.109321 -96.56322 0.0 0.4
46.100359999999995 -96.558652 0.0 0.4
46.090305 -96.55740399999999 0.0 0.4
46.08029 -96.555683 0.0 0.4
46.070367999999995 -96.557152 0.0 0.4
46.060489 -96.559062 0.0 0.4
46.052388 -96.565119 0.0 0.4
46.043651999999994 -96.570269 0.0 0.4
46.034802 -96.575139 0.0 0.4
46.024851 -96.577536 0.0 0.4
46.015214 -96.574416 0.0 0.4
46.005097 -96.57436 0.0 0.4
45.993379 -96.57298999999999 0.0 0.4
45.981944999999996 -96.572319 0.0 0.4
45.9705 -96.57122 0.0 0.4
45.960646999999994 -96.569137 0.0 0.4
45.951215 -96.565023 0.0 0.4
45.941649 -96.56189099999999 0.0 0.4
45.93524 -96.570573 0.0 0.4
45.935286999999995 -96.581963 0.0 0.4
45.935297999999996 -96.59767599999999 0.0 0.4
45.935401999999996 -96.617807 0.0 0.4
45.935317 -96.628542 0.0 0.4
45.935378 -96.639135 0.0 0.4
45.93544 -96.649678 0.0 0.4
45.935538 -96.659925 0.0 0.4
45.935643999999996 -96.673733 0.0 0.4
45.935741 -96.685598 0.0 0.4
45.935849 -96.696157 0.0 0.4
45.935862 -96.70756 0.0 0.4
45.935942 -96.717641 0.0 0.4
45.935902999999996 -96.73056799999999 0.0 0.4
45.935897 -96.741618 0.0 0.4
45.935829 -96.752495 0.0 0.4
45.93578 -96.76312899999999 0.0 0.4
45.935756999999995 -96.77738 0.0 0.4
45.935739 -96.789951 0.0 0.4
45.935798999999996 -96.802121 0.0 0.4
45.935811 -96.814928 0.0 0.4
45.935846 -96.827344 0.0 0.4
45.935837 -96.83918 0.0 0.4
45.935863 -96.852274 0.0 0.4
45.935863 -96.864696 0.0 0.4
45.935859 -96.87546999999999 0.0 0.4
45.935837 -96.886714 0.0 0.4
45.935505 -96.906841 0.0 0.4
45.935452 -96.93288299999999 0.0 0.4
45.935466999999996 -96.946066 0.0 0.4
45.935597 -96.956676 0.0 0.4
45.935862 -96.969866 0.0 0.4
45.935503999999995 -96.98653999999999 0.0 0.4
45.935756999999995 -96.998477 0.0 0.4
45.935776 -97.019421 0.0 0.4
45.935792 -97.03029 0.0 0.4
45.935781999999996 -97.040319 0.0 0.4
45.935749 -97.061247 0.0 0.4
45.935784999999996 -97.074103 0.0 0.4
45.935758 -97.084111 0.0 0.4
45.935724 -97.096503 0.0 0.4
45.935645 -97.113371 0.0 0.4
45.935642 -97.123378 0.0 0.4
45.935628 -97.134497 0.0 0.4
45.935607 -97.144965 0.0 0.4
45.935624999999995 -97.156266 0.0 0.4
45.935646 -97.167147 0.0 0.4
45.935623 -97.177651 0.0 0.4
45.935539999999996 -97.188384 0.0 0.4
45.935494 -97.198391 0.0 0.4
45.93542 -97.20943 0.0 0.4
45.935381 -97.221476 0.0 0.4
45.935406 -97.232277 0.0 0.4
45.935502 -97.242576 0.0 0.4
45.935612 -97.25369099999999 0.0 0.4
45.93569 -97.26515599999999 0.0 0.4
45.935741 -97.28206899999999 0.0 0.4
45.935700000000004 -97.295254 0.0 0.4
45.935646 -97.30583899999999 0.0 0.4
45.935722999999996 -97.318654 0.0 0.4
45.93582 -97.332898 0.0 0.4
45.93588 -97.342946 0.0 0.4
45.935856 -97.35296699999999 0.0 0.4
45.935925999999995 -97.365269 0.0 0.4
45.935945 -97.384506 0.0 0.4
45.935966 -97.39518699999999 0.0 0.4
45.936059 -97.407012 0.0 0.4
45.936125 -97.418275 0.0 0.4
45.936018999999995 -97.428558 0.0 0.4
45.935176 -97.449677 0.0 0.4
45.935153 -97.464356 0.0 0.4
45.935134 -97.479535 0.0 0.4
45.935108 -97.491384 0.0 0.4
45.935125 -97.509289 0.0 0.4
45.935193 -97.520477 0.0 0.4
45.935213 -97.53075899999999 0.0 0.4
45.935210999999995 -97.540882 0.0 0.4
45.935223 -97.550969 0.0 0.4
45.935241999999995 -97.563265 0.0 0.4
45.935272999999995 -97.577483 0.0 0.4
45.935286 -97.588208 0.0 0.4
45.935305 -97.59988 0.0 0.4
45.935317 -97.61164699999999 0.0 0.4
45.935356 -97.62309599999999 0.0 0.4
45.935342 -97.633235 0.0 0.4
45.935362999999995 -97.64398399999999 0.0 0.4
45.935386 -97.654642 0.0 0.4
45.935418 -97.66515899999999 0.0 0.4
45.935444 -97.675692 0.0 0.4
45.935469 -97.687514 0.0 0.4
45.935466999999996 -97.699693 0.0 0.4
45.935488 -97.710224 0.0 0.4
45.935521 -97.723241 0.0 0.4
45.935533 -97.734787 0.0 0.4
45.935531999999995 -97.748228 0.0 0.4
45.935528999999995 -97.758746 0.0 0.4
45.935519 -97.768987 0.0 0.4
45.935551 -97.783675 0.0 0.4
45.935579 -97.800299 0.0 0.4
45.93551 -97.812243 0.0 0.4
45.935556999999996 -97.835027 0.0 0.4
45.935669999999995 -97.849351 0.0 0.4
45.935659 -97.862696 0.0 0.4
45.935666 -97.873071 0.0 0.4
45.93568 -97.884631 0.0 0.4
45.935717 -97.894796 0.0 0.4
45.935806 -97.90482399999999 0.0 0.4
45.935877 -97.957791 0.0 0.4
45.935863 -97.97877799999999 0.0 0.4
45.935938 -97.996016 0.0 0.4
45.935897 -98.006986 0.0 0.4
45.935916 -98.018571 0.0 0.4
45.935787 -98.034538 0.0 0.4
45.935823 -98.052655 0.0 0.4
45.935877 -98.064816 0.0 0.4
45.935908 -98.080154 0.0 0.4
45.935925 -98.091273 0.0 0.4
45.935956 -98.10269199999999 0.0 0.4
45.935970999999995 -98.123747 0.0 0.4
45.936025 -98.14137699999999 0.0 0.4
45.936096 -98.152563 0.0 0.4
45.936115 -98.162905 0.0 0.4
45.936177 -98.173446 0.0 0.4
45.936181 -98.184873 0.0 0.4
45.936186 -98.195137 0.0 0.4
45.936206 -98.206801 0.0 0.4
45.936232 -98.216809 0.0 0.4
45.936128 -98.22788299999999 0.0 0.4
45.936144 -98.239164 0.0 0.4
45.936152 -98.257487 0.0 0.4
45.936143 -98.269559 0.0 0.4
45.936138 -98.280718 0.0 0.4
45.936144 -98.292132 0.0 0.4
45.936122 -98.308865 0.0 0.4
45.936175 -98.319948 0.0 0.4
45.936208 -98.332036 0.0 0.4
45.936274 -98.348145 0.0 0.4
45.936335 -98.368777 0.0 0.4
45.936371 -98.382318 0.0 0.4
45.936419 -98.393402 0.0 0.4
45.93646 -98.405176 0.0 0.4
45.936505 -98.416562 0.0 0.4
45.936591 -98.431713 0.0 0.4
45.936653 -98.44282 0.0 0.4
45.936704 -98.45314599999999 0.0 0.4
45.936783 -98.465499 0.0 0.4
45.936851 -98.476304 0.0 0.4
45.936927 -98.487945 0.0 0.4
45.93701 -98.499076 0.0 0.4
45.937121 -98.512942 0.0 0.4
45.937218 -98.524034 0.0 0.4
45.937357 -98.538889 0.0 0.4
45.937467 -98.54961 0.0 0.4
45.937571 -98.559623 0.0 0.4
45.937805999999995 -98.580219 0.0 0.4
45.937909 -98.591021 0.0 0.4
45.938002 -98.601292 0.0 0.4
45.938064 -98.613011 0.0 0.4
45.938147 -98.63185 0.0 0.4
45.938195 -98.641988 0.0 0.4
45.938251 -98.652596 0.0 0.4
45.938314 -98.662803 0.0 0.4
45.938395 -98.673009 0.0 0.4
45.938491 -98.685017 0.0 0.4
45.938584999999996 -98.696709 0.0 0.4
45.938663 -98.708255 0.0 0.4
45.938719999999996 -98.721976 0.0 0.4
45.938786 -98.735911 0.0 0.4
45.93879 -98.755214 0.0 0.4
45.938825 -98.76603899999999 0.0 0.4
45.938857 -98.776636 0.0 0.4
45.938938 -98.786796 0.0 0.4
45.938970999999995 -98.797803 0.0 0.4
45.93904 -98.815692 0.0 0.4
45.939079 -98.82748099999999 0.0 0.4
45.939132 -98.839455 0.0 0.4
45.939163 -98.849785 0.0 0.4
45.939228 -98.865527 0.0 0.4
45.939304 -98.87566299999999 0.0 0.4
45.93927 -98.886118 0.0 0.4
45.939385 -98.89696699999999 0.0 0.4
45.939327999999996 -98.915936 0.0 0.4
45.939436 -98.94259699999999 0.0 0.4
45.939518 -98.964062 0.0 0.4
45.939662999999996 -98.98844299999999 0.0 0.4
45.939724999999996 -99.000163 0.0 0.4
45.939799 -99.015266 0.0 0.4
45.939873 -99.037703 0.0 0.4
45.939941999999995 -99.056849 0.0 0.4
45.940002 -99.088912 0.0 0.4
45.940003 -99.102963 0.0 0.4
45.94002 -99.116681 0.0 0.4
45.940034 -99.130522 0.0 0.4
45.940020999999994 -99.148033 0.0 0.4
45.94 -99.172197 0.0 0.4
45.939954 -99.19668899999999 0.0 0.4
45.939966999999996 -99.21172 0.0 0.4
45.939999 -99.22173099999999 0.0 0.4
45.940013 -99.23466499999999 0.0 0.4
45.940059 -99.24500599999999 0.0 0.4
45.940044 -99.257745 0.0 0.4
45.94012 -99.276005 0.0 0.4
45.940073999999996 -99.291697 0.0 0.4
45.940101999999996 -99.304814 0.0 0.4
45.940115999999996 -99.315173 0.0 0.4
45.940180999999995 -99.338304 0.0 0.4
45.940332 -99.36053 0.0 0.4
45.940267 -99.370629 0.0 0.4
45.940326999999996 -99.385359 0.0 0.4
45.940335 -99.40123899999999 0.0 0.4
45.940273 -99.42197399999999 0.0 0.4
45.940264 -99.43723299999999 0.0 0.4
45.940287 -99.44871599999999 0.0 0.4
45.940335 -99.462447 0.0 0.4
45.940397999999995 -99.477487 0.0 0.4
45.940397999999995 -99.48965799999999 0.0 0.4
45.940484 -99.500452 0.0 0.4
45.940512999999996 -99.51106899999999 0.0 0.4
45.940591999999995 -99.523513 0.0 0.4
45.940736 -99.54696399999999 0.0 0.4
45.940763999999994 -99.557356 0.0 0.4
45.940830999999996 -99.567852 0.0 0.4
45.940976 -99.58860999999999 0.0 0.4
45.941018 -99.604141 0.0 0.4
45.941061 -99.614539 0.0 0.4
45.941078 -99.630017 0.0 0.4
45.94106 -99.64238999999999 0.0 0.4
45.941019999999995 -99.65401899999999 0.0 0.4
45.94101 -99.671894 0.0 0.4
45.941043 -99.689745 0.0 0.4
45.940922 -99.711438 0.0 0.4
45.940856 -99.721667 0.0 0.4
45.940791999999995 -99.73816099999999 0.0 0.4
45.940788999999995 -99.748892 0.0 0.4
45.940811 -99.759712 0.0 0.4
45.940881999999995 -99.776082 0.0 0.4
45.940928 -99.78702799999999 0.0 0.4
45.940991 -99.80015999999999 0.0 0.4
45.941043 -99.812748 0.0 0.4
45.94108 -99.82507799999999 0.0 0.4
45.941129 -99.836469 0.0 0.4
45.941131 -99.84843699999999 0.0 0.4
45.941264 -99.858603 0.0 0.4
45.94128 -99.86929599999999 0.0 0.4
45.941423 -99.88006 0.0 0.4
45.941426 -99.890388 0.0 0.4
45.941449999999996 -99.900865 0.0 0.4
45.941565999999995 -99.91323799999999 0.0 0.4
45.941554 -99.92361799999999 0.0 0.4
45.941624 -99.936448 0.0 0.4
45.941703 -99.94855 0.0 0.4
45.941751 -99.960983 0.0 0.4
45.941860999999996 -99.98090499999999 0.0 0.4
45.941849 -100.00038 0.0 0.4
45.941947 -100.011317 0.0 0.4
45.941905 -100.021627 0.0 0.4
45.941990999999994 -100.033115 0.0 0.4
45.942022 -100.044058 0.0 0.4
45.94204 -100.054323 0.0 0.4
45.942091 -100.065214 0.0 0.4
45.942077999999995 -100.075914 0.0 0.4
45.942138 -100.08634 0.0 0.4
45.942201999999995 -100.098433 0.0 0.4
45.942287 -100.108869 0.0 0.4
45.942316 -100.121937 0.0 0.4
45.942477 -100.1401 0.0 0.4
45.94247 -100.150543 0.0 0.4
45.942479999999996 -100.170945 0.0 0.4
45.942623 -100.18815 0.0 0.4
45.942726 -100.200305 0.0 0.4
45.942792 -100.213009 0.0 0.4
45.942868 -100.228434 0.0 0.4
45.942962 -100.242348 0.0 0.4
45.943002 -100.257886 0.0 0.4
45.942944999999995 -100.274762 0.0 0.4
45.942938 -100.28559 0.0 0.4
45.943045 -100.295652 0.0 0.4
45.943252 -100.307786 0.0 0.4
45.943238 -100.330713 0.0 0.4
45.943217 -100.355069 0.0 0.4
45.943349999999995 -100.368076 0.0 0.4
45.943155999999995 -100.378754 0.0 0.4
45.943391999999996 -100.408027 0.0 0.4
45.943518 -100.418371 0.0 0.4
45.943534 -100.430319 0.0 0.4
45.943573 -100.440974 0.0 0.4
45.943591 -100.451149 0.0 0.4
45.94363 -100.462813 0.0 0.4
45.943615 -100.481922 0.0 0.4
45.943653 -100.499371 0.0 0.4
45.943712 -100.511949 0.0 0.4
45.943736 -100.527207 0.0 0.4
45.94367 -100.537437 0.0 0.4
45.943681 -100.54903 0.0 0.4
45.943754 -100.559556 0.0 0.4
45.943765 -100.574895 0.0 0.4
45.943754999999996 -100.585886 0.0 0.4
45.943601 -100.605394 0.0 0.4
45.943580999999995 -100.621349 0.0 0.4
45.943667999999995 -100.645091 0.0 0.4
45.943694 -100.656591 0.0 0.4
45.943782 -100.672228 0.0 0.4
45.94392 -100.696799 0.0 0.4
45.943984 -100.708148 0.0 0.4
45.94404 -100.72022 0.0 0.4
45.943686 -100.748669 0.0 0.4
45.943813 -100.76225 0.0 0.4
45.943846 -100.772951 0.0 0.4
45.943827999999996 -100.785847 0.0 0.4
45.943751 -100.800262 0.0 0.4
45.943692 -100.811085 0.0 0.4
45.943638 -100.825979 0.0 0.4
45.943622999999995 -100.837126 0.0 0.4
45.943622999999995 -100.848899 0.0 0.4
45.943692999999996 -100.859266 0.0 0.4
45.943689 -100.876719 0.0 0.4
45.943855 -100.889876 0.0 0.4
45.943832 -100.91439 0.0 0.4
45.943802999999996 -100.934978 0.0 0.4
45.943782 -100.959973 0.0 0.4
45.943802 -100.971295 0.0 0.4
45.943622 -101.000322 0.0 0.4
45.943560999999995 -101.018984 0.0 0.4
45.943455 -101.041137 0.0 0.4
45.943449 -101.05888 0.0 0.4
45.94348 -101.069362 0.0 0.4
45.943549 -101.079451 0.0 0.4
45.943827 -101.101038 0.0 0.4
45.944083 -101.113694 0.0 0.4
45.943889 -101.125656 0.0 0.4
45.943906999999996 -101.142314 0.0 0.4
45.943942 -101.156998 0.0 0.4
45.943995 -101.171253 0.0 0.4
45.943984 -101.186418 0.0 0.4
45.943943 -101.201018 0.0 0.4
45.944032 -101.211392 0.0 0.4
45.944044999999996 -101.221918 0.0 0.4
45.943987 -101.241726 0.0 0.4
45.944046 -101.263874 0.0 0.4
45.944106999999995 -101.27491 0.0 0.4
45.944009 -101.287152 0.0 0.4
45.944030999999995 -101.301631 0.0 0.4
45.944117999999996 -101.311995 0.0 0.4
45.944134999999996 -101.328571 0.0 0.4
45.944100999999996 -101.342993 0.0 0.4
45.944078 -101.354588 0.0 0.4
45.944157 -101.365013 0.0 0.4
45.943947 -101.401285 0.0 0.4
45.943872 -101.411469 0.0 0.4
45.943808 -101.421492 0.0 0.4
45.943819999999995 -101.432374 0.0 0.4
45.943869 -101.451839 0.0 0.4
45.943911 -101.462334 0.0 0.4
45.944005999999995 -101.476079 0.0 0.4
45.944302 -101.499808 0.0 0.4
45.944116 -101.510276 0.0 0.4
45.944043 -101.52153 0.0 0.4
45.944173 -101.53448 0.0 0.4
45.944162 -101.552025 0.0 0.4
45.94432 -101.575983 0.0 0.4
45.944347 -101.589393 0.0 0.4
45.944289 -101.61946 0.0 0.4
45.944306 -101.632412 0.0 0.4
45.944257 -101.6444 0.0 0.4
45.944261999999995 -101.657582 0.0 0.4
45.944165 -101.680179 0.0 0.4
45.944306999999995 -101.693818 0.0 0.4
45.944320999999995 -101.708349 0.0 0.4
45.944337 -101.720844 0.0 0.4
45.944317 -101.731054 0.0 0.4
45.944381 -101.743309 0.0 0.4
45.944398 -101.753715 0.0 0.4
45.944399 -101.763927 0.0 0.4
45.944415 -101.774237 0.0 0.4
45.94435 -101.785245 0.0 0.4
45.944424 -101.80736 0.0 0.4
45.944592 -101.824197 0.0 0.4
45.944649999999996 -101.835411 0.0 0.4
45.944693 -101.852023 0.0 0.4
45.94472 -101.874145 0.0 0.4
45.944845 -101.886874 0.0 0.4
45.944811 -101.897577 0.0 0.4
45.944680999999996 -101.91311 0.0 0.4
45.944576 -101.925598 0.0 0.4
45.944489999999995 -101.935824 0.0 0.4
45.944573999999996 -101.945899 0.0 0.4
45.944517999999995 -101.956699 0.0 0.4
45.94453 -101.97295 0.0 0.4
45.944567 -101.988476 0.0 0.4
45.944651 -101.998617 0.0 0.4
45.944520999999995 -102.010945 0.0 0.4
45.94462 -102.030268 0.0 0.4
45.944644 -102.040316 0.0 0.4
45.94462 -102.05238 0.0 0.4
45.944769 -102.067687 0.0 0.4
45.944807 -102.081246 0.0 0.4
45.944894 -102.093204 0.0 0.4
45.944683 -102.114557 0.0 0.4
45.944933 -102.124743 0.0 0.4
45.944703999999994 -102.135381 0.0 0.4
45.944688 -102.145391 0.0 0.4
45.944702 -102.156275 0.0 0.4
45.944736 -102.166511 0.0 0.4
45.94475 -102.176574 0.0 0.4
45.944736999999996 -102.187458 0.0 0.4
45.944765 -102.197945 0.0 0.4
45.944776 -102.213923 0.0 0.4
45.94481 -102.225025 0.0 0.4
45.944921 -102.24774 0.0 0.4
45.944907 -102.260836 0.0 0.4
45.944876 -102.270913 0.0 0.4
45.94482 -102.284982 0.0 0.4
45.944869999999995 -102.300316 0.0 0.4
45.944903 -102.310326 0.0 0.4
45.944933 -102.320699 0.0 0.4
45.945029 -102.331033 0.0 0.4
45.944908999999996 -102.348203 0.0 0.4
45.944925 -102.361133 0.0 0.4
45.944900999999994 -102.373094 0.0 0.4
45.944936 -102.390523 0.0 0.4
45.944945999999995 -102.404951 0.0 0.4
45.944990999999995 -102.420388 0.0 0.4
45.944918 -102.445046 0.0 0.4
45.945043 -102.45635300000001 0.0 0.4
45.945003 -102.467281 0.0 0.4
45.94499 -102.477423 0.0 0.4
45.945052 -102.497406 0.0 0.4
45.945001 -102.523469 0.0 0.4
45.94497 -102.535041 0.0 0.4
45.944835999999995 -102.549895 0.0 0.4
45.944987999999995 -102.568352 0.0 0.4
45.945026999999996 -102.580493 0.0 0.4
45.944976999999994 -102.599981 0.0 0.4
45.944919999999996 -102.62117 0.0 0.4
45.944904 -102.637962 0.0 0.4
45.945257999999995 -102.651369 0.0 0.4
45.945173 -102.666528 0.0 0.4
45.945142999999995 -102.677074 0.0 0.4
45.945175 -102.693705 0.0 0.4
45.945063999999995 -102.704012 0.0 0.4
45.945215999999995 -102.730784 0.0 0.4
45.945221 -102.746388 0.0 0.4
45.945073 -102.788552 0.0 0.4
45.945083 -102.801815 0.0 0.4
45.945130999999996 -102.817928 0.0 0.4
45.945178999999996 -102.828182 0.0 0.4
45.945144 -102.860282 0.0 0.4
45.945069 -102.870585 0.0 0.4
45.945115 -102.880695 0.0 0.4
45.945114 -102.891578 0.0 0.4
45.945116999999996 -102.902163 0.0 0.4
45.945113 -102.912686 0.0 0.4
45.945113 -102.922774 0.0 0.4
45.945074 -102.934905 0.0 0.4
45.945018999999995 -102.951255 0.0 0.4
45.945040999999996 -102.96287 0.0 0.4
45.945062 -102.97431399999999 0.0 0.4
45.945147999999996 -102.986524 0.0 0.4
45.945172 -103.00054 0.0 0.4
45.945211 -103.01398 0.0 0.4
45.94526 -103.024454 0.0 0.4
45.945318 -103.034544 0.0 0.4
45.945135 -103.045124 0.0 0.4
45.94513 -103.056332 0.0 0.4
45.945139 -103.066431 0.0 0.4
45.945136999999995 -103.077127 0.0 0.4
45.945156999999995 -103.089263 0.0 0.4
45.945105999999996 -103.099711 0.0 0.4
45.945116 -103.110705 0.0 0.4
45.945144 -103.120837 0.0 0.4
45.945116999999996 -103.130996 0.0 0.4
45.945125999999995 -103.142724 0.0 0.4
45.945066999999995 -103.152816 0.0 0.4
45.945118 -103.163077 0.0 0.4
45.945167 -103.17345 0.0 0.4
45.945257 -103.193419 0.0 0.4
45.945226999999996 -103.207298 0.0 0.4
45.945195999999996 -103.217611 0.0 0.4
45.945161 -103.244721 0.0 0.4
45.945159 -103.269472 0.0 0.4
45.945152 -103.284093 0.0 0.4
45.945153 -103.297114 0.0 0.4
45.945163 -103.30712199999999 0.0 0.4
45.945152 -103.320799 0.0 0.4
45.945153 -103.331303 0.0 0.4
45.945152 -103.351031 0.0 0.4
45.945152 -103.366713 0.0 0.4
45.944963 -103.388509 0.0 0.4
45.945245 -103.410047 0.0 0.4
45.945108 -103.420168 0.0 0.4
45.945115 -103.43132 0.0 0.4
45.945277 -103.444371 0.0 0.4
45.945226999999996 -103.46533 0.0 0.4
45.945088 -103.480235 0.0 0.4
45.944944 -103.493988 0.0 0.4
45.945251999999996 -103.505999 0.0 0.4
45.94526 -103.527388 0.0 0.4
45.945265 -103.54121 0.0 0.4
45.94515 -103.556767 0.0 0.4
45.945322 -103.566974 0.0 0.4
45.945330999999996 -103.577098 0.0 0.4
45.945297 -103.613488 0.0 0.4
45.945302 -103.624988 0.0 0.4
45.94524 -103.651658 0.0 0.4
45.945226999999996 -103.662969 0.0 0.4
45.945197 -103.677924 0.0 0.4
45.945176 -103.688215 0.0 0.4
45.945133999999996 -103.712498 0.0 0.4
45.945087 -103.733406 0.0 0.4
45.945063999999995 -103.744024 0.0 0.4
45.94516 -103.784224 0.0 0.4
45.945203 -103.795328 0.0 0.4
45.945204 -103.815867 0.0 0.4
45.945218999999994 -103.842126 0.0 0.4
45.94527 -103.853425 0.0 0.4
45.945195 -103.865791 0.0 0.4
45.945052 -103.888425 0.0 0.4
45.945206999999996 -103.89911 0.0 0.4
45.945333999999995 -103.923857 0.0 0.4
45.945297 -103.952032 0.0 0.4
45.945274 -103.971304 0.0 0.4
45.945243 -103.981881 0.0 0.4
45.945231 -104.000552 0.0 0.4
45.94527 -104.023321 0.0 0.4
45.945282 -104.033518 0.0 0.4
45.945308 -104.045547 0.0 0.4
45.961014999999996 -104.045903 0.0 0.4
45.974201 -104.046167 0.0 0.4
45.985163 -104.046377 0.0 0.4
45.998366 -104.046636 0.0 0.4
46.014041999999996 -104.046797 0.0 0.4
46.024397 -104.046787 0.0 0.4
46.034414 -104.046612 0.0 0.4
46.045164 -104.04639 0.0 0.4
46.055431 -104.046216 0.0 0.4
46.068484999999995 -104.04605 0.0 0.4
46.087784 -104.045901 0.0 0.4
46.100646999999995 -104.045871 0.0 0.4
46.111111 -104.045823 0.0 0.4
46.121359999999996 -104.045778 0.0 0.4
46.131667 -104.045722 0.0 0.4
46.143676 -104.04563 0.0 0.4
46.154176 -104.04557 0.0 0.4
46.166104 -104.045487 0.0 0.4
46.176981 -104.045496 0.0 0.4
46.187839 -104.045481 0.0 0.4
46.20263 -104.045449 0.0 0.4
46.213122999999996 -104.045453 0.0 0.4
46.223365 -104.045492 0.0 0.4
46.233981 -104.045498 0.0 0.4
46.246871999999996 -104.045523 0.0 0.4
46.260131 -104.04552 0.0 0.4
46.274592999999996 -104.045511 0.0 0.4
46.290015 -104.045669 0.0 0.4
46.300059 -104.045671 0.0 0.4
46.310112 -104.04553 0.0 0.4
46.320695 -104.045533 0.0 0.4
46.334782999999995 -104.045538 0.0 0.4
46.347192 -104.045558 0.0 0.4
46.363316999999995 -104.045536 0.0 0.4
46.373742 -104.045498 0.0 0.4
46.394724 -104.045432 0.0 0.4
46.409307999999996 -104.045396 0.0 0.4
46.421963 -104.045362 0.0 0.4
46.438443 -104.045365 0.0 0.4
46.453157 -104.045247 0.0 0.4
46.465415 -104.045238 0.0 0.4
46.475898 -104.045234 0.0 0.4
46.496516 -104.04518 0.0 0.4
46.50689 -104.045162 0.0 0.4
46.522633 -104.045174 0.0 0.4
46.533187999999996 -104.045196 0.0 0.4
46.544565999999996 -104.045211 0.0 0.4
46.555476 -104.045213 0.0 0.4
46.566584999999996 -104.045213 0.0 0.4
46.577183 -104.045232 0.0 0.4
46.587416999999995 -104.045222 0.0 0.4
46.597622 -104.045235 0.0 0.4
46.608478999999996 -104.045248 0.0 0.4
46.619127 -104.04525699999999 0.0 0.4
46.629432 -104.04525699999999 0.0 0.4
46.640721 -104.045236 0.0 0.4
46.650873 -104.04531 0.0 0.4
46.661711 -104.045344 0.0 0.4
46.671858 -104.045336 0.0 0.4
46.681903 -104.045371 0.0 0.4
46.691905999999996 -104.04536 0.0 0.4
46.70263 -104.04539199999999 0.0 0.4
46.712751999999995 -104.045701 0.0 0.4
46.725214 -104.045532 0.0 0.4
46.742492 -104.045487 0.0 0.4
46.752531999999995 -104.045553 0.0 0.4
46.772219 -104.045588 0.0 0.4
46.78901 -104.045699 0.0 0.4
46.799423999999995 -104.045783 0.0 0.4
46.815689 -104.045815 0.0 0.4
46.830788999999996 -104.04592099999999 0.0 0.4
46.84527 -104.045978 0.0 0.4
46.859928 -104.045965 0.0 0.4
46.87453 -104.045977 0.0 0.4
46.889179 -104.045929 0.0 0.4
46.903650999999996 -104.04586 0.0 0.4
46.918946 -104.045758 0.0 0.4
46.933982 -104.045772 0.0 0.4
46.947506999999995 -104.045615 0.0 0.4
46.961932999999995 -104.045595 0.0 0.4
46.979811 -104.045435 0.0 0.4
46.991156 -104.045374 0.0 0.4
47.005178 -104.045357 0.0 0.4
47.016045999999996 -104.045177 0.0 0.4
47.03485 -104.044996 0.0 0.4
47.045089 -104.045069 0.0 0.4
47.058203999999996 -104.045062 0.0 0.4
47.069806 -104.045024 0.0 0.4
47.080484999999996 -104.044995 0.0 0.4
47.093126 -104.04492 0.0 0.4
47.106913999999996 -104.045016 0.0 0.4
47.117671 -104.044972 0.0 0.4
47.136902 -104.044923 0.0 0.4
47.147490999999995 -104.04490799999999 0.0 0.4
47.161131 -104.044887 0.0 0.4
47.175404 -104.044856 0.0 0.4
47.188399 -104.04479 0.0 0.4
47.198964 -104.044771 0.0 0.4
47.209261999999995 -104.044827 0.0 0.4
47.222082 -104.044793 0.0 0.4
47.235636 -104.044789 0.0 0.4
47.247355999999996 -104.044801 0.0 0.4
47.257435 -104.045113 0.0 0.4
47.268463 -104.04487 0.0 0.4
47.287183 -104.044906 0.0 0.4
47.297514 -104.044933 0.0 0.4
47.309284 -104.045014 0.0 0.4
47.320851999999995 -104.045012 0.0 0.4
