42.001776 -104.052644 0.0 0.4
42.014143 -104.052659 0.0 0.4
42.025518999999996 -104.052798 0.0 0.4
42.069735 -104.052936 0.0 0.4
42.080031 -104.052994 0.0 0.4
42.090317 -104.052948 0.0 0.4
42.100587 -104.052716 0.0 0.4
42.110641 -104.052592 0.0 0.4
42.120742 -104.052617 0.0 0.4
42.131346 -104.053048 0.0 0.4
42.141751 -104.05295100000001 0.0 0.4
42.152873 -104.052761 0.0 0.4
42.165558999999995 -104.052566 0.0 0.4
42.180431999999996 -104.05278799999999 0.0 0.4
42.192530999999995 -104.05287799999999 0.0 0.4
42.203154999999995 -104.05287799999999 0.0 0.4
42.214988 -104.05291 0.0 0.4
42.234458 -104.052976 0.0 0.4
42.246289 -104.053023 0.0 0.4
42.256841 -104.052693 0.0 0.4
42.272473 -104.052753 0.0 0.4
42.296347999999995 -104.052793 0.0 0.4
42.333281 -104.052794 0.0 0.4
42.347905999999995 -104.052804 0.0 0.4
42.363206999999996 -104.052724 0.0 0.4
42.374963 -104.052804 0.0 0.4
42.391405 -104.052819 0.0 0.4
42.410239999999995 -104.052838 0.0 0.4
42.420595999999996 -104.052844 0.0 0.4
42.450911999999995 -104.052875 0.0 0.4
42.466876 -104.05289 0.0 0.4
42.499964 -104.053107 0.0 0.4
42.516946999999995 -104.053074 0.0 0.4
42.52838 -104.053051 0.0 0.4
42.551009 -104.053006 0.0 0.4
42.562052 -104.052985 0.0 0.4
42.572072999999996 -104.052983 0.0 0.4
42.585253 -104.052932 0.0 0.4
42.599498 -104.052938 0.0 0.4
42.610681 -104.052775 0.0 0.4
42.620694 -104.05286100000001 0.0 0.4
42.630705999999996 -104.052817 0.0 0.4
42.641846 -104.05287 0.0 0.4
42.654706999999995 -104.052733 0.0 0.4
42.68917 -104.052726 0.0 0.4
42.704645 -104.052828 0.0 0.4
42.727419999999995 -104.052933 0.0 0.4
42.741319999999995 -104.052997 0.0 0.4
42.751421 -104.052798 0.0 0.4
42.771612999999995 -104.052893 0.0 0.4
42.789403 -104.052927 0.0 0.4
42.800011 -104.052949 0.0 0.4
42.810807 -104.05297 0.0 0.4
42.823868999999995 -104.052988 0.0 0.4
42.841916999999995 -104.053031 0.0 0.4
42.859545999999995 -104.053064 0.0 0.4
42.870264999999996 -104.053132 0.0 0.4
42.886935 -104.052975 0.0 0.4
42.898846 -104.052995 0.0 0.4
42.910875999999995 -104.053014 0.0 0.4
42.925731 -104.053026 0.0 0.4
42.943003999999995 -104.0531 0.0 0.4
42.953700999999995 -104.053119 0.0 0.4
42.967538 -104.053105 0.0 0.4
42.982867 -104.053126 0.0 0.4
42.995884 -104.053145 0.0 0.4
43.00089 -104.03653 0.0 0.4
43.001262 -104.020647 0.0 0.4
43.001515999999995 -104.005027 0.0 0.4
43.001701999999995 -103.991565 0.0 0.4
43.0017 -103.977543 0.0 0.4
43.001706999999996 -103.966816 0.0 0.4
43.001294 -103.951175 0.0 0.4
43.001135 -103.94006 0.0 0.4
43.000918 -103.924865 0.0 0.4
43.000979 -103.911315 0.0 0.4
43.001087999999996 -103.887046 0.0 0.4
43.001115999999996 -103.875445 0.0 0.4
43.000983999999995 -103.860872 0.0 0.4
43.001118 -103.847411 0.0 0.4
43.00119 -103.835734 0.0 0.4
43.00123 -103.824004 0.0 0.4
43.001376 -103.813647 0.0 0.4
43.001335999999995 -103.801174 0.0 0.4
43.001218 -103.778769 0.0 0.4
43.0013 -103.765672 0.0 0.4
43.001388999999996 -103.75043 0.0 0.4
43.001069 -103.73383 0.0 0.4
43.000983 -103.715206 0.0 0.4
43.000994999999996 -103.703479 0.0 0.4
43.001000999999995 -103.692486 0.0 0.4
43.001152999999995 -103.675964 0.0 0.4
43.001297 -103.66252 0.0 0.4
43.001062 -103.638341 0.0 0.4
43.000976 -103.625437 0.0 0.4
43.000662 -103.614198 0.0 0.4
43.000617 -103.60338899999999 0.0 0.4
43.000710999999995 -103.583944 0.0 0.4
43.000845999999996 -103.570586 0.0 0.4
43.000983999999995 -103.550189 0.0 0.4
43.000896 -103.539333 0.0 0.4
43.000799 -103.523904 0.0 0.4
43.000873 -103.506555 0.0 0.4
43.000619 -103.48725 0.0 0.4
43.000479999999996 -103.475638 0.0 0.4
43.000495 -103.465483 0.0 0.4
43.000513 -103.453528 0.0 0.4
43.00074 -103.42536 0.0 0.4
43.000721 -103.409421 0.0 0.4
43.000898 -103.396374 0.0 0.4
43.000904999999996 -103.385658 0.0 0.4
43.000916 -103.375617 0.0 0.4
43.000927999999995 -103.360768 0.0 0.4
43.000929 -103.348626 0.0 0.4
43.000886 -103.336473 0.0 0.4
43.000904999999996 -103.32462 0.0 0.4
43.000924999999995 -103.312275 0.0 0.4
43.000882 -103.285439 0.0 0.4
43.00083 -103.274384 0.0 0.4
43.00083 -103.262626 0.0 0.4
43.000828 -103.250506 0.0 0.4
43.000856 -103.228781 0.0 0.4
43.00084 -103.195226 0.0 0.4
43.000817999999995 -103.170945 0.0 0.4
43.000814 -103.155364 0.0 0.4
43.000811 -103.145087 0.0 0.4
43.000808 -103.134295 0.0 0.4
43.000748 -103.103935 0.0 0.4
43.000769999999996 -103.089433 0.0 0.4
43.000764 -103.071599 0.0 0.4
43.000752 -103.06141099999999 0.0 0.4
43.00073 -103.041279 0.0 0.4
43.000715 -103.028875 0.0 0.4
43.000702 -103.016177 0.0 0.4
43.000741 -103.001516 0.0 0.4
43.000662 -102.988354 0.0 0.4
43.000594 -102.97631200000001 0.0 0.4
43.000585 -102.961719 0.0 0.4
43.000547999999995 -102.950555 0.0 0.4
43.000551 -102.929907 0.0 0.4
43.000519999999995 -102.91322 0.0 0.4
43.000467 -102.897363 0.0 0.4
43.000265 -102.878846 0.0 0.4
42.99998 -102.867895 0.0 0.4
42.999978999999996 -102.855901 0.0 0.4
42.99998 -102.841764 0.0 0.4
42.99998 -102.82987 0.0 0.4
42.99998 -102.810836 0.0 0.4
42.99998 -102.800271 0.0 0.4
42.999978999999996 -102.789386 0.0 0.4
42.999984 -102.768465 0.0 0.4
42.99998 -102.758236 0.0 0.4
42.99998 -102.743197 0.0 0.4
42.99998 -102.726784 0.0 0.4
42.999981 -102.713746 0.0 0.4
42.999981 -102.702044 0.0 0.4
42.999981999999996 -102.684583 0.0 0.4
42.999983 -102.660754 0.0 0.4
42.999908 -102.642995 0.0 0.4
42.99979 -102.627924 0.0 0.4
42.999789 -102.612614 0.0 0.4
42.999845 -102.576104 0.0 0.4
42.999818999999995 -102.563104 0.0 0.4
42.999784 -102.552916 0.0 0.4
42.999741 -102.539997 0.0 0.4
42.999759999999995 -102.504643 0.0 0.4
42.999766 -102.494526 0.0 0.4
42.99973 -102.484083 0.0 0.4
42.999719999999996 -102.473517 0.0 0.4
42.999714999999995 -102.463385 0.0 0.4
42.99969 -102.452611 0.0 0.4
42.999747 -102.44223 0.0 0.4
42.999598999999996 -102.405681 0.0 0.4
42.999595 -102.392484 0.0 0.4
42.999590999999995 -102.380214 0.0 0.4
42.999536 -102.369616 0.0 0.4
42.999565 -102.35876 0.0 0.4
42.999395 -102.333891 0.0 0.4
42.999427999999995 -102.300234 0.0 0.4
42.999407999999995 -102.268804 0.0 0.4
42.999395 -102.250418 0.0 0.4
42.999421999999996 -102.230222 0.0 0.4
42.999390999999996 -102.214856 0.0 0.4
42.999269 -102.159374 0.0 0.4
42.999219 -102.135949 0.0 0.4
42.999196 -102.125427 0.0 0.4
42.999313 -102.101953 0.0 0.4
42.999356 -102.082546 0.0 0.4
42.999282 -102.062812 0.0 0.4
42.999238 -102.043538 0.0 0.4
42.999302 -102.021425 0.0 0.4
42.999268 -102.005302 0.0 0.4
42.999229 -101.994598 0.0 0.4
42.999258999999995 -101.941704 0.0 0.4
42.999279 -101.909205 0.0 0.4
42.999297999999996 -101.882924 0.0 0.4
42.999373999999996 -101.862762 0.0 0.4
42.999148999999996 -101.849982 0.0 0.4
42.998476 -101.812858 0.0 0.4
42.998270999999995 -101.800352 0.0 0.4
42.997828 -101.778478 0.0 0.4
42.997319 -101.761371 0.0 0.4
42.997153999999995 -101.749068 0.0 0.4
42.996998 -101.738673 0.0 0.4
42.996511999999996 -101.715008 0.0 0.4
42.996255 -101.633007 0.0 0.4
42.996417 -101.613435 0.0 0.4
42.996660999999996 -101.584191 0.0 0.4
42.996801999999995 -101.570458 0.0 0.4
42.996851 -101.559341 0.0 0.4
42.99699 -101.528529 0.0 0.4
42.997054 -101.51424 0.0 0.4
42.997076 -101.495564 0.0 0.4
42.997153999999995 -101.478662 0.0 0.4
42.997087 -101.446815 0.0 0.4
42.997139 -101.435929 0.0 0.4
42.997189999999996 -101.425417 0.0 0.4
42.997493999999996 -101.382909 0.0 0.4
42.997502999999995 -101.372831 0.0 0.4
42.997461 -101.352041 0.0 0.4
42.997493999999996 -101.337429 0.0 0.4
42.997661 -101.265749 0.0 0.4
42.997644 -101.251019 0.0 0.4
42.997644 -101.239768 0.0 0.4
42.997737 -101.229766 0.0 0.4
42.997791 -101.19034 0.0 0.4
42.997893 -101.140807 0.0 0.4
42.997889 -101.125696 0.0 0.4
42.997864 -101.110993 0.0 0.4
42.997938 -101.058276 0.0 0.4
42.99796 -101.043147 0.0 0.4
42.997757 -101.022989 0.0 0.4
42.997910999999995 -101.006037 0.0 0.4
42.998156 -100.985274 0.0 0.4
42.998055 -100.968569 0.0 0.4
42.997749999999996 -100.95824 0.0 0.4
42.998053999999996 -100.945251 0.0 0.4
42.998037 -100.934957 0.0 0.4
42.998016 -100.907902 0.0 0.4
42.998014 -100.891823 0.0 0.4
42.998177999999996 -100.876643 0.0 0.4
42.998194 -100.85507 0.0 0.4
42.998349 -100.826752 0.0 0.4
42.998422999999995 -100.814549 0.0 0.4
42.998653999999995 -100.804368 0.0 0.4
42.998342 -100.793292 0.0 0.4
42.998121 -100.77476 0.0 0.4
42.998156 -100.764551 0.0 0.4
42.998146 -100.75033 0.0 0.4
42.998177999999996 -100.720979 0.0 0.4
42.998182 -100.710412 0.0 0.4
42.998211 -100.689584 0.0 0.4
42.998235 -100.671495 0.0 0.4
42.998156 -100.652947 0.0 0.4
42.998101999999996 -100.632468 0.0 0.4
42.998101999999996 -100.619318 0.0 0.4
42.998188999999996 -100.607627 0.0 0.4
42.998151 -100.578698 0.0 0.4
42.998152999999995 -100.568033 0.0 0.4
42.998287 -100.555254 0.0 0.4
42.998813 -100.545188 0.0 0.4
42.99884 -100.533528 0.0 0.4
42.998926999999995 -100.478779 0.0 0.4
42.998928 -100.467964 0.0 0.4
42.999083 -100.457179 0.0 0.4
42.999158 -100.435269 0.0 0.4
42.998965 -100.415221 0.0 0.4
42.998979 -100.395991 0.0 0.4
42.998888 -100.385075 0.0 0.4
42.998812 -100.355226 0.0 0.4
42.998664999999995 -100.316054 0.0 0.4
42.998808 -100.297707 0.0 0.4
42.998767 -100.283713 0.0 0.4
42.998635 -100.269534 0.0 0.4
42.998542 -100.250405 0.0 0.4
42.998669 -100.233995 0.0 0.4
42.998734 -100.223659 0.0 0.4
42.998674 -100.198413 0.0 0.4
42.99852 -100.185426 0.0 0.4
42.998421 -100.15122 0.0 0.4
42.998692999999996 -100.128344 0.0 0.4
42.998512999999996 -100.113072 0.0 0.4
42.998363 -100.080463 0.0 0.4
42.998295 -100.068047 0.0 0.4
42.998145 -100.034201 0.0 0.4
42.998366999999995 -100.022947 0.0 0.4
42.998239 -100.011325 0.0 0.4
42.998298999999996 -100.001173 0.0 0.4
42.997661 -99.96298499999999 0.0 0.4
42.998162 -99.951169 0.0 0.4
42.998082 -99.93916399999999 0.0 0.4
42.998107999999995 -99.927427 0.0 0.4
42.998058 -99.916788 0.0 0.4
42.99807 -99.904163 0.0 0.4
42.998083 -99.889654 0.0 0.4
42.997827 -99.87778899999999 0.0 0.4
42.998022999999996 -99.86743799999999 0.0 0.4
42.998022999999996 -99.850788 0.0 0.4
42.997932999999996 -99.840606 0.0 0.4
42.997943 -99.83027899999999 0.0 0.4
42.997972999999995 -99.815545 0.0 0.4
42.997991 -99.803732 0.0 0.4
42.997915 -99.790737 0.0 0.4
42.998075 -99.777497 0.0 0.4
42.997921 -99.76281499999999 0.0 0.4
42.997910999999995 -99.75138199999999 0.0 0.4
42.997909 -99.73791 0.0 0.4
42.997921 -99.727029 0.0 0.4
42.997951 -99.70940399999999 0.0 0.4
42.997800999999995 -99.699308 0.0 0.4
42.997856999999996 -99.67689299999999 0.0 0.4
42.997882 -99.663158 0.0 0.4
42.997901999999996 -99.652422 0.0 0.4
42.997916 -99.637755 0.0 0.4
42.997851 -99.62449 0.0 0.4
42.997972 -99.578352 0.0 0.4
42.997993 -99.558223 0.0 0.4
42.997957 -99.54334 0.0 0.4
42.998013 -99.52869899999999 0.0 0.4
42.997957 -99.513455 0.0 0.4
42.997909 -99.50038699999999 0.0 0.4
42.998121 -99.48874099999999 0.0 0.4
42.998079999999995 -99.474532 0.0 0.4
42.997969999999995 -99.451807 0.0 0.4
42.998024 -99.43948999999999 0.0 0.4
42.998025999999996 -99.417728 0.0 0.4
42.998034 -99.405138 0.0 0.4
42.998031999999995 -99.394228 0.0 0.4
42.998028999999995 -99.38343499999999 0.0 0.4
42.998064 -99.37128299999999 0.0 0.4
42.998186 -99.355508 0.0 0.4
42.998014999999995 -99.34127199999999 0.0 0.4
42.998019 -99.31662299999999 0.0 0.4
42.998024 -99.306553 0.0 0.4
42.998056 -99.295428 0.0 0.4
42.998200999999995 -99.27278199999999 0.0 0.4
42.998234 -99.26271 0.0 0.4
42.998194 -99.238889 0.0 0.4
42.998121 -99.22844699999999 0.0 0.4
42.99816 -99.217717 0.0 0.4
42.998135 -99.20537499999999 0.0 0.4
42.998086 -99.19536 0.0 0.4
42.998287999999995 -99.17799699999999 0.0 0.4
42.998470999999995 -99.164006 0.0 0.4
42.998200000000004 -99.153894 0.0 0.4
42.998498999999995 -99.13930599999999 0.0 0.4
42.998186 -99.11657799999999 0.0 0.4
42.998221 -99.10436299999999 0.0 0.4
42.998214999999995 -99.08177599999999 0.0 0.4
42.998104 -99.064933 0.0 0.4
42.998266 -99.04884899999999 0.0 0.4
42.998211 -99.02241599999999 0.0 0.4
42.998287999999995 -99.00099499999999 0.0 0.4
42.998249 -98.98525099999999 0.0 0.4
42.998228999999995 -98.973243 0.0 0.4
42.99827 -98.962487 0.0 0.4
42.998266 -98.943443 0.0 0.4
42.998239 -98.919444 0.0 0.4
42.998245999999995 -98.90312399999999 0.0 0.4
42.998180999999995 -98.88551 0.0 0.4
42.998208999999996 -98.87532 0.0 0.4
42.998242 -98.86388199999999 0.0 0.4
42.998318999999995 -98.824168 0.0 0.4
42.998306 -98.804632 0.0 0.4
42.998148 -98.785771 0.0 0.4
42.998295 -98.76449099999999 0.0 0.4
42.998408 -98.752313 0.0 0.4
42.998391999999996 -98.741975 0.0 0.4
42.998391999999996 -98.725811 0.0 0.4
42.998407 -98.70531 0.0 0.4
42.998503 -98.691761 0.0 0.4
42.998535 -98.66606499999999 0.0 0.4
42.99849 -98.645473 0.0 0.4
42.998532 -98.629115 0.0 0.4
42.998446 -98.61428099999999 0.0 0.4
42.99837 -98.60421 0.0 0.4
42.998388999999996 -98.59167099999999 0.0 0.4
42.998489 -98.568936 0.0 0.4
42.998422 -98.545099 0.0 0.4
42.998456 -98.531944 0.0 0.4
42.998523 -98.505928 0.0 0.4
42.992515 -98.497119 0.0 0.4
42.977948 -98.490483 0.0 0.4
42.96903 -98.48355199999999 0.0 0.4
42.955571 -98.473446 0.0 0.4
42.947556 -98.467356 0.0 0.4
42.938389 -98.45222 0.0 0.4
42.93062 -98.445861 0.0 0.4
42.929227 -98.43450299999999 0.0 0.4
42.932128999999996 -98.423058 0.0 0.4
42.928526999999995 -98.41303099999999 0.0 0.4
42.922464999999995 -98.399298 0.0 0.4
42.918406999999995 -98.386445 0.0 0.4
42.913132 -98.37535799999999 0.0 0.4
42.908896 -98.362466 0.0 0.4
42.905421 -98.352508 0.0 0.4
42.900847 -98.34240799999999 0.0 0.4
42.892632 -98.334088 0.0 0.4
42.886500000000005 -98.325864 0.0 0.4
42.883648 -98.315097 0.0 0.4
42.880058999999996 -98.297465 0.0 0.4
42.875855 -98.282968 0.0 0.4
42.874373 -98.272131 0.0 0.4
42.874465 -98.26038799999999 0.0 0.4
42.872091 -98.250356 0.0 0.4
42.86114 -98.231922 0.0 0.4
42.854558 -98.222437 0.0 0.4
42.849515 -98.21098699999999 0.0 0.4
42.845374 -98.20037599999999 0.0 0.4
42.841643 -98.18981099999999 0.0 0.4
42.839313 -98.17990499999999 0.0 0.4
42.836925 -98.16752299999999 0.0 0.4
42.838986 -98.15310699999999 0.0 0.4
42.83672 -98.14321 0.0 0.4
42.829453 -98.13573699999999 0.0 0.4
42.821056 -98.129223 0.0 0.4
42.81381 -98.115121 0.0 0.4
42.808316999999995 -98.10486499999999 0.0 0.4
42.800269 -98.096172 0.0 0.4
42.794200000000004 -98.082911 0.0 0.4
42.788283 -98.074033 0.0 0.4
42.78201 -98.064359 0.0 0.4
42.772663 -98.05990299999999 0.0 0.4
42.768409 -98.049272 0.0 0.4
42.766273999999996 -98.038696 0.0 0.4
42.763490999999995 -98.025978 0.0 0.4
42.76229 -98.01431 0.0 0.4
42.763542 -98.004263 0.0 0.4
42.764925 -97.994351 0.0 0.4
42.767799 -97.98474399999999 0.0 0.4
42.76969 -97.974217 0.0 0.4
42.768746 -97.96345199999999 0.0 0.4
42.769549999999995 -97.95017 0.0 0.4
42.774251 -97.940238 0.0 0.4
42.780001999999996 -97.93101399999999 0.0 0.4
42.786933999999995 -97.92325799999999 0.0 0.4
42.792190999999995 -97.913028 0.0 0.4
42.798797 -97.905058 0.0 0.4
42.806805999999995 -97.89831 0.0 0.4
42.815038 -97.890323 0.0 0.4
42.824932 -97.885497 0.0 0.4
42.834387 -97.880567 0.0 0.4
42.844598 -97.878491 0.0 0.4
42.856992999999996 -97.87643899999999 0.0 0.4
42.862814 -97.86587 0.0 0.4
42.866747 -97.850436 0.0 0.4
42.868412 -97.839129 0.0 0.4
42.868801999999995 -97.82857299999999 0.0 0.4
42.86286 -97.819012 0.0 0.4
42.859764999999996 -97.80858699999999 0.0 0.4
42.857149 -97.798637 0.0 0.4
42.853359 -97.78841399999999 0.0 0.4
42.850347 -97.77689799999999 0.0 0.4
42.849046 -97.764645 0.0 0.4
42.848935 -97.753705 0.0 0.4
42.848106 -97.73248099999999 0.0 0.4
42.847317 -97.720683 0.0 0.4
42.845248999999995 -97.709395 0.0 0.4
42.842774 -97.69321699999999 0.0 0.4
42.842495 -97.67610099999999 0.0 0.4
42.843574 -97.66217999999999 0.0 0.4
42.846024 -97.651581 0.0 0.4
42.849132 -97.642032 0.0 0.4
42.853100000000005 -97.630444 0.0 0.4
42.856522 -97.620323 0.0 0.4
42.858339 -97.6062 0.0 0.4
42.855138 -97.59553299999999 0.0 0.4
42.851838 -97.58337 0.0 0.4
42.848988999999996 -97.571371 0.0 0.4
42.847532 -97.55789399999999 0.0 0.4
42.848028 -97.547473 0.0 0.4
42.849562999999996 -97.536362 0.0 0.4
42.851979 -97.52237099999999 0.0 0.4
42.855166 -97.512073 0.0 0.4
42.857827 -97.50191799999999 0.0 0.4
42.851625 -97.49149 0.0 0.4
42.850279 -97.481336 0.0 0.4
42.850455 -97.470529 0.0 0.4
42.848873999999995 -97.460409 0.0 0.4
42.845807 -97.44956499999999 0.0 0.4
42.84711 -97.43911399999999 0.0 0.4
42.852731 -97.43048999999999 0.0 0.4
42.861168 -97.42318999999999 0.0 0.4
42.867034 -97.41448 0.0 0.4
42.86775 -97.40444199999999 0.0 0.4
42.86425 -97.393964 0.0 0.4
42.865195 -97.376695 0.0 0.4
42.858419 -97.36864299999999 0.0 0.4
42.855000000000004 -97.35648499999999 0.0 0.4
42.855821999999996 -97.344759 0.0 0.4
42.857946 -97.33231099999999 0.0 0.4
42.862432999999996 -97.322752 0.0 0.4
42.865786 -97.311118 0.0 0.4
42.864503 -97.300812 0.0 0.4
42.857177 -97.292273 0.0 0.4
42.854248 -97.282009 0.0 0.4
42.852837 -97.270968 0.0 0.4
42.853401999999996 -97.260846 0.0 0.4
42.855612 -97.25032999999999 0.0 0.4
42.853139 -97.23786799999999 0.0 0.4
42.848800999999995 -97.226153 0.0 0.4
42.843519 -97.217411 0.0 0.4
42.832243 -97.218088 0.0 0.4
42.821760999999995 -97.21447599999999 0.0 0.4
42.811766999999996 -97.21244 0.0 0.4
42.805485 -97.200431 0.0 0.4
42.805076 -97.190135 0.0 0.4
42.803388 -97.17945499999999 0.0 0.4
42.802087 -97.166978 0.0 0.4
42.797579 -97.155677 0.0 0.4
42.792086 -97.147061 0.0 0.4
42.784344999999995 -97.13967799999999 0.0 0.4
42.774831 -97.13465 0.0 0.4
42.771015 -97.125326 0.0 0.4
42.769135 -97.11367399999999 0.0 0.4
42.769708 -97.101416 0.0 0.4
42.769742 -97.08996499999999 0.0 0.4
42.771387999999995 -97.07946 0.0 0.4
42.772331 -97.06839 0.0 0.4
42.770846 -97.05615999999999 0.0 0.4
42.768665 -97.04619199999999 0.0 0.4
42.766261 -97.035234 0.0 0.4
42.762478 -97.025159 0.0 0.4
42.761247999999995 -97.015022 0.0 0.4
42.760357 -97.003678 0.0 0.4
42.759481 -96.99282 0.0 0.4
42.760554 -96.982197 0.0 0.4
42.755541 -96.971133 0.0 0.4
42.741682 -96.96175199999999 0.0 0.4
42.728994 -96.96518599999999 0.0 0.4
42.719178 -96.955862 0.0 0.4
42.719409999999996 -96.944071 0.0 0.4
42.723805999999996 -96.933454 0.0 0.4
42.728685999999996 -96.92347 0.0 0.4
42.732718 -96.913716 0.0 0.4
42.732099 -96.902654 0.0 0.4
42.726172 -96.889742 0.0 0.4
42.724450999999995 -96.87725499999999 0.0 0.4
42.722611 -96.866947 0.0 0.4
42.718515 -96.85588399999999 0.0 0.4
42.713525999999995 -96.846755 0.0 0.4
42.709399 -96.833576 0.0 0.4
42.707893 -96.822358 0.0 0.4
42.705588 -96.810651 0.0 0.4
42.698775999999995 -96.801616 0.0 0.4
42.688514 -96.800342 0.0 0.4
42.674614999999996 -96.80178699999999 0.0 0.4
42.666021 -96.793235 0.0 0.4
42.663547 -96.780947 0.0 0.4
42.662146 -96.766342 0.0 0.4
42.663531 -96.755715 0.0 0.4
42.666393 -96.74486399999999 0.0 0.4
42.66688 -96.728027 0.0 0.4
42.664074 -96.717006 0.0 0.4
42.660925 -96.704644 0.0 0.4
42.657007 -96.69301399999999 0.0 0.4
42.648128 -96.68733399999999 0.0 0.4
42.640271 -96.69429099999999 0.0 0.4
42.632397999999995 -96.70127199999999 0.0 0.4
42.623197 -96.708666 0.0 0.4
42.612822 -96.711387 0.0 0.4
42.601552999999996 -96.707926 0.0 0.4
42.594181999999996 -96.700707 0.0 0.4
42.58627 -96.69341399999999 0.0 0.4
42.576462 -96.68405899999999 0.0 0.4
42.571082 -96.67422499999999 0.0 0.4
42.568129 -96.66441499999999 0.0 0.4
42.564184 -96.654476 0.0 0.4
42.558614999999996 -96.644988 0.0 0.4
42.550688 -96.63723499999999 0.0 0.4
42.540248 -96.633333 0.0 0.4
42.529899 -96.633022 0.0 0.4
42.519377 -96.629267 0.0 0.4
42.508171999999995 -96.615517 0.0 0.4
42.504459999999995 -96.60347 0.0 0.4
42.505407 -96.591118 0.0 0.4
42.515735 -96.572509 0.0 0.4
42.519255 -96.562292 0.0 0.4
42.520483999999996 -96.552154 0.0 0.4
42.518856 -96.541251 0.0 0.4
42.515142999999995 -96.531579 0.0 0.4
42.508463 -96.523746 0.0 0.4
42.496874999999996 -96.517549 0.0 0.4
42.488727 -96.510548 0.0 0.4
42.483035 -96.501954 0.0 0.4
42.480109 -96.489494 0.0 0.4
42.479701999999996 -96.478776 0.0 0.4
42.483919 -96.465294 0.0 0.4
42.488127999999996 -96.45611099999999 0.0 0.4
42.490629999999996 -96.445483 0.0 0.4
42.489429 -96.434912 0.0 0.4
42.48898 -96.423892 0.0 0.4
42.487978999999996 -96.41372199999999 0.0 0.4
42.486439999999995 -96.401962 0.0 0.4
42.48141 -96.392648 0.0 0.4
42.473093999999996 -96.385407 0.0 0.4
42.461695 -96.381305 0.0 0.4
42.45158 -96.38011399999999 0.0 0.4
42.44144 -96.382666 0.0 0.4
42.432494 -96.387608 0.0 0.4
42.424274 -96.39681399999999 0.0 0.4
42.415945 -96.407383 0.0 0.4
42.407894 -96.413609 0.0 0.4
42.397293999999995 -96.415483 0.0 0.4
42.387068 -96.41175199999999 0.0 0.4
42.376092 -96.408436 0.0 0.4
42.366312 -96.41377 0.0 0.4
42.354678 -96.418168 0.0 0.4
42.343393 -96.413895 0.0 0.4
42.335964 -96.40576 0.0 0.4
42.330856999999995 -96.39626899999999 0.0 0.4
42.326510999999996 -96.385717 0.0 0.4
42.318338999999995 -96.37530699999999 0.0 0.4
42.308983 -96.369402 0.0 0.4
42.29662 -96.36872299999999 0.0 0.4
42.285813999999995 -96.36575099999999 0.0 0.4
42.276593999999996 -96.35655 0.0 0.4
42.269819999999996 -96.342981 0.0 0.4
42.260214 -96.33201199999999 0.0 0.4
42.249992 -96.32770599999999 0.0 0.4
42.240224999999995 -96.330006 0.0 0.4
42.23289 -96.322794 0.0 0.4
42.224959 -96.32891 0.0 0.4
42.217754 -96.336598 0.0 0.4
42.216480999999995 -96.349143 0.0 0.4
42.212682 -96.358888 0.0 0.4
42.203603 -96.35450499999999 0.0 0.4
42.195665 -96.34839699999999 0.0 0.4
42.185172 -96.347493 0.0 0.4
42.175469 -96.35038999999999 0.0 0.4
42.165758 -96.34721499999999 0.0 0.4
42.158057 -96.340228 0.0 0.4
42.153621 -96.33101699999999 0.0 0.4
42.148506999999995 -96.321596 0.0 0.4
42.140282 -96.315783 0.0 0.4
42.132101 -96.309758 0.0 0.4
42.127806 -96.30051499999999 0.0 0.4
42.126497 -96.29032199999999 0.0 0.4
42.123894 -96.28047 0.0 0.4
42.117695 -96.272005 0.0 0.4
42.106172 -96.266988 0.0 0.4
42.096202999999996 -96.268039 0.0 0.4
42.08739 -96.273117 0.0 0.4
42.076448 -96.27848399999999 0.0 0.4
42.065495 -96.27937899999999 0.0 0.4
42.053215 -96.276213 0.0 0.4
42.044373 -96.271146 0.0 0.4
42.039294999999996 -96.262254 0.0 0.4
42.040445999999996 -96.251707 0.0 0.4
42.041123 -96.238822 0.0 0.4
42.038302 -96.22826099999999 0.0 0.4
42.029558 -96.221901 0.0 0.4
42.020255 -96.22603 0.0 0.4
42.014317999999996 -96.23548 0.0 0.4
42.005601999999996 -96.242162 0.0 0.4
41.996429 -96.236488 0.0 0.4
41.994583999999996 -96.22609399999999 0.0 0.4
42.003862 -96.217637 0.0 0.4
42.008762 -96.208486 0.0 0.4
42.008671 -96.19483799999999 0.0 0.4
42.005466999999996 -96.185249 0.0 0.4
41.99546 -96.184784 0.0 0.4
41.986745 -96.19114599999999 0.0 0.4
41.976793 -96.184164 0.0 0.4
41.976864 -96.174154 0.0 0.4
41.979658 -96.164234 0.0 0.4
41.979734 -96.15313599999999 0.0 0.4
41.978491 -96.142715 0.0 0.4
41.97499 -96.133321 0.0 0.4
41.965136 -96.12918599999999 0.0 0.4
41.955732 -96.133318 0.0 0.4
41.947922999999996 -96.13974499999999 0.0 0.4
41.93868 -96.144041 0.0 0.4
41.929100000000005 -96.137672 0.0 0.4
41.919053999999996 -96.13776 0.0 0.4
41.91402 -96.14668999999999 0.0 0.4
41.910896 -96.15784 0.0 0.4
41.901398 -96.161538 0.0 0.4
41.893589999999996 -96.154004 0.0 0.4
41.885405 -96.147491 0.0 0.4
41.875377 -96.14605 0.0 0.4
41.866800000000005 -96.13947999999999 0.0 0.4
41.859266 -96.125688 0.0 0.4
41.854347999999995 -96.115498 0.0 0.4
41.845687 -96.10870399999999 0.0 0.4
41.835457 -96.10937799999999 0.0 0.4
41.823992 -96.109746 0.0 0.4
41.816215 -96.10233199999999 0.0 0.4
41.812588999999996 -96.093008 0.0 0.4
41.810562999999995 -96.082219 0.0 0.4
41.806233 -96.073117 0.0 0.4
41.799026999999995 -96.066138 0.0 0.4
41.788981 -96.06637699999999 0.0 0.4
41.781911 -96.074229 0.0 0.4
41.772962 -96.078964 0.0 0.4
41.762631999999996 -96.078497 0.0 0.4
41.75425 -96.084008 0.0 0.4
41.750161 -96.093375 0.0 0.4
41.745777 -96.102853 0.0 0.4
41.73634 -96.106409 0.0 0.4
41.727199 -96.101576 0.0 0.4
41.723870999999995 -96.091993 0.0 0.4
41.719820999999996 -96.082408 0.0 0.4
41.713170999999996 -96.07470699999999 0.0 0.4
41.703122 -96.073886 0.0 0.4
41.698142999999995 -96.082618 0.0 0.4
41.697711999999996 -96.09262799999999 0.0 0.4
41.699379 -96.102677 0.0 0.4
41.697569 -96.113461 0.0 0.4
41.689578999999995 -96.121636 0.0 0.4
41.679552 -96.121309 0.0 0.4
41.670798999999995 -96.11505 0.0 0.4
41.663222999999995 -96.103994 0.0 0.4
41.654669 -96.09621 0.0 0.4
41.644616 -96.09593699999999 0.0 0.4
41.635450999999996 -96.100709 0.0 0.4
41.62883 -96.109437 0.0 0.4
41.620900999999996 -96.116755 0.0 0.4
41.610441 -96.117584 0.0 0.4
41.600279 -96.112386 0.0 0.4
41.591411 -96.101331 0.0 0.4
41.587572 -96.089066 0.0 0.4
41.5779 -96.08139 0.0 0.4
41.567859 -96.084859 0.0 0.4
41.560885999999996 -96.09222199999999 0.0 0.4
41.551038 -96.096018 0.0 0.4
41.539463 -96.094437 0.0 0.4
41.530243999999996 -96.08830499999999 0.0 0.4
41.52565 -96.078802 0.0 0.4
41.520674 -96.06997299999999 0.0 0.4
41.514688 -96.061717 0.0 0.4
41.508435999999996 -96.052765 0.0 0.4
41.506893 -96.040613 0.0 0.4
41.517119 -96.033675 0.0 0.4
41.527981 -96.02931 0.0 0.4
41.538661999999995 -96.027103 0.0 0.4
41.545139999999996 -96.01915 0.0 0.4
41.54325 -96.005112 0.0 0.4
41.53172 -95.997233 0.0 0.4
41.520178 -95.993651 0.0 0.4
41.50696 -95.996194 0.0 0.4
41.494904 -96.01281999999999 0.0 0.4
41.486926 -96.01934299999999 0.0 0.4
41.478469 -96.01358499999999 0.0 0.4
41.472412999999996 -96.004936 0.0 0.4
41.471733 -95.99420699999999 0.0 0.4
41.4703 -95.98181 0.0 0.4
41.465497 -95.97157399999999 0.0 0.4
41.463159999999995 -95.96136299999999 0.0 0.4
41.465109999999996 -95.950717 0.0 0.4
41.466077999999996 -95.94048099999999 0.0 0.4
41.462748 -95.930425 0.0 0.4
41.456358 -95.922246 0.0 0.4
41.445868999999995 -95.919905 0.0 0.4
41.43785 -95.926926 0.0 0.4
41.429603 -95.932885 0.0 0.4
41.419239999999995 -95.93062499999999 0.0 0.4
41.409219 -95.93014099999999 0.0 0.4
41.400489 -95.935062 0.0 0.4
41.390752 -95.93779099999999 0.0 0.4
41.380874999999996 -95.93314 0.0 0.4
41.37166 -95.92876799999999 0.0 0.4
41.362153 -95.933128 0.0 0.4
41.357135 -95.943017 0.0 0.4
41.354042 -95.953443 0.0 0.4
41.343063 -95.95603799999999 0.0 0.4
41.334631 -95.948258 0.0 0.4
41.328609 -95.939605 0.0 0.4
41.32313 -95.929383 0.0 0.4
41.320079 -95.918651 0.0 0.4
41.320603999999996 -95.907918 0.0 0.4
41.321234 -95.897284 0.0 0.4
41.318618 -95.887316 0.0 0.4
41.313331 -95.87863399999999 0.0 0.4
41.304871 -95.873049 0.0 0.4
41.294295 -95.871382 0.0 0.4
41.285125 -95.87680999999999 0.0 0.4
41.279365999999996 -95.887615 0.0 0.4
41.275977 -95.897634 0.0 0.4
41.276767 -95.90794 0.0 0.4
41.286859 -95.906398 0.0 0.4
41.29709 -95.904263 0.0 0.4
41.301303 -95.913797 0.0 0.4
41.299597 -95.924691 0.0 0.4
41.290628999999996 -95.92960699999999 0.0 0.4
41.280767999999995 -95.92778299999999 0.0 0.4
41.274758 -95.91887 0.0 0.4
41.264635 -95.922423 0.0 0.4
41.254123 -95.91961599999999 0.0 0.4
41.245352 -95.914408 0.0 0.4
41.235043 -95.91071199999999 0.0 0.4
41.224987999999996 -95.91366099999999 0.0 0.4
41.217676 -95.92096 0.0 0.4
41.209585 -95.92686499999999 0.0 0.4
41.199453 -95.92773799999999 0.0 0.4
41.190281999999996 -95.923205 0.0 0.4
41.18504 -95.91420000000001 0.0 0.4
41.184554 -95.904169 0.0 0.4
41.185336 -95.894134 0.0 0.4
41.187663 -95.880658 0.0 0.4
41.188272 -95.87010099999999 0.0 0.4
41.187501 -95.859224 0.0 0.4
41.184545 -95.849358 0.0 0.4
41.177420999999995 -95.842188 0.0 0.4
41.167423 -95.845451 0.0 0.4
41.165876999999995 -95.856296 0.0 0.4
41.168153 -95.86730899999999 0.0 0.4
41.163914 -95.87736799999999 0.0 0.4
41.155201 -95.88262499999999 0.0 0.4
41.144738 -95.88230399999999 0.0 0.4
41.13586 -95.877375 0.0 0.4
41.128004 -95.870716 0.0 0.4
41.117812 -95.86642499999999 0.0 0.4
41.104974999999996 -95.866661 0.0 0.4
41.095392 -95.863632 0.0 0.4
41.084914999999995 -95.86332 0.0 0.4
41.075809 -95.870323 0.0 0.4
41.068532 -95.879367 0.0 0.4
41.058358999999996 -95.88210099999999 0.0 0.4
41.050743 -95.875498 0.0 0.4
41.043670999999996 -95.867246 0.0 0.4
41.035695 -95.85965399999999 0.0 0.4
41.025403 -95.859918 0.0 0.4
41.016349 -95.866287 0.0 0.4
41.005987999999995 -95.869216 0.0 0.4
40.99734 -95.863492 0.0 0.4
40.992478999999996 -95.85445299999999 0.0 0.4
40.989523999999996 -95.84435099999999 0.0 0.4
40.984184 -95.83543399999999 0.0 0.4
40.975688 -95.82907399999999 0.0 0.4
40.965652 -95.82950699999999 0.0 0.4
40.955470999999996 -95.835095 0.0 0.4
40.946104999999996 -95.838877 0.0 0.4
40.93548 -95.840139 0.0 0.4
40.924712 -95.837774 0.0 0.4
40.915003999999996 -95.830699 0.0 0.4
40.909079 -95.822081 0.0 0.4
40.901693 -95.813465 0.0 0.4
40.891228 -95.809474 0.0 0.4
40.881808 -95.81402 0.0 0.4
40.875693999999996 -95.82328 0.0 0.4
40.873259999999995 -95.833484 0.0 0.4
40.869248 -95.844073 0.0 0.4
40.860016 -95.84857099999999 0.0 0.4
40.849948999999995 -95.84434 0.0 0.4
40.841094 -95.839201 0.0 0.4
40.831164 -95.83730299999999 0.0 0.4
40.821532999999995 -95.84158099999999 0.0 0.4
40.811324 -95.845342 0.0 0.4
40.801247 -95.842317 0.0 0.4
40.792288 -95.83682999999999 0.0 0.4
40.781811 -95.834462 0.0 0.4
40.773392 -95.840173 0.0 0.4
40.767331 -95.84900499999999 0.0 0.4
40.763889999999996 -95.858426 0.0 0.4
40.760177 -95.868618 0.0 0.4
40.753081 -95.879027 0.0 0.4
40.742101 -95.88669 0.0 0.4
40.731854999999996 -95.88890699999999 0.0 0.4
40.721092999999996 -95.88534899999999 0.0 0.4
40.714287 -95.877015 0.0 0.4
40.710831999999996 -95.865954 0.0 0.4
40.705769 -95.85636199999999 0.0 0.4
40.698147 -95.849828 0.0 0.4
40.688244 -95.847015 0.0 0.4
40.678588999999995 -95.843841 0.0 0.4
40.672444 -95.834419 0.0 0.4
40.667969 -95.824891 0.0 0.4
40.665569999999995 -95.81415 0.0 0.4
40.664283 -95.80147199999999 0.0 0.4
40.659388 -95.789485 0.0 0.4
40.651635 -95.780239 0.0 0.4
40.642496 -95.772832 0.0 0.4
40.631485999999995 -95.77033899999999 0.0 0.4
40.621264 -95.768926 0.0 0.4
40.613758999999995 -95.758045 0.0 0.4
40.606842 -95.749685 0.0 0.4
40.596317 -95.75027399999999 0.0 0.4
40.588972999999996 -95.758895 0.0 0.4
40.583296 -95.76852699999999 0.0 0.4
40.573574 -95.774704 0.0 0.4
40.561578999999995 -95.768509 0.0 0.4
40.552467 -95.76361899999999 0.0 0.4
40.542691 -95.767032 0.0 0.4
40.531563 -95.76692 0.0 0.4
40.52599 -95.75711 0.0 0.4
40.524135 -95.746263 0.0 0.4
40.524308 -95.73479499999999 0.0 0.4
40.527772999999996 -95.725214 0.0 0.4
40.527208 -95.71429099999999 0.0 0.4
40.523861 -95.70485699999999 0.0 0.4
40.531293 -95.695793 0.0 0.4
40.541388999999995 -95.69737699999999 0.0 0.4
40.554572 -95.6945 0.0 0.4
40.561 -95.68529099999999 0.0 0.4
40.56259 -95.675401 0.0 0.4
40.557891 -95.666502 0.0 0.4
40.548949 -95.660196 0.0 0.4
40.54112 -95.653177 0.0 0.4
40.530865999999996 -95.654095 0.0 0.4
40.520703 -95.658414 0.0 0.4
40.515041 -95.667762 0.0 0.4
40.511981 -95.67822 0.0 0.4
40.509229 -95.68807799999999 0.0 0.4
40.505882 -95.697645 0.0 0.4
40.495906 -95.695015 0.0 0.4
40.485858 -95.69540099999999 0.0 0.4
40.475896999999996 -95.696365 0.0 0.4
40.467447 -95.690528 0.0 0.4
40.461523 -95.680225 0.0 0.4
40.45514 -95.66980199999999 0.0 0.4
40.445851999999995 -95.66086899999999 0.0 0.4
40.437121 -95.655964 0.0 0.4
40.424538 -95.65831 0.0 0.4
40.412409 -95.660602 0.0 0.4
40.403202 -95.654837 0.0 0.4
40.394225999999996 -95.648212 0.0 0.4
40.381806 -95.642741 0.0 0.4
40.371379 -95.64249699999999 0.0 0.4
40.36136 -95.636991 0.0 0.4
40.355032 -95.628924 0.0 0.4
40.346351 -95.623674 0.0 0.4
40.336225999999996 -95.624015 0.0 0.4
40.329297 -95.63380699999999 0.0 0.4
40.326549 -95.64479399999999 0.0 0.4
40.321065 -95.65513 0.0 0.4
40.310856 -95.65732799999999 0.0 0.4
40.30617 -95.648305 0.0 0.4
40.307674999999996 -95.63631 0.0 0.4
40.311568 -95.625265 0.0 0.4
40.314233 -95.613479 0.0 0.4
40.311648999999996 -95.60304699999999 0.0 0.4
40.306494 -95.59441299999999 0.0 0.4
40.300847 -95.58497899999999 0.0 0.4
40.29947 -95.57457 0.0 0.4
40.297911 -95.563805 0.0 0.4
40.291157999999996 -95.553292 0.0 0.4
40.281061 -95.55148799999999 0.0 0.4
40.270761 -95.556275 0.0 0.4
40.260687 -95.543737 0.0 0.4
40.251129 -95.524172 0.0 0.4
40.248888 -95.507295 0.0 0.4
40.249559999999995 -95.493405 0.0 0.4
40.24508 -95.48071 0.0 0.4
40.236078 -95.47254799999999 0.0 0.4
40.225497999999995 -95.46991299999999 0.0 0.4
40.215334999999996 -95.472363 0.0 0.4
40.205726999999996 -95.47984199999999 0.0 0.4
40.194863 -95.48276399999999 0.0 0.4
40.183844 -95.47792 0.0 0.4
40.175578 -95.469466 0.0 0.4
40.168251 -95.458754 0.0 0.4
40.165475 -95.448898 0.0 0.4
40.160779999999995 -95.43856199999999 0.0 0.4
40.149806999999996 -95.433393 0.0 0.4
40.139162999999996 -95.43135099999999 0.0 0.4
40.132236999999996 -95.42366 0.0 0.4
40.130376999999996 -95.410663 0.0 0.4
40.127293 -95.400266 0.0 0.4
40.119842999999996 -95.393577 0.0 0.4
40.108263 -95.394216 0.0 0.4
40.101061 -95.40399099999999 0.0 0.4
40.091043 -95.41075099999999 0.0 0.4
40.079722 -95.408389 0.0 0.4
40.070926 -95.413439 0.0 0.4
40.062599 -95.420643 0.0 0.4
40.052453 -95.42047 0.0 0.4
40.041517 -95.415829 0.0 0.4
40.033111999999996 -95.40726099999999 0.0 0.4
40.028037999999995 -95.39585799999999 0.0 0.4
40.02706 -95.385661 0.0 0.4
40.028802 -95.37525699999999 0.0 0.4
40.031498 -95.36398299999999 0.0 0.4
40.030789 -95.35372199999999 0.0 0.4
40.024584999999995 -95.34205 0.0 0.4
40.017832 -95.333731 0.0 0.4
40.014385 -95.32385599999999 0.0 0.4
40.009395 -95.31221099999999 0.0 0.4
39.999998 -95.30829 0.0 0.4
39.999998 -95.319772 0.0 0.4
39.999998 -95.329899 0.0 0.4
39.999998999999995 -95.345502 0.0 0.4
39.99999 -95.357507 0.0 0.4
39.999953 -95.36796199999999 0.0 0.4
39.999983 -95.382832 0.0 0.4
39.99996 -95.393446 0.0 0.4
39.999975 -95.405734 0.0 0.4
40.000150999999995 -95.415796 0.0 0.4
40.000157 -95.42629099999999 0.0 0.4
40.000208 -95.437051 0.0 0.4
40.000276 -95.44934099999999 0.0 0.4
40.000011 -95.46201599999999 0.0 0.4
40.000054999999996 -95.473349 0.0 0.4
40.000088999999996 -95.48423 0.0 0.4
40.000122 -95.49693599999999 0.0 0.4
40.000133999999996 -95.509045 0.0 0.4
40.00015 -95.520421 0.0 0.4
40.000159 -95.532629 0.0 0.4
40.000209 -95.54400799999999 0.0 0.4
40.000212 -95.556826 0.0 0.4
40.000239 -95.567171 0.0 0.4
40.000254999999996 -95.580978 0.0 0.4
40.000256 -95.594467 0.0 0.4
40.000246 -95.606765 0.0 0.4
40.000288 -95.6177 0.0 0.4
40.000292 -95.627805 0.0 0.4
40.000321 -95.639153 0.0 0.4
40.000338 -95.649245 0.0 0.4
40.000349 -95.660764 0.0 0.4
40.000343 -95.67100599999999 0.0 0.4
40.000347 -95.681028 0.0 0.4
40.000386 -95.691829 0.0 0.4
40.0004 -95.70254899999999 0.0 0.4
40.000436 -95.71297799999999 0.0 0.4
40.00046 -95.723196 0.0 0.4
40.00045 -95.733813 0.0 0.4
40.000457 -95.743875 0.0 0.4
40.000444 -95.75616099999999 0.0 0.4
40.000445 -95.766995 0.0 0.4
40.000440999999995 -95.77777599999999 0.0 0.4
40.00046 -95.78783299999999 0.0 0.4
40.000487 -95.79827999999999 0.0 0.4
40.000471999999995 -95.80973499999999 0.0 0.4
40.000504 -95.82062599999999 0.0 0.4
40.000504 -95.83115699999999 0.0 0.4
40.000505 -95.842334 0.0 0.4
40.000623999999995 -95.85575899999999 0.0 0.4
40.000693 -95.86754599999999 0.0 0.4
40.000471999999995 -95.882171 0.0 0.4
40.000603 -95.8974 0.0 0.4
40.000589 -95.90950199999999 0.0 0.4
40.000512 -95.927493 0.0 0.4
40.000547 -95.939842 0.0 0.4
40.000557 -95.95285 0.0 0.4
40.00058 -95.963538 0.0 0.4
40.000582 -95.975262 0.0 0.4
40.000625 -95.99184799999999 0.0 0.4
40.000634999999996 -96.002158 0.0 0.4
40.000674 -96.01393399999999 0.0 0.4
40.000703 -96.02427499999999 0.0 0.4
40.000704999999996 -96.037615 0.0 0.4
40.000706 -96.049538 0.0 0.4
40.000693 -96.059597 0.0 0.4
40.000645999999996 -96.070853 0.0 0.4
40.000712 -96.081486 0.0 0.4
40.000703 -96.096379 0.0 0.4
40.000727 -96.108701 0.0 0.4
40.000746 -96.11901399999999 0.0 0.4
40.000479 -96.147167 0.0 0.4
40.000771 -96.157292 0.0 0.4
40.000800000000005 -96.167512 0.0 0.4
40.000828999999996 -96.17756899999999 0.0 0.4
40.000842 -96.188676 0.0 0.4
40.000837 -96.19934099999999 0.0 0.4
40.000823 -96.211812 0.0 0.4
40.000859999999996 -96.223777 0.0 0.4
40.000927999999995 -96.233981 0.0 0.4
40.000602 -96.244474 0.0 0.4
40.000884 -96.256625 0.0 0.4
40.000845 -96.269549 0.0 0.4
40.000856 -96.280711 0.0 0.4
40.000878 -96.29590499999999 0.0 0.4
40.000856 -96.306648 0.0 0.4
40.0009 -96.317037 0.0 0.4
40.00094 -96.32744699999999 0.0 0.4
40.000912 -96.337904 0.0 0.4
40.000949999999996 -96.348288 0.0 0.4
40.000966 -96.360025 0.0 0.4
40.000976 -96.370075 0.0 0.4
40.000983999999995 -96.38301799999999 0.0 0.4
40.000982 -96.396681 0.0 0.4
40.000997 -96.407044 0.0 0.4
40.001003 -96.41716 0.0 0.4
40.001028999999996 -96.428632 0.0 0.4
40.001024 -96.440899 0.0 0.4
40.001025 -96.450942 0.0 0.4
40.001022 -96.46134599999999 0.0 0.4
40.001025999999996 -96.472072 0.0 0.4
40.001002 -96.482554 0.0 0.4
40.001039 -96.495733 0.0 0.4
40.001008 -96.506131 0.0 0.4
40.001037 -96.51991799999999 0.0 0.4
40.000983 -96.530587 0.0 0.4
40.00109 -96.541941 0.0 0.4
40.001121999999995 -96.552624 0.0 0.4
40.001024 -96.56382099999999 0.0 0.4
40.001123 -96.576591 0.0 0.4
40.000947 -96.58680299999999 0.0 0.4
40.000876 -96.600965 0.0 0.4
40.001051 -96.611066 0.0 0.4
40.001265 -96.621315 0.0 0.4
40.001273999999995 -96.632525 0.0 0.4
40.001317 -96.642935 0.0 0.4
40.001325 -96.65307899999999 0.0 0.4
40.001318999999995 -96.663145 0.0 0.4
40.001352 -96.674363 0.0 0.4
40.001346 -96.68793099999999 0.0 0.4
40.001376 -96.698374 0.0 0.4
40.0015 -96.70933099999999 0.0 0.4
40.001507 -96.719606 0.0 0.4
40.001442 -96.729958 0.0 0.4
40.001439 -96.74192 0.0 0.4
40.001414 -96.754187 0.0 0.4
40.001419 -96.765354 0.0 0.4
40.001469 -96.784268 0.0 0.4
40.001459 -96.79451 0.0 0.4
40.001495999999996 -96.805345 0.0 0.4
40.001501 -96.817358 0.0 0.4
40.001559 -96.838543 0.0 0.4
40.001529 -96.850269 0.0 0.4
40.001505 -96.860693 0.0 0.4
40.001478999999996 -96.872171 0.0 0.4
40.001501999999995 -96.882589 0.0 0.4
40.001476 -96.896155 0.0 0.4
40.001487 -96.907952 0.0 0.4
40.001529999999995 -96.918002 0.0 0.4
40.001497 -96.92858199999999 0.0 0.4
40.001497 -96.939944 0.0 0.4
40.001508 -96.954205 0.0 0.4
40.001518999999995 -96.96534799999999 0.0 0.4
40.001543999999996 -96.977738 0.0 0.4
40.001528 -96.989845 0.0 0.4
40.001531 -97.000006 0.0 0.4
40.001439 -97.01020299999999 0.0 0.4
40.001346999999996 -97.029467 0.0 0.4
40.001382 -97.04015899999999 0.0 0.4
40.001391 -97.059523 0.0 0.4
40.001540999999996 -97.081195 0.0 0.4
40.001627 -97.091308 0.0 0.4
40.001728 -97.104754 0.0 0.4
40.001639 -97.118675 0.0 0.4
40.001861999999996 -97.132981 0.0 0.4
40.001585 -97.14415199999999 0.0 0.4
40.0015 -97.16093099999999 0.0 0.4
40.001450999999996 -97.172135 0.0 0.4
40.001777 -97.18234799999999 0.0 0.4
40.001807 -97.19238299999999 0.0 0.4
40.00185 -97.202866 0.0 0.4
40.001222999999996 -97.21699799999999 0.0 0.4
40.001309 -97.23359599999999 0.0 0.4
40.001512 -97.245164 0.0 0.4
40.001805999999995 -97.25592499999999 0.0 0.4
40.001944 -97.26741 0.0 0.4
40.001985 -97.27962099999999 0.0 0.4
40.002006 -97.290683 0.0 0.4
40.001993999999996 -97.302134 0.0 0.4
40.001982 -97.312406 0.0 0.4
40.001968 -97.32350199999999 0.0 0.4
40.001973 -97.33473099999999 0.0 0.4
40.002005 -97.345615 0.0 0.4
40.002009 -97.359889 0.0 0.4
40.001974 -97.369951 0.0 0.4
40.001957999999995 -97.38118999999999 0.0 0.4
40.001965 -97.395697 0.0 0.4
40.001975 -97.406849 0.0 0.4
40.002001 -97.417062 0.0 0.4
40.002002 -97.434792 0.0 0.4
40.002005 -97.446598 0.0 0.4
40.002024999999996 -97.458304 0.0 0.4
40.001906999999996 -97.471993 0.0 0.4
40.001697 -97.487946 0.0 0.4
40.001999 -97.49896 0.0 0.4
40.002096 -97.509123 0.0 0.4
40.002033 -97.528446 0.0 0.4
40.002026 -97.53864899999999 0.0 0.4
40.002022 -97.548806 0.0 0.4
40.002022 -97.55959899999999 0.0 0.4
40.002037 -97.571556 0.0 0.4
40.002061999999995 -97.58469799999999 0.0 0.4
40.00206 -97.595269 0.0 0.4
40.002063 -97.606078 0.0 0.4
40.002047 -97.61761899999999 0.0 0.4
40.00208 -97.62825 0.0 0.4
40.002106999999995 -97.642259 0.0 0.4
40.002106999999995 -97.654833 0.0 0.4
40.002133 -97.66923399999999 0.0 0.4
40.00213 -97.682735 0.0 0.4
40.002145999999996 -97.69354399999999 0.0 0.4
40.002128 -97.707017 0.0 0.4
40.002136 -97.71959799999999 0.0 0.4
40.002151 -97.729666 0.0 0.4
40.002122 -97.74034999999999 0.0 0.4
40.002151999999995 -97.752752 0.0 0.4
40.002134999999996 -97.76330999999999 0.0 0.4
40.002258999999995 -97.774762 0.0 0.4
40.002063 -97.791281 0.0 0.4
40.002051 -97.80265 0.0 0.4
40.002058999999996 -97.81296499999999 0.0 0.4
40.002049 -97.82425699999999 0.0 0.4
40.00205 -97.835139 0.0 0.4
40.002066 -97.852256 0.0 0.4
40.002063 -97.864978 0.0 0.4
40.002074 -97.875688 0.0 0.4
40.002078 -97.887112 0.0 0.4
40.00208 -97.89746 0.0 0.4
40.002082 -97.907828 0.0 0.4
40.00208 -97.92778899999999 0.0 0.4
40.002086 -97.940962 0.0 0.4
40.002098 -97.951995 0.0 0.4
40.002119 -97.962576 0.0 0.4
40.002109 -97.973512 0.0 0.4
40.002144 -97.986621 0.0 0.4
40.002195 -97.997626 0.0 0.4
40.002266 -98.010142 0.0 0.4
40.002195 -98.030322 0.0 0.4
40.002187 -98.042768 0.0 0.4
40.002283 -98.053178 0.0 0.4
40.002353 -98.067151 0.0 0.4
40.002263 -98.087239 0.0 0.4
40.002227999999995 -98.09876299999999 0.0 0.4
40.002266 -98.111052 0.0 0.4
40.002277 -98.12159899999999 0.0 0.4
40.002292 -98.132481 0.0 0.4
40.002274 -98.142603 0.0 0.4
40.002206 -98.153559 0.0 0.4
40.00241 -98.17042 0.0 0.4
40.002496 -98.180814 0.0 0.4
40.002384 -98.193947 0.0 0.4
40.002369 -98.206756 0.0 0.4
40.002372 -98.219875 0.0 0.4
40.002393999999995 -98.236108 0.0 0.4
40.002371 -98.249377 0.0 0.4
40.00249 -98.26821799999999 0.0 0.4
40.002443 -98.279505 0.0 0.4
40.002463 -98.29004599999999 0.0 0.4
40.002452 -98.300592 0.0 0.4
40.002458 -98.311475 0.0 0.4
40.002472 -98.323709 0.0 0.4
40.002423 -98.336944 0.0 0.4
40.002415 -98.348869 0.0 0.4
40.002415 -98.362374 0.0 0.4
40.002399 -98.373401 0.0 0.4
40.002403 -98.38697499999999 0.0 0.4
40.002415 -98.397522 0.0 0.4
40.002441 -98.40862399999999 0.0 0.4
40.002444 -98.41901999999999 0.0 0.4
40.002398 -98.42948899999999 0.0 0.4
40.002376 -98.440438 0.0 0.4
40.002361 -98.45118 0.0 0.4
40.002404 -98.461727 0.0 0.4
40.00243 -98.471882 0.0 0.4
40.002399 -98.48333 0.0 0.4
40.002393999999995 -98.49436899999999 0.0 0.4
40.002291 -98.504455 0.0 0.4
40.002446 -98.51893899999999 0.0 0.4
40.002311999999996 -98.53034 0.0 0.4
40.002272 -98.54195 0.0 0.4
40.002432 -98.556991 0.0 0.4
40.002341 -98.567448 0.0 0.4
40.002381 -98.578015 0.0 0.4
40.002474 -98.59340999999999 0.0 0.4
40.002382999999995 -98.60683 0.0 0.4
40.002395 -98.618168 0.0 0.4
40.002367 -98.629621 0.0 0.4
40.002431 -98.64026799999999 0.0 0.4
40.002393 -98.652529 0.0 0.4
40.00241 -98.669724 0.0 0.4
40.00246 -98.68170599999999 0.0 0.4
40.002466 -98.691931 0.0 0.4
40.002389 -98.702702 0.0 0.4
40.002205 -98.719927 0.0 0.4
40.002320999999995 -98.730554 0.0 0.4
40.002277 -98.74139799999999 0.0 0.4
40.002293 -98.75348699999999 0.0 0.4
40.002317999999995 -98.76368599999999 0.0 0.4
40.002306 -98.774461 0.0 0.4
40.002375 -98.787385 0.0 0.4
40.002348999999995 -98.798036 0.0 0.4
40.002385 -98.80841099999999 0.0 0.4
40.002365 -98.818686 0.0 0.4
40.002406 -98.831609 0.0 0.4
40.002339 -98.841971 0.0 0.4
40.002359999999996 -98.852357 0.0 0.4
40.002395 -98.863378 0.0 0.4
40.002336 -98.873992 0.0 0.4
40.002285 -98.886996 0.0 0.4
40.002303 -98.898158 0.0 0.4
40.002266 -98.909255 0.0 0.4
40.002293 -98.921889 0.0 0.4
40.002188 -98.933916 0.0 0.4
40.002299 -98.951549 0.0 0.4
40.002289 -98.962839 0.0 0.4
40.002193999999996 -98.991593 0.0 0.4
40.002241 -99.003226 0.0 0.4
40.002209 -99.014686 0.0 0.4
40.002226 -99.02600000000001 0.0 0.4
40.002196 -99.036203 0.0 0.4
40.002202 -99.046415 0.0 0.4
40.002255 -99.059596 0.0 0.4
40.002345 -99.070015 0.0 0.4
40.002296 -99.080231 0.0 0.4
40.002154999999995 -99.097163 0.0 0.4
40.002179 -99.107174 0.0 0.4
40.002174 -99.117875 0.0 0.4
40.002116 -99.13237199999999 0.0 0.4
40.002089 -99.14332399999999 0.0 0.4
40.002131 -99.15427799999999 0.0 0.4
40.002103 -99.164418 0.0 0.4
40.001975 -99.17913399999999 0.0 0.4
40.002030999999995 -99.197805 0.0 0.4
40.002022 -99.209273 0.0 0.4
40.002055 -99.22047599999999 0.0 0.4
40.00205 -99.233181 0.0 0.4
40.002058 -99.243218 0.0 0.4
40.002055999999996 -99.25403399999999 0.0 0.4
40.002019 -99.26742 0.0 0.4
40.002001 -99.278162 0.0 0.4
40.002026 -99.28828999999999 0.0 0.4
40.001812 -99.309801 0.0 0.4
40.001833 -99.33844099999999 0.0 0.4
40.001914 -99.34989 0.0 0.4
40.001861 -99.36677399999999 0.0 0.4
40.002057 -99.385054 0.0 0.4
40.001968999999995 -99.40338899999999 0.0 0.4
40.00192 -99.414065 0.0 0.4
40.002241 -99.429045 0.0 0.4
40.002167 -99.44047499999999 0.0 0.4
40.002123999999995 -99.451358 0.0 0.4
40.002072 -99.461435 0.0 0.4
40.001944 -99.47680000000001 0.0 0.4
40.001988999999995 -99.48691799999999 0.0 0.4
40.001911 -99.497542 0.0 0.4
40.001982999999996 -99.511448 0.0 0.4
40.001977 -99.523523 0.0 0.4
40.001957 -99.534752 0.0 0.4
40.001957999999995 -99.546641 0.0 0.4
40.001945 -99.562483 0.0 0.4
40.001923999999995 -99.576455 0.0 0.4
40.00188 -99.588155 0.0 0.4
40.00187 -99.60180299999999 0.0 0.4
40.001858999999996 -99.615675 0.0 0.4
40.001857 -99.626179 0.0 0.4
40.001819 -99.63682399999999 0.0 0.4
40.001818 -99.647121 0.0 0.4
40.00181 -99.661029 0.0 0.4
40.001823 -99.67295 0.0 0.4
40.001827 -99.684865 0.0 0.4
40.001813 -99.69492299999999 0.0 0.4
40.001796 -99.70561699999999 0.0 0.4
40.001824 -99.715919 0.0 0.4
40.001815 -99.727114 0.0 0.4
40.001754 -99.737484 0.0 0.4
40.001694 -99.749951 0.0 0.4
40.001551 -99.764214 0.0 0.4
40.001695999999995 -99.77422299999999 0.0 0.4
40.001492 -99.79890999999999 0.0 0.4
40.001362 -99.81343299999999 0.0 0.4
40.001549 -99.82601199999999 0.0 0.4
40.001579 -99.836806 0.0 0.4
40.001614 -99.847605 0.0 0.4
40.001548 -99.86547399999999 0.0 0.4
40.001664 -99.884906 0.0 0.4
40.001596 -99.895558 0.0 0.4
40.001618 -99.90660299999999 0.0 0.4
40.001644 -99.91746099999999 0.0 0.4
40.001567 -99.941105 0.0 0.4
40.001748 -99.95769899999999 0.0 0.4
40.001563 -99.984617 0.0 0.4
40.001633999999996 -99.99463 0.0 0.4
40.001656 -100.005202 0.0 0.4
40.001652 -100.015366 0.0 0.4
40.001642 -100.025754 0.0 0.4
40.001642 -100.036512 0.0 0.4
40.001638 -100.052589 0.0 0.4
40.001667999999995 -100.064919 0.0 0.4
40.001536 -100.075047 0.0 0.4
40.001598 -100.085564 0.0 0.4
40.001598 -100.095622 0.0 0.4
40.001643 -100.106822 0.0 0.4
40.001656 -100.117617 0.0 0.4
40.001653999999995 -100.128964 0.0 0.4
40.001642 -100.139957 0.0 0.4
40.001650999999995 -100.150034 0.0 0.4
40.001638 -100.16033 0.0 0.4
40.001624 -100.174945 0.0 0.4
40.001636999999995 -100.185523 0.0 0.4
40.00166 -100.19645 0.0 0.4
40.001655 -100.207196 0.0 0.4
40.001656 -100.218754 0.0 0.4
40.001664999999996 -100.229044 0.0 0.4
40.001630999999996 -100.240757 0.0 0.4
40.001639999999995 -100.252123 0.0 0.4
40.001698999999995 -100.262187 0.0 0.4
40.001703 -100.275823 0.0 0.4
40.001715 -100.287698 0.0 0.4
40.001754 -100.299208 0.0 0.4
40.001729999999995 -100.311576 0.0 0.4
40.001688 -100.321594 0.0 0.4
40.001768 -100.33183 0.0 0.4
40.001805 -100.343224 0.0 0.4
40.001836 -100.359429 0.0 0.4
40.001827999999996 -100.369765 0.0 0.4
40.001801 -100.379957 0.0 0.4
40.001843 -100.390042 0.0 0.4
40.001807 -100.402451 0.0 0.4
40.00176 -100.412456 0.0 0.4
40.001751 -100.430453 0.0 0.4
40.001899 -100.44048 0.0 0.4
40.001776 -100.450587 0.0 0.4
40.001737999999996 -100.463463 0.0 0.4
40.001846 -100.474419 0.0 0.4
40.001934999999996 -100.485189 0.0 0.4
40.001714 -100.49558 0.0 0.4
40.00181 -100.509522 0.0 0.4
40.001849 -100.519681 0.0 0.4
40.001906999999996 -100.532003 0.0 0.4
40.001903 -100.542846 0.0 0.4
40.001926 -100.553106 0.0 0.4
40.001892999999995 -100.564121 0.0 0.4
40.00192 -100.574404 0.0 0.4
40.001940999999995 -100.584429 0.0 0.4
40.001794 -100.594522 0.0 0.4
40.001906999999996 -100.604924 0.0 0.4
40.001978 -100.615071 0.0 0.4
40.002005 -100.62525 0.0 0.4
40.002066 -100.635259 0.0 0.4
40.001968 -100.64533 0.0 0.4
40.002035 -100.656876 0.0 0.4
40.002022 -100.668627 0.0 0.4
40.0021 -100.679095 0.0 0.4
40.002103999999996 -100.691642 0.0 0.4
40.002119 -100.702721 0.0 0.4
40.002127 -100.720435 0.0 0.4
40.002136 -100.730442 0.0 0.4
40.002128 -100.741118 0.0 0.4
40.002102 -100.751135 0.0 0.4
40.002302 -100.76119 0.0 0.4
40.002289 -100.775491 0.0 0.4
40.002268 -100.789087 0.0 0.4
40.002238999999996 -100.801415 0.0 0.4
40.002230999999995 -100.813793 0.0 0.4
40.002213 -100.827484 0.0 0.4
40.002190999999996 -100.844197 0.0 0.4
40.002173 -100.859356 0.0 0.4
40.002158 -100.869874 0.0 0.4
40.002157 -100.882852 0.0 0.4
40.002159999999996 -100.893885 0.0 0.4
40.002168 -100.904904 0.0 0.4
40.002178 -100.917129 0.0 0.4
40.002159999999996 -100.928148 0.0 0.4
40.002209 -100.938217 0.0 0.4
40.002207 -100.949364 0.0 0.4
40.002254 -100.961074 0.0 0.4
40.002277 -100.973124 0.0 0.4
40.002277 -100.983924 0.0 0.4
40.002289999999995 -100.994016 0.0 0.4
40.002292 -101.005689 0.0 0.4
40.002311 -101.018746 0.0 0.4
40.002263 -101.029228 0.0 0.4
40.002275999999995 -101.039384 0.0 0.4
40.002359 -101.060361 0.0 0.4
40.002362999999995 -101.072055 0.0 0.4
40.002421999999996 -101.084083 0.0 0.4
40.002447 -101.096033 0.0 0.4
40.002449 -101.109511 0.0 0.4
40.002471 -101.121807 0.0 0.4
40.002472 -101.135819 0.0 0.4
40.002551 -101.15218 0.0 0.4
40.002547 -101.164528 0.0 0.4
40.002465 -101.176805 0.0 0.4
40.002480999999996 -101.186892 0.0 0.4
40.002517 -101.199797 0.0 0.4
40.002514 -101.210063 0.0 0.4
40.002536 -101.221909 0.0 0.4
40.002548999999995 -101.232038 0.0 0.4
40.00255 -101.24357 0.0 0.4
40.00255 -101.254029 0.0 0.4
40.002575 -101.264772 0.0 0.4
40.002555 -101.274849 0.0 0.4
40.002553 -101.286225 0.0 0.4
40.002586 -101.299428 0.0 0.4
40.00266 -101.312766 0.0 0.4
40.002696 -101.323652 0.0 0.4
40.00268 -101.335318 0.0 0.4
40.002632 -101.346464 0.0 0.4
40.00264 -101.359086 0.0 0.4
40.002629999999996 -101.369704 0.0 0.4
40.002648 -101.382302 0.0 0.4
40.002618999999996 -101.392773 0.0 0.4
40.002618999999996 -101.403314 0.0 0.4
40.002406 -101.415887 0.0 0.4
40.002606 -101.426424 0.0 0.4
40.002615 -101.439711 0.0 0.4
40.002621 -101.451674 0.0 0.4
40.002583 -101.466366 0.0 0.4
40.002632 -101.476508 0.0 0.4
40.002657 -101.487538 0.0 0.4
40.00266 -101.499094 0.0 0.4
40.002654 -101.511663 0.0 0.4
40.002621999999995 -101.521733 0.0 0.4
40.002672 -101.532946 0.0 0.4
40.002665 -101.546671 0.0 0.4
40.002724 -101.556765 0.0 0.4
40.002693 -101.568818 0.0 0.4
40.002713 -101.57964 0.0 0.4
40.002703 -101.597806 0.0 0.4
40.00269 -101.624635 0.0 0.4
40.002812999999996 -101.63905 0.0 0.4
40.002834 -101.652959 0.0 0.4
40.002849 -101.663065 0.0 0.4
40.002869 -101.675664 0.0 0.4
40.002884 -101.685686 0.0 0.4
40.002886 -101.699368 0.0 0.4
40.002874 -101.712737 0.0 0.4
40.002851 -101.746106 0.0 0.4
40.002871999999996 -101.769344 0.0 0.4
40.00289 -101.780739 0.0 0.4
40.002752 -101.804862 0.0 0.4
40.002956 -101.822794 0.0 0.4
40.002818999999995 -101.840735 0.0 0.4
40.003007 -101.855207 0.0 0.4
40.003023 -101.865489 0.0 0.4
40.003164 -101.883009 0.0 0.4
40.003155 -101.901495 0.0 0.4
40.002997 -101.911531 0.0 0.4
40.003015999999995 -101.931809 0.0 0.4
40.003011 -101.942075 0.0 0.4
40.003006 -101.953641 0.0 0.4
40.003 -101.973297 0.0 0.4
40.002995 -101.985068 0.0 0.4
40.002984999999995 -101.999092 0.0 0.4
40.003049999999995 -102.00912 0.0 0.4
40.003094999999995 -102.020537 0.0 0.4
40.003087 -102.035694 0.0 0.4
40.003077999999995 -102.051744 0.0 0.4
40.013985999999996 -102.051759 0.0 0.4
40.026395 -102.051774 0.0 0.4
40.037591 -102.051789 0.0 0.4
40.060708 -102.051818 0.0 0.4
40.088529 -102.051858 0.0 0.4
40.111686999999996 -102.051826 0.0 0.4
40.124991 -102.051838 0.0 0.4
40.148209 -102.051971 0.0 0.4
40.159054 -102.051783 0.0 0.4
40.174633 -102.051721 0.0 0.4
40.185409 -102.051868 0.0 0.4
40.201350999999995 -102.051968 0.0 0.4
40.212553 -102.051707 0.0 0.4
40.223282 -102.05164 0.0 0.4
40.233471 -102.051577 0.0 0.4
40.249992 -102.05167900000001 0.0 0.4
40.264869 -102.051639 0.0 0.4
40.280559 -102.051601 0.0 0.4
40.297951 -102.051512 0.0 0.4
40.310216 -102.051448 0.0 0.4
40.322213 -102.05139 0.0 0.4
40.338381 -102.051309 0.0 0.4
40.349213 -102.051586 0.0 0.4
40.360003 -102.051797 0.0 0.4
40.374995 -102.051555 0.0 0.4
40.393027 -102.051444 0.0 0.4
40.410895 -102.051628 0.0 0.4
40.440008 -102.051465 0.0 0.4
40.453016999999996 -102.051487 0.0 0.4
40.465508 -102.051509 0.0 0.4
40.481299 -102.051381 0.0 0.4
40.500023 -102.051554 0.0 0.4
40.51996 -102.051513 0.0 0.4
40.531095 -102.051506 0.0 0.4
40.541697 -102.05153 0.0 0.4
40.551981999999995 -102.05153 0.0 0.4
40.563046 -102.051509 0.0 0.4
40.574646 -102.051497 0.0 0.4
40.586603 -102.051506 0.0 0.4
40.597238 -102.05149 0.0 0.4
40.608235 -102.05151 0.0 0.4
40.619883 -102.051485 0.0 0.4
40.630874999999996 -102.051485 0.0 0.4
40.641605 -102.051489 0.0 0.4
40.653199 -102.051482 0.0 0.4
40.663385999999996 -102.051477 0.0 0.4
40.673783 -102.051451 0.0 0.4
40.683915999999996 -102.051483 0.0 0.4
40.695558 -102.051451 0.0 0.4
40.705864 -102.051452 0.0 0.4
40.716454 -102.051448 0.0 0.4
40.726645 -102.051435 0.0 0.4
40.736892 -102.051423 0.0 0.4
40.749586 -102.051416 0.0 0.4
40.761016 -102.051441 0.0 0.4
40.772573 -102.051428 0.0 0.4
40.783432999999995 -102.051429 0.0 0.4
40.793617999999995 -102.051434 0.0 0.4
40.804142 -102.051462 0.0 0.4
40.81427 -102.051454 0.0 0.4
40.825860999999996 -102.051475 0.0 0.4
40.836513 -102.051483 0.0 0.4
40.846602 -102.051498 0.0 0.4
40.857849 -102.0515 0.0 0.4
40.867858999999996 -102.051513 0.0 0.4
40.878189 -102.051548 0.0 0.4
40.889019 -102.05153 0.0 0.4
40.900237 -102.051539 0.0 0.4
40.913596 -102.05154 0.0 0.4
40.923803 -102.051547 0.0 0.4
40.937875999999996 -102.051545 0.0 0.4
40.948107 -102.051585 0.0 0.4
40.959634 -102.051566 0.0 0.4
40.971027 -102.051552 0.0 0.4
40.982175999999995 -102.051575 0.0 0.4
40.994279 -102.051565 0.0 0.4
41.002367 -102.059643 0.0 0.4
41.002416 -102.070284 0.0 0.4
41.002398 -102.089219 0.0 0.4
41.002393999999995 -102.101834 0.0 0.4
41.002354 -102.119051 0.0 0.4
41.002462 -102.132913 0.0 0.4
41.002449999999996 -102.147391 0.0 0.4
41.002441 -102.163733 0.0 0.4
41.002435999999996 -102.177337 0.0 0.4
41.002451 -102.188651 0.0 0.4
41.00244 -102.207763 0.0 0.4
41.002325 -102.224445 0.0 0.4
41.002339 -102.237144 0.0 0.4
41.002362 -102.247851 0.0 0.4
41.002407999999996 -102.258054 0.0 0.4
41.002265 -102.271468 0.0 0.4
41.002317999999995 -102.287538 0.0 0.4
41.002207999999996 -102.319012 0.0 0.4
41.002198 -102.332655 0.0 0.4
41.002189 -102.344872 0.0 0.4
41.002347 -102.355329 0.0 0.4
41.002407 -102.369057 0.0 0.4
41.002449 -102.379065 0.0 0.4
41.002443 -102.389849 0.0 0.4
41.002444 -102.40257 0.0 0.4
41.002447 -102.429974 0.0 0.4
41.002384 -102.45965 0.0 0.4
41.002438999999995 -102.470143 0.0 0.4
41.002426 -102.482017 0.0 0.4
41.00234 -102.500466 0.0 0.4
41.002302 -102.517155 0.0 0.4
41.002278 -102.527852 0.0 0.4
41.002247 -102.542646 0.0 0.4
41.0022 -102.556721 0.0 0.4
41.0022 -102.575496 0.0 0.4
41.002417 -102.598251 0.0 0.4
41.002597 -102.620476 0.0 0.4
41.002345999999996 -102.636728 0.0 0.4
41.002336 -102.649657 0.0 0.4
41.002328 -102.659782 0.0 0.4
41.00232 -102.670737 0.0 0.4
41.002334 -102.687718 0.0 0.4
41.002241 -102.705511 0.0 0.4
41.002188 -102.729722 0.0 0.4
41.002212 -102.74225 0.0 0.4
41.002359999999996 -102.754586 0.0 0.4
41.002275999999995 -102.766606 0.0 0.4
41.002317 -102.792815 0.0 0.4
41.002143 -102.827237 0.0 0.4
41.002271 -102.84374 0.0 0.4
41.002083 -102.860734 0.0 0.4
41.002333 -102.875551 0.0 0.4
41.002134 -102.88559 0.0 0.4
41.002207 -102.904851 0.0 0.4
41.002142 -102.923973 0.0 0.4
41.00205 -102.943159 0.0 0.4
41.002159 -102.955106 0.0 0.4
41.002176999999996 -102.965702 0.0 0.4
41.002112 -102.981482 0.0 0.4
41.002311999999996 -103.000967 0.0 0.4
41.002447 -103.01953 0.0 0.4
41.002251 -103.038704 0.0 0.4
41.002306999999995 -103.058534 0.0 0.4
41.002227 -103.076787 0.0 0.4
41.002309 -103.090257 0.0 0.4
41.002342 -103.115004 0.0 0.4
41.002158 -103.125489 0.0 0.4
41.002238999999996 -103.136954 0.0 0.4
41.002221999999996 -103.153364 0.0 0.4
41.002083999999996 -103.165265 0.0 0.4
41.002108 -103.179665 0.0 0.4
41.002075 -103.191051 0.0 0.4
41.002247 -103.210741 0.0 0.4
41.002235999999996 -103.229885 0.0 0.4
41.002176 -103.241775 0.0 0.4
41.00208 -103.268279 0.0 0.4
41.002035 -103.280694 0.0 0.4
41.00196 -103.297172 0.0 0.4
41.001864 -103.315433 0.0 0.4
41.001826 -103.334092 0.0 0.4
41.001833999999995 -103.345511 0.0 0.4
41.001844 -103.362979 0.0 0.4
41.002299 -103.37548699999999 0.0 0.4
41.002496 -103.394054 0.0 0.4
41.002234 -103.404402 0.0 0.4
41.00192 -103.415207 0.0 0.4
41.001977 -103.427335 0.0 0.4
41.001827 -103.441808 0.0 0.4
41.001794 -103.454432 0.0 0.4
41.001847 -103.464714 0.0 0.4
41.001914 -103.486697 0.0 0.4
41.001639999999995 -103.497424 0.0 0.4
41.001504 -103.525526 0.0 0.4
41.001429 -103.536052 0.0 0.4
41.001518999999995 -103.547875 0.0 0.4
41.001625 -103.560329 0.0 0.4
41.001697 -103.570973 0.0 0.4
41.00172 -103.591594 0.0 0.4
41.001702 -103.615288 0.0 0.4
41.001542 -103.625494 0.0 0.4
41.001649 -103.636282 0.0 0.4
41.001574999999995 -103.646515 0.0 0.4
41.001526999999996 -103.657267 0.0 0.4
41.001442 -103.669054 0.0 0.4
41.001627 -103.679775 0.0 0.4
41.001774999999995 -103.689892 0.0 0.4
41.001734 -103.700908 0.0 0.4
41.001688 -103.711755 0.0 0.4
41.001624 -103.722953 0.0 0.4
41.001598 -103.73405 0.0 0.4
41.001567 -103.749378 0.0 0.4
41.001501 -103.759602 0.0 0.4
41.001484 -103.770311 0.0 0.4
41.00157 -103.783162 0.0 0.4
41.001765 -103.796086 0.0 0.4
41.001735 -103.811523 0.0 0.4
41.001683 -103.842737 0.0 0.4
41.001749 -103.858449 0.0 0.4
41.001728 -103.874218 0.0 0.4
41.001717 -103.886188 0.0 0.4
41.001832 -103.896207 0.0 0.4
41.001664 -103.907319 0.0 0.4
41.001715 -103.920168 0.0 0.4
41.001799 -103.9308 0.0 0.4
41.001692999999996 -103.942174 0.0 0.4
41.001670999999995 -103.952248 0.0 0.4
41.001532999999995 -103.97125199999999 0.0 0.4
41.001725 -103.987899 0.0 0.4
41.001816999999996 -104.000503 0.0 0.4
41.001683 -104.011008 0.0 0.4
41.001886999999996 -104.023383 0.0 0.4
41.001501999999995 -104.039238 0.0 0.4
41.001515 -104.049674 0.0 0.4
41.016808999999995 -104.053158 0.0 0.4
41.030533 -104.053094 0.0 0.4
41.042215999999996 -104.053094 0.0 0.4
41.061312 -104.0531 0.0 0.4
41.077891 -104.053157 0.0 0.4
41.089725 -104.053177 0.0 0.4
41.104985 -104.053083 0.0 0.4
41.124981999999996 -104.053436 0.0 0.4
41.14076 -104.053493 0.0 0.4
41.155232999999996 -104.05351 0.0 0.4
41.170539 -104.053423 0.0 0.4
41.180642999999996 -104.05336 0.0 0.4
41.195605 -104.053296 0.0 0.4
41.218151 -104.05317 0.0 0.4
41.240762 -104.053153 0.0 0.4
41.261044 -104.052903 0.0 0.4
41.272627 -104.052711 0.0 0.4
41.297941 -104.052568 0.0 0.4
41.316142 -104.0526 0.0 0.4
41.330562 -104.052686 0.0 0.4
41.346592 -104.052504 0.0 0.4
41.357045 -104.052516 0.0 0.4
41.367535 -104.05252899999999 0.0 0.4
41.393214 -104.052287 0.0 0.4
41.407588 -104.052289 0.0 0.4
41.418346 -104.052481 0.0 0.4
41.429866 -104.052522 0.0 0.4
41.440411999999995 -104.05254 0.0 0.4
41.451096 -104.052537 0.0 0.4
41.461816 -104.05254 0.0 0.4
41.475865 -104.052523 0.0 0.4
41.486204 -104.052396 0.0 0.4
41.498225999999995 -104.052437 0.0 0.4
41.509236 -104.052451 0.0 0.4
41.522828 -104.052372 0.0 0.4
41.533049999999996 -104.052493 0.0 0.4
41.546943 -104.052583 0.0 0.4
41.560497999999995 -104.052554 0.0 0.4
41.575568 -104.052601 0.0 0.4
41.592254 -104.052859 0.0 0.4
41.609068 -104.052825 0.0 0.4
41.621296 -104.052797 0.0 0.4
41.635963 -104.052803 0.0 0.4
41.652906 -104.052856 0.0 0.4
41.664297 -104.052791 0.0 0.4
41.674606 -104.052692 0.0 0.4
41.690422999999996 -104.05269 0.0 0.4
41.701496999999996 -104.052687 0.0 0.4
41.722716999999996 -104.052676 0.0 0.4
41.733306 -104.052834 0.0 0.4
41.746136 -104.05287 0.0 0.4
41.760978 -104.052881 0.0 0.4
41.771789 -104.052845 0.0 0.4
41.782786 -104.052847 0.0 0.4
41.797678999999995 -104.052828 0.0 0.4
41.809045 -104.052815 0.0 0.4
41.819932 -104.052791 0.0 0.4
41.830771 -104.052784 0.0 0.4
41.841705 -104.052765 0.0 0.4
41.851856 -104.052775 0.0 0.4
41.863229 -104.052793 0.0 0.4
41.873335 -104.052782 0.0 0.4
41.885335 -104.052765 0.0 0.4
41.896072 -104.052976 0.0 0.4
41.906138 -104.052728 0.0 0.4
41.916972 -104.052967 0.0 0.4
41.929005 -104.052791 0.0 0.4
41.941139 -104.052678 0.0 0.4
41.95476 -104.052631 0.0 0.4
41.969127 -104.0527 0.0 0.4
41.980221 -104.052764 0.0 0.4
41.990323 -104.05281 0.0 0.4
42.001689999999996 -104.052647 0.0 0.4
