43.600214 -72.329899 0.0 0.4
43.610018 -72.332966 0.0 0.4
43.620729 -72.33379 0.0 0.4
43.629357999999996 -72.327992 0.0 0.4
43.638467999999996 -72.323413 0.0 0.4
43.642671 -72.314167 0.0 0.4
43.653023999999995 -72.314533 0.0 0.4
43.661736999999995 -72.30917699999999 0.0 0.4
43.670114 -72.303271 0.0 0.4
43.680696 -72.30342399999999 0.0 0.4
43.690926999999995 -72.305469 0.0 0.4
43.701423999999996 -72.301028 0.0 0.4
43.709129999999995 -72.294574 0.0 0.4
43.716805 -72.28705099999999 0.0 0.4
43.724511 -72.280459 0.0 0.4
43.731888 -72.27284399999999 0.0 0.4
43.734711 -72.262712 0.0 0.4
43.739036999999996 -72.252916 0.0 0.4
43.743378 -72.243684 0.0 0.4
43.746711999999995 -72.23313999999999 0.0 0.4
43.755219 -72.226731 0.0 0.4
43.76339 -72.220277 0.0 0.4
43.767685 -72.211136 0.0 0.4
43.776253 -72.205292 0.0 0.4
43.786460999999996 -72.203751 0.0 0.4
43.792328 -72.195084 0.0 0.4
43.801201 -72.19021599999999 0.0 0.4
43.809021 -72.183517 0.0 0.4
43.818596 -72.18783499999999 0.0 0.4
43.829086 -72.184753 0.0 0.4
43.839134 -72.183105 0.0 0.4
43.849182 -72.185119 0.0 0.4
43.859508 -72.185861 0.0 0.4
43.866347999999995 -72.178161 0.0 0.4
43.868942 -72.168166 0.0 0.4
43.878271999999996 -72.173095 0.0 0.4
43.88623 -72.166964 0.0 0.4
43.892202999999995 -72.158667 0.0 0.4
43.900808999999995 -72.15209899999999 0.0 0.4
43.906028 -72.143095 0.0 0.4
43.911429 -72.134199 0.0 0.4
43.916681 -72.124644 0.0 0.4
43.9243 -72.11807 0.0 0.4
43.934393 -72.11692599999999 0.0 0.4
43.944582 -72.118948 0.0 0.4
43.948225 -72.109113 0.0 0.4
43.954744999999996 -72.101516 0.0 0.4
43.96414 -72.098081 0.0 0.4
43.969984 -72.106397 0.0 0.4
43.977911 -72.11269899999999 0.0 0.4
43.988096 -72.112852 0.0 0.4
43.998441 -72.11111199999999 0.0 0.4
44.005604999999996 -72.104032 0.0 0.4
44.015195 -72.100629 0.0 0.4
44.009153 -72.092648 0.0 0.4
44.018758 -72.095945 0.0 0.4
44.021513 -72.08627 0.0 0.4
44.029531 -72.079815 0.0 0.4
44.040334 -72.07937299999999 0.0 0.4
44.048176999999995 -72.068219 0.0 0.4
44.058126 -72.06660099999999 0.0 0.4
44.059391999999995 -72.056225 0.0 0.4
44.068753 -72.048946 0.0 0.4
44.078404 -72.045559 0.0 0.4
44.076681 -72.035702 0.0 0.4
44.08524 -72.042675 0.0 0.4
44.09014 -72.033689 0.0 0.4
44.099911 -72.030971 0.0 0.4
44.102955 -72.040646 0.0 0.4
44.097363 -72.049221 0.0 0.4
44.106511 -72.053784 0.0 0.4
44.117183 -72.053179 0.0 0.4
44.124295 -72.04595599999999 0.0 0.4
44.127095 -72.036266 0.0 0.4
44.136112999999995 -72.04110299999999 0.0 0.4
44.146198999999996 -72.041957 0.0 0.4
44.155989 -72.03956 0.0 0.4
44.162205 -72.047817 0.0 0.4
44.170345 -72.053799 0.0 0.4
44.179676 -72.057568 0.0 0.4
44.187594999999995 -72.064099 0.0 0.4
44.197956 -72.064037 0.0 0.4
44.205836999999995 -72.057751 0.0 0.4
44.215847 -72.053433 0.0 0.4
44.226535 -72.053219 0.0 0.4
44.23627 -72.04896099999999 0.0 0.4
44.246043 -72.052517 0.0 0.4
44.254512 -72.058315 0.0 0.4
44.264491 -72.060543 0.0 0.4
44.270801 -72.068478 0.0 0.4
44.280124 -72.063778 0.0 0.4
44.287600999999995 -72.056377 0.0 0.4
44.291719 -72.04709199999999 0.0 0.4
44.296732999999996 -72.038112 0.0 0.4
44.305056 -72.032268 0.0 0.4
44.315249 -72.031413 0.0 0.4
44.321269 -72.022776 0.0 0.4
44.321267999999996 -72.01252199999999 0.0 0.4
44.324701999999995 -72.002268 0.0 0.4
44.328631 -71.992716 0.0 0.4
44.33504 -71.985025 0.0 0.4
44.336892999999996 -71.974481 0.0 0.4
44.336512 -71.96409 0.0 0.4
44.337610999999995 -71.953362 0.0 0.4
44.336909 -71.94277199999999 0.0 0.4
44.336382 -71.932625 0.0 0.4
44.342379 -71.9244 0.0 0.4
44.347254 -71.915626 0.0 0.4
44.348223 -71.905357 0.0 0.4
44.345003999999996 -71.895774 0.0 0.4
44.342257 -71.885886 0.0 0.4
44.338190999999995 -71.87671499999999 0.0 0.4
44.338679 -71.866385 0.0 0.4
44.340517999999996 -71.85607 0.0 0.4
44.343844 -71.845587 0.0 0.4
44.348727 -71.836278 0.0 0.4
44.351893 -71.826726 0.0 0.4
44.353693 -71.816716 0.0 0.4
44.364466 -71.815449 0.0 0.4
44.37459 -71.815358 0.0 0.4
44.383562 -71.810017 0.0 0.4
44.384882 -71.799961 0.0 0.4
44.394937 -71.799992 0.0 0.4
44.400194 -71.791431 0.0 0.4
44.399698 -71.780689 0.0 0.4
44.403787 -71.771182 0.0 0.4
44.407033999999996 -71.761011 0.0 0.4
44.403383 -71.751483 0.0 0.4
44.402586 -71.741367 0.0 0.4
44.410061 -71.73411999999999 0.0 0.4
44.410900999999996 -71.723131 0.0 0.4
44.409805999999996 -71.713022 0.0 0.4
44.413253999999995 -71.70324099999999 0.0 0.4
44.418969999999995 -71.69468499999999 0.0 0.4
44.423277 -71.68483599999999 0.0 0.4
44.428712 -71.67599299999999 0.0 0.4
44.436157 -71.66776399999999 0.0 0.4
44.442633 -71.658906 0.0 0.4
44.453466999999996 -71.656765 0.0 0.4
44.460314 -71.64849099999999 0.0 0.4
44.464411 -71.638986 0.0 0.4
44.470434999999995 -71.647305 0.0 0.4
44.477208 -71.639549 0.0 0.4
44.484105 -71.632192 0.0 0.4
44.474022999999995 -71.631789 0.0 0.4
44.479745 -71.62226799999999 0.0 0.4
44.485268999999995 -71.613661 0.0 0.4
44.485397999999996 -71.603132 0.0 0.4
44.49263 -71.595564 0.0 0.4
44.498422 -71.587065 0.0 0.4
44.501901 -71.577253 0.0 0.4
44.50985 -71.584135 0.0 0.4
44.51732 -71.591078 0.0 0.4
44.523351999999996 -71.582948 0.0 0.4
44.530541 -71.575498 0.0 0.4
44.540634999999995 -71.574445 0.0 0.4
44.545929 -71.58335699999999 0.0 0.4
44.550864999999995 -71.59248199999999 0.0 0.4
44.559982999999995 -71.596693 0.0 0.4
44.565798 -71.587664 0.0 0.4
44.565132999999996 -71.577685 0.0 0.4
44.562782999999996 -71.567426 0.0 0.4
44.568489 -71.55910999999999 0.0 0.4
44.569893 -71.549069 0.0 0.4
44.578818999999996 -71.554593 0.0 0.4
44.578469 -71.544552 0.0 0.4
44.585259 -71.537182 0.0 0.4
44.590590999999996 -71.546307 0.0 0.4
44.596793999999996 -71.55440999999999 0.0 0.4
44.607029999999995 -71.553533 0.0 0.4
44.616768 -71.556333 0.0 0.4
44.622245 -71.54786299999999 0.0 0.4
44.627418 -71.556927 0.0 0.4
44.62855 -71.546931 0.0 0.4
44.632714 -71.556405 0.0 0.4
44.643353999999995 -71.558225 0.0 0.4
44.652356 -71.562806 0.0 0.4
44.649961 -71.57331599999999 0.0 0.4
44.655891 -71.58272199999999 0.0 0.4
44.666056999999995 -71.585157 0.0 0.4
44.675807999999996 -71.589593 0.0 0.4
44.684781 -71.594876 0.0 0.4
44.694942999999995 -71.59597 0.0 0.4
44.704583 -71.598846 0.0 0.4
44.711386999999995 -71.606746 0.0 0.4
44.719955999999996 -71.613766 0.0 0.4
44.729079999999996 -71.61845199999999 0.0 0.4
44.736810999999996 -71.62493599999999 0.0 0.4
44.747014 -71.626986 0.0 0.4
44.755772 -71.621157 0.0 0.4
44.761528999999996 -71.612887 0.0 0.4
44.768169 -71.604428 0.0 0.4
44.774623 -71.59657399999999 0.0 0.4
44.783235 -71.589821 0.0 0.4
44.784724999999995 -71.57972 0.0 0.4
44.79181 -71.572408 0.0 0.4
44.802834999999995 -71.570484 0.0 0.4
44.811941999999995 -71.57512799999999 0.0 0.4
44.821642 -71.57110399999999 0.0 0.4
44.824265 -71.561221 0.0 0.4
44.833873 -71.557254 0.0 0.4
44.842014 -71.551435 0.0 0.4
44.851858 -71.553217 0.0 0.4
44.861458 -71.549741 0.0 0.4
44.868477999999996 -71.539928 0.0 0.4
44.872443999999994 -71.530745 0.0 0.4
44.879205 -71.523232 0.0 0.4
44.885867 -71.515609 0.0 0.4
44.895188 -71.511983 0.0 0.4
44.901267 -71.503642 0.0 0.4
44.907849 -71.496093 0.0 0.4
44.916343999999995 -71.50216 0.0 0.4
44.923648 -71.509051 0.0 0.4
44.931447999999996 -71.51565099999999 0.0 0.4
44.939265999999996 -71.522258 0.0 0.4
44.947589 -71.51670299999999 0.0 0.4
44.957754 -71.515132 0.0 0.4
44.96396 -71.523376 0.0 0.4
44.973186999999996 -71.527447 0.0 0.4
44.980618 -71.534543 0.0 0.4
44.990673 -71.533368 0.0 0.4
44.999834 -71.529133 0.0 0.4
45.002724 -71.51917499999999 0.0 0.4
45.007003 -71.51008 0.0 0.4
45.005832999999996 -71.500072 0.0 0.4
45.002229 -71.490595 0.0 0.4
45.002334 -71.480552 0.0 0.4
45.010282 -71.474268 0.0 0.4
45.013355 -71.49761 0.0 0.4
45.023149 -71.500034 0.0 0.4
45.03147 -71.494294 0.0 0.4
45.041013 -71.491213 0.0 0.4
45.04494 -71.500417 0.0 0.4
45.055126 -71.49781399999999 0.0 0.4
45.064986999999995 -71.495942 0.0 0.4
45.071368 -71.487758 0.0 0.4
45.079735 -71.482254 0.0 0.4
45.083752 -71.472566 0.0 0.4
45.091288 -71.465825 0.0 0.4
45.098496 -71.45861599999999 0.0 0.4
45.104202 -71.449793 0.0 0.4
45.113516 -71.44601999999999 0.0 0.4
45.117748999999996 -71.436303 0.0 0.4
45.124714999999995 -71.429076 0.0 0.4
45.135067 -71.430871 0.0 0.4
45.144604 -71.434173 0.0 0.4
45.152674999999995 -71.426399 0.0 0.4
45.162422 -71.423715 0.0 0.4
45.171226999999995 -71.418815 0.0 0.4
45.180347 -71.414558 0.0 0.4
45.188531999999995 -71.40849899999999 0.0 0.4
45.198 -71.404647 0.0 0.4
45.205324 -71.39765299999999 0.0 0.4
45.214358999999995 -71.40258399999999 0.0 0.4
45.217420999999995 -71.41257499999999 0.0 0.4
45.223718999999996 -71.420593 0.0 0.4
45.228203 -71.42974099999999 0.0 0.4
45.233087999999995 -71.438523 0.0 0.4
45.233908 -71.428388 0.0 0.4
45.234974 -71.417692 0.0 0.4
45.239292 -71.40851599999999 0.0 0.4
45.242118 -71.39857099999999 0.0 0.4
45.234953999999995 -71.389263 0.0 0.4
45.239714 -71.380014 0.0 0.4
45.24624 -71.37238099999999 0.0 0.4
45.248819999999995 -71.36236099999999 0.0 0.4
45.257525 -71.357295 0.0 0.4
45.266537 -71.363098 0.0 0.4
45.268696 -71.35267 0.0 0.4
45.271257 -71.34271799999999 0.0 0.4
45.275431 -71.333488 0.0 0.4
45.281323 -71.32462799999999 0.0 0.4
45.286082 -71.315759 0.0 0.4
45.289533999999996 -71.306313 0.0 0.4
45.296898 -71.29951299999999 0.0 0.4
45.300005999999996 -71.289873 0.0 0.4
45.295539999999995 -71.280849 0.0 0.4
45.295525 -71.27035099999999 0.0 0.4
45.287228999999996 -71.264568 0.0 0.4
45.276849 -71.26243699999999 0.0 0.4
45.271339 -71.253681 0.0 0.4
45.267624 -71.24427 0.0 0.4
45.261129 -71.23598299999999 0.0 0.4
45.251522 -71.23311 0.0 0.4
45.252615 -71.222916 0.0 0.4
45.250378 -71.213163 0.0 0.4
45.253972 -71.202897 0.0 0.4
45.250184999999995 -71.193596 0.0 0.4
45.244318 -71.18538699999999 0.0 0.4
45.245048 -71.17509 0.0 0.4
45.248526999999996 -71.165531 0.0 0.4
45.246449 -71.15568499999999 0.0 0.4
45.240905 -71.147339 0.0 0.4
45.243767 -71.137449 0.0 0.4
45.250077999999995 -71.129652 0.0 0.4
45.258317999999996 -71.123924 0.0 0.4
45.267129999999995 -71.11916599999999 0.0 0.4
45.275085 -71.11261999999999 0.0 0.4
45.282571 -71.105456 0.0 0.4
45.292629 -71.10407599999999 0.0 0.4
45.30088 -71.098418 0.0 0.4
45.304682 -71.088447 0.0 0.4
45.295684 -71.08276599999999 0.0 0.4
45.28406 -71.081338 0.0 0.4
45.271271 -71.07978299999999 0.0 0.4
45.261162 -71.078598 0.0 0.4
45.250789 -71.077275 0.0 0.4
45.240125 -71.0766 0.0 0.4
45.229993 -71.076009 0.0 0.4
45.219012 -71.07538199999999 0.0 0.4
45.208922 -71.07476799999999 0.0 0.4
45.192471 -71.073414 0.0 0.4
45.181677 -71.072417 0.0 0.4
45.171352 -71.07153 0.0 0.4
45.161027999999995 -71.070668 0.0 0.4
45.149653 -71.069751 0.0 0.4
45.139455 -71.06900399999999 0.0 0.4
45.12932 -71.068207 0.0 0.4
45.117912 -71.067287 0.0 0.4
45.107678 -71.066481 0.0 0.4
45.094096 -71.065428 0.0 0.4
45.082800999999996 -71.064549 0.0 0.4
45.065174 -71.063276 0.0 0.4
45.047615 -71.061973 0.0 0.4
45.037310999999995 -71.061166 0.0 0.4
45.027010999999995 -71.060436 0.0 0.4
45.014855 -71.059516 0.0 0.4
45.004152 -71.058972 0.0 0.4
44.991243 -71.058301 0.0 0.4
44.978736999999995 -71.05717299999999 0.0 0.4
44.964467 -71.05579 0.0 0.4
44.940117 -71.05349799999999 0.0 0.4
44.924910999999994 -71.05207899999999 0.0 0.4
44.906673 -71.050353 0.0 0.4
44.896014 -71.049367 0.0 0.4
44.88427 -71.04839799999999 0.0 0.4
44.873677 -71.047433 0.0 0.4
44.863504999999996 -71.046764 0.0 0.4
44.847967 -71.045276 0.0 0.4
44.837164 -71.044264 0.0 0.4
44.826890999999996 -71.04311799999999 0.0 0.4
44.814108 -71.042165 0.0 0.4
44.803585999999996 -71.041237 0.0 0.4
44.791711 -71.04033199999999 0.0 0.4
44.780401999999995 -71.039451 0.0 0.4
44.769245 -71.0386 0.0 0.4
44.758963 -71.037911 0.0 0.4
44.736066 -71.03632499999999 0.0 0.4
44.712230999999996 -71.034576 0.0 0.4
44.701161 -71.033774 0.0 0.4
44.683181999999995 -71.03261499999999 0.0 0.4
44.669306 -71.031776 0.0 0.4
44.655704 -71.030968 0.0 0.4
44.644337 -71.03031299999999 0.0 0.4
44.631786999999996 -71.029598 0.0 0.4
44.620717 -71.028887 0.0 0.4
44.610191 -71.02848399999999 0.0 0.4
44.594933999999995 -71.027907 0.0 0.4
44.584365999999996 -71.02745399999999 0.0 0.4
44.573114 -71.02696999999999 0.0 0.4
44.559543 -71.026545 0.0 0.4
44.549268 -71.026162 0.0 0.4
44.537977999999995 -71.025202 0.0 0.4
44.527175 -71.02439799999999 0.0 0.4
44.51632 -71.023774 0.0 0.4
44.504304 -71.023096 0.0 0.4
44.49351 -71.022278 0.0 0.4
44.482952999999995 -71.02140399999999 0.0 0.4
44.472102 -71.02073299999999 0.0 0.4
44.46084 -71.020079 0.0 0.4
44.450359999999996 -71.019407 0.0 0.4
44.44037 -71.01877999999999 0.0 0.4
44.428661999999996 -71.01807099999999 0.0 0.4
44.415182 -71.01731699999999 0.0 0.4
44.403929 -71.016729 0.0 0.4
44.392894 -71.016097 0.0 0.4
44.379503 -71.01545 0.0 0.4
44.363248999999996 -71.014375 0.0 0.4
44.352764 -71.013604 0.0 0.4
44.34091 -71.012884 0.0 0.4
44.329895 -71.012383 0.0 0.4
44.319157999999995 -71.011956 0.0 0.4
44.308972 -71.011554 0.0 0.4
44.297816 -71.010983 0.0 0.4
44.285467 -71.010016 0.0 0.4
44.273782999999995 -71.009621 0.0 0.4
44.259706 -71.008943 0.0 0.4
44.249364 -71.008523 0.0 0.4
44.238306 -71.007959 0.0 0.4
44.22782 -71.007466 0.0 0.4
44.217683 -71.006885 0.0 0.4
44.20599 -71.006031 0.0 0.4
44.191479 -71.00551999999999 0.0 0.4
44.180091 -71.00520999999999 0.0 0.4
44.169531 -71.004892 0.0 0.4
44.158376 -71.004406 0.0 0.4
44.147856 -71.003883 0.0 0.4
44.137246999999995 -71.003299 0.0 0.4
44.127243 -71.002833 0.0 0.4
44.112435 -71.002245 0.0 0.4
44.095985999999996 -71.001432 0.0 0.4
44.085432 -71.001057 0.0 0.4
44.070552 -71.00023399999999 0.0 0.4
44.060089999999995 -70.99952499999999 0.0 0.4
44.049338 -70.998902 0.0 0.4
44.038745999999996 -70.99827599999999 0.0 0.4
44.027128 -70.99798 0.0 0.4
44.014874999999996 -70.997494 0.0 0.4
44.004503 -70.99694699999999 0.0 0.4
43.991496 -70.99640000000001 0.0 0.4
43.980022 -70.995969 0.0 0.4
43.967231999999996 -70.995212 0.0 0.4
43.957048 -70.99471299999999 0.0 0.4
43.942738 -70.994006 0.0 0.4
43.929793 -70.99332799999999 0.0 0.4
43.918254 -70.992886 0.0 0.4
43.90783 -70.992503 0.0 0.4
43.897279 -70.992462 0.0 0.4
43.886711 -70.992308 0.0 0.4
43.875491 -70.99164499999999 0.0 0.4
43.865171 -70.99130000000001 0.0 0.4
43.855033999999996 -70.990706 0.0 0.4
43.839878999999996 -70.990038 0.0 0.4
43.829257 -70.98986099999999 0.0 0.4
43.817882999999995 -70.989745 0.0 0.4
43.807403 -70.989492 0.0 0.4
43.79367 -70.989162 0.0 0.4
43.782125 -70.988218 0.0 0.4
43.770984999999996 -70.98714 0.0 0.4
43.760311 -70.985761 0.0 0.4
43.750318 -70.984782 0.0 0.4
43.739976 -70.983931 0.0 0.4
43.729876 -70.983205 0.0 0.4
43.719853 -70.982598 0.0 0.4
43.709861 -70.982 0.0 0.4
43.699813 -70.981797 0.0 0.4
43.688869 -70.980745 0.0 0.4
43.678059 -70.97976899999999 0.0 0.4
43.667432999999996 -70.97881199999999 0.0 0.4
43.657401 -70.978151 0.0 0.4
43.646919 -70.977192 0.0 0.4
43.636237 -70.976466 0.0 0.4
43.626129 -70.97592 0.0 0.4
43.616023 -70.975264 0.0 0.4
43.605903 -70.974768 0.0 0.4
43.595368 -70.974223 0.0 0.4
43.585100999999995 -70.973629 0.0 0.4
43.574923 -70.973017 0.0 0.4
43.567547 -70.965711 0.0 0.4
43.561484 -70.957482 0.0 0.4
43.552645 -70.952753 0.0 0.4
43.542674999999996 -70.953744 0.0 0.4
43.539721 -70.963298 0.0 0.4
43.531253 -70.95774399999999 0.0 0.4
43.521538 -70.9539 0.0 0.4
43.511554 -70.955165 0.0 0.4
43.50201 -70.95847599999999 0.0 0.4
43.493914 -70.964469 0.0 0.4
43.484783 -70.968853 0.0 0.4
43.47714 -70.975566 0.0 0.4
43.47325 -70.966301 0.0 0.4
43.464054 -70.961574 0.0 0.4
43.454532 -70.965541 0.0 0.4
43.444322 -70.96252299999999 0.0 0.4
43.435291 -70.96712699999999 0.0 0.4
43.425883999999996 -70.970745 0.0 0.4
43.421315 -70.979839 0.0 0.4
43.414006 -70.98667499999999 0.0 0.4
43.403980999999995 -70.986508 0.0 0.4
43.394574 -70.982663 0.0 0.4
43.384411 -70.98557699999999 0.0 0.4
43.374646 -70.981808 0.0 0.4
43.366323 -70.975948 0.0 0.4
43.356237 -70.97448299999999 0.0 0.4
43.348752 -70.966945 0.0 0.4
43.341198999999996 -70.959788 0.0 0.4
43.333585 -70.953273 0.0 0.4
43.335401 -70.943202 0.0 0.4
43.337255 -70.933177 0.0 0.4
43.328458 -70.927928 0.0 0.4
43.324000000000005 -70.918865 0.0 0.4
43.316342999999996 -70.91196599999999 0.0 0.4
43.306546999999995 -70.90977 0.0 0.4
43.301123 -70.900953 0.0 0.4
43.293329 -70.907479 0.0 0.4
43.292722 -70.897318 0.0 0.4
43.284315 -70.89147299999999 0.0 0.4
43.27899 -70.882898 0.0 0.4
43.27191 -70.874506 0.0 0.4
43.265844 -70.86629599999999 0.0 0.4
43.258024999999996 -70.859837 0.0 0.4
43.255911 -70.850014 0.0 0.4
43.252196 -70.84032499999999 0.0 0.4
43.242438 -70.837929 0.0 0.4
43.243452 -70.82790299999999 0.0 0.4
43.238591 -70.819054 0.0 0.4
43.228842 -70.816642 0.0 0.4
43.219198999999996 -70.812919 0.0 0.4
43.209188999999995 -70.817863 0.0 0.4
43.199492 -70.82067099999999 0.0 0.4
43.190472 -70.825208 0.0 0.4
43.179752 -70.824741 0.0 0.4
43.169517 -70.828011 0.0 0.4
43.158775 -70.828926 0.0 0.4
43.149203 -70.83318 0.0 0.4
43.138601 -70.830119 0.0 0.4
43.128257999999995 -70.827675 0.0 0.4
43.121947 -70.818941 0.0 0.4
43.117371 -70.80935099999999 0.0 0.4
43.111525 -70.800966 0.0 0.4
43.105962 -70.79244899999999 0.0 0.4
43.100659 -70.783459 0.0 0.4
43.094988 -70.773907 0.0 0.4
43.091018999999996 -70.764111 0.0 0.4
43.082575 -70.758591 0.0 0.4
43.079065 -70.748762 0.0 0.4
43.073727999999996 -70.73796899999999 0.0 0.4
43.074329999999996 -70.7258 0.0 0.4
43.074877 -70.715184 0.0 0.4
43.071639999999995 -70.705682 0.0 0.4
43.06155 -70.703968 0.0 0.4
43.051486999999995 -70.702258 0.0 0.4
43.042322999999996 -70.697772 0.0 0.4
43.033584 -70.687512 0.0 0.4
43.021212999999996 -70.672984 0.0 0.4
43.004681999999995 -70.653595 0.0 0.4
42.987758 -70.633747 0.0 0.4
42.982533 -70.62517799999999 0.0 0.4
42.980219 -70.61501299999999 0.0 0.4
42.972874 -70.606191 0.0 0.4
42.96136 -70.59598199999999 0.0 0.4
42.952498999999996 -70.589552 0.0 0.4
42.943034999999995 -70.584085 0.0 0.4
42.930727 -70.579312 0.0 0.4
42.917125999999996 -70.57509399999999 0.0 0.4
42.914004999999996 -70.586342 0.0 0.4
42.912631999999995 -70.596674 0.0 0.4
42.912529 -70.610659 0.0 0.4
42.914097 -70.62167099999999 0.0 0.4
42.917472 -70.63428499999999 0.0 0.4
42.919495999999995 -70.645744 0.0 0.4
42.924378999999995 -70.66169099999999 0.0 0.4
42.930419 -70.67286 0.0 0.4
42.936873999999996 -70.680933 0.0 0.4
42.944604 -70.687967 0.0 0.4
42.953882 -70.693234 0.0 0.4
42.94262 -70.704055 0.0 0.4
42.935516 -70.712988 0.0 0.4
42.930082999999996 -70.72215899999999 0.0 0.4
42.919563 -70.724814 0.0 0.4
42.907742999999996 -70.72622799999999 0.0 0.4
42.894754999999996 -70.727221 0.0 0.4
42.883224 -70.731188 0.0 0.4
42.874697999999995 -70.747266 0.0 0.4
42.873290999999995 -70.792495 0.0 0.4
42.872690999999996 -70.80639599999999 0.0 0.4
42.872001 -70.816507 0.0 0.4
42.869768 -70.826488 0.0 0.4
42.865186 -70.83584499999999 0.0 0.4
42.861554 -70.845738 0.0 0.4
42.869762 -70.863047 0.0 0.4
42.875142 -70.87233499999999 0.0 0.4
42.880233 -70.881117 0.0 0.4
42.883916 -70.890545 0.0 0.4
42.886485 -70.902203 0.0 0.4
42.886666999999996 -70.912981 0.0 0.4
42.88566 -70.923778 0.0 0.4
42.88324 -70.933527 0.0 0.4
42.878530999999995 -70.943851 0.0 0.4
42.873562 -70.955327 0.0 0.4
42.869713 -70.964778 0.0 0.4
42.867695 -70.974719 0.0 0.4
42.866063 -70.986156 0.0 0.4
42.864630999999996 -70.99615899999999 0.0 0.4
42.862640999999996 -71.009766 0.0 0.4
42.860673999999996 -71.02262499999999 0.0 0.4
42.856353999999996 -71.03492899999999 0.0 0.4
42.848667 -71.04491999999999 0.0 0.4
42.833369 -71.05395399999999 0.0 0.4
42.824013 -71.05756699999999 0.0 0.4
42.813072 -71.06178899999999 0.0 0.4
42.807674 -71.070708 0.0 0.4
42.810063 -71.08144399999999 0.0 0.4
42.812239999999996 -71.091236 0.0 0.4
42.814592 -71.101806 0.0 0.4
42.817009 -71.112675 0.0 0.4
42.819584 -71.12418 0.0 0.4
42.820536 -71.135488 0.0 0.4
42.816542 -71.14689299999999 0.0 0.4
42.809692999999996 -71.16456699999999 0.0 0.4
42.801716 -71.174403 0.0 0.4
42.794391999999995 -71.18233 0.0 0.4
42.778984 -71.185127 0.0 0.4
42.767633 -71.184165 0.0 0.4
42.755449999999996 -71.183132 0.0 0.4
42.744668999999995 -71.1823 0.0 0.4
42.739674 -71.19250199999999 0.0 0.4
42.741813 -71.202339 0.0 0.4
42.744071 -71.212718 0.0 0.4
42.746325 -71.223095 0.0 0.4
42.745391999999995 -71.233199 0.0 0.4
42.743081 -71.24360399999999 0.0 0.4
42.738188 -71.252539 0.0 0.4
42.730000000000004 -71.263071 0.0 0.4
42.72271 -71.270324 0.0 0.4
42.7143 -71.27661599999999 0.0 0.4
42.706737 -71.28415 0.0 0.4
42.699937999999996 -71.291636 0.0 0.4
42.697187 -71.305059 0.0 0.4
42.697389 -71.317065 0.0 0.4
42.697479 -71.330184 0.0 0.4
42.697702 -71.340994 0.0 0.4
42.697900999999995 -71.351635 0.0 0.4
42.698242 -71.363575 0.0 0.4
42.698525 -71.374343 0.0 0.4
42.698853 -71.384359 0.0 0.4
42.699124 -71.394447 0.0 0.4
42.699369 -71.404888 0.0 0.4
42.699678999999996 -71.417155 0.0 0.4
42.700044999999996 -71.43172 0.0 0.4
42.700343 -71.44748799999999 0.0 0.4
42.700525 -71.457691 0.0 0.4
42.700818 -71.469492 0.0 0.4
42.701121 -71.480092 0.0 0.4
42.701462 -71.492671 0.0 0.4
42.701764999999995 -71.503852 0.0 0.4
42.702053 -71.514208 0.0 0.4
42.702374999999996 -71.52896299999999 0.0 0.4
42.702555 -71.539029 0.0 0.4
42.702883 -71.55236 0.0 0.4
42.703148 -71.56427699999999 0.0 0.4
42.703379999999996 -71.576275 0.0 0.4
42.703624 -71.588229 0.0 0.4
42.703916 -71.600216 0.0 0.4
42.70408 -71.610573 0.0 0.4
42.704251 -71.620868 0.0 0.4
42.704459 -71.63184799999999 0.0 0.4
42.704605 -71.64187299999999 0.0 0.4
42.704769999999996 -71.651884 0.0 0.4
42.705089 -71.664915 0.0 0.4
42.705272 -71.67580000000001 0.0 0.4
42.705518999999995 -71.68597 0.0 0.4
42.705722 -71.696505 0.0 0.4
42.706137 -71.707207 0.0 0.4
42.706488 -71.717241 0.0 0.4
42.706779 -71.727334 0.0 0.4
42.707066 -71.737402 0.0 0.4
42.707403 -71.747638 0.0 0.4
42.707812 -71.76307 0.0 0.4
42.708129 -71.774635 0.0 0.4
42.708405 -71.784706 0.0 0.4
42.708712999999996 -71.797315 0.0 0.4
42.709058 -71.810002 0.0 0.4
42.709306 -71.820115 0.0 0.4
42.709674 -71.834329 0.0 0.4
42.709962999999995 -71.84568399999999 0.0 0.4
42.710259 -71.856972 0.0 0.4
42.710547 -71.868473 0.0 0.4
42.71083 -71.879768 0.0 0.4
42.71113 -71.891318 0.0 0.4
42.711513 -71.906322 0.0 0.4
42.711782 -71.916651 0.0 0.4
42.712084999999995 -71.928305 0.0 0.4
42.712377 -71.940468 0.0 0.4
42.712601 -71.950681 0.0 0.4
42.71282 -71.9614 0.0 0.4
42.713052999999995 -71.97276099999999 0.0 0.4
42.713508 -71.98992799999999 0.0 0.4
42.713859 -72.000109 0.0 0.4
42.714166 -72.010209 0.0 0.4
42.71447 -72.02029399999999 0.0 0.4
42.714846 -72.032741 0.0 0.4
42.71519 -72.04416599999999 0.0 0.4
42.715502 -72.054503 0.0 0.4
42.7162 -72.07767299999999 0.0 0.4
42.716550999999995 -72.089317 0.0 0.4
42.717206 -72.111059 0.0 0.4
42.717565 -72.124555 0.0 0.4
42.718095 -72.14537899999999 0.0 0.4
42.718686 -72.16854 0.0 0.4
42.719031 -72.18205499999999 0.0 0.4
42.719556 -72.20267799999999 0.0 0.4
42.720017999999996 -72.221368 0.0 0.4
42.720371 -72.235098 0.0 0.4
42.720692 -72.247714 0.0 0.4
42.720929 -72.258119 0.0 0.4
42.721227 -72.268236 0.0 0.4
42.721514 -72.27984599999999 0.0 0.4
42.721852 -72.29022499999999 0.0 0.4
42.722218999999996 -72.301242 0.0 0.4
42.722485999999996 -72.311435 0.0 0.4
42.722744999999996 -72.32158299999999 0.0 0.4
42.72302 -72.332279 0.0 0.4
42.723293999999996 -72.342777 0.0 0.4
42.723577 -72.353261 0.0 0.4
42.723912 -72.36366699999999 0.0 0.4
42.724253999999995 -72.37388399999999 0.0 0.4
42.724568 -72.384252 0.0 0.4
42.724843 -72.39501 0.0 0.4
42.725179 -72.40607299999999 0.0 0.4
42.725452999999995 -72.416388 0.0 0.4
42.725774 -72.42723699999999 0.0 0.4
42.726166 -72.437983 0.0 0.4
42.726597999999996 -72.448542 0.0 0.4
42.728992999999996 -72.458732 0.0 0.4
42.737438999999995 -72.464485 0.0 0.4
42.744443 -72.471794 0.0 0.4
42.754360999999996 -72.475044 0.0 0.4
42.763484999999996 -72.47971299999999 0.0 0.4
42.770064999999995 -72.48798699999999 0.0 0.4
42.773365 -72.497704 0.0 0.4
42.766048999999995 -72.504739 0.0 0.4
42.764987999999995 -72.514764 0.0 0.4
42.774159 -72.510125 0.0 0.4
42.784020999999996 -72.511969 0.0 0.4
42.790661 -72.51975399999999 0.0 0.4
42.796856 -72.52793299999999 0.0 0.4
42.803615 -72.53690499999999 0.0 0.4
42.812847999999995 -72.542513 0.0 0.4
42.822612 -72.545771 0.0 0.4
42.832713999999996 -72.546793 0.0 0.4
42.842586 -72.548808 0.0 0.4
42.850429 -72.555247 0.0 0.4
42.860614 -72.55427 0.0 0.4
42.870577999999995 -72.555369 0.0 0.4
42.881709 -72.55280499999999 0.0 0.4
42.888124999999995 -72.543741 0.0 0.4
42.894351 -72.534357 0.0 0.4
42.903909999999996 -72.53110699999999 0.0 0.4
42.913393 -72.527551 0.0 0.4
42.92335 -72.52555199999999 0.0 0.4
42.93342 -72.526697 0.0 0.4
42.943506 -72.527689 0.0 0.4
42.951197 -72.534342 0.0 0.4
42.957712 -72.526453 0.0 0.4
42.963280999999995 -72.51773899999999 0.0 0.4
42.964327 -72.507699 0.0 0.4
42.966791 -72.49799399999999 0.0 0.4
42.970338999999996 -72.48861 0.0 0.4
42.973183999999996 -72.478706 0.0 0.4
42.97661 -72.468803 0.0 0.4
42.983751 -72.46161599999999 0.0 0.4
42.993714999999995 -72.464592 0.0 0.4
43.001191999999996 -72.45702299999999 0.0 0.4
43.002686999999995 -72.446204 0.0 0.4
43.012643 -72.447914 0.0 0.4
43.017517999999995 -72.456993 0.0 0.4
43.025788 -72.462623 0.0 0.4
43.036324 -72.46099 0.0 0.4
43.045967999999995 -72.464897 0.0 0.4
43.0561 -72.465355 0.0 0.4
43.061645999999996 -72.45670299999999 0.0 0.4
43.068985 -72.449454 0.0 0.4
43.074852 -72.441031 0.0 0.4
43.082947 -72.43472899999999 0.0 0.4
43.092507 -72.43891099999999 0.0 0.4
43.101669 -72.443168 0.0 0.4
43.109108 -72.435142 0.0 0.4
43.118896 -72.432502 0.0 0.4
43.12632 -72.439368 0.0 0.4
43.136351999999995 -72.440665 0.0 0.4
43.138076 -72.45094999999999 0.0 0.4
43.146404 -72.457171 0.0 0.4
43.155708 -72.45214 0.0 0.4
43.165755999999995 -72.45189599999999 0.0 0.4
43.175757 -72.449163 0.0 0.4
43.185514999999995 -72.446739 0.0 0.4
43.195600999999996 -72.44567099999999 0.0 0.4
43.202918 -72.43822399999999 0.0 0.4
43.213073 -72.440406 0.0 0.4
43.223386999999995 -72.439139 0.0 0.4
43.232344 -72.43425599999999 0.0 0.4
43.241544999999995 -72.438468 0.0 0.4
43.251562 -72.438874 0.0 0.4
43.259460999999995 -72.43224599999999 0.0 0.4
43.262755 -72.42269 0.0 0.4
43.270230999999995 -72.416037 0.0 0.4
43.279135 -72.410528 0.0 0.4
43.289121 -72.406378 0.0 0.4
43.299136999999995 -72.40312999999999 0.0 0.4
43.308220999999996 -72.398837 0.0 0.4
43.318349 -72.39899299999999 0.0 0.4
43.325361 -72.406836 0.0 0.4
43.335676 -72.407934 0.0 0.4
43.344037 -72.401861 0.0 0.4
43.35114 -72.394216 0.0 0.4
43.357579 -72.402075 0.0 0.4
43.362052999999996 -72.41180899999999 0.0 0.4
43.372357 -72.415244 0.0 0.4
43.382959 -72.41372799999999 0.0 0.4
43.389348 -72.40585899999999 0.0 0.4
43.398655 -72.402059 0.0 0.4
43.408497 -72.400213 0.0 0.4
43.418568 -72.398825 0.0 0.4
43.428318 -72.396108 0.0 0.4
43.438579999999995 -72.395437 0.0 0.4
43.448322 -72.391256 0.0 0.4
43.458842 -72.391582 0.0 0.4
43.469013 -72.39043199999999 0.0 0.4
43.475528 -72.382757 0.0 0.4
43.485645 -72.380819 0.0 0.4
43.49597 -72.382385 0.0 0.4
43.503963 -72.389547 0.0 0.4
43.509707999999996 -72.39783299999999 0.0 0.4
43.519652 -72.396444 0.0 0.4
43.527789 -72.39001499999999 0.0 0.4
43.536111999999996 -72.382959 0.0 0.4
43.546870999999996 -72.38148699999999 0.0 0.4
43.55807 -72.382009 0.0 0.4
43.567901 -72.37998 0.0 0.4
43.577960999999995 -72.375193 0.0 0.4
43.582513999999996 -72.365956 0.0 0.4
43.586442999999996 -72.35664799999999 0.0 0.4
43.590044 -72.347081 0.0 0.4
43.595835 -72.337543 0.0 0.4
