40.591775999999996 -75.1896 0.0 0.4
40.60143 -75.192212 0.0 0.4
40.610388 -75.19773099999999 0.0 0.4
40.61994 -75.19366699999999 0.0 0.4
40.629746999999995 -75.189827 0.0 0.4
40.639269999999996 -75.193516 0.0 0.4
40.646764 -75.200296 0.0 0.4
40.655876 -75.196108 0.0 0.4
40.663489999999996 -75.188514 0.0 0.4
40.669328 -75.180044 0.0 0.4
40.679362999999995 -75.18056399999999 0.0 0.4
40.679379 -75.19058 0.0 0.4
40.685500999999995 -75.20092199999999 0.0 0.4
40.695498 -75.20262 0.0 0.4
40.705298 -75.19872 0.0 0.4
40.71427 -75.194265 0.0 0.4
40.720738 -75.186244 0.0 0.4
40.730562 -75.18221199999999 0.0 0.4
40.739266 -75.187732 0.0 0.4
40.746241 -75.195653 0.0 0.4
40.755829999999996 -75.191796 0.0 0.4
40.760177999999996 -75.181493 0.0 0.4
40.769934 -75.176498 0.0 0.4
40.778473 -75.169523 0.0 0.4
40.77755 -75.159506 0.0 0.4
40.774786 -75.149378 0.0 0.4
40.773606 -75.139106 0.0 0.4
40.778161999999995 -75.130004 0.0 0.4
40.786746 -75.123088 0.0 0.4
40.789857 -75.112252 0.0 0.4
40.796065999999996 -75.104291 0.0 0.4
40.805488 -75.10073899999999 0.0 0.4
40.813596 -75.094439 0.0 0.4
40.821971999999995 -75.085387 0.0 0.4
40.83209 -75.088202 0.0 0.4
40.83839 -75.096301 0.0 0.4
40.84814 -75.093972 0.0 0.4
40.849557999999995 -75.082854 0.0 0.4
40.848251 -75.07233 0.0 0.4
40.854349 -75.064301 0.0 0.4
40.861509 -75.05704399999999 0.0 0.4
40.870224 -75.051508 0.0 0.4
40.877654 -75.058655 0.0 0.4
40.885675 -75.06544 0.0 0.4
40.892177 -75.073925 0.0 0.4
40.902279 -75.075575 0.0 0.4
40.913125 -75.07876 0.0 0.4
40.918728 -75.087397 0.0 0.4
40.925453 -75.096659 0.0 0.4
40.935247 -75.104809 0.0 0.4
40.945037 -75.109681 0.0 0.4
40.952841 -75.117567 0.0 0.4
40.962528999999996 -75.120695 0.0 0.4
40.969018999999996 -75.12886499999999 0.0 0.4
40.976865 -75.135521 0.0 0.4
40.986334 -75.131485 0.0 0.4
40.994751 -75.125694 0.0 0.4
40.999514999999995 -75.116149 0.0 0.4
41.004782 -75.10754299999999 0.0 0.4
41.007977 -75.097149 0.0 0.4
41.013129 -75.088402 0.0 0.4
41.016991999999995 -75.07839799999999 0.0 0.4
41.024179 -75.059116 0.0 0.4
41.028684 -75.049843 0.0 0.4
41.03255 -75.04037199999999 0.0 0.4
41.038219999999995 -75.032001 0.0 0.4
41.046935999999995 -75.026021 0.0 0.4
41.054223 -75.018993 0.0 0.4
41.063279 -75.01462099999999 0.0 0.4
41.070219 -75.004139 0.0 0.4
41.076277999999995 -74.99531999999999 0.0 0.4
41.078935 -74.984483 0.0 0.4
41.083158999999995 -74.974943 0.0 0.4
41.090117 -74.96740799999999 0.0 0.4
41.092583 -74.97778199999999 0.0 0.4
41.088221999999995 -74.988263 0.0 0.4
41.098701999999996 -74.987676 0.0 0.4
41.107583 -74.98255 0.0 0.4
41.113186 -74.97359 0.0 0.4
41.114675999999996 -74.963233 0.0 0.4
41.120185 -74.953549 0.0 0.4
41.12804 -74.94669499999999 0.0 0.4
41.131583 -74.93723299999999 0.0 0.4
41.136278 -74.926548 0.0 0.4
41.143194 -74.919099 0.0 0.4
41.150864999999996 -74.91041299999999 0.0 0.4
41.158085 -74.903481 0.0 0.4
41.167443999999996 -74.89854199999999 0.0 0.4
41.173097999999996 -74.890164 0.0 0.4
41.18038 -74.882638 0.0 0.4
41.189656 -74.878473 0.0 0.4
41.201251 -74.872101 0.0 0.4
41.212361 -74.86410599999999 0.0 0.4
41.221641 -74.860136 0.0 0.4
41.22862 -74.867634 0.0 0.4
41.237431 -74.86233399999999 0.0 0.4
41.246927 -74.858601 0.0 0.4
41.251227 -74.84912299999999 0.0 0.4
41.261136 -74.846144 0.0 0.4
41.270458999999995 -74.841526 0.0 0.4
41.279346 -74.836041 0.0 0.4
41.287441 -74.830027 0.0 0.4
41.294312999999995 -74.82121099999999 0.0 0.4
41.299217 -74.81101199999999 0.0 0.4
41.305544 -74.802405 0.0 0.4
41.310435999999996 -74.792616 0.0 0.4
41.320119 -74.795778 0.0 0.4
41.323916 -74.786491 0.0 0.4
41.324404 -74.776274 0.0 0.4
41.328157 -74.766639 0.0 0.4
41.337126999999995 -74.76150899999999 0.0 0.4
41.345529 -74.75570499999999 0.0 0.4
41.346264 -74.744973 0.0 0.4
41.346347 -74.73492999999999 0.0 0.4
41.346571 -74.724205 0.0 0.4
41.349942999999996 -74.71475 0.0 0.4
41.353694 -74.705384 0.0 0.4
41.357226 -74.695936 0.0 0.4
41.353075 -74.685583 0.0 0.4
41.348512 -74.67554 0.0 0.4
41.342093 -74.661472 0.0 0.4
41.337378 -74.65119 0.0 0.4
41.333011 -74.641734 0.0 0.4
41.328851 -74.63253999999999 0.0 0.4
41.324709999999996 -74.623437 0.0 0.4
41.318996 -74.61090399999999 0.0 0.4
41.313894 -74.59965799999999 0.0 0.4
41.309475 -74.58997 0.0 0.4
41.305243999999995 -74.580607 0.0 0.4
41.300090999999995 -74.56920199999999 0.0 0.4
41.294821999999996 -74.557631 0.0 0.4
41.290323 -74.547724 0.0 0.4
41.2857 -74.53762499999999 0.0 0.4
41.280373 -74.526303 0.0 0.4
41.273255999999996 -74.511184 0.0 0.4
41.268042 -74.500473 0.0 0.4
41.263469 -74.491263 0.0 0.4
41.257382 -74.477608 0.0 0.4
41.253263 -74.468417 0.0 0.4
41.248427 -74.45786199999999 0.0 0.4
41.243797 -74.448223 0.0 0.4
41.239236 -74.43871 0.0 0.4
41.234749 -74.429448 0.0 0.4
41.230143 -74.420068 0.0 0.4
41.225077999999996 -74.409903 0.0 0.4
41.220448 -74.400593 0.0 0.4
41.215129 -74.390236 0.0 0.4
41.209137 -74.378813 0.0 0.4
41.203241 -74.36751 0.0 0.4
41.197645 -74.356433 0.0 0.4
41.192734 -74.34641599999999 0.0 0.4
41.187314 -74.33468599999999 0.0 0.4
41.181788 -74.322344 0.0 0.4
41.174011 -74.30475 0.0 0.4
41.166529 -74.28765899999999 0.0 0.4
41.1586 -74.269105 0.0 0.4
41.152425 -74.255603 0.0 0.4
41.147829 -74.245367 0.0 0.4
41.143662 -74.235806 0.0 0.4
41.138349 -74.223255 0.0 0.4
41.134704 -74.21381099999999 0.0 0.4
41.126929 -74.19532 0.0 0.4
41.122489 -74.18494299999999 0.0 0.4
41.115998 -74.16975599999999 0.0 0.4
41.111348 -74.159116 0.0 0.4
41.107295 -74.14990399999999 0.0 0.4
41.099288 -74.131738 0.0 0.4
41.094429 -74.12077099999999 0.0 0.4
41.087052 -74.10398099999999 0.0 0.4
41.082729 -74.09416399999999 0.0 0.4
41.078326 -74.084283 0.0 0.4
41.074225999999996 -74.075068 0.0 0.4
41.068227 -74.061582 0.0 0.4
41.063989 -74.05204499999999 0.0 0.4
41.059053999999996 -74.040909 0.0 0.4
41.054823999999996 -74.03138299999999 0.0 0.4
41.049678 -74.019802 0.0 0.4
41.043064 -74.00488299999999 0.0 0.4
41.03812 -73.993749 0.0 0.4
41.030797 -73.977282 0.0 0.4
41.026232 -73.967045 0.0 0.4
41.021266999999995 -73.955939 0.0 0.4
41.017168999999996 -73.94675 0.0 0.4
41.012796 -73.937046 0.0 0.4
41.008559 -73.927668 0.0 0.4
41.004404 -73.918492 0.0 0.4
40.999116 -73.906716 0.0 0.4
40.997173 -73.894059 0.0 0.4
40.98292 -73.895971 0.0 0.4
40.959801999999996 -73.90414299999999 0.0 0.4
40.94788 -73.908463 0.0 0.4
40.935618 -73.91205699999999 0.0 0.4
40.924895 -73.915461 0.0 0.4
40.915448999999995 -73.91920999999999 0.0 0.4
40.905062 -73.923307 0.0 0.4
40.895496 -73.92711899999999 0.0 0.4
40.885577999999995 -73.93172899999999 0.0 0.4
40.875133999999996 -73.938118 0.0 0.4
40.862615 -73.94578299999999 0.0 0.4
40.851811999999995 -73.95239699999999 0.0 0.4
40.839801 -73.957796 0.0 0.4
40.829177 -73.962463 0.0 0.4
40.820730999999995 -73.967894 0.0 0.4
40.810882 -73.97508499999999 0.0 0.4
40.800706 -73.98251599999999 0.0 0.4
40.790445 -73.990009 0.0 0.4
40.780313 -73.997408 0.0 0.4
40.772078 -74.003421 0.0 0.4
40.763718999999995 -74.009525 0.0 0.4
40.753506 -74.015013 0.0 0.4
40.743705999999996 -74.017398 0.0 0.4
40.732759 -74.020062 0.0 0.4
40.721923 -74.022699 0.0 0.4
40.711269 -74.02467899999999 0.0 0.4
40.700103 -74.02638999999999 0.0 0.4
40.688257 -74.033553 0.0 0.4
40.672996 -74.04276899999999 0.0 0.4
40.664407 -74.047956 0.0 0.4
40.655657 -74.053229 0.0 0.4
40.651489 -74.06978 0.0 0.4
40.651506 -74.086986 0.0 0.4
40.648064 -74.10024 0.0 0.4
40.64461 -74.119294 0.0 0.4
40.643085 -74.130222 0.0 0.4
40.642208 -74.141795 0.0 0.4
40.643738 -74.157943 0.0 0.4
40.64523 -74.17062299999999 0.0 0.4
40.646527999999996 -74.18164999999999 0.0 0.4
40.642025 -74.19143 0.0 0.4
40.633269999999996 -74.200176 0.0 0.4
40.61738 -74.202545 0.0 0.4
40.606062 -74.204833 0.0 0.4
40.596919 -74.20030299999999 0.0 0.4
40.587914999999995 -74.207242 0.0 0.4
40.576665999999996 -74.209544 0.0 0.4
40.560533 -74.214575 0.0 0.4
40.558547999999995 -74.227412 0.0 0.4
40.554472 -74.23913499999999 0.0 0.4
40.545592 -74.248982 0.0 0.4
40.528171 -74.247461 0.0 0.4
40.516369 -74.253017 0.0 0.4
40.506493999999996 -74.25829 0.0 0.4
40.495245 -74.257117 0.0 0.4
40.485535999999996 -74.24994699999999 0.0 0.4
40.481172 -74.237956 0.0 0.4
40.477621 -74.228196 0.0 0.4
40.478046 -74.216802 0.0 0.4
40.479818 -74.206443 0.0 0.4
40.485012 -74.176332 0.0 0.4
40.487443999999996 -74.162207 0.0 0.4
40.491772 -74.13705999999999 0.0 0.4
40.497713 -74.102547 0.0 0.4
40.499542999999996 -74.091912 0.0 0.4
40.503369 -74.069721 0.0 0.4
40.505599 -74.05672899999999 0.0 0.4
40.507827999999996 -74.04378 0.0 0.4
40.513006 -74.013522 0.0 0.4
40.519095 -73.977874 0.0 0.4
40.50839 -73.947794 0.0 0.4
40.492121 -73.90214 0.0 0.4
40.486511 -73.889645 0.0 0.4
40.475891999999995 -73.886747 0.0 0.4
40.452776 -73.88506 0.0 0.4
40.424226999999995 -73.886746 0.0 0.4
40.375108999999995 -73.886746 0.0 0.4
40.345009 -73.88708199999999 0.0 0.4
40.31069 -73.890791 0.0 0.4
40.274353 -73.898208 0.0 0.4
40.251413 -73.906398 0.0 0.4
40.241743 -73.910494 0.0 0.4
40.219536999999995 -73.920383 0.0 0.4
40.19229 -73.93253 0.0 0.4
40.154381 -73.94688 0.0 0.4
40.125113999999996 -73.96051299999999 0.0 0.4
40.11295 -73.96527499999999 0.0 0.4
40.101186999999996 -73.965124 0.0 0.4
40.090576999999996 -73.966145 0.0 0.4
40.080766 -73.970366 0.0 0.4
40.021125999999995 -73.986029 0.0 0.4
40.000116999999996 -73.99268 0.0 0.4
39.989259 -73.995892 0.0 0.4
39.976797999999995 -73.999577 0.0 0.4
39.936667 -74.007598 0.0 0.4
39.875119 -74.019899 0.0 0.4
39.855761 -74.022336 0.0 0.4
39.829586 -74.024785 0.0 0.4
39.806504 -74.02766 0.0 0.4
39.786682 -74.03048199999999 0.0 0.4
39.770019 -74.033079 0.0 0.4
39.750119999999995 -74.038158 0.0 0.4
39.736353 -74.043863 0.0 0.4
39.723785 -74.049489 0.0 0.4
39.707035 -74.062195 0.0 0.4
39.691252999999996 -74.07068799999999 0.0 0.4
39.669562 -74.083316 0.0 0.4
39.649949 -74.096531 0.0 0.4
39.631564999999995 -74.11131999999999 0.0 0.4
39.615139 -74.12458 0.0 0.4
39.574811 -74.153431 0.0 0.4
39.532993999999995 -74.183189 0.0 0.4
39.500116999999996 -74.21118 0.0 0.4
39.475198 -74.232062 0.0 0.4
39.452600000000004 -74.249585 0.0 0.4
39.442805 -74.25491099999999 0.0 0.4
39.422415 -74.265918 0.0 0.4
39.398252 -74.28727099999999 0.0 0.4
39.375116999999996 -74.311135 0.0 0.4
39.362339 -74.32541499999999 0.0 0.4
39.35449 -74.33613 0.0 0.4
39.345768 -74.350047 0.0 0.4
39.335407 -74.354659 0.0 0.4
39.325781 -74.36251299999999 0.0 0.4
39.31863 -74.372548 0.0 0.4
39.312286 -74.392196 0.0 0.4
39.309666 -74.411399 0.0 0.4
39.308355999999996 -74.430601 0.0 0.4
39.303115 -74.453375 0.0 0.4
39.299475 -74.463715 0.0 0.4
39.288692 -74.47731399999999 0.0 0.4
39.279579 -74.486947 0.0 0.4
39.266667 -74.500213 0.0 0.4
39.260971 -74.508471 0.0 0.4
39.245954999999995 -74.51845399999999 0.0 0.4
39.234564999999996 -74.533591 0.0 0.4
39.22659 -74.545976 0.0 0.4
39.219755 -74.55560899999999 0.0 0.4
39.210642 -74.565241 0.0 0.4
39.199251 -74.574876 0.0 0.4
39.187857 -74.583389 0.0 0.4
39.177752 -74.59534599999999 0.0 0.4
39.162945 -74.603602 0.0 0.4
39.152693 -74.613235 0.0 0.4
39.14358 -74.624602 0.0 0.4
39.125113999999996 -74.63737499999999 0.0 0.4
39.114824 -74.644279 0.0 0.4
39.102274 -74.640384 0.0 0.4
39.084573999999996 -74.642169 0.0 0.4
39.068294 -74.65355799999999 0.0 0.4
39.061284 -74.661615 0.0 0.4
39.052036 -74.676621 0.0 0.4
39.038939 -74.69082499999999 0.0 0.4
39.026621 -74.700194 0.0 0.4
39.014569 -74.709645 0.0 0.4
39.000113 -74.72000799999999 0.0 0.4
38.989194 -74.72382999999999 0.0 0.4
38.974249 -74.728402 0.0 0.4
38.958884999999995 -74.743107 0.0 0.4
38.952194999999996 -74.753198 0.0 0.4
38.947144 -74.763093 0.0 0.4
38.942794 -74.773938 0.0 0.4
38.927923 -74.790976 0.0 0.4
38.920583 -74.800679 0.0 0.4
38.906957 -74.809393 0.0 0.4
38.899009 -74.81930299999999 0.0 0.4
38.893031 -74.83198 0.0 0.4
38.88885 -74.84863299999999 0.0 0.4
38.887916 -74.860997 0.0 0.4
38.887794 -74.872158 0.0 0.4
38.884675 -74.882081 0.0 0.4
38.881083 -74.897046 0.0 0.4
38.879315999999996 -74.907986 0.0 0.4
38.854797 -74.93563 0.0 0.4
38.802084 -74.99962099999999 0.0 0.4
38.788657 -75.015123 0.0 0.4
38.801721 -75.022521 0.0 0.4
38.814274 -75.029713 0.0 0.4
38.835297 -75.04175699999999 0.0 0.4
38.846489 -75.04817 0.0 0.4
38.869059 -75.06110000000001 0.0 0.4
38.878976 -75.06696 0.0 0.4
38.890569 -75.07353599999999 0.0 0.4
38.911393 -75.085458 0.0 0.4
38.962271 -75.11465 0.0 0.4
38.979231 -75.124381 0.0 0.4
38.989954999999995 -75.130409 0.0 0.4
39.002697 -75.13846099999999 0.0 0.4
39.045006 -75.162053 0.0 0.4
39.056179 -75.16846199999999 0.0 0.4
39.065154 -75.177515 0.0 0.4
39.076679 -75.189292 0.0 0.4
39.086389 -75.19715099999999 0.0 0.4
39.108557 -75.213594 0.0 0.4
39.117368 -75.22006 0.0 0.4
39.126736 -75.226593 0.0 0.4
39.137788 -75.23437299999999 0.0 0.4
39.154506999999995 -75.245914 0.0 0.4
39.171267 -75.25857599999999 0.0 0.4
39.183606999999995 -75.268153 0.0 0.4
39.192833 -75.275316 0.0 0.4
39.202462 -75.282795 0.0 0.4
39.212012 -75.29021399999999 0.0 0.4
39.225274 -75.300521 0.0 0.4
39.2413 -75.313082 0.0 0.4
39.250164 -75.320061 0.0 0.4
39.258919 -75.330089 0.0 0.4
39.267756 -75.34076999999999 0.0 0.4
39.27751 -75.352648 0.0 0.4
39.292573 -75.37104099999999 0.0 0.4
39.299631 -75.379652 0.0 0.4
39.307871 -75.389494 0.0 0.4
39.315492 -75.398521 0.0 0.4
39.325632999999996 -75.410417 0.0 0.4
39.333884 -75.42007 0.0 0.4
39.340742999999996 -75.42805 0.0 0.4
39.347719 -75.436172 0.0 0.4
39.355089 -75.444751 0.0 0.4
39.365055 -75.45837 0.0 0.4
39.371148999999996 -75.466703 0.0 0.4
39.382003999999995 -75.476856 0.0 0.4
39.392844 -75.48764 0.0 0.4
39.403143 -75.499644 0.0 0.4
39.414376 -75.512714 0.0 0.4
39.423949 -75.523854 0.0 0.4
39.432697999999995 -75.534007 0.0 0.4
39.439296999999996 -75.541612 0.0 0.4
39.445896 -75.549216 0.0 0.4
39.455645 -75.560538 0.0 0.4
39.483048 -75.563586 0.0 0.4
39.495806 -75.55909 0.0 0.4
39.496215 -75.547262 0.0 0.4
39.497726 -75.531449 0.0 0.4
39.508497999999996 -75.53002599999999 0.0 0.4
39.51923 -75.52821899999999 0.0 0.4
39.529215 -75.526771 0.0 0.4
39.538101999999995 -75.532617 0.0 0.4
39.547655 -75.527028 0.0 0.4
39.555434 -75.51906799999999 0.0 0.4
39.564056 -75.513913 0.0 0.4
39.575005999999995 -75.512501 0.0 0.4
39.583003 -75.518658 0.0 0.4
39.585057 -75.52846 0.0 0.4
39.591871999999995 -75.536941 0.0 0.4
39.597111 -75.545703 0.0 0.4
39.603297999999995 -75.553778 0.0 0.4
39.613081 -75.557203 0.0 0.4
39.623166999999995 -75.559495 0.0 0.4
39.632852 -75.556968 0.0 0.4
39.638000999999996 -75.54834699999999 0.0 0.4
39.645455 -75.541663 0.0 0.4
39.648900000000005 -75.532018 0.0 0.4
39.656586 -75.52559099999999 0.0 0.4
39.663757 -75.517972 0.0 0.4
39.671883 -75.512142 0.0 0.4
39.682002 -75.510088 0.0 0.4
39.69208 -75.509163 0.0 0.4
39.699408 -75.501127 0.0 0.4
39.7062 -75.493785 0.0 0.4
39.714676 -75.48843 0.0 0.4
39.714166999999996 -75.478433 0.0 0.4
39.723946 -75.47630199999999 0.0 0.4
39.733958 -75.475264 0.0 0.4
39.742702 -75.469539 0.0 0.4
39.757014 -75.46355 0.0 0.4
39.769013 -75.452339 0.0 0.4
39.779453 -75.445235 0.0 0.4
39.784897 -75.43656 0.0 0.4
39.788402 -75.42676999999999 0.0 0.4
39.796368 -75.405489 0.0 0.4
39.801919 -75.41506199999999 0.0 0.4
39.807511999999996 -75.40373699999999 0.0 0.4
39.815948 -75.389849 0.0 0.4
39.823035999999995 -75.37879099999999 0.0 0.4
39.830442 -75.36786599999999 0.0 0.4
39.836845 -75.358761 0.0 0.4
39.842093999999996 -75.34988899999999 0.0 0.4
39.849013 -75.330432 0.0 0.4
39.849913 -75.318531 0.0 0.4
39.849996 -75.308514 0.0 0.4
39.84921 -75.298367 0.0 0.4
39.848847 -75.288212 0.0 0.4
39.849055 -75.277962 0.0 0.4
39.851828999999995 -75.25714599999999 0.0 0.4
39.853981999999995 -75.246149 0.0 0.4
39.856656 -75.235027 0.0 0.4
39.8609 -75.22293599999999 0.0 0.4
39.867004 -75.211463 0.0 0.4
39.873182 -75.199941 0.0 0.4
39.879616 -75.191589 0.0 0.4
39.882123 -75.181386 0.0 0.4
39.882493 -75.169129 0.0 0.4
39.883027 -75.156628 0.0 0.4
39.884502 -75.145626 0.0 0.4
39.891788999999996 -75.136177 0.0 0.4
39.900363 -75.13081 0.0 0.4
39.910288 -75.128462 0.0 0.4
39.920142999999996 -75.131631 0.0 0.4
39.93205 -75.136001 0.0 0.4
39.942637 -75.136257 0.0 0.4
39.952740999999996 -75.13443199999999 0.0 0.4
39.961822999999995 -75.12570099999999 0.0 0.4
39.967743999999996 -75.11428599999999 0.0 0.4
39.97215 -75.102955 0.0 0.4
39.974536 -75.092365 0.0 0.4
39.97625 -75.082461 0.0 0.4
39.980357 -75.071506 0.0 0.4
39.98865 -75.06206399999999 0.0 0.4
39.999331 -75.0567 0.0 0.4
40.007217 -75.049902 0.0 0.4
40.012713999999995 -75.04126699999999 0.0 0.4
40.015975999999995 -75.031371 0.0 0.4
40.018222 -75.021211 0.0 0.4
40.022490999999995 -75.010369 0.0 0.4
40.027982 -75.00198 0.0 0.4
40.036435 -74.990068 0.0 0.4
40.042933999999995 -74.981462 0.0 0.4
40.049783999999995 -74.972011 0.0 0.4
40.054415 -74.96304599999999 0.0 0.4
40.058889 -74.95354499999999 0.0 0.4
40.064101 -74.94308099999999 0.0 0.4
40.068259 -74.933961 0.0 0.4
40.071186 -74.92436099999999 0.0 0.4
40.070353999999995 -74.91422399999999 0.0 0.4
40.071978 -74.90318599999999 0.0 0.4
40.075313 -74.891531 0.0 0.4
40.079023 -74.880374 0.0 0.4
40.081520999999995 -74.869682 0.0 0.4
40.085032999999996 -74.859973 0.0 0.4
40.093925999999996 -74.853745 0.0 0.4
40.097603 -74.844404 0.0 0.4
40.103466 -74.83586799999999 0.0 0.4
40.11474 -74.83171999999999 0.0 0.4
40.124066 -74.82622599999999 0.0 0.4
40.127734 -74.816794 0.0 0.4
40.125121 -74.806829 0.0 0.4
40.121949 -74.79528499999999 0.0 0.4
40.120398 -74.78513 0.0 0.4
40.125004 -74.776027 0.0 0.4
40.130562999999995 -74.766632 0.0 0.4
40.134555 -74.757082 0.0 0.4
40.134505999999995 -74.7467 0.0 0.4
40.138002 -74.736949 0.0 0.4
40.144253 -74.727486 0.0 0.4
40.152724 -74.72191 0.0 0.4
40.162771 -74.724047 0.0 0.4
40.174509 -74.73380399999999 0.0 0.4
40.180737 -74.743552 0.0 0.4
40.184435 -74.75286799999999 0.0 0.4
40.193008999999996 -74.758153 0.0 0.4
40.202605 -74.763436 0.0 0.4
40.211162 -74.76892 0.0 0.4
40.219212999999996 -74.777491 0.0 0.4
40.224371999999995 -74.786169 0.0 0.4
40.229408 -74.795306 0.0 0.4
40.233408 -74.805207 0.0 0.4
40.236920999999995 -74.815167 0.0 0.4
40.241558 -74.824034 0.0 0.4
40.245788 -74.835191 0.0 0.4
40.253899 -74.844066 0.0 0.4
40.264306999999995 -74.84982699999999 0.0 0.4
40.27327 -74.854681 0.0 0.4
40.282337999999996 -74.859399 0.0 0.4
40.293464 -74.866851 0.0 0.4
40.300373 -74.87436699999999 0.0 0.4
40.307213 -74.88282699999999 0.0 0.4
40.312977 -74.891559 0.0 0.4
40.315467999999996 -74.90139099999999 0.0 0.4
40.318781 -74.911412 0.0 0.4
40.324909999999996 -74.920773 0.0 0.4
40.330748 -74.92909499999999 0.0 0.4
40.338006 -74.939711 0.0 0.4
40.346985 -74.94500000000001 0.0 0.4
40.357411 -74.946393 0.0 0.4
40.366896 -74.949854 0.0 0.4
40.376205 -74.95402 0.0 0.4
40.385025 -74.959082 0.0 0.4
40.394149 -74.963438 0.0 0.4
40.400238 -74.971509 0.0 0.4
40.403752999999995 -74.98124299999999 0.0 0.4
40.408968 -74.98982699999999 0.0 0.4
40.409776 -74.999997 0.0 0.4
40.406839999999995 -75.010274 0.0 0.4
40.404312999999995 -75.02072 0.0 0.4
40.404686 -75.03125299999999 0.0 0.4
40.409846 -75.039977 0.0 0.4
40.414673 -75.04896 0.0 0.4
40.418192999999995 -75.05857499999999 0.0 0.4
40.427876999999995 -75.062146 0.0 0.4
40.438156 -75.064165 0.0 0.4
40.448301 -75.067221 0.0 0.4
40.457837999999995 -75.07055 0.0 0.4
40.467501999999996 -75.067455 0.0 0.4
40.477131 -75.064337 0.0 0.4
40.487532 -75.06271199999999 0.0 0.4
40.497555999999996 -75.062958 0.0 0.4
40.507481 -75.064814 0.0 0.4
40.517568999999995 -75.06543599999999 0.0 0.4
40.527892 -75.065269 0.0 0.4
40.538013 -75.066981 0.0 0.4
40.545054 -75.074097 0.0 0.4
40.551552 -75.081828 0.0 0.4
40.558247 -75.089455 0.0 0.4
40.565433 -75.09701299999999 0.0 0.4
40.569585 -75.10624299999999 0.0 0.4
40.572973 -75.116005 0.0 0.4
40.574248 -75.126021 0.0 0.4
40.575679 -75.13641299999999 0.0 0.4
40.573083 -75.146486 0.0 0.4
40.567358999999996 -75.154991 0.0 0.4
40.564121 -75.164754 0.0 0.4
40.56494 -75.175046 0.0 0.4
40.568307999999995 -75.184907 0.0 0.4
40.574735 -75.192594 0.0 0.4
40.584770999999996 -75.19218599999999 0.0 0.4
