36.995267 -106.006316 0.0 0.4
36.995328 -105.988744 0.0 0.4
36.995416 -105.965879 0.0 0.4
36.995408999999995 -105.945906 0.0 0.4
36.99545 -105.928867 0.0 0.4
36.995551 -105.903923 0.0 0.4
36.995591 -105.883618 0.0 0.4
36.995564 -105.871751 0.0 0.4
36.995585 -105.843662 0.0 0.4
36.995595 -105.827384 0.0 0.4
36.995613999999996 -105.80101 0.0 0.4
36.995681999999995 -105.785173 0.0 0.4
36.995689 -105.774749 0.0 0.4
36.995695 -105.762215 0.0 0.4
36.995694 -105.75057 0.0 0.4
36.995746 -105.739934 0.0 0.4
36.995826 -105.721779 0.0 0.4
36.995909 -105.708916 0.0 0.4
36.995866 -105.698234 0.0 0.4
36.995853 -105.686036 0.0 0.4
36.99592 -105.66608 0.0 0.4
36.995891 -105.645661 0.0 0.4
36.995835 -105.629109 0.0 0.4
36.995689 -105.614913 0.0 0.4
36.995667999999995 -105.603758 0.0 0.4
36.995646 -105.591411 0.0 0.4
36.995625 -105.579577 0.0 0.4
36.995605999999995 -105.569159 0.0 0.4
36.995571 -105.550366 0.0 0.4
36.995546999999995 -105.536609 0.0 0.4
36.995521 -105.52232599999999 0.0 0.4
36.995504 -105.511515 0.0 0.4
36.99548 -105.499057 0.0 0.4
36.995459 -105.488156 0.0 0.4
36.995438 -105.476529 0.0 0.4
36.995418 -105.465065 0.0 0.4
36.995399 -105.454719 0.0 0.4
36.995374 -105.440576 0.0 0.4
36.995343 -105.42433 0.0 0.4
36.995312 -105.412112 0.0 0.4
36.995283 -105.392861 0.0 0.4
36.995238 -105.36646999999999 0.0 0.4
36.99519 -105.334074 0.0 0.4
36.995132 -105.307915 0.0 0.4
36.995082 -105.280141 0.0 0.4
36.995051 -105.260997 0.0 0.4
36.995024 -105.250766 0.0 0.4
36.994983 -105.222342 0.0 0.4
36.995191 -105.209566 0.0 0.4
36.995225999999995 -105.193329 0.0 0.4
36.995261 -105.176429 0.0 0.4
36.995284 -105.16584 0.0 0.4
36.995264 -105.155427 0.0 0.4
36.995183 -105.140164 0.0 0.4
36.995199 -105.128652 0.0 0.4
36.995204 -105.112674 0.0 0.4
36.994769999999995 -105.09675 0.0 0.4
36.994461 -105.08541 0.0 0.4
36.993981999999995 -105.070134 0.0 0.4
36.993713 -105.056448 0.0 0.4
36.992985 -105.036003 0.0 0.4
36.992805 -105.025051 0.0 0.4
36.993003 -105.014429 0.0 0.4
36.993262 -105.000551 0.0 0.4
36.99329 -104.941624 0.0 0.4
36.993294999999996 -104.93014 0.0 0.4
36.993308 -104.902587 0.0 0.4
36.993288 -104.891413 0.0 0.4
36.993261 -104.879213 0.0 0.4
36.993325 -104.86030099999999 0.0 0.4
36.993355 -104.843604 0.0 0.4
36.993376 -104.832575 0.0 0.4
36.993412 -104.812209 0.0 0.4
36.993432999999996 -104.801445 0.0 0.4
36.993455 -104.788462 0.0 0.4
36.99349 -104.768976 0.0 0.4
36.993511 -104.757715 0.0 0.4
36.993497999999995 -104.738158 0.0 0.4
36.993497 -104.707454 0.0 0.4
36.993457 -104.697167 0.0 0.4
36.993454 -104.685014 0.0 0.4
36.993442 -104.675003 0.0 0.4
36.993411 -104.660405 0.0 0.4
36.993379 -104.644997 0.0 0.4
36.993541 -104.634719 0.0 0.4
36.994285999999995 -104.624671 0.0 0.4
36.994124 -104.612677 0.0 0.4
36.994115 -104.602572 0.0 0.4
36.994097 -104.591571 0.0 0.4
36.994112 -104.577707 0.0 0.4
36.993854999999996 -104.567217 0.0 0.4
36.993930999999996 -104.54459 0.0 0.4
36.993915 -104.531967 0.0 0.4
36.993766 -104.519195 0.0 0.4
36.993815 -104.506778 0.0 0.4
36.993877 -104.494285 0.0 0.4
36.993862 -104.481581 0.0 0.4
36.993846 -104.47018 0.0 0.4
36.993732 -104.451696 0.0 0.4
36.99373 -104.436567 0.0 0.4
36.993594 -104.413528 0.0 0.4
36.993486 -104.400432 0.0 0.4
36.993508 -104.386261 0.0 0.4
36.993524 -104.375538 0.0 0.4
36.993486 -104.357489 0.0 0.4
36.993524 -104.343172 0.0 0.4
36.993701 -104.330849 0.0 0.4
36.993904 -104.318749 0.0 0.4
36.994015 -104.304852 0.0 0.4
36.994158 -104.292012 0.0 0.4
36.994316 -104.278532 0.0 0.4
36.994465999999996 -104.265684 0.0 0.4
36.994644 -104.250536 0.0 0.4
36.994724 -104.238095 0.0 0.4
36.994803 -104.225685 0.0 0.4
36.994754 -104.215634 0.0 0.4
36.994862 -104.202557 0.0 0.4
36.994979 -104.188779 0.0 0.4
36.995084999999996 -104.175727 0.0 0.4
36.995171 -104.16464500000001 0.0 0.4
36.995231 -104.152316 0.0 0.4
36.995278 -104.142082 0.0 0.4
36.99534 -104.128779 0.0 0.4
36.995478 -104.115482 0.0 0.4
36.995574 -104.10189 0.0 0.4
36.995673 -104.087825 0.0 0.4
36.995829 -104.065801 0.0 0.4
36.995900999999996 -104.055474 0.0 0.4
36.995979999999996 -104.044212 0.0 0.4
36.996134 -104.007851 0.0 0.4
36.996193 -103.997513 0.0 0.4
36.99639 -103.97287 0.0 0.4
36.99646 -103.961913 0.0 0.4
36.9966 -103.939761 0.0 0.4
36.996682 -103.926448 0.0 0.4
36.996867 -103.900515 0.0 0.4
36.99702 -103.883148 0.0 0.4
36.997113999999996 -103.871964 0.0 0.4
36.997177 -103.852782 0.0 0.4
36.997198999999995 -103.840652 0.0 0.4
36.997246 -103.826874 0.0 0.4
36.997353 -103.809022 0.0 0.4
36.997431 -103.796642 0.0 0.4
36.99755 -103.782671 0.0 0.4
36.997676999999996 -103.769713 0.0 0.4
36.997808 -103.756051 0.0 0.4
36.99794 -103.743022 0.0 0.4
36.998018 -103.73019 0.0 0.4
36.998134 -103.702832 0.0 0.4
36.998219 -103.689313 0.0 0.4
36.998304 -103.676283 0.0 0.4
36.998353 -103.666037 0.0 0.4
36.99848 -103.644576 0.0 0.4
36.998601 -103.628734 0.0 0.4
36.998658999999996 -103.616501 0.0 0.4
36.998714 -103.599376 0.0 0.4
36.998776 -103.580662 0.0 0.4
36.998833 -103.560262 0.0 0.4
36.998877 -103.549398 0.0 0.4
36.998923999999995 -103.53891899999999 0.0 0.4
36.998965 -103.523979 0.0 0.4
36.999038 -103.510935 0.0 0.4
36.999096 -103.500172 0.0 0.4
36.999133 -103.489773 0.0 0.4
36.999158 -103.478361 0.0 0.4
36.999165999999995 -103.466836 0.0 0.4
36.999192 -103.454175 0.0 0.4
36.999216 -103.441679 0.0 0.4
36.999269 -103.425684 0.0 0.4
36.999347 -103.408135 0.0 0.4
36.999397 -103.39304 0.0 0.4
36.999428 -103.380713 0.0 0.4
36.999446 -103.36934 0.0 0.4
36.999446999999996 -103.350802 0.0 0.4
36.999476 -103.330106 0.0 0.4
36.999548 -103.305731 0.0 0.4
36.999587 -103.274489 0.0 0.4
36.999604999999995 -103.25846 0.0 0.4
36.999629999999996 -103.239641 0.0 0.4
36.999694999999996 -103.226447 0.0 0.4
36.999825 -103.200562 0.0 0.4
36.999887 -103.188226 0.0 0.4
36.999943 -103.177521 0.0 0.4
37.000019 -103.15909 0.0 0.4
37.000053 -103.144057 0.0 0.4
37.000138 -103.127569 0.0 0.4
37.000173 -103.116775 0.0 0.4
37.000195999999995 -103.102485 0.0 0.4
37.000192 -103.090217 0.0 0.4
37.000164 -103.07025 0.0 0.4
37.000088 -103.045136 0.0 0.4
37.000142 -103.006216 0.0 0.4
36.973591 -103.002382 0.0 0.4
36.960733 -103.002371 0.0 0.4
36.950469999999996 -103.002354 0.0 0.4
36.938307 -103.002327 0.0 0.4
36.921844 -103.002298 0.0 0.4
36.911587 -103.002247 0.0 0.4
36.901489999999995 -103.002223 0.0 0.4
36.880362999999996 -103.002167 0.0 0.4
36.870017 -103.002147 0.0 0.4
36.840437 -103.002154 0.0 0.4
36.817715 -103.002186 0.0 0.4
36.801113 -103.002203 0.0 0.4
36.788621 -103.002229 0.0 0.4
36.768961 -103.002194 0.0 0.4
36.75532 -103.00219 0.0 0.4
36.74295 -103.002154 0.0 0.4
36.732082999999996 -103.002145 0.0 0.4
36.721033 -103.002044 0.0 0.4
36.709157999999995 -103.002184 0.0 0.4
36.697322 -103.002181 0.0 0.4
36.686332 -103.00218 0.0 0.4
36.675936 -103.002408 0.0 0.4
36.664930999999996 -103.002408 0.0 0.4
36.653608 -103.002405 0.0 0.4
36.638464 -103.002393 0.0 0.4
36.627801 -103.002303 0.0 0.4
36.617382 -103.002278 0.0 0.4
36.603336999999996 -103.002344 0.0 0.4
36.592652 -103.002234 0.0 0.4
36.575044 -103.00227 0.0 0.4
36.564717 -103.002301 0.0 0.4
36.553616999999996 -103.002323 0.0 0.4
36.542046 -103.00233 0.0 0.4
36.530694 -103.002337 0.0 0.4
36.519192 -103.002275 0.0 0.4
36.508891999999996 -103.002281 0.0 0.4
36.500518 -103.014126 0.0 0.4
36.500516999999995 -103.025218 0.0 0.4
36.500495 -103.039281 0.0 0.4
36.487069999999996 -103.041729 0.0 0.4
36.462945999999995 -103.041674 0.0 0.4
36.452791999999995 -103.041631 0.0 0.4
36.439475 -103.041624 0.0 0.4
36.427932 -103.041609 0.0 0.4
36.411927999999996 -103.041585 0.0 0.4
36.388194 -103.041549 0.0 0.4
36.373011 -103.041517 0.0 0.4
36.362311 -103.041493 0.0 0.4
36.351076 -103.041465 0.0 0.4
36.318156 -103.041452 0.0 0.4
36.304241 -103.041236 0.0 0.4
36.293332 -103.041205 0.0 0.4
36.282209 -103.041195 0.0 0.4
36.268421 -103.041174 0.0 0.4
36.252829 -103.041153 0.0 0.4
36.239340999999996 -103.041138 0.0 0.4
36.22902 -103.041253 0.0 0.4
36.218907 -103.041117 0.0 0.4
36.208093 -103.041038 0.0 0.4
36.192656 -103.041041 0.0 0.4
36.173646999999995 -103.041051 0.0 0.4
36.159113999999995 -103.041012 0.0 0.4
36.143868 -103.041025 0.0 0.4
36.129965 -103.041063 0.0 0.4
36.112409 -103.041009 0.0 0.4
36.102072 -103.041024 0.0 0.4
36.090754 -103.040951 0.0 0.4
36.076988 -103.04117 0.0 0.4
36.061834999999995 -103.041172 0.0 0.4
36.04982 -103.041183 0.0 0.4
36.031051 -103.041043 0.0 0.4
36.013090999999996 -103.041086 0.0 0.4
35.99877 -103.040979 0.0 0.4
35.986321 -103.040961 0.0 0.4
35.975016 -103.040935 0.0 0.4
35.964472 -103.040896 0.0 0.4
35.953185999999995 -103.040863 0.0 0.4
35.940148 -103.040873 0.0 0.4
35.913634 -103.040958 0.0 0.4
35.901585 -103.041058 0.0 0.4
35.884623999999995 -103.04102 0.0 0.4
35.837911 -103.041094 0.0 0.4
35.826174 -103.041288 0.0 0.4
35.809720999999996 -103.041297 0.0 0.4
35.797454 -103.041344 0.0 0.4
35.782804 -103.041258 0.0 0.4
35.771408 -103.041286 0.0 0.4
35.739446 -103.041347 0.0 0.4
35.72905 -103.041384 0.0 0.4
35.695682999999995 -103.041471 0.0 0.4
35.684931 -103.041518 0.0 0.4
35.672666 -103.041575 0.0 0.4
35.661082 -103.041622 0.0 0.4
35.65095 -103.04166 0.0 0.4
35.63975 -103.041674 0.0 0.4
35.628384 -103.041696 0.0 0.4
35.617976 -103.041714 0.0 0.4
35.607245 -103.041735 0.0 0.4
35.595002 -103.041759 0.0 0.4
35.581545 -103.041787 0.0 0.4
35.569344 -103.041809 0.0 0.4
35.558567 -103.041841 0.0 0.4
35.535584 -103.041858 0.0 0.4
35.52013 -103.041888 0.0 0.4
35.503603999999996 -103.041923 0.0 0.4
35.488724 -103.041952 0.0 0.4
35.448921 -103.042029 0.0 0.4
35.436873999999996 -103.041977 0.0 0.4
35.425089 -103.041971 0.0 0.4
35.411305 -103.041984 0.0 0.4
35.399376 -103.042013 0.0 0.4
35.388843 -103.042042 0.0 0.4
35.378577 -103.04208 0.0 0.4
35.367214 -103.042094 0.0 0.4
35.356386 -103.042113 0.0 0.4
35.3435 -103.042143 0.0 0.4
35.333334 -103.042171 0.0 0.4
35.321625 -103.04221 0.0 0.4
35.311282999999996 -103.042268 0.0 0.4
35.242048 -103.042421 0.0 0.4
35.227152 -103.042469 0.0 0.4
35.217149 -103.042513 0.0 0.4
35.205898999999995 -103.042509 0.0 0.4
35.195381 -103.042497 0.0 0.4
35.184835 -103.042516 0.0 0.4
35.17436 -103.04252 0.0 0.4
35.164161 -103.042528 0.0 0.4
35.153102 -103.04254 0.0 0.4
35.142334999999996 -103.042549 0.0 0.4
35.128391 -103.042561 0.0 0.4
35.117502 -103.042572 0.0 0.4
35.101188 -103.042583 0.0 0.4
35.089183 -103.04259 0.0 0.4
35.077793 -103.042596 0.0 0.4
35.067561 -103.042601 0.0 0.4
35.054390999999995 -103.042609 0.0 0.4
35.043554 -103.042617 0.0 0.4
35.032545 -103.042626 0.0 0.4
35.022476 -103.042636 0.0 0.4
35.011001 -103.042647 0.0 0.4
35.000847 -103.042712 0.0 0.4
34.988878 -103.042722 0.0 0.4
34.977864 -103.04270700000001 0.0 0.4
34.966291 -103.04271 0.0 0.4
34.956101 -103.042715 0.0 0.4
34.945105999999996 -103.042734 0.0 0.4
34.931534 -103.042804 0.0 0.4
34.921514 -103.042774 0.0 0.4
34.899487 -103.042778 0.0 0.4
34.888881999999995 -103.042831 0.0 0.4
34.876759 -103.042824 0.0 0.4
34.866261 -103.042847 0.0 0.4
34.855958 -103.042865 0.0 0.4
34.845352 -103.042885 0.0 0.4
34.833725 -103.042915 0.0 0.4
34.823623999999995 -103.042931 0.0 0.4
34.813128 -103.042915 0.0 0.4
34.801659 -103.042931 0.0 0.4
34.784966 -103.042661 0.0 0.4
34.764932 -103.042888 0.0 0.4
34.752424 -103.042972 0.0 0.4
34.741364 -103.042994 0.0 0.4
34.725502 -103.043037 0.0 0.4
34.712461999999995 -103.043046 0.0 0.4
34.697903 -103.043086 0.0 0.4
34.685682 -103.043111 0.0 0.4
34.674948 -103.043142 0.0 0.4
34.661781 -103.043186 0.0 0.4
34.651771 -103.043286 0.0 0.4
34.641529999999996 -103.043292 0.0 0.4
34.625068999999996 -103.043301 0.0 0.4
34.6134 -103.043259 0.0 0.4
34.602745 -103.043282 0.0 0.4
34.592365 -103.043266 0.0 0.4
34.582142 -103.04332 0.0 0.4
34.571518 -103.043335 0.0 0.4
34.560749 -103.043358 0.0 0.4
34.550568 -103.043358 0.0 0.4
34.540268 -103.043373 0.0 0.4
34.529765999999995 -103.043381 0.0 0.4
34.519711 -103.043381 0.0 0.4
34.507618 -103.043411 0.0 0.4
34.497021 -103.043442 0.0 0.4
34.483332 -103.043472 0.0 0.4
34.472857999999995 -103.04351 0.0 0.4
34.462799 -103.043526 0.0 0.4
34.448299 -103.043541 0.0 0.4
34.43785 -103.043564 0.0 0.4
34.42709 -103.043587 0.0 0.4
34.416695 -103.04361 0.0 0.4
34.405913999999996 -103.043617 0.0 0.4
34.395573 -103.043625 0.0 0.4
34.384969 -103.043615 0.0 0.4
34.371537 -103.043687 0.0 0.4
34.36108 -103.043694 0.0 0.4
34.350311 -103.04371 0.0 0.4
34.338158 -103.043729 0.0 0.4
34.318303 -103.04376 0.0 0.4
34.303804 -103.043758 0.0 0.4
34.290873 -103.04377 0.0 0.4
34.27906 -103.043763 0.0 0.4
34.268827 -103.043762 0.0 0.4
34.257459 -103.04376 0.0 0.4
34.24555 -103.043738 0.0 0.4
34.234076 -103.043852 0.0 0.4
34.223375 -103.043871 0.0 0.4
34.211545 -103.043837 0.0 0.4
34.181235 -103.043865 0.0 0.4
34.170868999999996 -103.043846 0.0 0.4
34.160658999999995 -103.043857 0.0 0.4
34.148016 -103.043865 0.0 0.4
34.135563 -103.04386099999999 0.0 0.4
34.124286999999995 -103.043879 0.0 0.4
34.113599 -103.043849 0.0 0.4
34.101862 -103.043698 0.0 0.4
34.091352 -103.043793 0.0 0.4
34.079404 -103.043824 0.0 0.4
34.06303 -103.043807 0.0 0.4
34.051307 -103.043795 0.0 0.4
34.040921 -103.043797 0.0 0.4
34.025377 -103.043715 0.0 0.4
34.015249 -103.043707 0.0 0.4
34.003639 -103.043651 0.0 0.4
33.974191 -103.044289 0.0 0.4
33.963251 -103.044474 0.0 0.4
33.94722 -103.044846 0.0 0.4
33.906299 -103.045698 0.0 0.4
33.887434 -103.046089 0.0 0.4
33.875144999999996 -103.046471 0.0 0.4
33.861063 -103.046718 0.0 0.4
33.850563 -103.046931 0.0 0.4
33.839084 -103.047169 0.0 0.4
33.824674 -103.047409 0.0 0.4
33.8089 -103.047685 0.0 0.4
33.796341 -103.047998 0.0 0.4
33.781227 -103.048299 0.0 0.4
33.765871 -103.048687 0.0 0.4
33.746777 -103.049103 0.0 0.4
33.731862 -103.049371 0.0 0.4
33.715705 -103.049747 0.0 0.4
33.702062999999995 -103.050032 0.0 0.4
33.683838 -103.050342 0.0 0.4
33.672168 -103.05056 0.0 0.4
33.658181 -103.050924 0.0 0.4
33.641929999999995 -103.051329 0.0 0.4
33.630021 -103.051557 0.0 0.4
33.614899 -103.05189 0.0 0.4
33.598862 -103.052147 0.0 0.4
33.586600000000004 -103.052282 0.0 0.4
33.570575 -103.052621 0.0 0.4
33.55898 -103.052723 0.0 0.4
33.546056 -103.05301299999999 0.0 0.4
33.535712 -103.05341 0.0 0.4
33.520371 -103.053749 0.0 0.4
33.506965 -103.053903 0.0 0.4
33.491389 -103.054213 0.0 0.4
33.478012 -103.0545 0.0 0.4
33.461476999999995 -103.054843 0.0 0.4
33.444537 -103.055201 0.0 0.4
33.426578 -103.055652 0.0 0.4
33.403262 -103.056182 0.0 0.4
33.388414 -103.056485 0.0 0.4
33.375107 -103.056795 0.0 0.4
33.356406 -103.057047 0.0 0.4
33.338806999999996 -103.057492 0.0 0.4
33.316769 -103.057968 0.0 0.4
33.303801 -103.058267 0.0 0.4
33.287025 -103.058601 0.0 0.4
33.271352 -103.05898 0.0 0.4
33.260362 -103.059173 0.0 0.4
33.243794 -103.059596 0.0 0.4
33.227975 -103.059921 0.0 0.4
33.213242 -103.060168 0.0 0.4
33.201706 -103.060468 0.0 0.4
33.184433999999996 -103.060826 0.0 0.4
33.169894 -103.061129 0.0 0.4
33.154258999999996 -103.06143 0.0 0.4
33.140884 -103.061736 0.0 0.4
33.125104 -103.062047 0.0 0.4
33.111816 -103.062405 0.0 0.4
33.09702 -103.062672 0.0 0.4
33.0858 -103.062898 0.0 0.4
33.075632 -103.063162 0.0 0.4
33.060944 -103.063477 0.0 0.4
33.050456 -103.063624 0.0 0.4
33.039015 -103.063801 0.0 0.4
33.024478 -103.064125 0.0 0.4
33.014227 -103.064346 0.0 0.4
32.999899 -103.064625 0.0 0.4
32.979994 -103.064583 0.0 0.4
32.968128 -103.06458 0.0 0.4
32.954658 -103.064686 0.0 0.4
32.944525 -103.064724 0.0 0.4
32.930146 -103.064683 0.0 0.4
32.906175999999995 -103.064702 0.0 0.4
32.888200000000005 -103.064726 0.0 0.4
32.868345999999995 -103.064765 0.0 0.4
32.857603 -103.064807 0.0 0.4
32.841981 -103.064791 0.0 0.4
32.829048 -103.064797 0.0 0.4
32.813899 -103.064765 0.0 0.4
32.799389 -103.064777 0.0 0.4
32.788532 -103.064745 0.0 0.4
32.777305 -103.064689 0.0 0.4
32.763757 -103.064738 0.0 0.4
32.744215 -103.064732 0.0 0.4
32.733768999999995 -103.064691 0.0 0.4
32.72347 -103.06482 0.0 0.4
32.710712 -103.064793 0.0 0.4
32.697756999999996 -103.064746 0.0 0.4
32.682699 -103.064871 0.0 0.4
32.667628 -103.064824 0.0 0.4
32.654205 -103.064752 0.0 0.4
32.624569 -103.064694 0.0 0.4
32.612424 -103.064663 0.0 0.4
32.601881 -103.064665 0.0 0.4
32.587983 -103.064761 0.0 0.4
32.577428999999995 -103.06475 0.0 0.4
32.562491 -103.064733 0.0 0.4
32.538430999999996 -103.064711 0.0 0.4
32.522193 -103.064696 0.0 0.4
32.500115 -103.064676 0.0 0.4
32.481069999999995 -103.064728 0.0 0.4
32.449883 -103.064719 0.0 0.4
32.438656 -103.064723 0.0 0.4
32.428241 -103.064728 0.0 0.4
32.406785 -103.064727 0.0 0.4
32.338982 -103.064723 0.0 0.4
32.301341 -103.06472 0.0 0.4
32.270868 -103.064725 0.0 0.4
32.248033 -103.064725 0.0 0.4
32.227095 -103.06478 0.0 0.4
32.166483 -103.064516 0.0 0.4
32.145126 -103.064558 0.0 0.4
32.127576999999995 -103.064566 0.0 0.4
32.113557 -103.064528 0.0 0.4
32.100988 -103.06447 0.0 0.4
32.087067 -103.064514 0.0 0.4
32.068501 -103.064508 0.0 0.4
32.051459 -103.064497 0.0 0.4
32.03483 -103.064502 0.0 0.4
32.024566 -103.064399 0.0 0.4
32.000423999999995 -103.06451 0.0 0.4
32.000409999999995 -103.085978 0.0 0.4
32.000396 -103.099936 0.0 0.4
32.000346 -103.125448 0.0 0.4
32.000341 -103.13548 0.0 0.4
32.000327 -103.164722 0.0 0.4
32.000322 -103.177284 0.0 0.4
32.000315 -103.189147 0.0 0.4
32.000391 -103.19941 0.0 0.4
32.000479999999996 -103.211232 0.0 0.4
32.000444 -103.250454 0.0 0.4
32.000543 -103.261315 0.0 0.4
32.000419 -103.278521 0.0 0.4
32.000369 -103.326501 0.0 0.4
32.000341999999996 -103.364143 0.0 0.4
32.000333999999995 -103.375458 0.0 0.4
32.000338 -103.401206 0.0 0.4
32.000346 -103.436935 0.0 0.4
32.000352 -103.470168 0.0 0.4
32.000355 -103.491614 0.0 0.4
32.000341 -103.532746 0.0 0.4
32.000321 -103.555828 0.0 0.4
32.000302999999995 -103.578757 0.0 0.4
32.000285999999996 -103.601664 0.0 0.4
32.000243999999995 -103.625466 0.0 0.4
32.000237999999996 -103.638784 0.0 0.4
32.000234 -103.649465 0.0 0.4
32.000208 -103.719722 0.0 0.4
32.0002 -103.739292 0.0 0.4
32.000197 -103.750463 0.0 0.4
32.000192999999996 -103.763753 0.0 0.4
32.000173 -103.807435 0.0 0.4
32.000169 -103.82471 0.0 0.4
32.000163 -103.840575 0.0 0.4
32.000154 -103.869248 0.0 0.4
32.000152 -103.890405 0.0 0.4
32.000150999999995 -103.901523 0.0 0.4
32.000147999999996 -103.91153 0.0 0.4
32.000144999999996 -103.928652 0.0 0.4
32.000135 -103.947357 0.0 0.4
32.000127 -103.959912 0.0 0.4
32.000124 -103.970646 0.0 0.4
32.000124 -103.981563 0.0 0.4
32.000133999999996 -103.998156 0.0 0.4
32.000121 -104.01057 0.0 0.4
32.000102 -104.024512 0.0 0.4
32.000071999999996 -104.040692 0.0 0.4
32.000043 -104.057435 0.0 0.4
32.000011 -104.076095 0.0 0.4
31.999982 -104.094573 0.0 0.4
31.999976999999998 -104.109327 0.0 0.4
31.999988 -104.12566699999999 0.0 0.4
32.000002 -104.148759 0.0 0.4
32.000012 -104.169191 0.0 0.4
32.00002 -104.183374 0.0 0.4
32.000025 -104.194193 0.0 0.4
32.000033 -104.211465 0.0 0.4
32.000037999999996 -104.222025 0.0 0.4
32.000053 -104.242533 0.0 0.4
32.000065 -104.271848 0.0 0.4
32.00007 -104.283204 0.0 0.4
32.000078 -104.297695 0.0 0.4
32.00009 -104.311031 0.0 0.4
32.000099 -104.323501 0.0 0.4
32.000119999999995 -104.341767 0.0 0.4
32.000119 -104.366113 0.0 0.4
32.000128 -104.392124 0.0 0.4
32.000135 -104.407161 0.0 0.4
32.000141 -104.417442 0.0 0.4
32.000156 -104.435865 0.0 0.4
32.000181999999995 -104.46058 0.0 0.4
32.000194 -104.477752 0.0 0.4
32.000205 -104.49095 0.0 0.4
32.000229 -104.531059 0.0 0.4
32.000233 -104.543246 0.0 0.4
32.000257999999995 -104.566312 0.0 0.4
32.000265999999996 -104.581377 0.0 0.4
32.000398 -104.607583 0.0 0.4
32.000422 -104.62617 0.0 0.4
32.000394 -104.640409 0.0 0.4
32.000408 -104.670846 0.0 0.4
32.000388 -104.691337 0.0 0.4
32.000377 -104.701395 0.0 0.4
32.00037 -104.714908 0.0 0.4
32.000361 -104.731473 0.0 0.4
32.000537 -104.750503 0.0 0.4
31.997602999999998 -104.765006 0.0 0.4
31.997628 -104.775447 0.0 0.4
31.998243 -104.789802 0.0 0.4
31.998711 -104.800679 0.0 0.4
31.999558999999998 -104.821027 0.0 0.4
31.999961 -104.831203 0.0 0.4
32.000277 -104.842714 0.0 0.4
32.000411 -104.854257 0.0 0.4
32.000416 -104.868766 0.0 0.4
32.000423999999995 -104.878826 0.0 0.4
32.000420999999996 -104.893286 0.0 0.4
32.000417 -104.906227 0.0 0.4
32.000417999999996 -104.918357 0.0 0.4
32.00042 -104.928776 0.0 0.4
32.000431 -104.947754 0.0 0.4
32.000439 -104.973418 0.0 0.4
32.000440999999995 -104.992557 0.0 0.4
32.000423999999995 -105.002574 0.0 0.4
32.000444 -105.01391 0.0 0.4
32.000468 -105.033219 0.0 0.4
32.000485999999995 -105.052505 0.0 0.4
32.000492 -105.063632 0.0 0.4
32.000498 -105.07378 0.0 0.4
32.000476 -105.087127 0.0 0.4
32.000431999999996 -105.09931399999999 0.0 0.4
32.000372 -105.116428 0.0 0.4
32.000296 -105.131498 0.0 0.4
32.000251 -105.144227 0.0 0.4
32.000229 -105.155449 0.0 0.4
32.000229 -105.166307 0.0 0.4
32.000226999999995 -105.178171 0.0 0.4
32.000217 -105.19491 0.0 0.4
32.000205 -105.209941 0.0 0.4
32.000195 -105.220047 0.0 0.4
32.000206999999996 -105.245188 0.0 0.4
32.000343 -105.28774 0.0 0.4
32.000372999999996 -105.298993 0.0 0.4
32.000403999999996 -105.309236 0.0 0.4
32.000498 -105.329841 0.0 0.4
32.000513 -105.343264 0.0 0.4
32.000583999999996 -105.375134 0.0 0.4
32.000616 -105.386731 0.0 0.4
32.000656 -105.400287 0.0 0.4
32.000685 -105.410495 0.0 0.4
32.000731 -105.42636 0.0 0.4
32.000814 -105.457705 0.0 0.4
32.000842 -105.467864 0.0 0.4
32.000887 -105.484618 0.0 0.4
32.000954 -105.507177 0.0 0.4
32.001008999999996 -105.527535 0.0 0.4
32.001104999999995 -105.563385 0.0 0.4
32.001191 -105.596338 0.0 0.4
32.001211999999995 -105.60737 0.0 0.4
32.001281999999996 -105.634826 0.0 0.4
32.001326999999996 -105.651696 0.0 0.4
32.001381 -105.675635 0.0 0.4
32.001391 -105.685669 0.0 0.4
32.001416 -105.698518 0.0 0.4
32.001459 -105.710398 0.0 0.4
32.001506 -105.72757 0.0 0.4
32.001568999999996 -105.75094 0.0 0.4
32.001598 -105.76344 0.0 0.4
32.001636999999995 -105.784398 0.0 0.4
32.001692 -105.800166 0.0 0.4
32.001767 -105.820388 0.0 0.4
32.001851 -105.842308 0.0 0.4
32.001901 -105.854253 0.0 0.4
32.001962999999996 -105.874472 0.0 0.4
32.002007 -105.887626 0.0 0.4
32.002044 -105.90069199999999 0.0 0.4
32.002105 -105.917606 0.0 0.4
32.0022 -105.943066 0.0 0.4
32.002245 -105.958545 0.0 0.4
32.002294 -105.972384 0.0 0.4
32.002334 -105.983508 0.0 0.4
32.002376999999996 -105.998012 0.0 0.4
32.002483 -106.031183 0.0 0.4
32.002542999999996 -106.050446 0.0 0.4
32.0026 -106.064375 0.0 0.4
32.002649999999996 -106.082896 0.0 0.4
32.002646 -106.099734 0.0 0.4
32.002572 -106.118728 0.0 0.4
32.002486999999995 -106.134768 0.0 0.4
32.002311999999996 -106.16847 0.0 0.4
32.002248 -106.180825 0.0 0.4
32.00215 -106.200137 0.0 0.4
32.002094 -106.211511 0.0 0.4
32.001823 -106.266544 0.0 0.4
32.001773 -106.277693 0.0 0.4
32.001666 -106.313452 0.0 0.4
32.001625 -106.323659 0.0 0.4
32.001594 -106.334966 0.0 0.4
32.001536 -106.357979 0.0 0.4
32.001506 -106.36807 0.0 0.4
32.001191999999996 -106.37859399999999 0.0 0.4
32.001368 -106.389023 0.0 0.4
32.00139 -106.40576899999999 0.0 0.4
32.001349 -106.417721 0.0 0.4
32.001298999999996 -106.428154 0.0 0.4
32.001191999999996 -106.443375 0.0 0.4
32.001123 -106.46164 0.0 0.4
32.001066 -106.476664 0.0 0.4
32.000985 -106.497447 0.0 0.4
32.000845 -106.510237 0.0 0.4
32.000762 -106.525649 0.0 0.4
32.000762 -106.539505 0.0 0.4
32.000757 -106.549824 0.0 0.4
32.000757 -106.56184999999999 0.0 0.4
32.000721 -106.573056 0.0 0.4
32.000721999999996 -106.583401 0.0 0.4
32.000682999999995 -106.593563 0.0 0.4
32.000678 -106.603686 0.0 0.4
32.000495 -106.618486 0.0 0.4
31.990997999999998 -106.623568 0.0 0.4
31.988037 -106.63349099999999 0.0 0.4
31.97907 -106.639036 0.0 0.4
31.972364 -106.631503 0.0 0.4
31.971577 -106.619569 0.0 0.4
31.961056 -106.624298 0.0 0.4
31.955990999999997 -106.614375 0.0 0.4
31.947039999999998 -106.619065 0.0 0.4
31.937338999999998 -106.622163 0.0 0.4
31.927640999999998 -106.628569 0.0 0.4
31.922919 -106.619403 0.0 0.4
31.913307999999997 -106.624526 0.0 0.4
31.909084 -106.634553 0.0 0.4
31.902642 -106.64264299999999 0.0 0.4
31.892609 -106.641566 0.0 0.4
31.887946 -106.632452 0.0 0.4
31.876863999999998 -106.632797 0.0 0.4
31.866232999999998 -106.63592 0.0 0.4
31.860367 -106.62766 0.0 0.4
31.852394999999998 -106.621491 0.0 0.4
31.846486 -106.61281 0.0 0.4
31.844369999999998 -106.601695 0.0 0.4
31.834397 -106.603605 0.0 0.4
31.824759999999998 -106.598355 0.0 0.4
31.822108 -106.58805100000001 0.0 0.4
31.813900999999998 -106.581345 0.0 0.4
31.810236 -106.571666 0.0 0.4
31.810724999999998 -106.560841 0.0 0.4
31.808127 -106.550787 0.0 0.4
31.802194 -106.542244 0.0 0.4
31.795814999999997 -106.534327 0.0 0.4
31.788915 -106.527045 0.0 0.4
31.783886 -106.539006 0.0 0.4
31.783876999999997 -106.559615 0.0 0.4
31.783873999999997 -106.56994 0.0 0.4
31.783870999999998 -106.586627 0.0 0.4
31.783865 -106.599577 0.0 0.4
31.78387 -106.613186 0.0 0.4
31.783865 -106.625603 0.0 0.4
31.783859 -106.636466 0.0 0.4
31.783856999999998 -106.650474 0.0 0.4
31.783851 -106.667121 0.0 0.4
31.783846999999998 -106.679031 0.0 0.4
31.783842999999997 -106.689787 0.0 0.4
31.783837 -106.709471 0.0 0.4
31.783832999999998 -106.728508 0.0 0.4
31.783821999999997 -106.75003 0.0 0.4
31.783817 -106.764306 0.0 0.4
31.783813 -106.786557 0.0 0.4
31.783804999999997 -106.803026 0.0 0.4
31.783789 -106.820533 0.0 0.4
31.783780999999998 -106.837335 0.0 0.4
31.783776 -106.853132 0.0 0.4
31.783769 -106.865789 0.0 0.4
31.783763999999998 -106.875822 0.0 0.4
31.783758 -106.886475 0.0 0.4
31.783755999999997 -106.898129 0.0 0.4
31.783755 -106.909231 0.0 0.4
31.783755 -106.919793 0.0 0.4
31.783752999999997 -106.93106 0.0 0.4
31.783749 -106.941306 0.0 0.4
31.783739999999998 -106.952319 0.0 0.4
31.78373 -106.96507 0.0 0.4
31.783718999999998 -106.98207 0.0 0.4
31.783716 -106.993151 0.0 0.4
31.783706 -107.007519 0.0 0.4
31.783689 -107.028718 0.0 0.4
31.783683 -107.046354 0.0 0.4
31.783680999999998 -107.056855 0.0 0.4
31.783673 -107.078879 0.0 0.4
31.783663999999998 -107.108765 0.0 0.4
31.783662999999997 -107.119133 0.0 0.4
31.783661 -107.129608 0.0 0.4
31.783648999999997 -107.14801 0.0 0.4
31.783641999999997 -107.162069 0.0 0.4
31.783641 -107.1756 0.0 0.4
31.78364 -107.189177 0.0 0.4
31.783645999999997 -107.246326 0.0 0.4
31.783645999999997 -107.259448 0.0 0.4
31.783645999999997 -107.277158 0.0 0.4
31.783641 -107.29569 0.0 0.4
31.783641 -107.310454 0.0 0.4
31.783641 -107.32147 0.0 0.4
31.783642999999998 -107.337512 0.0 0.4
31.783641999999997 -107.354556 0.0 0.4
31.783645999999997 -107.369132 0.0 0.4
31.783648999999997 -107.381868 0.0 0.4
31.783648999999997 -107.394604 0.0 0.4
31.783651 -107.416213 0.0 0.4
31.783649999999998 -107.434641 0.0 0.4
31.783649999999998 -107.454444 0.0 0.4
31.783652999999997 -107.471441 0.0 0.4
31.783659 -107.482798 0.0 0.4
31.783652999999997 -107.497208 0.0 0.4
31.783654 -107.50756 0.0 0.4
31.783659999999998 -107.52122 0.0 0.4
31.783669 -107.535355 0.0 0.4
31.783666 -107.564322 0.0 0.4
31.783665 -107.579734 0.0 0.4
31.783663999999998 -107.590673 0.0 0.4
31.783668 -107.620553 0.0 0.4
31.783669 -107.630867 0.0 0.4
31.783666 -107.641124 0.0 0.4
31.783659999999998 -107.651726 0.0 0.4
31.783662 -107.661761 0.0 0.4
31.783665 -107.67910499999999 0.0 0.4
31.783672 -107.691548 0.0 0.4
31.783676 -107.702316 0.0 0.4
31.783672 -107.714196 0.0 0.4
31.783671 -107.727007 0.0 0.4
31.783675 -107.750619 0.0 0.4
31.783676 -107.76114 0.0 0.4
31.783675 -107.77404 0.0 0.4
31.783676 -107.788901 0.0 0.4
31.783679999999997 -107.822564 0.0 0.4
31.783679999999997 -107.833573 0.0 0.4
31.783676999999997 -107.848354 0.0 0.4
31.783680999999998 -107.863398 0.0 0.4
31.783682 -107.876179 0.0 0.4
31.783675 -107.904483 0.0 0.4
31.783679 -107.943859 0.0 0.4
31.783680999999998 -107.957074 0.0 0.4
31.783680999999998 -107.967348 0.0 0.4
31.783683999999997 -107.978394 0.0 0.4
31.783683999999997 -108.000125 0.0 0.4
31.783686 -108.012528 0.0 0.4
31.783683 -108.022553 0.0 0.4
31.783683 -108.033767 0.0 0.4
31.78369 -108.043933 0.0 0.4
31.783690999999997 -108.054329 0.0 0.4
31.783690999999997 -108.065123 0.0 0.4
31.78369 -108.077313 0.0 0.4
31.78369 -108.08876599999999 0.0 0.4
31.783690999999997 -108.100645 0.0 0.4
31.783689 -108.116974 0.0 0.4
31.783689 -108.127977 0.0 0.4
31.783690999999997 -108.142366 0.0 0.4
31.783693 -108.155122 0.0 0.4
31.783693999999997 -108.166023 0.0 0.4
31.783693999999997 -108.181226 0.0 0.4
31.783693999999997 -108.191346 0.0 0.4
31.783693999999997 -108.201403 0.0 0.4
31.762468 -108.20848 0.0 0.4
31.750152999999997 -108.208484 0.0 0.4
31.739774999999998 -108.208488 0.0 0.4
31.729709999999997 -108.208491 0.0 0.4
31.719528999999998 -108.20849 0.0 0.4
31.703868 -108.20848 0.0 0.4
31.68881 -108.208477 0.0 0.4
31.648905 -108.208479 0.0 0.4
31.632969 -108.208479 0.0 0.4
31.618430999999998 -108.208482 0.0 0.4
31.605359999999997 -108.208478 0.0 0.4
31.589333 -108.208477 0.0 0.4
31.577263 -108.208472 0.0 0.4
31.566319999999997 -108.208466 0.0 0.4
31.546765999999998 -108.20847 0.0 0.4
31.529193999999997 -108.208478 0.0 0.4
31.513215 -108.208477 0.0 0.4
31.502319 -108.208474 0.0 0.4
31.478832999999998 -108.208477 0.0 0.4
31.460148999999998 -108.20847499999999 0.0 0.4
31.448142999999998 -108.208472 0.0 0.4
31.429167 -108.208473 0.0 0.4
31.408226 -108.20847 0.0 0.4
31.386484999999997 -108.208474 0.0 0.4
31.375127 -108.20847 0.0 0.4
31.357461999999998 -108.208473 0.0 0.4
31.34295 -108.208471 0.0 0.4
31.333375 -108.215682 0.0 0.4
31.333378 -108.227114 0.0 0.4
31.333375999999998 -108.239125 0.0 0.4
31.333371 -108.25029 0.0 0.4
31.333354 -108.280122 0.0 0.4
31.333356 -108.301393 0.0 0.4
31.333358999999998 -108.311815 0.0 0.4
31.333371999999997 -108.325285 0.0 0.4
31.333367 -108.339831 0.0 0.4
31.333361 -108.352734 0.0 0.4
31.33336 -108.367568 0.0 0.4
31.333368 -108.389039 0.0 0.4
31.333368999999998 -108.399163 0.0 0.4
31.333365999999998 -108.412078 0.0 0.4
31.333356 -108.446068 0.0 0.4
31.333358999999998 -108.46878699999999 0.0 0.4
31.333350999999997 -108.480178 0.0 0.4
31.33335 -108.492865 0.0 0.4
31.333349 -108.505544 0.0 0.4
31.33335 -108.530035 0.0 0.4
31.333357999999997 -108.548041 0.0 0.4
31.333354 -108.564956 0.0 0.4
31.333347 -108.577636 0.0 0.4
31.333337999999998 -108.595634 0.0 0.4
31.333346 -108.617282 0.0 0.4
31.33334 -108.632582 0.0 0.4
31.333337 -108.657091 0.0 0.4
31.333330999999998 -108.683285 0.0 0.4
31.33327 -108.69595699999999 0.0 0.4
31.333122 -108.70710000000001 0.0 0.4
31.332936 -108.718936 0.0 0.4
31.332653999999998 -108.73284699999999 0.0 0.4
31.332413 -108.743141 0.0 0.4
31.332186 -108.754576 0.0 0.4
31.332219 -108.767351 0.0 0.4
31.332272 -108.78013 0.0 0.4
31.332252999999998 -108.80136 0.0 0.4
31.332219 -108.813304 0.0 0.4
31.33225 -108.851102 0.0 0.4
31.332255999999997 -108.863832 0.0 0.4
31.332243 -108.877467 0.0 0.4
31.33225 -108.890215 0.0 0.4
31.332254 -108.902948 0.0 0.4
31.332289 -108.915715 0.0 0.4
31.3323 -108.949407 0.0 0.4
31.332303999999997 -108.962096 0.0 0.4
31.332314999999998 -108.987386 0.0 0.4
31.33232 -109.000613 0.0 0.4
31.332321999999998 -109.021176 0.0 0.4
31.332326 -109.035746 0.0 0.4
31.332345 -109.046565 0.0 0.4
31.342105999999998 -109.050046 0.0 0.4
31.352916999999998 -109.050047 0.0 0.4
31.37359 -109.050045 0.0 0.4
31.387746999999997 -109.05002999999999 0.0 0.4
31.400672999999998 -109.050043 0.0 0.4
31.412176 -109.050068 0.0 0.4
31.429713999999997 -109.050062 0.0 0.4
31.448271 -109.05006399999999 0.0 0.4
31.460044 -109.05007 0.0 0.4
31.471199 -109.05004 0.0 0.4
31.484873 -109.050357 0.0 0.4
31.496104 -109.050178 0.0 0.4
31.507216999999997 -109.050183 0.0 0.4
31.519485999999997 -109.05031 0.0 0.4
31.532083 -109.050362 0.0 0.4
31.544712999999998 -109.05013 0.0 0.4
31.558121999999997 -109.04993 0.0 0.4
31.575028999999997 -109.049984 0.0 0.4
31.586166 -109.049983 0.0 0.4
31.597231999999998 -109.049924 0.0 0.4
31.610988 -109.04989 0.0 0.4
31.623162999999998 -109.04988399999999 0.0 0.4
31.634608999999998 -109.04986 0.0 0.4
31.646099 -109.04981 0.0 0.4
31.656482999999998 -109.049766 0.0 0.4
31.670002 -109.049716 0.0 0.4
31.681721999999997 -109.04968099999999 0.0 0.4
31.694408 -109.049634 0.0 0.4
31.707497 -109.049556 0.0 0.4
31.71912 -109.049476 0.0 0.4
31.731533 -109.049435 0.0 0.4
31.750162999999997 -109.049382 0.0 0.4
31.762133 -109.049334 0.0 0.4
31.790301 -109.049229 0.0 0.4
31.802462 -109.049177 0.0 0.4
31.813772999999998 -109.049164 0.0 0.4
31.82472 -109.049131 0.0 0.4
31.836648999999998 -109.049116 0.0 0.4
31.848803999999998 -109.04910699999999 0.0 0.4
31.859568999999997 -109.049099 0.0 0.4
31.869972999999998 -109.049052 0.0 0.4
31.881211999999998 -109.04904 0.0 0.4
31.893307 -109.049032 0.0 0.4
31.905212 -109.049023 0.0 0.4
31.920917 -109.049048 0.0 0.4
31.932423 -109.048994 0.0 0.4
31.943338999999998 -109.04897 0.0 0.4
31.959231 -109.048943 0.0 0.4
31.973619999999997 -109.048902 0.0 0.4
31.995811 -109.048857 0.0 0.4
32.012252 -109.048827 0.0 0.4
32.023278999999995 -109.048809 0.0 0.4
32.04965 -109.048732 0.0 0.4
32.070918999999996 -109.048686 0.0 0.4
32.081279 -109.04867899999999 0.0 0.4
32.09225 -109.04866200000001 0.0 0.4
32.103825 -109.048649 0.0 0.4
32.115183 -109.048632 0.0 0.4
32.126642 -109.048612 0.0 0.4
32.141242999999996 -109.048591 0.0 0.4
32.155543 -109.048576 0.0 0.4
32.167556999999995 -109.048554 0.0 0.4
32.183411 -109.048522 0.0 0.4
32.195398 -109.048494 0.0 0.4
32.210754 -109.04840300000001 0.0 0.4
32.224568 -109.04839799999999 0.0 0.4
32.237515 -109.04835800000001 0.0 0.4
32.248014999999995 -109.048338 0.0 0.4
32.262367 -109.048258 0.0 0.4
32.279329 -109.048248 0.0 0.4
32.289451 -109.04822300000001 0.0 0.4
32.302233 -109.048153 0.0 0.4
32.319376999999996 -109.048084 0.0 0.4
32.333189 -109.048025 0.0 0.4
32.345341999999995 -109.047991 0.0 0.4
32.370354999999996 -109.048007 0.0 0.4
32.388069 -109.04799 0.0 0.4
32.399245 -109.04796400000001 0.0 0.4
32.413916 -109.047979 0.0 0.4
32.426376 -109.047918 0.0 0.4
32.439738 -109.047879 0.0 0.4
32.457282 -109.048042 0.0 0.4
32.471368 -109.048042 0.0 0.4
32.491664 -109.047997 0.0 0.4
32.501961 -109.04798 0.0 0.4
32.514586 -109.047953 0.0 0.4
32.53312 -109.047922 0.0 0.4
32.547938 -109.047904 0.0 0.4
32.559083 -109.047892 0.0 0.4
32.570952999999996 -109.047883 0.0 0.4
32.5897 -109.047852 0.0 0.4
32.60215 -109.047842 0.0 0.4
32.616392 -109.04791900000001 0.0 0.4
32.631991 -109.047811 0.0 0.4
32.647062 -109.047799 0.0 0.4
32.658422 -109.047831 0.0 0.4
32.675653 -109.04783499999999 0.0 0.4
32.686347999999995 -109.047789 0.0 0.4
32.696594999999995 -109.047821 0.0 0.4
32.715007 -109.047776 0.0 0.4
32.726672 -109.047753 0.0 0.4
32.748661 -109.047709 0.0 0.4
32.765958999999995 -109.047675 0.0 0.4
32.777802 -109.047643 0.0 0.4
32.791264999999996 -109.04774499999999 0.0 0.4
32.804893 -109.047843 0.0 0.4
32.816648 -109.04762 0.0 0.4
32.827793 -109.047513 0.0 0.4
32.840798 -109.047543 0.0 0.4
32.850961 -109.047582 0.0 0.4
32.861677 -109.047589 0.0 0.4
32.877808 -109.047545 0.0 0.4
32.889914 -109.047551 0.0 0.4
32.908916999999995 -109.04753 0.0 0.4
32.92073 -109.047509 0.0 0.4
32.932159 -109.047495 0.0 0.4
32.946388999999996 -109.047502 0.0 0.4
32.958356 -109.047496 0.0 0.4
32.976442 -109.047478 0.0 0.4
32.992047 -109.047471 0.0 0.4
33.002823 -109.04745199999999 0.0 0.4
33.021133999999996 -109.047458 0.0 0.4
33.035421 -109.047461 0.0 0.4
33.049796 -109.047587 0.0 0.4
33.060254 -109.047592 0.0 0.4
33.071529999999996 -109.047524 0.0 0.4
33.089222 -109.04756499999999 0.0 0.4
33.107389999999995 -109.047549 0.0 0.4
33.123439999999995 -109.047724 0.0 0.4
33.13851 -109.047726 0.0 0.4
33.151295999999995 -109.047627 0.0 0.4
33.163734 -109.047703 0.0 0.4
33.177853999999996 -109.047714 0.0 0.4
33.189867 -109.04769 0.0 0.4
33.205363999999996 -109.047602 0.0 0.4
33.216135 -109.047522 0.0 0.4
33.239515 -109.04741 0.0 0.4
33.250167999999995 -109.04747 0.0 0.4
33.262246999999995 -109.04733 0.0 0.4
33.278034 -109.047273 0.0 0.4
33.290487 -109.047239 0.0 0.4
33.304711 -109.047212 0.0 0.4
33.319998 -109.04718199999999 0.0 0.4
33.337832 -109.047154 0.0 0.4
33.347919 -109.047139 0.0 0.4
33.360701 -109.047117 0.0 0.4
33.372315 -109.047108 0.0 0.4
33.386986 -109.047099 0.0 0.4
33.399059 -109.047071 0.0 0.4
33.409296 -109.047045 0.0 0.4
33.430831 -109.046921 0.0 0.4
33.442827 -109.046929 0.0 0.4
33.455169 -109.046958 0.0 0.4
33.465638999999996 -109.047017 0.0 0.4
33.480205999999995 -109.047118 0.0 0.4
33.49259 -109.04719 0.0 0.4
33.508638 -109.047232 0.0 0.4
33.522149 -109.047205 0.0 0.4
33.533386 -109.047085 0.0 0.4
33.546642 -109.047128 0.0 0.4
33.562297 -109.046979 0.0 0.4
33.572669999999995 -109.046865 0.0 0.4
33.588813 -109.047017 0.0 0.4
33.601289 -109.047075 0.0 0.4
33.616368 -109.047068 0.0 0.4
33.632797 -109.047052 0.0 0.4
33.649741 -109.047021 0.0 0.4
33.666457 -109.04691 0.0 0.4
33.679218999999996 -109.046861 0.0 0.4
33.691127 -109.046849 0.0 0.4
33.702189 -109.04687200000001 0.0 0.4
33.713274 -109.046904 0.0 0.4
33.724667 -109.046908 0.0 0.4
33.738068 -109.046866 0.0 0.4
33.750667 -109.046779 0.0 0.4
33.761255 -109.046701 0.0 0.4
33.777407 -109.046717 0.0 0.4
33.804812 -109.046699 0.0 0.4
33.82306 -109.046702 0.0 0.4
33.841877 -109.046735 0.0 0.4
33.852415 -109.046744 0.0 0.4
33.862719 -109.04674299999999 0.0 0.4
33.881001999999995 -109.046791 0.0 0.4
33.901108 -109.046882 0.0 0.4
33.9117 -109.046906 0.0 0.4
33.93363 -109.046915 0.0 0.4
33.945961 -109.04689 0.0 0.4
33.956745 -109.046884 0.0 0.4
33.973437 -109.046886 0.0 0.4
33.986295999999996 -109.046942 0.0 0.4
33.997465 -109.046994 0.0 0.4
34.016183999999996 -109.046914 0.0 0.4
34.041719 -109.046818 0.0 0.4
34.055839999999996 -109.046892 0.0 0.4
34.068968 -109.04696 0.0 0.4
34.084461999999995 -109.046922 0.0 0.4
34.096078 -109.046888 0.0 0.4
34.111336 -109.046907 0.0 0.4
34.125048 -109.046873 0.0 0.4
34.136041 -109.046836 0.0 0.4
34.151824999999995 -109.046792 0.0 0.4
34.162183 -109.046808 0.0 0.4
34.173792999999996 -109.046765 0.0 0.4
34.191164 -109.046646 0.0 0.4
34.207100000000004 -109.046752 0.0 0.4
34.250046 -109.04666399999999 0.0 0.4
34.263342 -109.046606 0.0 0.4
34.282972 -109.046528 0.0 0.4
34.297644999999996 -109.046528 0.0 0.4
34.317584 -109.046472 0.0 0.4
34.330866 -109.046514 0.0 0.4
34.35781 -109.04651 0.0 0.4
34.372409999999995 -109.046511 0.0 0.4
34.386665 -109.046534 0.0 0.4
34.409800000000004 -109.046381 0.0 0.4
34.435646999999996 -109.04634300000001 0.0 0.4
34.476611 -109.046309 0.0 0.4
34.500042 -109.046223 0.0 0.4
34.517762999999995 -109.046181 0.0 0.4
34.529482 -109.04622 0.0 0.4
34.554297 -109.046205 0.0 0.4
34.570284 -109.046174 0.0 0.4
34.580487999999995 -109.046113 0.0 0.4
34.59148 -109.046044 0.0 0.4
34.601676999999995 -109.046017 0.0 0.4
34.612572 -109.046008 0.0 0.4
34.62504 -109.046032 0.0 0.4
34.639996 -109.046068 0.0 0.4
34.650273999999996 -109.046077 0.0 0.4
34.666347 -109.046059 0.0 0.4
34.676349 -109.046009 0.0 0.4
34.686389 -109.045971 0.0 0.4
34.696484999999996 -109.046006 0.0 0.4
34.709448 -109.046031 0.0 0.4
34.720113 -109.046057 0.0 0.4
34.730423 -109.046076 0.0 0.4
34.740912 -109.046053 0.0 0.4
34.751348 -109.04598 0.0 0.4
34.764224 -109.046095 0.0 0.4
34.778458 -109.045712 0.0 0.4
34.790578 -109.045621 0.0 0.4
34.814226 -109.045626 0.0 0.4
34.827708 -109.046044 0.0 0.4
34.839751 -109.046063 0.0 0.4
34.855945 -109.04607 0.0 0.4
34.867126 -109.046066 0.0 0.4
34.888264 -109.04602 0.0 0.4
34.902464 -109.046015 0.0 0.4
34.912664 -109.04599 0.0 0.4
34.923031 -109.045991 0.0 0.4
34.936448999999996 -109.04599 0.0 0.4
34.947922 -109.045996 0.0 0.4
34.959708 -109.045996 0.0 0.4
34.970485 -109.045999 0.0 0.4
34.987285 -109.045999 0.0 0.4
35.019172 -109.045996 0.0 0.4
35.05195 -109.046024 0.0 0.4
35.073822 -109.045958 0.0 0.4
35.121840999999996 -109.045974 0.0 0.4
35.140464 -109.045974 0.0 0.4
35.150628 -109.045977 0.0 0.4
35.166891 -109.046001 0.0 0.4
35.177107 -109.046013 0.0 0.4
35.190101999999996 -109.046024 0.0 0.4
35.206399 -109.045948 0.0 0.4
35.219611 -109.046 0.0 0.4
35.234622 -109.046058 0.0 0.4
35.247419 -109.046112 0.0 0.4
35.257805999999995 -109.04612399999999 0.0 0.4
35.270747 -109.046139 0.0 0.4
35.28241 -109.046223 0.0 0.4
35.298814 -109.046387 0.0 0.4
35.314789 -109.046487 0.0 0.4
35.326997 -109.046565 0.0 0.4
35.342652 -109.046663 0.0 0.4
35.353428 -109.046731 0.0 0.4
35.363474 -109.046794 0.0 0.4
35.379535 -109.046868 0.0 0.4
35.390468999999996 -109.046935 0.0 0.4
35.402834999999996 -109.046925 0.0 0.4
35.419142 -109.046857 0.0 0.4
35.431761 -109.046798 0.0 0.4
35.448493 -109.046727 0.0 0.4
35.458507 -109.046711 0.0 0.4
35.471748999999996 -109.046677 0.0 0.4
35.486231 -109.046603 0.0 0.4
35.497467 -109.04655 0.0 0.4
35.508407 -109.046533 0.0 0.4
35.522484999999996 -109.046524 0.0 0.4
35.536369 -109.046499 0.0 0.4
35.54644 -109.046509 0.0 0.4
35.558614999999996 -109.046434 0.0 0.4
35.569995999999996 -109.046409 0.0 0.4
35.581683 -109.046382 0.0 0.4
35.592638 -109.046358 0.0 0.4
35.606441 -109.046314 0.0 0.4
35.616495 -109.046271 0.0 0.4
35.628893999999995 -109.046347 0.0 0.4
35.639486 -109.046364 0.0 0.4
35.650977 -109.04629 0.0 0.4
35.661254 -109.046215 0.0 0.4
35.673342 -109.046198 0.0 0.4
35.683537 -109.046261 0.0 0.4
35.695098 -109.046271 0.0 0.4
35.707963 -109.046281 0.0 0.4
35.718814 -109.046291 0.0 0.4
35.732442999999996 -109.046299 0.0 0.4
35.744911 -109.046355 0.0 0.4
35.755494 -109.046425 0.0 0.4
35.769953 -109.046335 0.0 0.4
35.783722999999995 -109.046879 0.0 0.4
35.802696 -109.046796 0.0 0.4
35.815365 -109.046631 0.0 0.4
35.828685 -109.046481 0.0 0.4
35.848869 -109.046255 0.0 0.4
35.858965999999995 -109.046142 0.0 0.4
35.870711 -109.04601 0.0 0.4
35.880997 -109.045996 0.0 0.4
35.89299 -109.045992 0.0 0.4
35.906179 -109.045995 0.0 0.4
35.919926 -109.045999 0.0 0.4
35.930879 -109.046003 0.0 0.4
35.945533 -109.046009 0.0 0.4
35.955966 -109.046012 0.0 0.4
35.966834999999996 -109.046032 0.0 0.4
35.977095999999996 -109.046057 0.0 0.4
35.988704 -109.04608 0.0 0.4
36.001998 -109.046067 0.0 0.4
36.013329999999996 -109.04608 0.0 0.4
36.028014 -109.046111 0.0 0.4
36.038289 -109.04613 0.0 0.4
36.048936999999995 -109.04615 0.0 0.4
36.063549 -109.046178 0.0 0.4
36.074577 -109.0462 0.0 0.4
36.087769 -109.046181 0.0 0.4
36.099340999999995 -109.046151 0.0 0.4
36.111516 -109.046141 0.0 0.4
36.133449 -109.046115 0.0 0.4
36.145869 -109.046103 0.0 0.4
36.16025 -109.046088 0.0 0.4
36.171481 -109.046053 0.0 0.4
36.181672999999996 -109.046025 0.0 0.4
36.192126 -109.045987 0.0 0.4
36.203987999999995 -109.045997 0.0 0.4
36.215104 -109.045935 0.0 0.4
36.226604 -109.045935 0.0 0.4
36.238379 -109.045912 0.0 0.4
36.249333 -109.045892 0.0 0.4
36.259558 -109.04587599999999 0.0 0.4
36.270233 -109.04585900000001 0.0 0.4
36.281962 -109.045841 0.0 0.4
36.292187999999996 -109.045825 0.0 0.4
36.306501 -109.045802 0.0 0.4
36.320767 -109.045796 0.0 0.4
36.333875 -109.045809 0.0 0.4
36.345503 -109.045778 0.0 0.4
36.360206999999996 -109.045754 0.0 0.4
36.373736 -109.045763 0.0 0.4
36.390848999999996 -109.045764 0.0 0.4
36.401374 -109.045758 0.0 0.4
36.413331 -109.045737 0.0 0.4
36.42528 -109.045709 0.0 0.4
36.43778 -109.045714 0.0 0.4
36.448695 -109.045701 0.0 0.4
36.459643 -109.045678 0.0 0.4
36.469924 -109.045661 0.0 0.4
36.48065 -109.045663 0.0 0.4
36.49547 -109.045624 0.0 0.4
36.506732 -109.045616 0.0 0.4
36.523531 -109.045597 0.0 0.4
36.539 -109.045563 0.0 0.4
36.550563 -109.045558 0.0 0.4
36.560587 -109.045556 0.0 0.4
36.57166 -109.045546 0.0 0.4
36.586171 -109.04552699999999 0.0 0.4
36.596900000000005 -109.04551599999999 0.0 0.4
36.606947 -109.045537 0.0 0.4
36.625173 -109.045501 0.0 0.4
36.645001 -109.045509 0.0 0.4
36.665355999999996 -109.04545 0.0 0.4
36.676176999999996 -109.045428 0.0 0.4
36.68717 -109.045412 0.0 0.4
36.701132 -109.04538 0.0 0.4
36.711833999999996 -109.045377 0.0 0.4
36.723862 -109.04539199999999 0.0 0.4
36.734002 -109.045406 0.0 0.4
36.749998999999995 -109.045379 0.0 0.4
36.762339 -109.045367 0.0 0.4
36.77381 -109.045356 0.0 0.4
36.786052 -109.045391 0.0 0.4
36.796119 -109.04539199999999 0.0 0.4
36.806398 -109.045328 0.0 0.4
36.817392 -109.04532 0.0 0.4
36.827935 -109.045328 0.0 0.4
36.838415 -109.045283 0.0 0.4
36.849185999999996 -109.045292 0.0 0.4
36.864064 -109.045366 0.0 0.4
36.874973 -109.045319 0.0 0.4
36.885743 -109.04530199999999 0.0 0.4
36.898193 -109.045297 0.0 0.4
36.91315 -109.04529099999999 0.0 0.4
36.926223 -109.045286 0.0 0.4
36.937506 -109.045282 0.0 0.4
36.951702 -109.045278 0.0 0.4
36.965882 -109.045191 0.0 0.4
36.981646999999995 -109.045234 0.0 0.4
36.992533 -109.045214 0.0 0.4
36.998968 -109.034285 0.0 0.4
36.998954999999995 -109.010575 0.0 0.4
36.998934 -108.99808 0.0 0.4
36.998929 -108.986722 0.0 0.4
36.99892 -108.966201 0.0 0.4
36.998892 -108.955266 0.0 0.4
36.998886999999996 -108.940946 0.0 0.4
36.998872999999996 -108.929431 0.0 0.4
36.998864999999995 -108.917226 0.0 0.4
36.998854 -108.900397 0.0 0.4
36.998844 -108.885504 0.0 0.4
36.998839 -108.875317 0.0 0.4
36.998872 -108.865258 0.0 0.4
36.998866 -108.854038 0.0 0.4
36.998866 -108.843473 0.0 0.4
36.998855 -108.820406 0.0 0.4
36.998850999999995 -108.807661 0.0 0.4
36.998847999999995 -108.79724 0.0 0.4
36.998844 -108.779306 0.0 0.4
36.998841999999996 -108.762325 0.0 0.4
36.998841 -108.75139899999999 0.0 0.4
36.998841 -108.740988 0.0 0.4
36.998909 -108.724167 0.0 0.4
36.999029 -108.689895 0.0 0.4
36.999092999999995 -108.659221 0.0 0.4
36.999119 -108.647871 0.0 0.4
36.99915 -108.634857 0.0 0.4
36.999168999999995 -108.62475 0.0 0.4
36.999190999999996 -108.614283 0.0 0.4
36.999227 -108.59765 0.0 0.4
36.999252999999996 -108.58592 0.0 0.4
36.999282 -108.573844 0.0 0.4
36.999262 -108.561121 0.0 0.4
36.99932 -108.550278 0.0 0.4
36.999344 -108.53933 0.0 0.4
36.999379999999995 -108.521927 0.0 0.4
36.999407 -108.500912 0.0 0.4
36.999423 -108.484789 0.0 0.4
36.99946 -108.466008 0.0 0.4
36.999480999999996 -108.451703 0.0 0.4
36.999488 -108.438597 0.0 0.4
36.999538 -108.421831 0.0 0.4
36.999562 -108.403148 0.0 0.4
36.999584 -108.389991 0.0 0.4
36.999607999999995 -108.379303 0.0 0.4
36.999628 -108.361242 0.0 0.4
36.999689 -108.332609 0.0 0.4
36.999708 -108.320872 0.0 0.4
36.999721 -108.29762 0.0 0.4
36.999732 -108.287397 0.0 0.4
36.999714999999995 -108.276354 0.0 0.4
36.999721 -108.252523 0.0 0.4
36.999742 -108.241985 0.0 0.4
36.999719999999996 -108.214867 0.0 0.4
36.999722999999996 -108.203202 0.0 0.4
36.999736 -108.188709 0.0 0.4
36.999714 -108.16915900000001 0.0 0.4
36.999722999999996 -108.145643 0.0 0.4
36.999724 -108.132376 0.0 0.4
36.999731 -108.116164 0.0 0.4
36.999745 -108.09111 0.0 0.4
36.999699 -108.07077699999999 0.0 0.4
36.999722999999996 -108.047368 0.0 0.4
36.999741 -108.036773 0.0 0.4
36.999795 -108.014124 0.0 0.4
36.999826999999996 -108.000579 0.0 0.4
36.999862 -107.985569 0.0 0.4
36.999817 -107.968986 0.0 0.4
36.999739 -107.943747 0.0 0.4
36.999694 -107.918543 0.0 0.4
36.999696 -107.894296 0.0 0.4
36.999711 -107.878144 0.0 0.4
36.999731 -107.867721 0.0 0.4
36.999775 -107.85170000000001 0.0 0.4
36.999976 -107.800394 0.0 0.4
37.000026 -107.788584 0.0 0.4
37.000060999999995 -107.76685 0.0 0.4
37.000015 -107.729488 0.0 0.4
37.000001999999995 -107.718671 0.0 0.4
36.999964 -107.694696 0.0 0.4
36.999921 -107.670947 0.0 0.4
36.999922 -107.648917 0.0 0.4
36.999924 -107.635528 0.0 0.4
36.999956999999995 -107.61380199999999 0.0 0.4
36.999972 -107.603394 0.0 0.4
36.999981999999996 -107.592197 0.0 0.4
36.999989 -107.581549 0.0 0.4
37.000003 -107.567979 0.0 0.4
37.000015999999995 -107.55349 0.0 0.4
37.000025 -107.54136 0.0 0.4
37.000045 -107.523695 0.0 0.4
37.000064 -107.512514 0.0 0.4
37.000083 -107.501119 0.0 0.4
37.000105 -107.486047 0.0 0.4
37.000136 -107.475924 0.0 0.4
37.000164999999996 -107.461255 0.0 0.4
37.000191 -107.44729 0.0 0.4
37.000212999999995 -107.43606 0.0 0.4
37.000223 -107.425302 0.0 0.4
37.000203 -107.410837 0.0 0.4
37.000181999999995 -107.400346 0.0 0.4
37.000186 -107.376841 0.0 0.4
37.000126 -107.358751 0.0 0.4
37.0001 -107.346784 0.0 0.4
37.000067 -107.333768 0.0 0.4
37.000036 -107.322571 0.0 0.4
37.000015999999995 -107.31001 0.0 0.4
37.000009999999996 -107.287174 0.0 0.4
37.000022 -107.26913 0.0 0.4
37.00002 -107.255298 0.0 0.4
37.00002 -107.242523 0.0 0.4
37.000025 -107.212756 0.0 0.4
37.000026999999996 -107.197245 0.0 0.4
37.000029999999995 -107.186268 0.0 0.4
37.000037 -107.166004 0.0 0.4
37.000043999999995 -107.150895 0.0 0.4
37.000045 -107.13689 0.0 0.4
37.00004 -107.111041 0.0 0.4
37.000031 -107.093389 0.0 0.4
37.000032999999995 -107.075666 0.0 0.4
37.000036 -107.05976 0.0 0.4
37.000043999999995 -107.046865 0.0 0.4
37.000060999999995 -107.02808 0.0 0.4
37.000071999999996 -107.014435 0.0 0.4
37.000079 -107.003486 0.0 0.4
37.000083 -106.985514 0.0 0.4
37.000085999999996 -106.975031 0.0 0.4
37.000091 -106.963598 0.0 0.4
37.0001 -106.950471 0.0 0.4
37.000104 -106.939863 0.0 0.4
37.000108999999995 -106.923311 0.0 0.4
37.000108999999995 -106.90939 0.0 0.4
37.000108999999995 -106.895789 0.0 0.4
37.000102 -106.878712 0.0 0.4
36.993103 -106.870411 0.0 0.4
36.99252 -106.860271 0.0 0.4
36.992512 -106.849569 0.0 0.4
36.992494 -106.834217 0.0 0.4
36.992475 -106.813496 0.0 0.4
36.992491 -106.801894 0.0 0.4
36.992498999999995 -106.789989 0.0 0.4
36.992523999999996 -106.777588 0.0 0.4
36.992505 -106.767162 0.0 0.4
36.992478 -106.756984 0.0 0.4
36.992492999999996 -106.746951 0.0 0.4
36.992584 -106.736544 0.0 0.4
36.992675999999996 -106.726203 0.0 0.4
36.992802 -106.711961 0.0 0.4
36.992892999999995 -106.688933 0.0 0.4
36.992934999999996 -106.675233 0.0 0.4
36.992973 -106.662901 0.0 0.4
36.993007 -106.651946 0.0 0.4
36.993058 -106.635212 0.0 0.4
36.993113 -106.617341 0.0 0.4
36.99317 -106.599037 0.0 0.4
36.993212 -106.585739 0.0 0.4
36.993254 -106.571671 0.0 0.4
36.993291 -106.559545 0.0 0.4
36.993348999999995 -106.549026 0.0 0.4
36.993359999999996 -106.537604 0.0 0.4
36.993399 -106.524525 0.0 0.4
36.993431 -106.514144 0.0 0.4
36.993474 -106.500032 0.0 0.4
36.993522999999996 -106.484415 0.0 0.4
36.993556 -106.473647 0.0 0.4
36.993611 -106.455601 0.0 0.4
36.993652999999995 -106.442026 0.0 0.4
36.993703 -106.425672 0.0 0.4
36.993745 -106.412262 0.0 0.4
36.993777 -106.401828 0.0 0.4
36.993811 -106.390745 0.0 0.4
36.993866 -106.372377 0.0 0.4
36.993919 -106.355599 0.0 0.4
36.993950999999996 -106.345218 0.0 0.4
36.993981 -106.335005 0.0 0.4
36.994021 -106.322472 0.0 0.4
36.994053 -106.31186 0.0 0.4
36.994074999999995 -106.297992 0.0 0.4
36.994138 -106.287202 0.0 0.4
36.994174 -106.272827 0.0 0.4
36.994206999999996 -106.262033 0.0 0.4
36.994242 -106.249497 0.0 0.4
36.994247 -106.238617 0.0 0.4
36.994347999999995 -106.220411 0.0 0.4
36.994506 -106.201193 0.0 0.4
36.994651999999995 -106.182864 0.0 0.4
36.994766999999996 -106.164742 0.0 0.4
36.994800999999995 -106.153536 0.0 0.4
36.994824 -106.14198999999999 0.0 0.4
36.994828 -106.130906 0.0 0.4
36.994876 -106.115312 0.0 0.4
36.994949 -106.10001199999999 0.0 0.4
36.995013 -106.085328 0.0 0.4
36.995058 -106.074011 0.0 0.4
36.995103 -106.058544 0.0 0.4
36.99516 -106.040001 0.0 0.4
36.995188 -106.02766199999999 0.0 0.4
36.995248 -106.017634 0.0 0.4
36.995267 -106.006316 0.0 0.4
