41.993922999999995 -119.324184 0.0 0.4
41.993921 -119.308155 0.0 0.4
41.993936999999995 -119.297315 0.0 0.4
41.993900000000004 -119.286579 0.0 0.4
41.993863999999995 -119.275874 0.0 0.4
41.993835999999995 -119.265743 0.0 0.4
41.993829999999996 -119.25482 0.0 0.4
41.993887 -119.241802 0.0 0.4
41.993826 -119.23176699999999 0.0 0.4
41.993629999999996 -119.218597 0.0 0.4
41.99351 -119.205014 0.0 0.4
41.993445 -119.192748 0.0 0.4
41.993424999999995 -119.181176 0.0 0.4
41.993387 -119.170874 0.0 0.4
41.993354 -119.15987 0.0 0.4
41.993369 -119.14981 0.0 0.4
41.993398 -119.138234 0.0 0.4
41.993463999999996 -119.125704 0.0 0.4
41.993491999999996 -119.115069 0.0 0.4
41.993562 -119.103926 0.0 0.4
41.993676 -119.088957 0.0 0.4
41.993714 -119.07678899999999 0.0 0.4
41.993626 -119.061797 0.0 0.4
41.993581999999996 -119.045009 0.0 0.4
41.993583 -119.031362 0.0 0.4
41.99357 -119.01683 0.0 0.4
41.993559999999995 -119.004074 0.0 0.4
41.993460999999996 -118.991082 0.0 0.4
41.993361 -118.976519 0.0 0.4
41.993302 -118.963185 0.0 0.4
41.99324 -118.950553 0.0 0.4
41.993158 -118.934234 0.0 0.4
41.992768999999996 -118.90659600000001 0.0 0.4
41.992751 -118.892427 0.0 0.4
41.992759 -118.876266 0.0 0.4
41.992728 -118.862286 0.0 0.4
41.992698 -118.849546 0.0 0.4
41.992672999999996 -118.837955 0.0 0.4
41.992647 -118.825588 0.0 0.4
41.992619 -118.814045 0.0 0.4
41.992607 -118.802807 0.0 0.4
41.992602999999995 -118.792745 0.0 0.4
41.992588999999995 -118.782658 0.0 0.4
41.992540999999996 -118.772633 0.0 0.4
41.992554 -118.76190199999999 0.0 0.4
41.992556 -118.751829 0.0 0.4
41.992332 -118.738096 0.0 0.4
41.992245 -118.728091 0.0 0.4
41.99214 -118.714985 0.0 0.4
41.992096 -118.703555 0.0 0.4
41.992129 -118.6927 0.0 0.4
41.992152 -118.681124 0.0 0.4
41.992314 -118.670185 0.0 0.4
41.992658999999996 -118.65656899999999 0.0 0.4
41.992962 -118.644699 0.0 0.4
41.993282 -118.633533 0.0 0.4
41.993494999999996 -118.623336 0.0 0.4
41.993696 -118.612272 0.0 0.4
41.993887 -118.601816 0.0 0.4
41.994212999999995 -118.583827 0.0 0.4
41.994457 -118.569725 0.0 0.4
41.994582 -118.556403 0.0 0.4
41.994731 -118.54270199999999 0.0 0.4
41.994903 -118.527877 0.0 0.4
41.995062 -118.51427699999999 0.0 0.4
41.995207 -118.501008 0.0 0.4
41.995315999999995 -118.490601 0.0 0.4
41.995453999999995 -118.477372 0.0 0.4
41.995594 -118.463505 0.0 0.4
41.995701 -118.452399 0.0 0.4
41.99579 -118.442376 0.0 0.4
41.995861 -118.431851 0.0 0.4
41.995895 -118.421181 0.0 0.4
41.995886999999996 -118.39922899999999 0.0 0.4
41.996097 -118.38529199999999 0.0 0.4
41.996258999999995 -118.374104 0.0 0.4
41.996342999999996 -118.360496 0.0 0.4
41.996421 -118.35049599999999 0.0 0.4
41.996516 -118.339143 0.0 0.4
41.996539 -118.327906 0.0 0.4
41.996722 -118.30371 0.0 0.4
41.996826 -118.287995 0.0 0.4
41.996885999999996 -118.277618 0.0 0.4
41.996958 -118.265963 0.0 0.4
41.997037 -118.252982 0.0 0.4
41.997102999999996 -118.242249 0.0 0.4
41.997187 -118.23131599999999 0.0 0.4
41.997256 -118.22089 0.0 0.4
41.997305 -118.207146 0.0 0.4
41.997001 -118.195869 0.0 0.4
41.9971 -118.177543 0.0 0.4
41.997181 -118.160782 0.0 0.4
41.99727 -118.143112 0.0 0.4
41.997339 -118.129544 0.0 0.4
41.997457 -118.106748 0.0 0.4
41.997513 -118.096244 0.0 0.4
41.997581 -118.083341 0.0 0.4
41.997644 -118.071396 0.0 0.4
41.997685 -118.061377 0.0 0.4
41.997752 -118.048154 0.0 0.4
41.997824 -118.033774 0.0 0.4
41.997879999999995 -118.022797 0.0 0.4
41.997945 -118.01020199999999 0.0 0.4
41.998056 -117.999499 0.0 0.4
41.998036 -117.988302 0.0 0.4
41.998011 -117.974566 0.0 0.4
41.997988 -117.960382 0.0 0.4
41.998052 -117.948425 0.0 0.4
41.998115 -117.937016 0.0 0.4
41.998188 -117.923558 0.0 0.4
41.998193 -117.907207 0.0 0.4
41.998137 -117.892825 0.0 0.4
41.998172 -117.881786 0.0 0.4
41.998245999999995 -117.843576 0.0 0.4
41.998277 -117.82928 0.0 0.4
41.998416999999996 -117.812415 0.0 0.4
41.998419 -117.79440000000001 0.0 0.4
41.998352 -117.780419 0.0 0.4
41.998323 -117.77024 0.0 0.4
41.998287 -117.758098 0.0 0.4
41.998231 -117.740383 0.0 0.4
41.998183999999995 -117.7295 0.0 0.4
41.998188999999996 -117.719432 0.0 0.4
41.998163 -117.70856599999999 0.0 0.4
41.998146999999996 -117.686195 0.0 0.4
41.998128 -117.658624 0.0 0.4
41.998117 -117.64773 0.0 0.4
41.998128 -117.635023 0.0 0.4
41.998357 -117.624409 0.0 0.4
41.998523 -117.614003 0.0 0.4
41.998588 -117.60324800000001 0.0 0.4
41.998746 -117.57658 0.0 0.4
41.998805999999995 -117.566479 0.0 0.4
41.998867 -117.556422 0.0 0.4
41.998936 -117.544655 0.0 0.4
41.999009 -117.532443 0.0 0.4
41.999109999999995 -117.522306 0.0 0.4
41.999224 -117.511962 0.0 0.4
41.999463999999996 -117.500967 0.0 0.4
41.999358 -117.490332 0.0 0.4
41.99939 -117.479949 0.0 0.4
41.999367 -117.467281 0.0 0.4
41.999503 -117.455887 0.0 0.4
41.999659 -117.443062 0.0 0.4
41.999435999999996 -117.42126400000001 0.0 0.4
41.999324 -117.407772 0.0 0.4
41.999325 -117.395124 0.0 0.4
41.999401999999996 -117.37693999999999 0.0 0.4
41.999503999999995 -117.366074 0.0 0.4
41.999542 -117.349198 0.0 0.4
41.999584 -117.334822 0.0 0.4
41.999612 -117.323897 0.0 0.4
41.99964 -117.312047 0.0 0.4
41.99968 -117.295456 0.0 0.4
41.999705999999996 -117.28477699999999 0.0 0.4
41.999731 -117.274415 0.0 0.4
41.999758 -117.26332099999999 0.0 0.4
41.999787 -117.251232 0.0 0.4
41.999888 -117.232027 0.0 0.4
41.999887 -117.217551 0.0 0.4
42.000223 -117.207457 0.0 0.4
42.000378 -117.18204399999999 0.0 0.4
42.000383 -117.161823 0.0 0.4
42.000439 -117.133667 0.0 0.4
42.0003 -117.113663 0.0 0.4
42.000201 -117.096808 0.0 0.4
42.000098 -117.079226 0.0 0.4
42.000035 -117.068398 0.0 0.4
42.000015 -117.057019 0.0 0.4
41.999984 -117.046559 0.0 0.4
41.999893 -117.026639 0.0 0.4
41.999317 -117.015534 0.0 0.4
41.998760999999995 -117.000958 0.0 0.4
41.998779 -116.989423 0.0 0.4
41.998825 -116.978995 0.0 0.4
41.998830999999996 -116.960301 0.0 0.4
41.998759 -116.949105 0.0 0.4
41.998849 -116.93561 0.0 0.4
41.998867 -116.92387099999999 0.0 0.4
41.998850999999995 -116.901095 0.0 0.4
41.998774 -116.88783000000001 0.0 0.4
41.998778 -116.877246 0.0 0.4
41.998729999999995 -116.866789 0.0 0.4
41.998661999999996 -116.850985 0.0 0.4
41.998594 -116.838223 0.0 0.4
41.998557 -116.827843 0.0 0.4
41.9985 -116.81761399999999 0.0 0.4
41.998433999999996 -116.805773 0.0 0.4
41.998374999999996 -116.78877 0.0 0.4
41.998297 -116.777317 0.0 0.4
41.998231 -116.764555 0.0 0.4
41.998154 -116.750664 0.0 0.4
41.998055 -116.737456 0.0 0.4
41.998007 -116.726271 0.0 0.4
41.997983999999995 -116.71345 0.0 0.4
41.997864 -116.697532 0.0 0.4
41.99784 -116.68588 0.0 0.4
41.997825 -116.666327 0.0 0.4
41.997782 -116.647082 0.0 0.4
41.997678 -116.63526 0.0 0.4
41.997589999999995 -116.622574 0.0 0.4
41.997620999999995 -116.610635 0.0 0.4
41.997549 -116.59418 0.0 0.4
41.997522 -116.583677 0.0 0.4
41.997397 -116.568701 0.0 0.4
41.99737 -116.556382 0.0 0.4
41.997349 -116.54595499999999 0.0 0.4
41.997315 -116.533535 0.0 0.4
41.997291 -116.51909 0.0 0.4
41.997279999999996 -116.509048 0.0 0.4
41.997443 -116.498188 0.0 0.4
41.997254999999996 -116.487018 0.0 0.4
41.997105 -116.47369499999999 0.0 0.4
41.996927 -116.461986 0.0 0.4
41.996812999999996 -116.451524 0.0 0.4
41.996683 -116.440954 0.0 0.4
41.996688 -116.430391 0.0 0.4
41.996738 -116.414038 0.0 0.4
41.996446999999996 -116.397503 0.0 0.4
41.996493 -116.385261 0.0 0.4
41.996311 -116.37405 0.0 0.4
41.996566 -116.36214 0.0 0.4
41.996904 -116.352077 0.0 0.4
41.997237 -116.339276 0.0 0.4
41.997147 -116.317339 0.0 0.4
41.997215999999995 -116.303994 0.0 0.4
41.997332 -116.28294 0.0 0.4
41.997391 -116.27247 0.0 0.4
41.99733 -116.261793 0.0 0.4
41.997651 -116.243962 0.0 0.4
41.997662999999996 -116.231194 0.0 0.4
41.997684 -116.20622900000001 0.0 0.4
41.997698 -116.191003 0.0 0.4
41.997693 -116.18042 0.0 0.4
41.997633 -116.170362 0.0 0.4
41.997547 -116.15793099999999 0.0 0.4
41.997667 -116.146857 0.0 0.4
41.997656 -116.133749 0.0 0.4
41.99762 -116.117684 0.0 0.4
41.997582 -116.107056 0.0 0.4
41.997529 -116.092622 0.0 0.4
41.9975 -116.078596 0.0 0.4
41.9975 -116.066625 0.0 0.4
41.996748 -116.053878 0.0 0.4
41.996339 -116.04193599999999 0.0 0.4
41.996362 -116.03155100000001 0.0 0.4
41.99642 -116.01813899999999 0.0 0.4
41.996413 -116.008034 0.0 0.4
41.99653 -115.995767 0.0 0.4
41.996474 -115.981709 0.0 0.4
41.996385 -115.965867 0.0 0.4
41.996423 -115.952587 0.0 0.4
41.996592 -115.938492 0.0 0.4
41.996705 -115.926375 0.0 0.4
41.996928 -115.915976 0.0 0.4
41.997166 -115.903708 0.0 0.4
41.997172 -115.890261 0.0 0.4
41.997081 -115.875921 0.0 0.4
41.996977 -115.8649 0.0 0.4
41.996807 -115.853463 0.0 0.4
41.996779 -115.843125 0.0 0.4
41.996908999999995 -115.829846 0.0 0.4
41.996896 -115.819056 0.0 0.4
41.996949 -115.806586 0.0 0.4
41.996939999999995 -115.793658 0.0 0.4
41.99696 -115.779704 0.0 0.4
41.996964 -115.769353 0.0 0.4
41.996933999999996 -115.757542 0.0 0.4
41.996853 -115.74057 0.0 0.4
41.996876 -115.728607 0.0 0.4
41.996916999999996 -115.717986 0.0 0.4
41.996908 -115.701886 0.0 0.4
41.996812999999996 -115.689873 0.0 0.4
41.996825 -115.67973 0.0 0.4
41.996916999999996 -115.669416 0.0 0.4
41.996919 -115.654968 0.0 0.4
41.996919999999996 -115.640747 0.0 0.4
41.996922 -115.630567 0.0 0.4
41.996919999999996 -115.610998 0.0 0.4
41.996915 -115.59172 0.0 0.4
41.996845 -115.580904 0.0 0.4
41.996900000000004 -115.569975 0.0 0.4
41.996887 -115.559425 0.0 0.4
41.996860999999996 -115.548075 0.0 0.4
41.996865 -115.536973 0.0 0.4
41.99687 -115.526752 0.0 0.4
41.996849 -115.516582 0.0 0.4
41.996919999999996 -115.506247 0.0 0.4
41.996815 -115.493859 0.0 0.4
41.996767999999996 -115.482705 0.0 0.4
41.996756999999995 -115.471633 0.0 0.4
41.99671 -115.46124 0.0 0.4
41.996693 -115.44628900000001 0.0 0.4
41.996601 -115.432513 0.0 0.4
41.996561 -115.421533 0.0 0.4
41.996494999999996 -115.407377 0.0 0.4
41.996513 -115.396785 0.0 0.4
41.996466999999996 -115.385906 0.0 0.4
41.996428 -115.37461 0.0 0.4
41.996379999999995 -115.364279 0.0 0.4
41.996317 -115.35244900000001 0.0 0.4
41.996365999999995 -115.338332 0.0 0.4
41.996368 -115.325926 0.0 0.4
41.996395 -115.31376 0.0 0.4
41.996355 -115.300387 0.0 0.4
41.996334999999995 -115.289743 0.0 0.4
41.996338 -115.279448 0.0 0.4
41.996322 -115.269248 0.0 0.4
41.996314999999996 -115.257576 0.0 0.4
41.996331 -115.246613 0.0 0.4
41.996347 -115.233209 0.0 0.4
41.996376 -115.220763 0.0 0.4
41.996345999999996 -115.20997 0.0 0.4
41.996292 -115.198363 0.0 0.4
41.996265 -115.18584 0.0 0.4
41.996235 -115.173273 0.0 0.4
41.996216 -115.16189299999999 0.0 0.4
41.996235999999996 -115.14977999999999 0.0 0.4
41.996247 -115.13856 0.0 0.4
41.996187 -115.127805 0.0 0.4
41.996128999999996 -115.117677 0.0 0.4
41.996159 -115.103541 0.0 0.4
41.996114999999996 -115.092428 0.0 0.4
41.996162999999996 -115.080992 0.0 0.4
41.996137 -115.069421 0.0 0.4
41.996204999999996 -115.057343 0.0 0.4
41.996275999999995 -115.047323 0.0 0.4
41.996244999999995 -115.036784 0.0 0.4
41.996351999999995 -115.025748 0.0 0.4
41.996553999999996 -115.015594 0.0 0.4
41.996976 -115.003053 0.0 0.4
41.997505 -114.98414199999999 0.0 0.4
41.997476 -114.97355 0.0 0.4
41.998166 -114.954842 0.0 0.4
41.998656 -114.944367 0.0 0.4
41.999196999999995 -114.930444 0.0 0.4
41.999533 -114.918159 0.0 0.4
41.999789 -114.907029 0.0 0.4
42.00006 -114.894235 0.0 0.4
42.000537 -114.881721 0.0 0.4
42.000986999999995 -114.871632 0.0 0.4
42.001702 -114.85625 0.0 0.4
42.001793 -114.831119 0.0 0.4
42.001791 -114.816425 0.0 0.4
42.001311 -114.804401 0.0 0.4
42.000828999999996 -114.792441 0.0 0.4
42.000347 -114.778711 0.0 0.4
41.999992999999996 -114.768463 0.0 0.4
41.999582 -114.754741 0.0 0.4
41.999219 -114.744469 0.0 0.4
41.998866 -114.734172 0.0 0.4
41.998394 -114.72104 0.0 0.4
41.997969999999995 -114.709904 0.0 0.4
41.997409 -114.694063 0.0 0.4
41.997082 -114.682694 0.0 0.4
41.996918 -114.672663 0.0 0.4
41.996703 -114.66062 0.0 0.4
41.996468 -114.648854 0.0 0.4
41.99619 -114.63869199999999 0.0 0.4
41.995712 -114.625861 0.0 0.4
41.99514 -114.613668 0.0 0.4
41.994696999999995 -114.603156 0.0 0.4
41.994572 -114.593148 0.0 0.4
41.994437 -114.578247 0.0 0.4
41.994388 -114.563103 0.0 0.4
41.994237999999996 -114.54886 0.0 0.4
41.994327999999996 -114.538746 0.0 0.4
41.994485999999995 -114.526836 0.0 0.4
41.994549 -114.515965 0.0 0.4
41.994586999999996 -114.504158 0.0 0.4
41.994622 -114.49216 0.0 0.4
41.994537 -114.480299 0.0 0.4
41.994530999999995 -114.467662 0.0 0.4
41.994521999999996 -114.446696 0.0 0.4
41.994509 -114.434364 0.0 0.4
41.994476 -114.421694 0.0 0.4
41.994484 -114.408311 0.0 0.4
41.994474 -114.398179 0.0 0.4
41.994457 -114.37886 0.0 0.4
41.994532 -114.367508 0.0 0.4
41.99453 -114.351448 0.0 0.4
41.994504 -114.33985799999999 0.0 0.4
41.994426999999995 -114.323748 0.0 0.4
41.994400999999996 -114.313108 0.0 0.4
41.994385 -114.300401 0.0 0.4
41.994352 -114.290348 0.0 0.4
41.994219 -114.280243 0.0 0.4
41.994268 -114.264852 0.0 0.4
41.994313999999996 -114.250855 0.0 0.4
41.994113999999996 -114.234654 0.0 0.4
41.994113999999996 -114.217721 0.0 0.4
41.994108 -114.20174 0.0 0.4
41.994074999999995 -114.184918 0.0 0.4
41.994029 -114.160877 0.0 0.4
41.994008 -114.145338 0.0 0.4
41.993989 -114.125958 0.0 0.4
41.993964999999996 -114.107781 0.0 0.4
41.993947999999996 -114.08585 0.0 0.4
41.993939 -114.06191 0.0 0.4
41.993814 -114.048257 0.0 0.4
41.981953 -114.041401 0.0 0.4
41.971664 -114.041123 0.0 0.4
41.949878 -114.040218 0.0 0.4
41.938668 -114.040331 0.0 0.4
41.926635 -114.040305 0.0 0.4
41.909303 -114.040036 0.0 0.4
41.895995 -114.039964 0.0 0.4
41.88583 -114.040147 0.0 0.4
41.874776 -114.040396 0.0 0.4
41.864656 -114.040289 0.0 0.4
41.851912 -114.040351 0.0 0.4
41.834933 -114.039932 0.0 0.4
41.775203 -114.040177 0.0 0.4
41.763241 -114.03999 0.0 0.4
41.752683 -114.039868 0.0 0.4
41.741913 -114.039726 0.0 0.4
41.731701 -114.039852 0.0 0.4
41.719178 -114.039463 0.0 0.4
41.708670999999995 -114.039768 0.0 0.4
41.695260999999995 -114.039852 0.0 0.4
41.661217 -114.039802 0.0 0.4
41.648917 -114.039753 0.0 0.4
41.633212 -114.039799 0.0 0.4
41.622295 -114.039936 0.0 0.4
41.606944999999996 -114.040121 0.0 0.4
41.591789 -114.040244 0.0 0.4
41.575050999999995 -114.040467 0.0 0.4
41.560562999999995 -114.04054 0.0 0.4
41.541329999999995 -114.040663 0.0 0.4
41.526208 -114.040735 0.0 0.4
41.495807 -114.040359 0.0 0.4
41.484539 -114.0403 0.0 0.4
41.471669999999996 -114.04039 0.0 0.4
41.457868999999995 -114.040454 0.0 0.4
41.446600000000004 -114.040442 0.0 0.4
41.426338 -114.040469 0.0 0.4
41.410419999999995 -114.040488 0.0 0.4
41.398965 -114.040519 0.0 0.4
41.376598 -114.04059 0.0 0.4
41.364872999999996 -114.040584 0.0 0.4
41.341969999999996 -114.040528 0.0 0.4
41.329845 -114.040589 0.0 0.4
41.303121 -114.040742 0.0 0.4
41.292756 -114.040854 0.0 0.4
41.280004999999996 -114.040959 0.0 0.4
41.265544 -114.041035 0.0 0.4
41.254145 -114.041166 0.0 0.4
41.235769999999995 -114.04123 0.0 0.4
41.222508 -114.041297 0.0 0.4
41.211538999999995 -114.041318 0.0 0.4
41.195401 -114.041355 0.0 0.4
41.181574999999995 -114.041376 0.0 0.4
41.170272 -114.041295 0.0 0.4
41.157222999999995 -114.041229 0.0 0.4
41.146436 -114.04136199999999 0.0 0.4
41.136396 -114.041499 0.0 0.4
41.125226 -114.04156 0.0 0.4
41.114830999999995 -114.041547 0.0 0.4
41.103927999999996 -114.041521 0.0 0.4
41.055791 -114.041695 0.0 0.4
41.037304 -114.041809 0.0 0.4
41.026027 -114.04184599999999 0.0 0.4
41.010251 -114.041948 0.0 0.4
40.999896 -114.042029 0.0 0.4
40.983517 -114.042144 0.0 0.4
40.972192 -114.042199 0.0 0.4
40.960792999999995 -114.042245 0.0 0.4
40.949889999999996 -114.042281 0.0 0.4
40.937574 -114.042307 0.0 0.4
40.922686 -114.042329 0.0 0.4
40.897577 -114.042477 0.0 0.4
40.884724999999996 -114.042511 0.0 0.4
40.874458 -114.042573 0.0 0.4
40.845903 -114.042674 0.0 0.4
40.829422 -114.042779 0.0 0.4
40.816629999999996 -114.042821 0.0 0.4
40.806129 -114.042886 0.0 0.4
40.795857999999996 -114.042876 0.0 0.4
40.780325999999995 -114.043046 0.0 0.4
40.769673 -114.043195 0.0 0.4
40.75881 -114.043352 0.0 0.4
40.74794 -114.04351199999999 0.0 0.4
40.735861 -114.043686 0.0 0.4
40.720918 -114.043793 0.0 0.4
40.709714 -114.043869 0.0 0.4
40.698904 -114.043943 0.0 0.4
40.688856 -114.04401 0.0 0.4
40.677496 -114.04409 0.0 0.4
40.640812 -114.044393 0.0 0.4
40.62836 -114.044496 0.0 0.4
40.60742 -114.04467 0.0 0.4
40.588853 -114.044792 0.0 0.4
40.518228 -114.045283 0.0 0.4
40.50703 -114.04536 0.0 0.4
40.494848 -114.045443 0.0 0.4
40.484398 -114.045458 0.0 0.4
40.457792999999995 -114.045332 0.0 0.4
40.446869 -114.045171 0.0 0.4
40.431611 -114.04507 0.0 0.4
40.420753999999995 -114.045723 0.0 0.4
40.410395 -114.045913 0.0 0.4
40.399528 -114.046088 0.0 0.4
40.388999 -114.046038 0.0 0.4
40.376816 -114.046075 0.0 0.4
40.363958 -114.046073 0.0 0.4
40.352767 -114.046108 0.0 0.4
40.342746999999996 -114.046131 0.0 0.4
40.332189 -114.046155 0.0 0.4
40.321200000000005 -114.046178 0.0 0.4
40.306551 -114.046187 0.0 0.4
40.293363 -114.046197 0.0 0.4
40.282866 -114.046217 0.0 0.4
40.272631 -114.046274 0.0 0.4
40.26166 -114.046303 0.0 0.4
40.249933 -114.046334 0.0 0.4
40.235104 -114.046368 0.0 0.4
40.223231 -114.046492 0.0 0.4
40.211388 -114.046543 0.0 0.4
40.200075999999996 -114.046584 0.0 0.4
40.183899 -114.046522 0.0 0.4
40.157602 -114.04646 0.0 0.4
40.143254999999996 -114.046456 0.0 0.4
40.131153999999995 -114.046517 0.0 0.4
40.119201 -114.04660200000001 0.0 0.4
40.106209 -114.046656 0.0 0.4
40.096168 -114.04669 0.0 0.4
40.081025 -114.04671 0.0 0.4
40.070184999999995 -114.04669 0.0 0.4
40.057745 -114.046673 0.0 0.4
40.037741 -114.046729 0.0 0.4
40.027128999999995 -114.04675399999999 0.0 0.4
40.013861 -114.046782 0.0 0.4
40.002925999999995 -114.046806 0.0 0.4
39.980588999999995 -114.046896 0.0 0.4
39.963133 -114.046954 0.0 0.4
39.947234 -114.04698 0.0 0.4
39.930172999999996 -114.046985 0.0 0.4
39.911513 -114.046994 0.0 0.4
39.89552 -114.047114 0.0 0.4
39.881093 -114.04712 0.0 0.4
39.870079 -114.047167 0.0 0.4
39.85333 -114.047174 0.0 0.4
39.831285 -114.04744 0.0 0.4
39.821013 -114.047598 0.0 0.4
39.808439 -114.047766 0.0 0.4
39.786968 -114.04783499999999 0.0 0.4
39.776029 -114.047839 0.0 0.4
39.763588 -114.047726 0.0 0.4
39.744414 -114.047292 0.0 0.4
39.731848 -114.047084 0.0 0.4
39.716519999999996 -114.04691 0.0 0.4
39.700435999999996 -114.046963 0.0 0.4
39.68799 -114.047133 0.0 0.4
39.674467 -114.047266 0.0 0.4
39.659504 -114.047338 0.0 0.4
39.648816 -114.047392 0.0 0.4
39.638332 -114.04748000000001 0.0 0.4
39.626774999999995 -114.047544 0.0 0.4
39.604405 -114.047549 0.0 0.4
39.593455999999996 -114.047546 0.0 0.4
39.577217 -114.04758 0.0 0.4
39.566235 -114.047601 0.0 0.4
39.555510999999996 -114.04762 0.0 0.4
39.544005 -114.047647 0.0 0.4
39.533100000000005 -114.047678 0.0 0.4
39.509769999999996 -114.047759 0.0 0.4
39.492326 -114.047823 0.0 0.4
39.462326999999995 -114.0479 0.0 0.4
39.45218 -114.047934 0.0 0.4
39.432196999999995 -114.047975 0.0 0.4
39.407269 -114.048068 0.0 0.4
39.396639 -114.048119 0.0 0.4
39.386005999999995 -114.048174 0.0 0.4
39.3753 -114.048221 0.0 0.4
39.363699 -114.048253 0.0 0.4
39.3526 -114.04828499999999 0.0 0.4
39.342456999999996 -114.048317 0.0 0.4
39.332135 -114.048343 0.0 0.4
39.318427 -114.048361 0.0 0.4
39.30547 -114.048385 0.0 0.4
39.292272 -114.048417 0.0 0.4
39.281006 -114.04844 0.0 0.4
39.270682 -114.04847 0.0 0.4
39.260169 -114.048495 0.0 0.4
39.2474 -114.048497 0.0 0.4
39.231379 -114.048512 0.0 0.4
39.216660999999995 -114.04853 0.0 0.4
39.206378 -114.048547 0.0 0.4
39.194931 -114.048542 0.0 0.4
39.184363999999995 -114.048569 0.0 0.4
39.173715 -114.048601 0.0 0.4
39.163396 -114.048633 0.0 0.4
39.153279999999995 -114.048666 0.0 0.4
39.141864 -114.048705 0.0 0.4
39.1271 -114.048739 0.0 0.4
39.112373999999996 -114.048764 0.0 0.4
39.099956 -114.048808 0.0 0.4
39.087848 -114.04881 0.0 0.4
39.076398 -114.048855 0.0 0.4
39.064228 -114.048881 0.0 0.4
39.050635 -114.048897 0.0 0.4
39.030504 -114.048919 0.0 0.4
39.020295 -114.048963 0.0 0.4
39.006552 -114.049025 0.0 0.4
38.986258 -114.049094 0.0 0.4
38.970483 -114.04914099999999 0.0 0.4
38.959576999999996 -114.049171 0.0 0.4
38.94725 -114.049273 0.0 0.4
38.936323 -114.04932 0.0 0.4
38.920789 -114.04939 0.0 0.4
38.906641 -114.049453 0.0 0.4
38.885121999999996 -114.049571 0.0 0.4
38.874649 -114.049594 0.0 0.4
38.862051 -114.049638 0.0 0.4
38.842255 -114.049653 0.0 0.4
38.832056 -114.04963 0.0 0.4
38.820017 -114.049628 0.0 0.4
38.808369 -114.049613 0.0 0.4
38.796625999999996 -114.049596 0.0 0.4
38.780105 -114.049621 0.0 0.4
38.769106 -114.049618 0.0 0.4
38.731192 -114.049692 0.0 0.4
38.720189999999995 -114.049721 0.0 0.4
38.708261 -114.049751 0.0 0.4
38.697835 -114.0498 0.0 0.4
38.684097 -114.049829 0.0 0.4
38.672506999999996 -114.049801 0.0 0.4
38.660247999999996 -114.049823 0.0 0.4
38.647844 -114.049894 0.0 0.4
38.637589 -114.049911 0.0 0.4
38.624119 -114.049904 0.0 0.4
38.611744 -114.049907 0.0 0.4
38.598377 -114.049912 0.0 0.4
38.583275 -114.049948 0.0 0.4
38.572973999999995 -114.049977 0.0 0.4
38.561585 -114.050014 0.0 0.4
38.551206 -114.050057 0.0 0.4
38.536871999999995 -114.05009 0.0 0.4
38.525945 -114.050119 0.0 0.4
38.515307 -114.050256 0.0 0.4
38.499658 -114.050472 0.0 0.4
38.489357 -114.050366 0.0 0.4
38.4698 -114.050153 0.0 0.4
38.455725 -114.050264 0.0 0.4
38.443849 -114.050273 0.0 0.4
38.433735 -114.050291 0.0 0.4
38.423158 -114.050282 0.0 0.4
38.404762 -114.05007499999999 0.0 0.4
38.392855999999995 -114.049982 0.0 0.4
38.381588 -114.049923 0.0 0.4
38.369761 -114.049836 0.0 0.4
38.358897 -114.049764 0.0 0.4
38.348015 -114.049695 0.0 0.4
38.337073 -114.049629 0.0 0.4
38.326267 -114.049559 0.0 0.4
38.315597 -114.049562 0.0 0.4
38.304719 -114.049573 0.0 0.4
38.290039 -114.049519 0.0 0.4
38.276126 -114.049455 0.0 0.4
38.266059999999996 -114.049325 0.0 0.4
38.255396 -114.049905 0.0 0.4
38.244261 -114.050221 0.0 0.4
38.231016 -114.050299 0.0 0.4
38.212789 -114.050149 0.0 0.4
38.200741 -114.050091 0.0 0.4
38.188663 -114.050061 0.0 0.4
38.173978 -114.050029 0.0 0.4
38.163283 -114.050002 0.0 0.4
38.152398 -114.049964 0.0 0.4
38.141539 -114.050013 0.0 0.4
38.12961 -114.050062 0.0 0.4
38.11842 -114.050125 0.0 0.4
38.10639 -114.050096 0.0 0.4
38.094673 -114.05006399999999 0.0 0.4
38.084009 -114.050196 0.0 0.4
38.073927999999995 -114.050312 0.0 0.4
38.063735 -114.050398 0.0 0.4
38.052155 -114.050428 0.0 0.4
38.041955 -114.050319 0.0 0.4
38.031945 -114.050302 0.0 0.4
38.02137 -114.050311 0.0 0.4
38.008258999999995 -114.050305 0.0 0.4
37.997507 -114.050276 0.0 0.4
37.985589999999995 -114.050267 0.0 0.4
37.975248 -114.050304 0.0 0.4
37.96045 -114.050446 0.0 0.4
37.942541 -114.050449 0.0 0.4
37.925182 -114.050288 0.0 0.4
37.912237 -114.050256 0.0 0.4
37.901238 -114.050187 0.0 0.4
37.890995 -114.050007 0.0 0.4
37.879245 -114.04971 0.0 0.4
37.867851 -114.049973 0.0 0.4
37.85765 -114.049924 0.0 0.4
37.847159999999995 -114.049737 0.0 0.4
37.836798 -114.04948 0.0 0.4
37.826383 -114.049584 0.0 0.4
37.816114 -114.048923 0.0 0.4
37.804623 -114.048581 0.0 0.4
37.794553 -114.04915 0.0 0.4
37.784326 -114.04923 0.0 0.4
37.773558 -114.049554 0.0 0.4
37.760163 -114.050615 0.0 0.4
37.748923999999995 -114.05166 0.0 0.4
37.73879 -114.05168499999999 0.0 0.4
37.728615999999995 -114.051738 0.0 0.4
37.715162 -114.05181400000001 0.0 0.4
37.701585 -114.051897 0.0 0.4
37.689028 -114.051969 0.0 0.4
37.678345 -114.052003 0.0 0.4
37.664243 -114.051839 0.0 0.4
37.654232 -114.052054 0.0 0.4
37.64138 -114.052176 0.0 0.4
37.625867 -114.052282 0.0 0.4
37.608274 -114.05227 0.0 0.4
37.593913 -114.052806 0.0 0.4
37.574252 -114.052824 0.0 0.4
37.560855 -114.052885 0.0 0.4
37.549262 -114.052885 0.0 0.4
37.538396 -114.05283299999999 0.0 0.4
37.518004999999995 -114.05269 0.0 0.4
37.502513 -114.052685 0.0 0.4
37.492014 -114.052701 0.0 0.4
37.480556 -114.052749 0.0 0.4
37.470473999999996 -114.052773 0.0 0.4
37.460398 -114.052658 0.0 0.4
37.449742 -114.052737 0.0 0.4
37.439040999999996 -114.052819 0.0 0.4
37.427966999999995 -114.052494 0.0 0.4
37.416672 -114.051916 0.0 0.4
37.405446999999995 -114.051901 0.0 0.4
37.391821 -114.051882 0.0 0.4
37.381042 -114.051868 0.0 0.4
37.370903999999996 -114.051838 0.0 0.4
37.358595 -114.051862 0.0 0.4
37.347662 -114.051817 0.0 0.4
37.334286999999996 -114.05177 0.0 0.4
37.320855 -114.051882 0.0 0.4
37.309438 -114.051722 0.0 0.4
37.296336 -114.051868 0.0 0.4
37.284484 -114.05196 0.0 0.4
37.273137 -114.051801 0.0 0.4
37.257753 -114.051676 0.0 0.4
37.23392 -114.051704 0.0 0.4
37.208151 -114.051712 0.0 0.4
37.184152 -114.051615 0.0 0.4
37.172467 -114.051674 0.0 0.4
37.162462999999995 -114.051889 0.0 0.4
37.14776 -114.051908 0.0 0.4
37.136925 -114.051895 0.0 0.4
37.126491 -114.051912 0.0 0.4
37.112881 -114.052541 0.0 0.4
37.099115999999995 -114.052327 0.0 0.4
37.089087 -114.05142000000001 0.0 0.4
37.074976 -114.050881 0.0 0.4
37.060035 -114.050674 0.0 0.4
37.046246 -114.050485 0.0 0.4
37.035002 -114.050327 0.0 0.4
37.023164 -114.05016 0.0 0.4
37.001716 -114.050055 0.0 0.4
36.972539 -114.050205 0.0 0.4
36.958022 -114.049998 0.0 0.4
36.947621 -114.050113 0.0 0.4
36.937401 -114.050184 0.0 0.4
36.906345 -114.050401 0.0 0.4
36.895232 -114.050502 0.0 0.4
36.884653 -114.050394 0.0 0.4
36.870984 -114.050314 0.0 0.4
36.850100999999995 -114.050343 0.0 0.4
36.839998 -114.050302 0.0 0.4
36.828378 -114.050112 0.0 0.4
36.818101999999996 -114.050134 0.0 0.4
36.807811 -114.050087 0.0 0.4
36.797767 -114.049972 0.0 0.4
36.784428 -114.049893 0.0 0.4
36.773731 -114.050004 0.0 0.4
36.758176999999996 -114.050245 0.0 0.4
36.747854 -114.050202 0.0 0.4
36.733942 -114.049989 0.0 0.4
36.723272 -114.050018 0.0 0.4
36.710677 -114.049941 0.0 0.4
36.698786 -114.049635 0.0 0.4
36.686369 -114.049342 0.0 0.4
36.664086 -114.048795 0.0 0.4
36.647802999999996 -114.048383 0.0 0.4
36.637215999999995 -114.048112 0.0 0.4
36.626953 -114.047886 0.0 0.4
36.611415 -114.047568 0.0 0.4
36.600322 -114.047281 0.0 0.4
36.590219 -114.046994 0.0 0.4
36.57938 -114.046708 0.0 0.4
36.566268 -114.046363 0.0 0.4
36.555732 -114.046123 0.0 0.4
36.545415999999996 -114.045898 0.0 0.4
36.53497 -114.045691 0.0 0.4
36.523679 -114.045654 0.0 0.4
36.513157 -114.04534 0.0 0.4
36.502123999999995 -114.045 0.0 0.4
36.491343 -114.044816 0.0 0.4
36.476819 -114.043667 0.0 0.4
36.466443999999996 -114.043074 0.0 0.4
36.449494 -114.042861 0.0 0.4
36.438277 -114.042819 0.0 0.4
36.390187 -114.04303 0.0 0.4
36.379405 -114.043196 0.0 0.4
36.369282999999996 -114.043667 0.0 0.4
36.346298 -114.044702 0.0 0.4
36.334224999999996 -114.044766 0.0 0.4
36.321023 -114.044223 0.0 0.4
36.310234 -114.04434499999999 0.0 0.4
36.300112999999996 -114.045141 0.0 0.4
36.288837 -114.045559 0.0 0.4
36.27439 -114.045518 0.0 0.4
36.259522 -114.044744 0.0 0.4
36.248915 -114.044084 0.0 0.4
36.23787 -114.043927 0.0 0.4
36.223528 -114.044034 0.0 0.4
36.212478 -114.04404 0.0 0.4
36.202273 -114.043983 0.0 0.4
36.1927 -114.046902 0.0 0.4
36.188987999999995 -114.056345 0.0 0.4
36.182159999999996 -114.064024 0.0 0.4
36.173696 -114.070002 0.0 0.4
36.162523 -114.075641 0.0 0.4
36.150208 -114.081234 0.0 0.4
36.140381999999995 -114.089249 0.0 0.4
36.13028 -114.093488 0.0 0.4
36.120823 -114.096994 0.0 0.4
36.119400999999996 -114.107419 0.0 0.4
36.11485 -114.117025 0.0 0.4
36.105699 -114.121779 0.0 0.4
36.098329 -114.1139 0.0 0.4
36.087489 -114.118324 0.0 0.4
36.075562999999995 -114.124019 0.0 0.4
36.062953 -114.132705 0.0 0.4
36.053232 -114.136206 0.0 0.4
36.041238 -114.135721 0.0 0.4
36.034272 -114.144666 0.0 0.4
36.023514999999996 -114.150225 0.0 0.4
36.026278999999995 -114.161237 0.0 0.4
36.026674 -114.171937 0.0 0.4
36.023274 -114.182752 0.0 0.4
36.019584 -114.19291 0.0 0.4
36.016574999999996 -114.204156 0.0 0.4
36.014806 -114.214679 0.0 0.4
36.013698999999995 -114.22479799999999 0.0 0.4
36.012989999999995 -114.235164 0.0 0.4
36.015823 -114.244794 0.0 0.4
36.024206 -114.259518 0.0 0.4
36.032845 -114.267446 0.0 0.4
36.043769 -114.269548 0.0 0.4
36.046102999999995 -114.279637 0.0 0.4
36.049828999999995 -114.289507 0.0 0.4
36.057263 -114.298593 0.0 0.4
36.056976 -114.308624 0.0 0.4
36.067552 -114.310281 0.0 0.4
36.075579999999995 -114.304171 0.0 0.4
36.088150999999996 -114.31244 0.0 0.4
36.096463 -114.320866 0.0 0.4
36.104904 -114.326996 0.0 0.4
36.108998 -114.336284 0.0 0.4
36.118472 -114.345022 0.0 0.4
36.125124 -114.354817 0.0 0.4
36.134071999999996 -114.364499 0.0 0.4
36.142624 -114.370181 0.0 0.4
36.141349 -114.381479 0.0 0.4
36.144560999999996 -114.394328 0.0 0.4
36.146797 -114.40432 0.0 0.4
36.145123 -114.415253 0.0 0.4
36.13735 -114.423114 0.0 0.4
36.130057 -114.435507 0.0 0.4
36.125346 -114.445042 0.0 0.4
36.133586 -114.453798 0.0 0.4
36.139644 -114.46260000000001 0.0 0.4
36.132683 -114.478248 0.0 0.4
36.128656 -114.487635 0.0 0.4
36.126612 -114.498849 0.0 0.4
36.129912999999995 -114.508467 0.0 0.4
36.139241999999996 -114.503213 0.0 0.4
36.149713 -114.508104 0.0 0.4
36.149752 -114.519197 0.0 0.4
36.147644 -114.531091 0.0 0.4
36.151871 -114.543232 0.0 0.4
36.152257 -114.554461 0.0 0.4
36.150824 -114.564709 0.0 0.4
36.148845 -114.57706 0.0 0.4
36.143896999999996 -114.58764 0.0 0.4
36.140896 -114.597512 0.0 0.4
36.132228999999995 -114.60928799999999 0.0 0.4
36.131758999999995 -114.620605 0.0 0.4
36.140761 -114.627079 0.0 0.4
36.135552 -114.636862 0.0 0.4
36.129844999999996 -114.649057 0.0 0.4
36.124127 -114.658131 0.0 0.4
36.116098 -114.665716 0.0 0.4
36.113392999999995 -114.675719 0.0 0.4
36.109770999999995 -114.685079 0.0 0.4
36.111222999999995 -114.695475 0.0 0.4
36.108273 -114.705566 0.0 0.4
36.107321 -114.715702 0.0 0.4
36.105941 -114.725972 0.0 0.4
36.103552 -114.736754 0.0 0.4
36.097712 -114.745083 0.0 0.4
36.089393 -114.752836 0.0 0.4
36.074981 -114.748891 0.0 0.4
36.065453999999995 -114.741129 0.0 0.4
36.056647999999996 -114.735285 0.0 0.4
36.047877 -114.741677 0.0 0.4
36.037467 -114.74001799999999 0.0 0.4
36.035481 -114.729873 0.0 0.4
36.028952 -114.722096 0.0 0.4
36.021387 -114.728874 0.0 0.4
36.015689 -114.73804 0.0 0.4
36.006721999999996 -114.743163 0.0 0.4
35.996159999999996 -114.740829 0.0 0.4
35.985785 -114.743638 0.0 0.4
35.975545 -114.74053599999999 0.0 0.4
35.965891 -114.732456 0.0 0.4
35.956796 -114.727818 0.0 0.4
35.948197 -114.722493 0.0 0.4
35.939648999999996 -114.717018 0.0 0.4
35.930766999999996 -114.711001 0.0 0.4
35.920275 -114.707799 0.0 0.4
35.909932999999995 -114.708112 0.0 0.4
35.903064 -114.700769 0.0 0.4
35.895311 -114.693602 0.0 0.4
35.889649999999996 -114.684878 0.0 0.4
35.882339 -114.67602099999999 0.0 0.4
35.875201 -114.668145 0.0 0.4
35.865035999999996 -114.66968 0.0 0.4
35.863248 -114.68016 0.0 0.4
35.858661 -114.691456 0.0 0.4
35.853223 -114.701904 0.0 0.4
35.842669 -114.704173 0.0 0.4
35.834592 -114.69692 0.0 0.4
35.824576 -114.698881 0.0 0.4
35.815433999999996 -114.703193 0.0 0.4
35.807525 -114.710534 0.0 0.4
35.79678 -114.704348 0.0 0.4
35.788046 -114.699036 0.0 0.4
35.777257 -114.700664 0.0 0.4
35.766878999999996 -114.700266 0.0 0.4
35.757897 -114.694717 0.0 0.4
35.747245 -114.696937 0.0 0.4
35.737085 -114.696836 0.0 0.4
35.726929 -114.699405 0.0 0.4
35.717541 -114.703255 0.0 0.4
35.707612 -114.70526100000001 0.0 0.4
35.699331 -114.699478 0.0 0.4
35.693124999999995 -114.69126299999999 0.0 0.4
35.68756 -114.68189699999999 0.0 0.4
35.677358999999996 -114.68256 0.0 0.4
35.668371 -114.687853 0.0 0.4
35.658325 -114.689845 0.0 0.4
35.647521999999995 -114.686133 0.0 0.4
35.641774 -114.677615 0.0 0.4
35.633365 -114.672134 0.0 0.4
35.623946 -114.666935 0.0 0.4
35.618044 -114.658125 0.0 0.4
35.608225 -114.653478 0.0 0.4
35.597305 -114.654289 0.0 0.4
35.588319 -114.658824 0.0 0.4
35.583791 -114.668927 0.0 0.4
35.571642 -114.666231 0.0 0.4
35.560963 -114.663535 0.0 0.4
35.550238 -114.661401 0.0 0.4
35.540133 -114.660138 0.0 0.4
35.529135 -114.658875 0.0 0.4
35.521152 -114.665414 0.0 0.4
35.516774999999996 -114.67459099999999 0.0 0.4
35.506333999999995 -114.677969 0.0 0.4
35.496279 -114.678164 0.0 0.4
35.485675 -114.673534 0.0 0.4
35.474813999999995 -114.673164 0.0 0.4
35.466910999999996 -114.665651 0.0 0.4
35.455845 -114.664217 0.0 0.4
35.444735 -114.661747 0.0 0.4
35.436854 -114.654295 0.0 0.4
35.420833 -114.640708 0.0 0.4
35.413824999999996 -114.631973 0.0 0.4
35.405256 -114.62447 0.0 0.4
35.389390999999996 -114.618984 0.0 0.4
35.37908 -114.617054 0.0 0.4
35.370118999999995 -114.611206 0.0 0.4
35.359651 -114.606173 0.0 0.4
35.347873 -114.602086 0.0 0.4
35.336455 -114.59845 0.0 0.4
35.326547 -114.595553 0.0 0.4
35.308346 -114.596454 0.0 0.4
35.298243 -114.59711300000001 0.0 0.4
35.288201 -114.595119 0.0 0.4
35.276765999999995 -114.591445 0.0 0.4
35.266172 -114.587855 0.0 0.4
35.255919 -114.585721 0.0 0.4
35.24402 -114.585216 0.0 0.4
35.233173 -114.58248 0.0 0.4
35.220431 -114.58044 0.0 0.4
35.210381999999996 -114.579811 0.0 0.4
35.200794 -114.572084 0.0 0.4
35.189913 -114.571014 0.0 0.4
35.178872 -114.569238 0.0 0.4
35.168442999999996 -114.56888599999999 0.0 0.4
35.157888 -114.570626 0.0 0.4
35.146902 -114.573553 0.0 0.4
35.136583 -114.573703 0.0 0.4
35.127506 -114.579882 0.0 0.4
35.123522 -114.589787 0.0 0.4
35.121611 -114.600694 0.0 0.4
35.121596 -114.611176 0.0 0.4
35.121148999999996 -114.621357 0.0 0.4
35.117757 -114.630926 0.0 0.4
35.110915 -114.639008 0.0 0.4
35.103107 -114.646078 0.0 0.4
35.095005 -114.639691 0.0 0.4
35.090831 -114.628171 0.0 0.4
35.086695999999996 -114.618718 0.0 0.4
35.080183 -114.609508 0.0 0.4
35.070445 -114.603175 0.0 0.4
35.058941 -114.606694 0.0 0.4
35.05272 -114.615902 0.0 0.4
35.045834 -114.625799 0.0 0.4
35.036977 -114.63284 0.0 0.4
35.027052999999995 -114.637524 0.0 0.4
35.014948 -114.63776899999999 0.0 0.4
35.003322 -114.634235 0.0 0.4
35.009428 -114.642841 0.0 0.4
35.016633 -114.651735 0.0 0.4
35.025200000000005 -114.66223099999999 0.0 0.4
35.031628999999995 -114.670093 0.0 0.4
35.037993 -114.677882 0.0 0.4
35.04443 -114.68584 0.0 0.4
35.052490999999996 -114.695759 0.0 0.4
35.061392999999995 -114.706796 0.0 0.4
35.068394 -114.715534 0.0 0.4
35.076029 -114.724887 0.0 0.4
35.082719 -114.733186 0.0 0.4
35.091206 -114.743536 0.0 0.4
35.102106 -114.756809 0.0 0.4
35.109337 -114.765601 0.0 0.4
35.115677999999996 -114.773443 0.0 0.4
35.123889999999996 -114.783733 0.0 0.4
35.130572 -114.791971 0.0 0.4
35.13803 -114.801313 0.0 0.4
35.145531 -114.81064 0.0 0.4
35.152013 -114.81878 0.0 0.4
35.159031 -114.827555 0.0 0.4
35.165559 -114.835711 0.0 0.4
35.173783 -114.846574 0.0 0.4
35.184343 -114.860131 0.0 0.4
35.195977 -114.874283 0.0 0.4
35.205096 -114.885376 0.0 0.4
35.212103 -114.893899 0.0 0.4
35.219265 -114.90286 0.0 0.4
35.226762 -114.912292 0.0 0.4
35.232994 -114.920137 0.0 0.4
35.240719 -114.92987 0.0 0.4
35.251294 -114.943181 0.0 0.4
35.259088 -114.952997 0.0 0.4
35.27147 -114.968602 0.0 0.4
35.28174 -114.981551 0.0 0.4
35.288835999999996 -114.990233 0.0 0.4
35.305852 -115.01168 0.0 0.4
35.31379 -115.021804 0.0 0.4
35.321940999999995 -115.032207 0.0 0.4
35.328199 -115.040194 0.0 0.4
35.335119 -115.04903 0.0 0.4
35.341398999999996 -115.057051 0.0 0.4
35.349564 -115.06747899999999 0.0 0.4
35.35749 -115.076954 0.0 0.4
35.364143999999996 -115.085092 0.0 0.4
35.369934 -115.093274 0.0 0.4
35.377534 -115.103264 0.0 0.4
35.385118 -115.112692 0.0 0.4
35.394335 -115.124157 0.0 0.4
35.401438 -115.13300100000001 0.0 0.4
35.408822 -115.142198 0.0 0.4
35.416019 -115.151164 0.0 0.4
35.423065 -115.159944 0.0 0.4
35.431339 -115.169291 0.0 0.4
35.437768999999996 -115.17738299999999 0.0 0.4
35.44826 -115.190641 0.0 0.4
35.458462 -115.203526 0.0 0.4
35.465859 -115.212853 0.0 0.4
35.472145 -115.220778 0.0 0.4
35.478981 -115.229201 0.0 0.4
35.485807 -115.237685 0.0 0.4
35.49283 -115.246486 0.0 0.4
35.501086 -115.256692 0.0 0.4
35.507581 -115.264879 0.0 0.4
35.515752 -115.275475 0.0 0.4
35.522200999999995 -115.283972 0.0 0.4
35.538062 -115.303884 0.0 0.4
35.546912 -115.314992 0.0 0.4
35.55372 -115.323541 0.0 0.4
35.562062999999995 -115.334074 0.0 0.4
35.568576 -115.342334 0.0 0.4
35.576603999999996 -115.352516 0.0 0.4
35.583404 -115.361141 0.0 0.4
35.589596 -115.369053 0.0 0.4
35.596613999999995 -115.377883 0.0 0.4
35.60351 -115.386613 0.0 0.4
35.610257 -115.395162 0.0 0.4
35.617332999999995 -115.404111 0.0 0.4
35.628389 -115.418086 0.0 0.4
35.637384 -115.429534 0.0 0.4
35.644929 -115.439137 0.0 0.4
35.651143999999995 -115.447047 0.0 0.4
35.659962 -115.458269 0.0 0.4
35.66991 -115.470931 0.0 0.4
35.677927 -115.481134 0.0 0.4
35.691423 -115.498266 0.0 0.4
35.697855 -115.506429 0.0 0.4
35.704288 -115.514596 0.0 0.4
35.712029 -115.524427 0.0 0.4
35.725038 -115.54096 0.0 0.4
35.732036 -115.549856 0.0 0.4
35.749918 -115.572613 0.0 0.4
35.759069 -115.584272 0.0 0.4
35.766618 -115.593869 0.0 0.4
35.779365 -115.610125 0.0 0.4
35.787865 -115.620967 0.0 0.4
35.799293 -115.635554 0.0 0.4
35.806205 -115.64438 0.0 0.4
35.81231 -115.652327 0.0 0.4
35.818765 -115.660558 0.0 0.4
35.825348999999996 -115.668965 0.0 0.4
35.832229 -115.677764 0.0 0.4
35.838407 -115.685678 0.0 0.4
35.84458 -115.693646 0.0 0.4
35.851898999999996 -115.702771 0.0 0.4
35.882581 -115.742049 0.0 0.4
35.893183 -115.755674 0.0 0.4
35.908455 -115.775131 0.0 0.4
35.915799 -115.784504 0.0 0.4
35.925992 -115.797575 0.0 0.4
35.948496 -115.826465 0.0 0.4
35.954817 -115.834582 0.0 0.4
35.963269 -115.845431 0.0 0.4
35.96998 -115.854051 0.0 0.4
35.979137 -115.865818 0.0 0.4
35.985391 -115.873875 0.0 0.4
35.992863 -115.88355 0.0 0.4
35.999057 -115.891554 0.0 0.4
36.005196999999995 -115.899498 0.0 0.4
36.011573999999996 -115.907693 0.0 0.4
36.019445999999995 -115.918087 0.0 0.4
36.026313 -115.926931 0.0 0.4
36.03382 -115.93656899999999 0.0 0.4
36.040040999999995 -115.944593 0.0 0.4
36.050165 -115.95761 0.0 0.4
36.057024 -115.96643 0.0 0.4
36.063656 -115.974959 0.0 0.4
36.071805 -115.98543599999999 0.0 0.4
36.079477 -115.9953 0.0 0.4
36.087123999999996 -116.004892 0.0 0.4
36.095365 -116.01557700000001 0.0 0.4
36.106088 -116.029482 0.0 0.4
36.112497999999995 -116.037788 0.0 0.4
36.119441 -116.046739 0.0 0.4
36.132729999999995 -116.06385900000001 0.0 0.4
36.138912 -116.071853 0.0 0.4
36.145542999999996 -116.080426 0.0 0.4
36.151724 -116.088413 0.0 0.4
36.158346 -116.097216 0.0 0.4
36.164545 -116.10519099999999 0.0 0.4
36.172636 -116.115608 0.0 0.4
36.179134 -116.123977 0.0 0.4
36.186974 -116.134064 0.0 0.4
36.195906 -116.145652 0.0 0.4
36.202338 -116.153996 0.0 0.4
36.209818999999996 -116.1637 0.0 0.4
36.21967 -116.176469 0.0 0.4
36.229845999999995 -116.18965299999999 0.0 0.4
36.23706 -116.198993 0.0 0.4
36.244323 -116.208402 0.0 0.4
36.252701 -116.219319 0.0 0.4
36.260014999999996 -116.22885 0.0 0.4
36.269593 -116.241328 0.0 0.4
36.276036999999995 -116.249662 0.0 0.4
36.285227 -116.261692 0.0 0.4
36.330318 -116.320858 0.0 0.4
36.341483 -116.33551 0.0 0.4
36.349166 -116.345579 0.0 0.4
36.356387999999995 -116.355034 0.0 0.4
36.364464 -116.365645 0.0 0.4
36.370875999999996 -116.373909 0.0 0.4
36.39389 -116.404615 0.0 0.4
36.401992 -116.415006 0.0 0.4
36.421175999999996 -116.43964199999999 0.0 0.4
36.446557999999996 -116.472136 0.0 0.4
36.459097 -116.48823300000001 0.0 0.4
36.468223 -116.500882 0.0 0.4
36.482853 -116.519867 0.0 0.4
36.490425 -116.529694 0.0 0.4
36.499952 -116.541983 0.0 0.4
36.513422 -116.559748 0.0 0.4
36.532942 -116.585487 0.0 0.4
36.539367 -116.593966 0.0 0.4
36.550004 -116.607991 0.0 0.4
36.557752 -116.618206 0.0 0.4
36.587088 -116.656883 0.0 0.4
36.603305999999996 -116.678291 0.0 0.4
36.611900999999996 -116.689629 0.0 0.4
36.624527 -116.706282 0.0 0.4
36.633797 -116.718507 0.0 0.4
36.640798 -116.727732 0.0 0.4
36.658377 -116.75092599999999 0.0 0.4
36.664573 -116.75908 0.0 0.4
36.676624 -116.77494 0.0 0.4
36.685105 -116.786102 0.0 0.4
36.694015 -116.797826 0.0 0.4
36.704437 -116.81154000000001 0.0 0.4
36.711033 -116.820223 0.0 0.4
36.718675999999995 -116.830283 0.0 0.4
36.72824 -116.84287 0.0 0.4
36.738710999999995 -116.856646 0.0 0.4
36.746030999999995 -116.866285 0.0 0.4
36.752081 -116.87425400000001 0.0 0.4
36.763481999999996 -116.889365 0.0 0.4
36.792587999999995 -116.927908 0.0 0.4
36.803567 -116.942454 0.0 0.4
36.809657 -116.950518 0.0 0.4
36.815706999999996 -116.958533 0.0 0.4
36.823163 -116.968407 0.0 0.4
36.837254 -116.987068 0.0 0.4
36.843359 -116.995161 0.0 0.4
36.849734999999995 -117.00401099999999 0.0 0.4
36.856349 -117.0129 0.0 0.4
36.86485 -117.024158 0.0 0.4
36.874943 -117.037976 0.0 0.4
36.888988999999995 -117.056829 0.0 0.4
36.897568 -117.068336 0.0 0.4
36.911314 -117.0866 0.0 0.4
36.917455 -117.0947 0.0 0.4
36.925751999999996 -117.105644 0.0 0.4
36.936762 -117.120101 0.0 0.4
36.943304 -117.128701 0.0 0.4
36.949929 -117.13757 0.0 0.4
36.959868 -117.151197 0.0 0.4
36.971111 -117.166001 0.0 0.4
36.983882 -117.182891 0.0 0.4
36.989909 -117.19105 0.0 0.4
36.995968999999995 -117.199284 0.0 0.4
37.016464 -117.226619 0.0 0.4
37.026869999999995 -117.24043499999999 0.0 0.4
37.034618 -117.250903 0.0 0.4
37.04491 -117.266046 0.0 0.4
37.055923 -117.280762 0.0 0.4
37.076243 -117.307916 0.0 0.4
37.084409 -117.31882999999999 0.0 0.4
37.103232 -117.343983 0.0 0.4
37.113642 -117.357894 0.0 0.4
37.123613999999996 -117.371219 0.0 0.4
37.134748 -117.386399 0.0 0.4
37.149184 -117.405485 0.0 0.4
37.158223 -117.417543 0.0 0.4
37.16876 -117.43151 0.0 0.4
37.178526 -117.444455 0.0 0.4
37.186202 -117.454651 0.0 0.4
37.200969 -117.474295 0.0 0.4
37.217684999999996 -117.496533 0.0 0.4
37.224154999999996 -117.506173 0.0 0.4
37.239622 -117.527244 0.0 0.4
37.246632 -117.536752 0.0 0.4
37.257338 -117.551209 0.0 0.4
37.267983 -117.566097 0.0 0.4
37.278936 -117.581418 0.0 0.4
37.297548 -117.60637299999999 0.0 0.4
37.311789999999995 -117.625457 0.0 0.4
37.318526 -117.634468 0.0 0.4
37.32833 -117.647342 0.0 0.4
37.34512 -117.669528 0.0 0.4
37.353015 -117.68009599999999 0.0 0.4
37.359981 -117.690315 0.0 0.4
37.368089999999995 -117.702271 0.0 0.4
37.374931 -117.712358 0.0 0.4
37.382180999999996 -117.721968 0.0 0.4
37.389193 -117.731368 0.0 0.4
37.395569 -117.739919 0.0 0.4
37.401953 -117.748483 0.0 0.4
37.410641999999996 -117.760311 0.0 0.4
37.41682 -117.768546 0.0 0.4
37.430620999999995 -117.786929 0.0 0.4
37.436690999999996 -117.795015 0.0 0.4
37.442788 -117.803147 0.0 0.4
37.451387 -117.814635 0.0 0.4
37.457898 -117.823332 0.0 0.4
37.463992999999995 -117.831475 0.0 0.4
37.473163 -117.843725 0.0 0.4
37.479862 -117.852675 0.0 0.4
37.489945999999996 -117.86614399999999 0.0 0.4
37.497267 -117.875927 0.0 0.4
37.515836 -117.904625 0.0 0.4
37.522245 -117.913106 0.0 0.4
37.530259 -117.923791 0.0 0.4
37.539313 -117.935976 0.0 0.4
37.569039 -117.975439 0.0 0.4
37.576933 -117.986827 0.0 0.4
37.583518 -117.995572 0.0 0.4
37.589649 -118.004272 0.0 0.4
37.595445999999995 -118.012466 0.0 0.4
37.603276 -118.023286 0.0 0.4
37.60951 -118.031897 0.0 0.4
37.615598999999996 -118.040218 0.0 0.4
37.622005 -118.048408 0.0 0.4
37.629681 -118.058789 0.0 0.4
37.635768999999996 -118.06724299999999 0.0 0.4
37.642683999999996 -118.076851 0.0 0.4
37.651686 -118.089348 0.0 0.4
37.658766 -118.099183 0.0 0.4
37.664687 -118.107407 0.0 0.4
37.673477 -118.119592 0.0 0.4
37.679744 -118.128271 0.0 0.4
37.686741 -118.137917 0.0 0.4
37.695983 -118.150733 0.0 0.4
37.702318999999996 -118.159493 0.0 0.4
37.708406 -118.167913 0.0 0.4
37.715489 -118.17747800000001 0.0 0.4
37.721981 -118.18661900000001 0.0 0.4
37.732486 -118.201078 0.0 0.4
37.739866 -118.211262 0.0 0.4
37.749992999999996 -118.225439 0.0 0.4
37.755987 -118.23369199999999 0.0 0.4
37.761939 -118.241897 0.0 0.4
37.768622 -118.250956 0.0 0.4
37.775045 -118.25988699999999 0.0 0.4
37.782151999999996 -118.269766 0.0 0.4
37.78808 -118.278004 0.0 0.4
37.796198 -118.289292 0.0 0.4
37.80504 -118.301589 0.0 0.4
37.811091999999995 -118.31 0.0 0.4
37.817257999999995 -118.318569 0.0 0.4
37.823738999999996 -118.32765599999999 0.0 0.4
37.831562 -118.338547 0.0 0.4
37.840216 -118.35059 0.0 0.4
37.846376 -118.359163 0.0 0.4
37.856012 -118.37257199999999 0.0 0.4
37.874883 -118.39853099999999 0.0 0.4
37.89622 -118.428144 0.0 0.4
37.902775999999996 -118.437263 0.0 0.4
37.912437 -118.450654 0.0 0.4
37.920152 -118.461322 0.0 0.4
37.926925 -118.47074 0.0 0.4
37.935131999999996 -118.482145 0.0 0.4
37.942651 -118.492573 0.0 0.4
37.949023 -118.500964 0.0 0.4
37.959874 -118.516301 0.0 0.4
37.966318 -118.525065 0.0 0.4
37.972564999999996 -118.533782 0.0 0.4
37.97922 -118.54307299999999 0.0 0.4
37.986678 -118.553481 0.0 0.4
37.99993 -118.571958 0.0 0.4
38.034438 -118.62167600000001 0.0 0.4
38.045396 -118.636432 0.0 0.4
38.051711999999995 -118.645081 0.0 0.4
38.065698999999995 -118.664237 0.0 0.4
38.081565 -118.685938 0.0 0.4
38.100327 -118.711759 0.0 0.4
38.108419999999995 -118.72318 0.0 0.4
38.116178 -118.73419200000001 0.0 0.4
38.123084999999996 -118.743988 0.0 0.4
38.128772999999995 -118.752225 0.0 0.4
38.141841 -118.771822 0.0 0.4
38.148531999999996 -118.781045 0.0 0.4
38.155772999999996 -118.791032 0.0 0.4
38.173651 -118.815812 0.0 0.4
38.187711 -118.835336 0.0 0.4
38.20162 -118.854649 0.0 0.4
38.216456 -118.875873 0.0 0.4
38.225094 -118.887932 0.0 0.4
38.234459 -118.901014 0.0 0.4
38.241141999999996 -118.910346 0.0 0.4
38.249919 -118.922518 0.0 0.4
38.257273 -118.93302 0.0 0.4
38.265644 -118.944968 0.0 0.4
38.303675 -119.000975 0.0 0.4
38.310775 -119.010712 0.0 0.4
38.323586999999996 -119.028069 0.0 0.4
38.33445 -119.04348999999999 0.0 0.4
38.343914 -119.057199 0.0 0.4
38.350871 -119.067278 0.0 0.4
38.361267 -119.082358 0.0 0.4
38.372578 -119.0968 0.0 0.4
38.391726999999996 -119.124282 0.0 0.4
38.403998 -119.141537 0.0 0.4
38.411468 -119.152264 0.0 0.4
38.417305999999996 -119.160956 0.0 0.4
38.427960999999996 -119.176107 0.0 0.4
38.434557 -119.18552 0.0 0.4
38.441404 -119.195418 0.0 0.4
38.447438999999996 -119.204092 0.0 0.4
38.453264 -119.212389 0.0 0.4
38.465351 -119.229727 0.0 0.4
38.472364999999996 -119.239651 0.0 0.4
38.479695 -119.250061 0.0 0.4
38.485955 -119.258984 0.0 0.4
38.492059 -119.26765499999999 0.0 0.4
38.498447 -119.276803 0.0 0.4
38.513121999999996 -119.297704 0.0 0.4
38.520844 -119.30878 0.0 0.4
38.533425 -119.327517 0.0 0.4
38.552786999999995 -119.354565 0.0 0.4
38.563280999999996 -119.370117 0.0 0.4
38.568663 -119.37862 0.0 0.4
38.575300999999996 -119.387962 0.0 0.4
38.583171 -119.398943 0.0 0.4
38.603525999999995 -119.427302 0.0 0.4
38.618534 -119.448611 0.0 0.4
38.62491 -119.457405 0.0 0.4
38.634662999999996 -119.47224 0.0 0.4
38.645685 -119.488058 0.0 0.4
38.654322 -119.500922 0.0 0.4
38.662182 -119.51147 0.0 0.4
38.675305 -119.53062299999999 0.0 0.4
38.682321 -119.540864 0.0 0.4
38.688649999999996 -119.550104 0.0 0.4
38.694641 -119.55872600000001 0.0 0.4
38.713212 -119.585437 0.0 0.4
38.719099 -119.594037 0.0 0.4
38.729625 -119.60937 0.0 0.4
38.736585999999996 -119.619602 0.0 0.4
38.743594 -119.629778 0.0 0.4
38.749904 -119.638339 0.0 0.4
38.762436 -119.656579 0.0 0.4
38.769034 -119.666018 0.0 0.4
38.775287999999996 -119.675068 0.0 0.4
38.781391 -119.683897 0.0 0.4
38.789266999999995 -119.695291 0.0 0.4
38.795158 -119.703814 0.0 0.4
38.810424999999995 -119.725904 0.0 0.4
38.821486 -119.741908 0.0 0.4
38.827777999999995 -119.751007 0.0 0.4
38.834268 -119.760408 0.0 0.4
38.840661 -119.769668 0.0 0.4
38.847125999999996 -119.779027 0.0 0.4
38.855247999999996 -119.790794 0.0 0.4
38.863375999999995 -119.80259699999999 0.0 0.4
38.870861 -119.813523 0.0 0.4
38.876686 -119.822084 0.0 0.4
38.882584 -119.830371 0.0 0.4
38.888859 -119.839547 0.0 0.4
38.89572 -119.849684 0.0 0.4
38.905865999999996 -119.86448899999999 0.0 0.4
38.913748 -119.876011 0.0 0.4
38.921487 -119.88724500000001 0.0 0.4
38.928336 -119.89710600000001 0.0 0.4
38.934188999999996 -119.905569 0.0 0.4
38.940405999999996 -119.91459 0.0 0.4
38.949922 -119.928395 0.0 0.4
38.955642 -119.93686 0.0 0.4
38.961408 -119.94521499999999 0.0 0.4
38.967349999999996 -119.954125 0.0 0.4
38.973092 -119.962479 0.0 0.4
38.981561 -119.974801 0.0 0.4
38.99126 -119.988916 0.0 0.4
38.998331 -119.999205 0.0 0.4
39.008541 -120.001199 0.0 0.4
39.025791 -120.00156799999999 0.0 0.4
39.036169 -120.00179 0.0 0.4
39.053784 -120.002168 0.0 0.4
39.064037 -120.002387 0.0 0.4
39.076446 -120.002652 0.0 0.4
39.096244 -120.003076 0.0 0.4
39.112687 -120.003429 0.0 0.4
39.12491 -120.00374099999999 0.0 0.4
39.141318999999996 -120.003941 0.0 0.4
39.165603 -120.004297 0.0 0.4
39.177980999999996 -120.004429 0.0 0.4
39.216307 -120.005484 0.0 0.4
39.226445999999996 -120.005724 0.0 0.4
39.244037999999996 -120.00568 0.0 0.4
39.258491 -120.006103 0.0 0.4
39.27035 -120.006408 0.0 0.4
39.280577 -120.006446 0.0 0.4
39.290673999999996 -120.00641 0.0 0.4
39.308751 -120.00635 0.0 0.4
39.324858 -120.006294 0.0 0.4
39.335557 -120.006258 0.0 0.4
39.346368999999996 -120.00622 0.0 0.4
39.370179 -120.00614 0.0 0.4
39.380603 -120.00591 0.0 0.4
39.390943 -120.005567 0.0 0.4
39.402606 -120.005181 0.0 0.4
39.412728 -120.004845 0.0 0.4
39.423367 -120.004492 0.0 0.4
39.435856 -120.004081 0.0 0.4
39.456624999999995 -120.00339 0.0 0.4
39.467580999999996 -120.002893 0.0 0.4
39.483962 -120.00259 0.0 0.4
39.494657 -120.002317 0.0 0.4
39.505333 -120.002139 0.0 0.4
39.519200999999995 -120.001936 0.0 0.4
39.530583 -120.001736 0.0 0.4
39.541785 -120.001847 0.0 0.4
39.563694 -120.001644 0.0 0.4
39.575444 -120.001502 0.0 0.4
39.590160999999995 -120.00121 0.0 0.4
39.605376 -120.000854 0.0 0.4
39.621224 -120.00099399999999 0.0 0.4
39.635329 -120.001135 0.0 0.4
39.650293999999995 -120.001157 0.0 0.4
39.662987 -120.00109 0.0 0.4
39.673 -120.000918 0.0 0.4
39.714348 -120.000979 0.0 0.4
39.732608 -120.001018 0.0 0.4
39.752229 -120.001133 0.0 0.4
39.766161 -120.000723 0.0 0.4
39.779955 -120.00054 0.0 0.4
39.790935999999995 -120.000496 0.0 0.4
39.808395999999995 -120.000308 0.0 0.4
39.818765 -120.000099 0.0 0.4
39.836513 -119.99990700000001 0.0 0.4
39.847453 -119.999776 0.0 0.4
39.857692 -119.99959799999999 0.0 0.4
39.874913 -119.999174 0.0 0.4
39.887384 -119.999127 0.0 0.4
39.903104 -119.999086 0.0 0.4
39.923559 -119.99883299999999 0.0 0.4
39.93378 -119.998687 0.0 0.4
39.952568 -119.998498 0.0 0.4
39.962812 -119.99828600000001 0.0 0.4
39.974041 -119.99805599999999 0.0 0.4
39.984262 -119.997875 0.0 0.4
39.999905 -119.997706 0.0 0.4
40.010653 -119.997619 0.0 0.4
40.022867 -119.997546 0.0 0.4
40.039203 -119.99742 0.0 0.4
40.051893 -119.99736899999999 0.0 0.4
40.069812 -119.99722 0.0 0.4
40.080166 -119.997319 0.0 0.4
40.090499 -119.99732900000001 0.0 0.4
40.103794 -119.997317 0.0 0.4
40.114498 -119.997215 0.0 0.4
40.124904 -119.997137 0.0 0.4
40.142579 -119.997002 0.0 0.4
40.153276999999996 -119.997015 0.0 0.4
40.17158 -119.996944 0.0 0.4
40.183285999999995 -119.996994 0.0 0.4
40.200393 -119.996666 0.0 0.4
40.213522 -119.996567 0.0 0.4
40.229681 -119.99645100000001 0.0 0.4
40.244268 -119.996332 0.0 0.4
40.2581 -119.996262 0.0 0.4
40.274521 -119.996265 0.0 0.4
40.293172 -119.996381 0.0 0.4
40.312985 -119.996504 0.0 0.4
40.324079 -119.996499 0.0 0.4
40.339194 -119.996339 0.0 0.4
40.360155 -119.99596 0.0 0.4
40.372416 -119.99576 0.0 0.4
40.384845 -119.99570299999999 0.0 0.4
40.397194 -119.995675 0.0 0.4
40.416444999999996 -119.995641 0.0 0.4
40.428275 -119.995627 0.0 0.4
40.438365999999995 -119.995598 0.0 0.4
40.452902 -119.995664 0.0 0.4
40.470158999999995 -119.995678 0.0 0.4
40.481752 -119.995687 0.0 0.4
40.496248 -119.995796 0.0 0.4
40.510725 -119.99583 0.0 0.4
40.522715999999996 -119.995806 0.0 0.4
40.535255 -119.99581 0.0 0.4
40.549074 -119.995871 0.0 0.4
40.57055 -119.995976 0.0 0.4
40.580825999999995 -119.996167 0.0 0.4
40.598743 -119.9966 0.0 0.4
40.610777999999996 -119.996723 0.0 0.4
40.624764 -119.996811 0.0 0.4
40.63634 -119.996991 0.0 0.4
40.656901999999995 -119.997238 0.0 0.4
40.671422 -119.997477 0.0 0.4
40.683547 -119.99759 0.0 0.4
40.70189 -119.997837 0.0 0.4
40.720487999999996 -119.998088 0.0 0.4
40.742686 -119.998387 0.0 0.4
40.759232999999995 -119.998634 0.0 0.4
40.771595999999995 -119.998762 0.0 0.4
40.782734999999995 -119.998719 0.0 0.4
40.794156 -119.998657 0.0 0.4
40.804874 -119.998741 0.0 0.4
40.821785999999996 -119.998873 0.0 0.4
40.831810999999995 -119.998902 0.0 0.4
40.857859999999995 -119.999167 0.0 0.4
40.869339 -119.999263 0.0 0.4
40.883869999999995 -119.999288 0.0 0.4
40.901339 -119.999371 0.0 0.4
40.913675999999995 -119.999409 0.0 0.4
40.930287 -119.999505 0.0 0.4
40.948701 -119.999586 0.0 0.4
40.959889 -119.999667 0.0 0.4
40.999894 -119.999875 0.0 0.4
41.011914999999995 -119.999844 0.0 0.4
41.021951 -119.999802 0.0 0.4
41.039538 -119.999888 0.0 0.4
41.054041 -119.999875 0.0 0.4
41.065821 -119.999959 0.0 0.4
41.082999 -120.000039 0.0 0.4
41.102317 -120.000008 0.0 0.4
41.112885999999996 -119.99999700000001 0.0 0.4
41.124897999999995 -120.000011 0.0 0.4
41.137904 -119.999906 0.0 0.4
41.155921 -119.999799 0.0 0.4
41.170569 -119.99982299999999 0.0 0.4
41.183974 -119.999866 0.0 0.4
41.194573 -119.99984599999999 0.0 0.4
41.205020999999995 -119.999825 0.0 0.4
41.215714 -119.999802 0.0 0.4
41.226808999999996 -119.999779 0.0 0.4
41.241851 -119.99978 0.0 0.4
41.256375 -120.000049 0.0 0.4
41.266487 -120.000016 0.0 0.4
41.292432999999996 -119.999932 0.0 0.4
41.307066999999996 -119.999885 0.0 0.4
41.322491 -119.999836 0.0 0.4
41.355576 -119.999734 0.0 0.4
41.367813999999996 -119.999716 0.0 0.4
41.398212 -119.999703 0.0 0.4
41.410578 -119.999674 0.0 0.4
41.420604 -119.999653 0.0 0.4
41.432469999999995 -119.999633 0.0 0.4
41.445932 -119.999602 0.0 0.4
41.45595 -119.999581 0.0 0.4
41.470217999999996 -119.999552 0.0 0.4
41.480897999999996 -119.999512 0.0 0.4
41.492751 -119.99948599999999 0.0 0.4
41.521809 -119.99904599999999 0.0 0.4
41.53357 -119.998957 0.0 0.4
41.543698 -119.998876 0.0 0.4
41.557834 -119.998763 0.0 0.4
41.581432 -119.998575 0.0 0.4
41.615544 -119.998307 0.0 0.4
41.654430999999995 -119.998897 0.0 0.4
41.665147999999995 -119.998823 0.0 0.4
41.675943 -119.998747 0.0 0.4
41.691682 -119.99873 0.0 0.4
41.720631999999995 -119.99869799999999 0.0 0.4
41.749915 -119.998295 0.0 0.4
41.773652 -119.99847199999999 0.0 0.4
41.793687999999996 -119.998629 0.0 0.4
41.827404 -119.998896 0.0 0.4
41.844746 -119.99903499999999 0.0 0.4
41.867141 -119.999214 0.0 0.4
41.882112 -119.999269 0.0 0.4
41.899456 -119.999253 0.0 0.4
41.92223 -119.99930499999999 0.0 0.4
41.943486 -119.999265 0.0 0.4
41.961973 -119.99923 0.0 0.4
41.975162999999995 -119.99920399999999 0.0 0.4
41.99373 -119.999169 0.0 0.4
41.995563999999995 -119.989133 0.0 0.4
41.995915 -119.977694 0.0 0.4
41.996348 -119.96044 0.0 0.4
41.996736 -119.948657 0.0 0.4
41.996880999999995 -119.935893 0.0 0.4
41.996983 -119.925836 0.0 0.4
41.99709 -119.915139 0.0 0.4
41.997206999999996 -119.904909 0.0 0.4
41.997349 -119.894436 0.0 0.4
41.99743 -119.883515 0.0 0.4
41.997445 -119.873493 0.0 0.4
41.997462 -119.860323 0.0 0.4
41.997473 -119.849974 0.0 0.4
41.997476999999996 -119.826835 0.0 0.4
41.997453 -119.81582900000001 0.0 0.4
41.997417 -119.80213 0.0 0.4
41.997384 -119.791174 0.0 0.4
41.997223999999996 -119.78106 0.0 0.4
41.997036 -119.770254 0.0 0.4
41.996623 -119.75825499999999 0.0 0.4
41.996435999999996 -119.747621 0.0 0.4
41.996299 -119.737197 0.0 0.4
41.996204999999996 -119.72582299999999 0.0 0.4
41.996182 -119.710989 0.0 0.4
41.996251 -119.69418 0.0 0.4
41.996325999999996 -119.676598 0.0 0.4
41.996283999999996 -119.66546199999999 0.0 0.4
41.996193 -119.655154 0.0 0.4
41.996123999999995 -119.64490599999999 0.0 0.4
41.996057 -119.633833 0.0 0.4
41.995959 -119.62022 0.0 0.4
41.995899 -119.610142 0.0 0.4
41.995864 -119.59893199999999 0.0 0.4
41.995821 -119.588239 0.0 0.4
41.995768 -119.577219 0.0 0.4
41.995759 -119.564769 0.0 0.4
41.995765 -119.55272099999999 0.0 0.4
41.995781 -119.536256 0.0 0.4
41.995774 -119.521512 0.0 0.4
41.995756 -119.507551 0.0 0.4
41.995734999999996 -119.496549 0.0 0.4
41.99575 -119.486244 0.0 0.4
41.995771999999995 -119.475951 0.0 0.4
41.995739 -119.463409 0.0 0.4
41.995692 -119.452804 0.0 0.4
41.995574 -119.441988 0.0 0.4
41.995383 -119.426776 0.0 0.4
41.995233 -119.416523 0.0 0.4
41.994977 -119.401713 0.0 0.4
41.994763999999996 -119.391305 0.0 0.4
41.994546 -119.381144 0.0 0.4
41.994388 -119.370869 0.0 0.4
41.994282999999996 -119.36067800000001 0.0 0.4
41.994113999999996 -119.348477 0.0 0.4
41.993956 -119.336778 0.0 0.4
41.993922999999995 -119.324184 0.0 0.4
