42.686805 -79.312136 0.0 0.4
42.710384999999995 -79.249766 0.0 0.4
42.750057 -79.143474 0.0 0.4
42.757422999999996 -79.124764 0.0 0.4
42.787188 -79.045504 0.0 0.4
42.79735 -79.01844799999999 0.0 0.4
42.804368 -78.99976 0.0 0.4
42.83271 -78.95687699999999 0.0 0.4
42.850105 -78.930559 0.0 0.4
42.880756999999996 -78.915359 0.0 0.4
42.891957 -78.909758 0.0 0.4
42.90605 -78.90575799999999 0.0 0.4
42.921157 -78.905759 0.0 0.4
42.933257 -78.909159 0.0 0.4
42.942257 -78.91565899999999 0.0 0.4
42.955856999999995 -78.93236 0.0 0.4
42.957755999999996 -78.961761 0.0 0.4
42.966756 -78.972462 0.0 0.4
42.97246 -78.983257 0.0 0.4
42.985256 -79.011563 0.0 0.4
42.994755999999995 -79.019964 0.0 0.4
43.016355999999995 -79.023256 0.0 0.4
43.028956 -79.011747 0.0 0.4
43.047056 -79.005139 0.0 0.4
43.056056999999996 -78.99943499999999 0.0 0.4
43.065757 -79.00712999999999 0.0 0.4
43.067958 -79.019228 0.0 0.4
43.070215999999995 -79.032771 0.0 0.4
43.072562 -79.04556699999999 0.0 0.4
43.077863 -79.07445899999999 0.0 0.4
43.088029999999996 -79.06915099999999 0.0 0.4
43.098375999999995 -79.062287 0.0 0.4
43.108201 -79.058037 0.0 0.4
43.120255 -79.06955599999999 0.0 0.4
43.126248 -79.05966 0.0 0.4
43.13505 -79.04946 0.0 0.4
43.143654 -79.042357 0.0 0.4
43.153459999999995 -79.04460499999999 0.0 0.4
43.16455 -79.04836999999999 0.0 0.4
43.17346 -79.052925 0.0 0.4
43.183654999999995 -79.052567 0.0 0.4
43.198429 -79.04895599999999 0.0 0.4
43.210654 -79.057058 0.0 0.4
43.221658 -79.05301299999999 0.0 0.4
43.232974 -79.054788 0.0 0.4
43.24736 -79.055971 0.0 0.4
43.260794999999995 -79.067573 0.0 0.4
43.268625 -79.07477399999999 0.0 0.4
43.284227 -79.085622 0.0 0.4
43.312554999999996 -79.105302 0.0 0.4
43.325649 -79.114442 0.0 0.4
43.340422 -79.124757 0.0 0.4
43.375054999999996 -79.148772 0.0 0.4
43.450421999999996 -79.200936 0.0 0.4
43.460401999999995 -79.173811 0.0 0.4
43.466251 -79.157905 0.0 0.4
43.478463999999995 -79.12477 0.0 0.4
43.50002 -79.06371899999999 0.0 0.4
43.5225 -78.998166 0.0 0.4
43.565946 -78.874247 0.0 0.4
43.600457 -78.775043 0.0 0.4
43.607597 -78.754516 0.0 0.4
43.625412999999995 -78.711567 0.0 0.4
43.629441 -78.701731 0.0 0.4
43.634741999999996 -78.688295 0.0 0.4
43.634775 -78.64835699999999 0.0 0.4
43.634799 -78.62474499999999 0.0 0.4
43.633604 -78.508467 0.0 0.4
43.633427999999995 -78.468711 0.0 0.4
43.633215 -78.38882199999999 0.0 0.4
43.633178 -78.374749 0.0 0.4
43.631879999999995 -78.29308999999999 0.0 0.4
43.631817 -78.269122 0.0 0.4
43.631789999999995 -78.258631 0.0 0.4
43.631502999999995 -78.194011 0.0 0.4
43.631194 -78.128812 0.0 0.4
43.631181 -78.117792 0.0 0.4
43.631251 -78.038652 0.0 0.4
43.631267 -78.022184 0.0 0.4
43.631287 -77.99973899999999 0.0 0.4
43.631471 -77.874735 0.0 0.4
43.631478 -77.802641 0.0 0.4
43.631428 -77.749732 0.0 0.4
43.631262 -77.696302 0.0 0.4
43.631657999999995 -77.601682 0.0 0.4
43.631918 -77.539569 0.0 0.4
43.632019 -77.51531399999999 0.0 0.4
43.632084 -77.499725 0.0 0.4
43.631543 -77.38799499999999 0.0 0.4
43.631474999999995 -77.374797 0.0 0.4
43.631516 -77.309145 0.0 0.4
43.631535 -77.258522 0.0 0.4
43.630838 -77.19169699999999 0.0 0.4
43.631080999999995 -77.133473 0.0 0.4
43.629325 -77.007679 0.0 0.4
43.629259 -76.962071 0.0 0.4
43.629273 -76.95187299999999 0.0 0.4
43.629318 -76.92128199999999 0.0 0.4
43.629332999999995 -76.911085 0.0 0.4
43.629357 -76.89591399999999 0.0 0.4
43.629421 -76.857 0.0 0.4
43.629444 -76.835231 0.0 0.4
43.629464 -76.823431 0.0 0.4
43.629501999999995 -76.801935 0.0 0.4
43.629515999999995 -76.788032 0.0 0.4
43.629529 -76.77623299999999 0.0 0.4
43.640477999999995 -76.771693 0.0 0.4
43.673325 -76.758077 0.0 0.4
43.684275 -76.75353799999999 0.0 0.4
43.708121 -76.734725 0.0 0.4
43.750059 -76.701286 0.0 0.4
43.83443 -76.633617 0.0 0.4
43.845569 -76.62468199999999 0.0 0.4
43.875040999999996 -76.60010799999999 0.0 0.4
43.999538 -76.49967 0.0 0.4
44.045452999999995 -76.469673 0.0 0.4
44.090854 -76.44042499999999 0.0 0.4
44.101752999999995 -76.422116 0.0 0.4
44.109306 -76.40603999999999 0.0 0.4
44.114321 -76.395302 0.0 0.4
44.1191 -76.38498299999999 0.0 0.4
44.123889 -76.37467199999999 0.0 0.4
44.133252999999996 -76.355674 0.0 0.4
44.199045 -76.31263899999999 0.0 0.4
44.201938999999996 -76.296629 0.0 0.4
44.203767 -76.286546 0.0 0.4
44.203998 -76.265269 0.0 0.4
44.204164999999996 -76.249661 0.0 0.4
44.214538 -76.206774 0.0 0.4
44.221239 -76.191324 0.0 0.4
44.239602999999995 -76.16425799999999 0.0 0.4
44.250045 -76.16371099999999 0.0 0.4
44.280775999999996 -76.161825 0.0 0.4
44.292513 -76.13892899999999 0.0 0.4
44.29517 -76.129198 0.0 0.4
44.29485 -76.11813599999999 0.0 0.4
44.299541 -76.097351 0.0 0.4
44.315798 -76.071013 0.0 0.4
44.33172 -76.04522399999999 0.0 0.4
44.343855999999995 -76.008361 0.0 0.4
44.347398999999996 -75.991537 0.0 0.4
44.346962999999995 -75.981504 0.0 0.4
44.342965 -75.97175299999999 0.0 0.4
44.346582 -75.957916 0.0 0.4
44.351673 -75.945531 0.0 0.4
44.359603 -75.929465 0.0 0.4
44.368885999999996 -75.921719 0.0 0.4
44.375046 -75.902168 0.0 0.4
44.392924 -75.874676 0.0 0.4
44.401907 -75.861884 0.0 0.4
44.414671999999996 -75.84459199999999 0.0 0.4
44.432238999999996 -75.820819 0.0 0.4
44.452912 -75.81389399999999 0.0 0.4
44.470175999999995 -75.808246 0.0 0.4
44.477955 -75.80171 0.0 0.4
44.487784999999995 -75.792535 0.0 0.4
44.496334 -75.784568 0.0 0.4
44.504532 -75.776975 0.0 0.4
44.514297 -75.767797 0.0 0.4
44.52574 -75.751466 0.0 0.4
44.533287 -75.740589 0.0 0.4
44.542812 -75.727052 0.0 0.4
44.561859999999996 -75.703805 0.0 0.4
44.568396 -75.695441 0.0 0.4
44.579972999999995 -75.67927499999999 0.0 0.4
44.591927 -75.662373 0.0 0.4
44.599363 -75.650953 0.0 0.4
44.605663 -75.640794 0.0 0.4
44.612206 -75.630443 0.0 0.4
44.618373 -75.620265 0.0 0.4
44.624849 -75.611814 0.0 0.4
44.648522 -75.580913 0.0 0.4
44.690272 -75.525567 0.0 0.4
44.69922 -75.513683 0.0 0.4
44.706705 -75.502983 0.0 0.4
44.713825 -75.48956799999999 0.0 0.4
44.719127 -75.47968999999999 0.0 0.4
44.732245999999996 -75.459599 0.0 0.4
44.737874 -75.451304 0.0 0.4
44.74413 -75.441782 0.0 0.4
44.750057 -75.433118 0.0 0.4
44.756142 -75.42421 0.0 0.4
44.767854 -75.416719 0.0 0.4
44.773471 -75.397008 0.0 0.4
44.780026 -75.387367 0.0 0.4
44.782318 -75.37468 0.0 0.4
44.797211999999995 -75.358614 0.0 0.4
44.807319 -75.34665799999999 0.0 0.4
44.806934999999996 -75.33614899999999 0.0 0.4
44.815090999999995 -75.320025 0.0 0.4
44.824062 -75.306011 0.0 0.4
44.83452 -75.30635199999999 0.0 0.4
44.843121 -75.295244 0.0 0.4
44.849148 -75.28312799999999 0.0 0.4
44.852913 -75.27374499999999 0.0 0.4
44.856327 -75.26259399999999 0.0 0.4
44.861295999999996 -75.24998699999999 0.0 0.4
44.866948 -75.241294 0.0 0.4
44.867891 -75.228638 0.0 0.4
44.875054999999996 -75.22117999999999 0.0 0.4
44.877499 -75.208773 0.0 0.4
44.881367999999995 -75.196227 0.0 0.4
44.886668 -75.180354 0.0 0.4
44.891177 -75.17001599999999 0.0 0.4
44.894898 -75.15334399999999 0.0 0.4
44.896597 -75.140547 0.0 0.4
44.913045 -75.135061 0.0 0.4
44.918231 -75.12572399999999 0.0 0.4
44.920727 -75.113391 0.0 0.4
44.925214 -75.098685 0.0 0.4
44.927895 -75.08502299999999 0.0 0.4
44.929300999999995 -75.066632 0.0 0.4
44.937017 -75.053077 0.0 0.4
44.943855 -75.03450699999999 0.0 0.4
44.952853 -75.015435 0.0 0.4
44.958406 -75.005151 0.0 0.4
44.968786 -74.999268 0.0 0.4
44.977441 -74.992784 0.0 0.4
44.980356 -74.98288099999999 0.0 0.4
44.983405 -74.97249099999999 0.0 0.4
44.984494 -74.950228 0.0 0.4
44.984417 -74.939447 0.0 0.4
44.983706 -74.918538 0.0 0.4
44.983382 -74.908289 0.0 0.4
44.991456 -74.901731 0.0 0.4
44.997597 -74.891831 0.0 0.4
45.000825999999996 -74.88176 0.0 0.4
45.000536 -74.86663999999999 0.0 0.4
45.004523999999996 -74.856448 0.0 0.4
45.009467 -74.84772199999999 0.0 0.4
45.014247 -74.83582899999999 0.0 0.4
45.013751 -74.82179 0.0 0.4
45.014568999999995 -74.801638 0.0 0.4
45.006431 -74.795147 0.0 0.4
45.00485 -74.78312199999999 0.0 0.4
45.005613 -74.763407 0.0 0.4
44.994945 -74.760217 0.0 0.4
44.992202 -74.75053199999999 0.0 0.4
44.990511 -74.739719 0.0 0.4
44.991876999999995 -74.729637 0.0 0.4
45.000049 -74.71452 0.0 0.4
45.003322 -74.70201899999999 0.0 0.4
45.000769 -74.68998599999999 0.0 0.4
45.000048 -74.67840199999999 0.0 0.4
45.006285999999996 -74.67052699999999 0.0 0.4
44.998923 -74.66305899999999 0.0 0.4
44.999445 -74.65006699999999 0.0 0.4
44.999445 -74.63779199999999 0.0 0.4
44.999424999999995 -74.625232 0.0 0.4
44.999367 -74.614372 0.0 0.4
44.999292999999994 -74.602387 0.0 0.4
44.999151 -74.584278 0.0 0.4
44.999027 -74.571634 0.0 0.4
44.998844999999996 -74.558731 0.0 0.4
44.998658 -74.545568 0.0 0.4
44.998399 -74.52985699999999 0.0 0.4
44.998138 -74.515255 0.0 0.4
44.997886 -74.50120299999999 0.0 0.4
44.997603999999995 -74.485804 0.0 0.4
44.997355 -74.472411 0.0 0.4
44.997054999999996 -74.457529 0.0 0.4
44.996669 -74.445411 0.0 0.4
44.996128 -74.43126 0.0 0.4
44.995616999999996 -74.41913699999999 0.0 0.4
44.994833 -74.40015199999999 0.0 0.4
44.994177 -74.384053 0.0 0.4
44.993685 -74.37207 0.0 0.4
44.993199 -74.360891 0.0 0.4
44.992402999999996 -74.34406 0.0 0.4
44.991927 -74.326849 0.0 0.4
44.992069 -74.311509 0.0 0.4
44.992095 -74.299015 0.0 0.4
44.992123 -74.28502399999999 0.0 0.4
44.992152999999995 -74.270026 0.0 0.4
44.992172 -74.257171 0.0 0.4
44.992160999999996 -74.243078 0.0 0.4
44.992107999999995 -74.228467 0.0 0.4
44.992045 -74.212266 0.0 0.4
44.991915 -74.19303 0.0 0.4
44.991814 -74.180982 0.0 0.4
44.991655 -74.166236 0.0 0.4
44.99136 -74.15013499999999 0.0 0.4
44.991859999999996 -74.134681 0.0 0.4
44.992200000000004 -74.12415899999999 0.0 0.4
44.992726999999995 -74.11031899999999 0.0 0.4
44.99326 -74.096479 0.0 0.4
44.993671 -74.08583 0.0 0.4
44.994116 -74.072863 0.0 0.4
44.994552 -74.06004399999999 0.0 0.4
44.994946999999996 -74.048385 0.0 0.4
44.995362 -74.036681 0.0 0.4
44.995853 -74.022879 0.0 0.4
44.996396999999995 -74.007502 0.0 0.4
44.996933 -73.992395 0.0 0.4
44.997501 -73.977235 0.0 0.4
44.998033 -73.962969 0.0 0.4
44.998461 -73.95213 0.0 0.4
44.99888 -73.941503 0.0 0.4
44.9996 -73.921492 0.0 0.4
45.000274 -73.902737 0.0 0.4
45.000986999999995 -73.882766 0.0 0.4
45.001270999999996 -73.87257199999999 0.0 0.4
45.001571999999996 -73.86182699999999 0.0 0.4
45.001897 -73.850032 0.0 0.4
45.002265 -73.832454 0.0 0.4
45.002447 -73.819745 0.0 0.4
45.002674999999996 -73.80355399999999 0.0 0.4
45.002832999999995 -73.792239 0.0 0.4
45.003015999999995 -73.774609 0.0 0.4
45.003093 -73.763453 0.0 0.4
45.003161999999996 -73.72682 0.0 0.4
45.003166 -73.71446499999999 0.0 0.4
45.003108999999995 -73.69887 0.0 0.4
45.002942999999995 -73.68151999999999 0.0 0.4
45.002871999999996 -73.667186 0.0 0.4
45.002989 -73.652033 0.0 0.4
45.003330999999996 -73.639675 0.0 0.4
45.00398 -73.618898 0.0 0.4
45.004321 -73.60785899999999 0.0 0.4
45.004661 -73.59581299999999 0.0 0.4
45.005100999999996 -73.58012 0.0 0.4
45.005587999999996 -73.56389899999999 0.0 0.4
45.005953 -73.552443 0.0 0.4
45.006274 -73.542304 0.0 0.4
45.006592999999995 -73.53211499999999 0.0 0.4
45.006994999999996 -73.51930999999999 0.0 0.4
45.007411999999995 -73.505963 0.0 0.4
45.007847 -73.49206199999999 0.0 0.4
45.00813 -73.48185099999999 0.0 0.4
45.008403 -73.47184299999999 0.0 0.4
45.008668 -73.46036099999999 0.0 0.4
45.009091 -73.441841 0.0 0.4
45.009406999999996 -73.427892 0.0 0.4
45.009654999999995 -73.414338 0.0 0.4
45.009916 -73.400165 0.0 0.4
45.01011 -73.388678 0.0 0.4
45.010264 -73.376396 0.0 0.4
45.010411999999995 -73.364654 0.0 0.4
45.010559 -73.35314799999999 0.0 0.4
45.001602 -73.347087 0.0 0.4
44.991755 -73.352019 0.0 0.4
44.980644 -73.352886 0.0 0.4
44.970468 -73.34474 0.0 0.4
44.96293 -73.338098 0.0 0.4
44.951338 -73.33903 0.0 0.4
44.934003 -73.339229 0.0 0.4
44.923798999999995 -73.338492 0.0 0.4
44.913716 -73.342744 0.0 0.4
44.907346 -73.353657 0.0 0.4
44.897236 -73.360328 0.0 0.4
44.883233999999995 -73.36448 0.0 0.4
44.871545999999995 -73.367565 0.0 0.4
44.862415 -73.371968 0.0 0.4
44.85554 -73.379877 0.0 0.4
44.845022 -73.381359 0.0 0.4
44.836307 -73.375346 0.0 0.4
44.828592 -73.368956 0.0 0.4
44.823968 -73.359855 0.0 0.4
44.817949999999996 -73.35166699999999 0.0 0.4
44.811546 -73.343499 0.0 0.4
44.804603 -73.335443 0.0 0.4
44.789587999999995 -73.333152 0.0 0.4
44.780125999999996 -73.338214 0.0 0.4
44.77298 -73.34708499999999 0.0 0.4
44.763647 -73.351193 0.0 0.4
44.754239999999996 -73.355132 0.0 0.4
44.746658 -73.362521 0.0 0.4
44.735544999999995 -73.365228 0.0 0.4
44.723414999999996 -73.365205 0.0 0.4
44.712613999999995 -73.36529 0.0 0.4
44.701682999999996 -73.365409 0.0 0.4
44.691395 -73.363135 0.0 0.4
44.68376 -73.36968499999999 0.0 0.4
44.673688999999996 -73.371105 0.0 0.4
44.663478 -73.36966799999999 0.0 0.4
44.657368 -73.378331 0.0 0.4
44.64828 -73.382569 0.0 0.4
44.637201999999995 -73.38581099999999 0.0 0.4
44.626925 -73.38649699999999 0.0 0.4
44.617211 -73.38982 0.0 0.4
44.610163 -73.382083 0.0 0.4
44.600857999999995 -73.377708 0.0 0.4
44.591333999999996 -73.381 0.0 0.4
44.582038 -73.37566699999999 0.0 0.4
44.57284 -73.371253 0.0 0.4
44.565143 -73.363982 0.0 0.4
44.557919 -73.35678899999999 0.0 0.4
44.553883 -73.347068 0.0 0.4
44.548046 -73.338752 0.0 0.4
44.538782 -73.334272 0.0 0.4
44.529565 -73.329746 0.0 0.4
44.522864 -73.32185299999999 0.0 0.4
44.512924999999996 -73.320234 0.0 0.4
44.506673 -73.312356 0.0 0.4
44.498566 -73.30630099999999 0.0 0.4
44.486936 -73.304611 0.0 0.4
44.476651 -73.29989599999999 0.0 0.4
44.466124 -73.29867399999999 0.0 0.4
44.456108 -73.300111 0.0 0.4
44.446858999999996 -73.295771 0.0 0.4
44.434352999999994 -73.294574 0.0 0.4
44.423373 -73.298999 0.0 0.4
44.413413999999996 -73.30466899999999 0.0 0.4
44.404505 -73.30959899999999 0.0 0.4
44.394706 -73.31244099999999 0.0 0.4
44.384024 -73.319395 0.0 0.4
44.377694 -73.328051 0.0 0.4
44.364439999999995 -73.33494999999999 0.0 0.4
44.353279 -73.33240599999999 0.0 0.4
44.344359999999995 -73.327353 0.0 0.4
44.333835 -73.324021 0.0 0.4
44.319246 -73.32452599999999 0.0 0.4
44.305017 -73.32302899999999 0.0 0.4
44.287728 -73.316767 0.0 0.4
44.274297999999995 -73.310914 0.0 0.4
44.26413 -73.313283 0.0 0.4
44.249908999999995 -73.319603 0.0 0.4
44.243975 -73.327675 0.0 0.4
44.239349999999995 -73.337723 0.0 0.4
44.232841 -73.34558299999999 0.0 0.4
44.225291 -73.35224099999999 0.0 0.4
44.216355 -73.358177 0.0 0.4
44.207736999999995 -73.363393 0.0 0.4
44.202728 -73.37229099999999 0.0 0.4
44.197734 -73.381935 0.0 0.4
44.191393 -73.39038599999999 0.0 0.4
44.180330999999995 -73.390228 0.0 0.4
44.172868 -73.39735399999999 0.0 0.4
44.162906 -73.398308 0.0 0.4
44.152698 -73.400933 0.0 0.4
44.142852 -73.405091 0.0 0.4
44.136303999999996 -73.413269 0.0 0.4
44.125482 -73.41395299999999 0.0 0.4
44.115732 -73.41157199999999 0.0 0.4
44.105243 -73.41458899999999 0.0 0.4
44.093815 -73.42023499999999 0.0 0.4
44.085032 -73.425766 0.0 0.4
44.074064 -73.43002899999999 0.0 0.4
44.063956 -73.43235 0.0 0.4
44.053024 -73.435448 0.0 0.4
44.042632999999995 -73.436729 0.0 0.4
44.037109 -73.42748999999999 0.0 0.4
44.030936 -73.41835 0.0 0.4
44.025102 -73.409798 0.0 0.4
44.015341 -73.40589899999999 0.0 0.4
44.004363 -73.407544 0.0 0.4
43.993992 -73.40962999999999 0.0 0.4
43.983376 -73.412342 0.0 0.4
43.973617 -73.409736 0.0 0.4
43.962972 -73.406469 0.0 0.4
43.952991 -73.405638 0.0 0.4
43.942479999999996 -73.407448 0.0 0.4
43.931894 -73.408554 0.0 0.4
43.922179 -73.403553 0.0 0.4
43.912189999999995 -73.39962 0.0 0.4
43.899891 -73.392663 0.0 0.4
43.891284 -73.38369399999999 0.0 0.4
43.882082 -73.37777299999999 0.0 0.4
43.871769 -73.375659 0.0 0.4
43.861975 -73.380191 0.0 0.4
43.851923 -73.38024899999999 0.0 0.4
43.845354 -73.37258899999999 0.0 0.4
43.837419999999995 -73.38132499999999 0.0 0.4
43.831235 -73.389297 0.0 0.4
43.82134 -73.392517 0.0 0.4
43.814254999999996 -73.384906 0.0 0.4
43.80593 -73.378196 0.0 0.4
43.796496 -73.372931 0.0 0.4
43.791215 -73.364059 0.0 0.4
43.783052999999995 -73.356819 0.0 0.4
43.774042 -73.35240999999999 0.0 0.4
43.763369999999995 -73.35557 0.0 0.4
43.754644 -73.361702 0.0 0.4
43.746091 -73.368076 0.0 0.4
43.735569999999996 -73.370724 0.0 0.4
43.725328999999995 -73.370612 0.0 0.4
43.717712999999996 -73.37775599999999 0.0 0.4
43.711337 -73.38588299999999 0.0 0.4
43.702796 -73.392203 0.0 0.4
43.694624999999995 -73.398332 0.0 0.4
43.68622 -73.403926 0.0 0.4
43.674624 -73.40700799999999 0.0 0.4
43.664471999999996 -73.410803 0.0 0.4
43.655322999999996 -73.415218 0.0 0.4
43.646907999999996 -73.420807 0.0 0.4
43.639075 -73.42754599999999 0.0 0.4
43.629388999999996 -73.42350499999999 0.0 0.4
43.620585999999996 -73.417828 0.0 0.4
43.612417 -73.423665 0.0 0.4
43.601557 -73.422421 0.0 0.4
43.59341 -73.428281 0.0 0.4
43.582992999999995 -73.426699 0.0 0.4
43.577914 -73.417164 0.0 0.4
43.572862 -73.408057 0.0 0.4
43.568065 -73.39812599999999 0.0 0.4
43.574529 -73.39006599999999 0.0 0.4
43.583363 -73.385143 0.0 0.4
43.592963 -73.381715 0.0 0.4
43.601524 -73.375723 0.0 0.4
43.611796 -73.375754 0.0 0.4
43.620352 -73.370376 0.0 0.4
43.624472 -73.359741 0.0 0.4
43.621632999999996 -73.349985 0.0 0.4
43.624646999999996 -73.340068 0.0 0.4
43.625917 -73.32813999999999 0.0 0.4
43.628499 -73.318322 0.0 0.4
43.626619 -73.30843899999999 0.0 0.4
43.618396999999995 -73.30085 0.0 0.4
43.60877 -73.29685599999999 0.0 0.4
43.599878 -73.291161 0.0 0.4
43.589938 -73.295205 0.0 0.4
43.579691 -73.297258 0.0 0.4
43.57893 -73.285825 0.0 0.4
43.574464 -73.27661599999999 0.0 0.4
43.569981 -73.267539 0.0 0.4
43.564949999999996 -73.258631 0.0 0.4
43.556852 -73.252602 0.0 0.4
43.547225999999995 -73.249554 0.0 0.4
43.538357999999995 -73.244194 0.0 0.4
43.528321 -73.24277 0.0 0.4
43.519241 -73.247631 0.0 0.4
43.508044 -73.24710999999999 0.0 0.4
43.495323 -73.24767 0.0 0.4
43.470634 -73.248396 0.0 0.4
43.455425 -73.249042 0.0 0.4
43.442889 -73.249552 0.0 0.4
43.429893 -73.24999799999999 0.0 0.4
43.419011 -73.250422 0.0 0.4
43.408702999999996 -73.250847 0.0 0.4
43.398030999999996 -73.251307 0.0 0.4
43.378341 -73.252128 0.0 0.4
43.363493999999996 -73.252833 0.0 0.4
43.353 -73.253288 0.0 0.4
43.340787 -73.253757 0.0 0.4
43.330172999999995 -73.254043 0.0 0.4
43.317616 -73.254504 0.0 0.4
43.30214 -73.25513099999999 0.0 0.4
43.288092999999996 -73.255532 0.0 0.4
43.277564 -73.25578999999999 0.0 0.4
43.265373 -73.256345 0.0 0.4
43.252531 -73.257091 0.0 0.4
43.230554999999995 -73.258697 0.0 0.4
43.216848 -73.259159 0.0 0.4
43.206374 -73.25970699999999 0.0 0.4
43.194483999999996 -73.260325 0.0 0.4
43.169498999999995 -73.261631 0.0 0.4
43.157157999999995 -73.262275 0.0 0.4
43.137387 -73.263307 0.0 0.4
43.125081 -73.26395099999999 0.0 0.4
43.108599 -73.26491299999999 0.0 0.4
43.095926 -73.26559499999999 0.0 0.4
43.084084999999995 -73.26644399999999 0.0 0.4
43.060764 -73.268051 0.0 0.4
43.050466 -73.268776 0.0 0.4
43.035976 -73.26977699999999 0.0 0.4
43.017565 -73.270703 0.0 0.4
43.000083 -73.271427 0.0 0.4
42.982091 -73.272515 0.0 0.4
42.964782 -73.273325 0.0 0.4
42.952898 -73.27387999999999 0.0 0.4
42.942485 -73.274393 0.0 0.4
42.92308 -73.27514099999999 0.0 0.4
42.906493999999995 -73.275701 0.0 0.4
42.892697 -73.27599699999999 0.0 0.4
42.875074999999995 -73.276748 0.0 0.4
42.853209 -73.27764499999999 0.0 0.4
42.837558 -73.278306 0.0 0.4
42.826301 -73.28627 0.0 0.4
42.816238999999996 -73.284992 0.0 0.4
42.804097 -73.289305 0.0 0.4
42.788263 -73.287362 0.0 0.4
42.76614 -73.28155699999999 0.0 0.4
42.746019 -73.276421 0.0 0.4
42.745855 -73.26506599999999 0.0 0.4
42.723946999999995 -73.272976 0.0 0.4
42.712302 -73.277317 0.0 0.4
42.702506 -73.28096699999999 0.0 0.4
42.667336 -73.294055 0.0 0.4
42.637788 -73.305049 0.0 0.4
42.625081 -73.309828 0.0 0.4
42.612215 -73.314533 0.0 0.4
42.594682 -73.321055 0.0 0.4
42.583963 -73.325034 0.0 0.4
42.573285 -73.329034 0.0 0.4
42.540254999999995 -73.341286 0.0 0.4
42.524136999999996 -73.347202 0.0 0.4
42.511603 -73.35185 0.0 0.4
42.49943 -73.356337 0.0 0.4
42.483793 -73.362111 0.0 0.4
42.465129999999995 -73.369021 0.0 0.4
42.450267 -73.37451399999999 0.0 0.4
42.439223 -73.37859499999999 0.0 0.4
42.429441 -73.382205 0.0 0.4
42.419762999999996 -73.385772 0.0 0.4
42.409079999999996 -73.389703 0.0 0.4
42.389886 -73.39676899999999 0.0 0.4
42.379028999999996 -73.400761 0.0 0.4
42.366547999999995 -73.405397 0.0 0.4
42.355888 -73.409318 0.0 0.4
42.34353 -73.41387399999999 0.0 0.4
42.331252 -73.41837799999999 0.0 0.4
42.300822 -73.429583 0.0 0.4
42.288384 -73.434165 0.0 0.4
42.270373 -73.440786 0.0 0.4
42.251871 -73.447615 0.0 0.4
42.235347 -73.453687 0.0 0.4
42.219412999999996 -73.459524 0.0 0.4
42.209815 -73.463019 0.0 0.4
42.190228999999995 -73.470248 0.0 0.4
42.177291 -73.474981 0.0 0.4
42.166508 -73.478984 0.0 0.4
42.154931999999995 -73.483232 0.0 0.4
42.144861 -73.486882 0.0 0.4
42.135450999999996 -73.490269 0.0 0.4
42.125994999999996 -73.493689 0.0 0.4
42.116158 -73.497277 0.0 0.4
42.088733 -73.507252 0.0 0.4
42.077732999999995 -73.505634 0.0 0.4
42.057936999999995 -73.49956499999999 0.0 0.4
42.049589999999995 -73.49380000000001 0.0 0.4
42.033966 -73.488072 0.0 0.4
42.022791 -73.488613 0.0 0.4
42.011661 -73.489126 0.0 0.4
42.000091999999995 -73.489615 0.0 0.4
41.989965 -73.490421 0.0 0.4
41.976386 -73.491502 0.0 0.4
41.965697 -73.492355 0.0 0.4
41.955366 -73.493313 0.0 0.4
41.944238999999996 -73.494447 0.0 0.4
41.927856 -73.49600699999999 0.0 0.4
41.911167 -73.497056 0.0 0.4
41.892648 -73.498295 0.0 0.4
41.882148 -73.499444 0.0 0.4
41.869797 -73.500781 0.0 0.4
41.858717 -73.501984 0.0 0.4
41.834112999999995 -73.504307 0.0 0.4
41.824138 -73.50527 0.0 0.4
41.800764 -73.507083 0.0 0.4
41.789515 -73.508115 0.0 0.4
41.77362 -73.509615 0.0 0.4
41.758748999999995 -73.510961 0.0 0.4
41.747918 -73.51156399999999 0.0 0.4
41.736357999999996 -73.512317 0.0 0.4
41.725901 -73.51319 0.0 0.4
41.714535999999995 -73.51420999999999 0.0 0.4
41.702205 -73.515428 0.0 0.4
41.691024 -73.516451 0.0 0.4
41.674439 -73.517563 0.0 0.4
41.650825999999995 -73.51928199999999 0.0 0.4
41.64001 -73.520073 0.0 0.4
41.628293 -73.520633 0.0 0.4
41.616611999999996 -73.521435 0.0 0.4
41.592675 -73.523865 0.0 0.4
41.57212 -73.525994 0.0 0.4
41.554352 -73.527405 0.0 0.4
41.538225 -73.52895 0.0 0.4
41.527194 -73.530067 0.0 0.4
41.517224999999996 -73.530958 0.0 0.4
41.500510999999996 -73.532451 0.0 0.4
41.490463 -73.533222 0.0 0.4
41.480115 -73.533947 0.0 0.4
41.470096 -73.534807 0.0 0.4
41.459587 -73.535606 0.0 0.4
41.447213 -73.536287 0.0 0.4
41.43589 -73.537469 0.0 0.4
41.425112 -73.538743 0.0 0.4
41.414634 -73.540075 0.0 0.4
41.404393999999996 -73.54146899999999 0.0 0.4
41.393856 -73.542362 0.0 0.4
41.379169 -73.543264 0.0 0.4
41.367911 -73.54453199999999 0.0 0.4
41.357838 -73.545649 0.0 0.4
41.344941 -73.546919 0.0 0.4
41.334438999999996 -73.548142 0.0 0.4
41.319581 -73.54929299999999 0.0 0.4
41.307109 -73.549602 0.0 0.4
41.295421 -73.550962 0.0 0.4
41.286577 -73.543555 0.0 0.4
41.278604 -73.53688199999999 0.0 0.4
41.268749 -73.528554 0.0 0.4
41.255525999999996 -73.51750899999999 0.0 0.4
41.247124 -73.510548 0.0 0.4
41.238307999999996 -73.50340299999999 0.0 0.4
41.229773 -73.49645199999999 0.0 0.4
41.220076 -73.48854 0.0 0.4
41.210006 -73.488412 0.0 0.4
41.203312 -73.503958 0.0 0.4
41.1989 -73.513863 0.0 0.4
41.194413 -73.523082 0.0 0.4
41.188489 -73.535884 0.0 0.4
41.182567999999996 -73.548998 0.0 0.4
41.178235 -73.55837 0.0 0.4
41.172578 -73.570764 0.0 0.4
41.168107 -73.580542 0.0 0.4
41.163515 -73.590693 0.0 0.4
41.15931 -73.599875 0.0 0.4
41.153693 -73.612374 0.0 0.4
41.149299 -73.622089 0.0 0.4
41.144753 -73.632328 0.0 0.4
41.139500999999996 -73.644074 0.0 0.4
41.134796 -73.65437299999999 0.0 0.4
41.129996 -73.664973 0.0 0.4
41.124666999999995 -73.676417 0.0 0.4
41.120096 -73.68607399999999 0.0 0.4
41.115303999999995 -73.69595799999999 0.0 0.4
41.111061 -73.705534 0.0 0.4
41.100696 -73.727775 0.0 0.4
41.092361 -73.721218 0.0 0.4
41.083635 -73.713796 0.0 0.4
41.074070999999996 -73.706304 0.0 0.4
41.061976 -73.696483 0.0 0.4
41.0539 -73.689826 0.0 0.4
41.045314 -73.68296 0.0 0.4
41.037676999999995 -73.676233 0.0 0.4
41.029396999999996 -73.669772 0.0 0.4
41.021564999999995 -73.663522 0.0 0.4
41.013445999999995 -73.65629299999999 0.0 0.4
41.001512 -73.659691 0.0 0.4
40.990914 -73.657228 0.0 0.4
40.979199 -73.649832 0.0 0.4
40.950952 -73.61289599999999 0.0 0.4
40.953047 -73.60306299999999 0.0 0.4
40.955698 -73.59066899999999 0.0 0.4
40.959258 -73.573697 0.0 0.4
40.961324 -73.56385 0.0 0.4
40.96346 -73.553675 0.0 0.4
40.966139 -73.54090599999999 0.0 0.4
40.968207 -73.53105099999999 0.0 0.4
40.970670999999996 -73.519206 0.0 0.4
40.974601 -73.500259 0.0 0.4
40.977157999999996 -73.48814 0.0 0.4
40.982166 -73.46437999999999 0.0 0.4
40.984431 -73.453633 0.0 0.4
40.986815 -73.442329 0.0 0.4
40.988890999999995 -73.432473 0.0 0.4
40.996147 -73.398054 0.0 0.4
40.99881 -73.384952 0.0 0.4
41.001059999999995 -73.37456 0.0 0.4
41.004214 -73.35896699999999 0.0 0.4
41.013675 -73.312189 0.0 0.4
41.01683 -73.29659699999999 0.0 0.4
41.020471 -73.278594 0.0 0.4
41.023711 -73.261288 0.0 0.4
41.025866 -73.249557 0.0 0.4
41.028348 -73.23884 0.0 0.4
41.030984 -73.227588 0.0 0.4
41.034414999999996 -73.213914 0.0 0.4
41.037396 -73.202035 0.0 0.4
41.040141999999996 -73.191085 0.0 0.4
41.043079 -73.17927999999999 0.0 0.4
41.047233 -73.162322 0.0 0.4
41.050301999999995 -73.149791 0.0 0.4
41.056605999999995 -73.124056 0.0 0.4
41.061285 -73.104957 0.0 0.4
41.071025 -73.0652 0.0 0.4
41.074272 -73.051948 0.0 0.4
41.079646 -73.030008 0.0 0.4
41.082212999999996 -73.019528 0.0 0.4
41.085884 -73.004542 0.0 0.4
41.09024 -72.98335399999999 0.0 0.4
41.093692 -72.965499 0.0 0.4
41.101703 -72.92408 0.0 0.4
41.104372999999995 -72.910274 0.0 0.4
41.108041 -72.891302 0.0 0.4
41.110454999999995 -72.878822 0.0 0.4
41.112648 -72.867485 0.0 0.4
41.115753 -72.851428 0.0 0.4
41.119616 -72.831457 0.0 0.4
41.122658 -72.815724 0.0 0.4
41.124998999999995 -72.80362 0.0 0.4
41.128367 -72.78589699999999 0.0 0.4
41.13357 -72.75851899999999 0.0 0.4
41.135825 -72.74667699999999 0.0 0.4
41.137910999999995 -72.735817 0.0 0.4
41.144222 -72.70293699999999 0.0 0.4
41.14637 -72.69174 0.0 0.4
41.153185 -72.656181 0.0 0.4
41.159437 -72.62356199999999 0.0 0.4
41.161778 -72.611352 0.0 0.4
41.168703 -72.575225 0.0 0.4
41.173189 -72.551816 0.0 0.4
41.177774 -72.527901 0.0 0.4
41.179724 -72.51760399999999 0.0 0.4
41.185578 -72.486715 0.0 0.4
41.187529999999995 -72.47641899999999 0.0 0.4
41.190658 -72.459908 0.0 0.4
41.196092 -72.431243 0.0 0.4
41.198035 -72.42098899999999 0.0 0.4
41.200967999999996 -72.405514 0.0 0.4
41.205135999999996 -72.38351899999999 0.0 0.4
41.212533 -72.344489 0.0 0.4
41.214999 -72.33148 0.0 0.4
41.218108 -72.315072 0.0 0.4
41.227421 -72.26593299999999 0.0 0.4
41.230526 -72.24955299999999 0.0 0.4
41.234787999999995 -72.22601999999999 0.0 0.4
41.23704 -72.213596 0.0 0.4
41.240355 -72.1953 0.0 0.4
41.242204 -72.185082 0.0 0.4
41.246928 -72.15901199999999 0.0 0.4
41.249697999999995 -72.143737 0.0 0.4
41.255351999999995 -72.11567099999999 0.0 0.4
41.257408 -72.10556 0.0 0.4
41.25945 -72.09550999999999 0.0 0.4
41.261491 -72.08546 0.0 0.4
41.26736 -72.070477 0.0 0.4
41.273250999999995 -72.05747699999999 0.0 0.4
41.279091 -72.044592 0.0 0.4
41.286522 -72.028196 0.0 0.4
41.291072 -72.017399 0.0 0.4
41.295786 -71.999517 0.0 0.4
41.298487 -71.986561 0.0 0.4
41.3006 -71.976418 0.0 0.4
41.303762 -71.961243 0.0 0.4
41.306588999999995 -71.947672 0.0 0.4
41.309089 -71.935677 0.0 0.4
41.308771 -71.923378 0.0 0.4
41.305124 -71.909667 0.0 0.4
41.276246 -71.879847 0.0 0.4
41.253696999999995 -71.858513 0.0 0.4
41.203235 -71.809384 0.0 0.4
41.184281 -71.791151 0.0 0.4
41.125101 -71.79063599999999 0.0 0.4
41.101836999999996 -71.790635 0.0 0.4
41.096197 -71.78187199999999 0.0 0.4
41.081319 -71.778137 0.0 0.4
41.067291999999995 -71.777491 0.0 0.4
41.055307 -71.782748 0.0 0.4
41.036977 -71.794139 0.0 0.4
41.027812 -71.808163 0.0 0.4
41.010892 -71.837088 0.0 0.4
41.000102 -71.86461899999999 0.0 0.4
40.995599 -71.874239 0.0 0.4
40.992269 -71.88477499999999 0.0 0.4
40.990625 -71.896835 0.0 0.4
40.987897 -71.91004699999999 0.0 0.4
40.983308 -71.92747 0.0 0.4
40.967746 -71.970135 0.0 0.4
40.963941 -71.97966699999999 0.0 0.4
40.956019 -71.999516 0.0 0.4
40.937588999999996 -72.050883 0.0 0.4
40.915068999999995 -72.11411 0.0 0.4
40.911356999999995 -72.124533 0.0 0.4
40.886212 -72.194875 0.0 0.4
40.88131 -72.20858799999999 0.0 0.4
40.8751 -72.225963 0.0 0.4
40.866765 -72.24952499999999 0.0 0.4
40.860979 -72.26454199999999 0.0 0.4
40.838982 -72.321626 0.0 0.4
40.818594999999995 -72.374529 0.0 0.4
40.812602999999996 -72.396531 0.0 0.4
40.794995 -72.456507 0.0 0.4
40.782376 -72.499492 0.0 0.4
40.769909999999996 -72.541705 0.0 0.4
40.756181999999995 -72.58819799999999 0.0 0.4
40.750099 -72.608854 0.0 0.4
40.745567 -72.624539 0.0 0.4
40.728041999999995 -72.692655 0.0 0.4
40.718838999999996 -72.728422 0.0 0.4
40.713405 -72.749544 0.0 0.4
40.702377 -72.78244099999999 0.0 0.4
40.693928 -72.807644 0.0 0.4
40.686901 -72.82860699999999 0.0 0.4
40.681596 -72.84911699999999 0.0 0.4
40.675019 -72.87454199999999 0.0 0.4
40.625099 -73.014004 0.0 0.4
40.621635999999995 -73.025706 0.0 0.4
40.617889 -73.03898699999999 0.0 0.4
40.61488 -73.051124 0.0 0.4
40.611667 -73.064093 0.0 0.4
40.608353 -73.079128 0.0 0.4
40.605273 -73.09530099999999 0.0 0.4
40.601351 -73.11209099999999 0.0 0.4
40.598366 -73.124558 0.0 0.4
40.562565 -73.249562 0.0 0.4
40.555696999999995 -73.264524 0.0 0.4
40.551314 -73.274025 0.0 0.4
40.551314 -73.29144099999999 0.0 0.4
40.554114999999996 -73.31233999999999 0.0 0.4
40.556916 -73.326272 0.0 0.4
40.554116 -73.343688 0.0 0.4
40.545713 -73.378519 0.0 0.4
40.53731 -73.406384 0.0 0.4
40.534265 -73.42531 0.0 0.4
40.531709 -73.441215 0.0 0.4
40.526106999999996 -73.465597 0.0 0.4
40.520921 -73.484946 0.0 0.4
40.521795999999995 -73.500947 0.0 0.4
40.522818 -73.512378 0.0 0.4
40.525152999999996 -73.52933 0.0 0.4
40.528492 -73.55008 0.0 0.4
40.530639 -73.574877 0.0 0.4
40.534510999999995 -73.624574 0.0 0.4
40.53454 -73.70205399999999 0.0 0.4
40.533995999999995 -73.749167 0.0 0.4
40.533747 -73.76878099999999 0.0 0.4
40.532387 -73.783969 0.0 0.4
40.527815 -73.804242 0.0 0.4
40.524505 -73.818919 0.0 0.4
40.521464 -73.829875 0.0 0.4
40.512 -73.854843 0.0 0.4
40.502486 -73.870029 0.0 0.4
40.495689999999996 -73.881839 0.0 0.4
40.486511 -73.889645 0.0 0.4
40.492121 -73.90214 0.0 0.4
40.50839 -73.947794 0.0 0.4
40.519095 -73.977874 0.0 0.4
40.513006 -74.013522 0.0 0.4
40.508085 -74.042279 0.0 0.4
40.505599 -74.05672899999999 0.0 0.4
40.503369 -74.069721 0.0 0.4
40.501037 -74.083243 0.0 0.4
40.499067 -74.09468199999999 0.0 0.4
40.492888 -74.130578 0.0 0.4
40.488023 -74.158821 0.0 0.4
40.485012 -74.176332 0.0 0.4
40.480937999999995 -74.200003 0.0 0.4
40.478046 -74.216802 0.0 0.4
40.477463 -74.227763 0.0 0.4
40.481172 -74.237956 0.0 0.4
40.485181 -74.24897 0.0 0.4
40.493182999999995 -74.256134 0.0 0.4
40.505078999999995 -74.258392 0.0 0.4
40.514517 -74.25475999999999 0.0 0.4
40.520958 -74.24602 0.0 0.4
40.539550999999996 -74.249735 0.0 0.4
40.549377 -74.247484 0.0 0.4
40.558743 -74.232134 0.0 0.4
40.557058 -74.218003 0.0 0.4
40.568110999999995 -74.21203 0.0 0.4
40.578852999999995 -74.20909499999999 0.0 0.4
40.590986 -74.204877 0.0 0.4
40.600381999999996 -74.199589 0.0 0.4
40.614276 -74.20388899999999 0.0 0.4
40.62437 -74.203925 0.0 0.4
40.634786999999996 -74.19816399999999 0.0 0.4
40.643561 -74.189216 0.0 0.4
40.646051 -74.177596 0.0 0.4
40.644231 -74.162125 0.0 0.4
40.642694999999996 -74.149095 0.0 0.4
40.643082 -74.13654 0.0 0.4
40.642151 -74.126018 0.0 0.4
40.648064 -74.109848 0.0 0.4
40.648064999999995 -74.09419 0.0 0.4
40.651492 -74.072557 0.0 0.4
40.651475999999995 -74.055774 0.0 0.4
40.661043 -74.049988 0.0 0.4
40.671754 -74.043519 0.0 0.4
40.681784 -74.037461 0.0 0.4
40.700103 -74.02638999999999 0.0 0.4
40.711269 -74.02467899999999 0.0 0.4
40.721923 -74.022699 0.0 0.4
40.732759 -74.020062 0.0 0.4
40.743705999999996 -74.017398 0.0 0.4
40.753506 -74.015013 0.0 0.4
40.762747 -74.010235 0.0 0.4
40.771167999999996 -74.004086 0.0 0.4
40.779767 -73.997807 0.0 0.4
40.788143 -73.99168999999999 0.0 0.4
40.797436 -73.984904 0.0 0.4
40.805707 -73.978864 0.0 0.4
40.815633 -73.971616 0.0 0.4
40.823882999999995 -73.965592 0.0 0.4
40.834474 -73.96013599999999 0.0 0.4
40.84451 -73.955727 0.0 0.4
40.857651 -73.94882199999999 0.0 0.4
40.867092 -73.94304199999999 0.0 0.4
40.882011999999996 -73.93390699999999 0.0 0.4
40.892562 -73.928294 0.0 0.4
40.902736 -73.924235 0.0 0.4
40.913592 -73.919946 0.0 0.4
40.924895 -73.915461 0.0 0.4
40.935485 -73.91209599999999 0.0 0.4
40.945761 -73.90915 0.0 0.4
40.957634999999996 -73.904928 0.0 0.4
40.974714 -73.89873899999999 0.0 0.4
40.997164999999995 -73.89362799999999 0.0 0.4
40.998343999999996 -73.904989 0.0 0.4
41.004404 -73.918492 0.0 0.4
41.008559 -73.927668 0.0 0.4
41.012767 -73.936981 0.0 0.4
41.016982 -73.946332 0.0 0.4
41.021266999999995 -73.955939 0.0 0.4
41.025543 -73.965502 0.0 0.4
41.02984 -73.97514 0.0 0.4
41.037379 -73.992104 0.0 0.4
41.041644 -74.00168 0.0 0.4
41.046068 -74.011657 0.0 0.4
41.050815 -74.022369 0.0 0.4
41.055029 -74.031843 0.0 0.4
41.059998 -74.043039 0.0 0.4
41.066044999999995 -74.056675 0.0 0.4
41.070994 -74.06780499999999 0.0 0.4
41.07598 -74.079011 0.0 0.4
41.081078 -74.09046699999999 0.0 0.4
41.087052 -74.10398099999999 0.0 0.4
41.09156 -74.114282 0.0 0.4
41.097311 -74.127248 0.0 0.4
41.103854 -74.142096 0.0 0.4
41.107923 -74.151318 0.0 0.4
41.112159999999996 -74.160967 0.0 0.4
41.121384 -74.182356 0.0 0.4
41.12667 -74.194733 0.0 0.4
41.131612 -74.206273 0.0 0.4
41.135307 -74.215623 0.0 0.4
41.139776999999995 -74.226609 0.0 0.4
41.144393 -74.237483 0.0 0.4
41.148632 -74.24721199999999 0.0 0.4
41.154700999999996 -74.260509 0.0 0.4
41.163007 -74.27957099999999 0.0 0.4
41.171870999999996 -74.299911 0.0 0.4
41.178467999999995 -74.314832 0.0 0.4
41.183606999999995 -74.326409 0.0 0.4
41.19099 -74.342642 0.0 0.4
41.195679999999996 -74.352432 0.0 0.4
41.200423 -74.362101 0.0 0.4
41.205076999999996 -74.37104099999999 0.0 0.4
41.210775999999996 -74.381948 0.0 0.4
41.217942 -74.395592 0.0 0.4
41.223178999999995 -74.40608399999999 0.0 0.4
41.22951 -74.418819 0.0 0.4
41.234415 -74.428752 0.0 0.4
41.238928 -74.438082 0.0 0.4
41.243797 -74.448223 0.0 0.4
41.248427 -74.45786199999999 0.0 0.4
41.253263 -74.468417 0.0 0.4
41.257382 -74.477608 0.0 0.4
41.263469 -74.491263 0.0 0.4
41.268042 -74.500473 0.0 0.4
41.273255999999996 -74.511184 0.0 0.4
41.278586999999995 -74.522509 0.0 0.4
41.283653 -74.533271 0.0 0.4
41.289542999999995 -74.546013 0.0 0.4
41.294252 -74.556376 0.0 0.4
41.300090999999995 -74.56920199999999 0.0 0.4
41.304612999999996 -74.579229 0.0 0.4
41.309475 -74.58997 0.0 0.4
41.313894 -74.59965799999999 0.0 0.4
41.318041 -74.608807 0.0 0.4
41.322790999999995 -74.619236 0.0 0.4
41.327582 -74.62974299999999 0.0 0.4
41.332122 -74.639787 0.0 0.4
41.336524999999995 -74.64934 0.0 0.4
41.340764 -74.658565 0.0 0.4
41.346362 -74.670811 0.0 0.4
41.350547 -74.68002 0.0 0.4
41.355543 -74.690916 0.0 0.4
41.36602 -74.690332 0.0 0.4
41.372391 -74.69832 0.0 0.4
41.378093 -74.707306 0.0 0.4
41.387218999999995 -74.712018 0.0 0.4
41.394528 -74.71947999999999 0.0 0.4
41.395514999999996 -74.72949299999999 0.0 0.4
41.401221 -74.738188 0.0 0.4
41.410778 -74.741242 0.0 0.4
41.419695 -74.73585299999999 0.0 0.4
41.429766 -74.737203 0.0 0.4
41.428861 -74.748618 0.0 0.4
41.423618 -74.75735 0.0 0.4
41.424929999999996 -74.767875 0.0 0.4
41.424904999999995 -74.778817 0.0 0.4
41.421490999999996 -74.788286 0.0 0.4
41.427693999999995 -74.79746899999999 0.0 0.4
41.437456999999995 -74.800651 0.0 0.4
41.443062999999995 -74.809426 0.0 0.4
41.439316999999996 -74.819656 0.0 0.4
41.431646 -74.826341 0.0 0.4
41.431584 -74.83687499999999 0.0 0.4
41.437407 -74.84533499999999 0.0 0.4
41.443146 -74.853909 0.0 0.4
41.444174 -74.864109 0.0 0.4
41.441148 -74.874133 0.0 0.4
41.439187 -74.88417799999999 0.0 0.4
41.439037 -74.894307 0.0 0.4
41.449023 -74.891611 0.0 0.4
41.458315 -74.89538999999999 0.0 0.4
41.460198 -74.905306 0.0 0.4
41.469757 -74.90869599999999 0.0 0.4
41.476988 -74.91672799999999 0.0 0.4
41.478327 -74.926835 0.0 0.4
41.483215 -74.936961 0.0 0.4
41.481832 -74.946991 0.0 0.4
41.476960999999996 -74.956051 0.0 0.4
41.476963999999995 -74.966274 0.0 0.4
41.479172999999996 -74.976513 0.0 0.4
41.484645 -74.985396 0.0 0.4
41.494931 -74.98313399999999 0.0 0.4
41.505255 -74.983639 0.0 0.4
41.508886 -74.99379499999999 0.0 0.4
41.509789 -75.003892 0.0 0.4
41.51968 -75.00093 0.0 0.4
41.527474 -75.008017 0.0 0.4
41.532278 -75.017096 0.0 0.4
41.538751999999995 -75.024948 0.0 0.4
41.543737 -75.016198 0.0 0.4
41.553458 -75.019605 0.0 0.4
41.562003999999995 -75.026449 0.0 0.4
41.567139999999995 -75.037016 0.0 0.4
41.574701999999995 -75.043904 0.0 0.4
41.584142 -75.04777899999999 0.0 0.4
41.589414 -75.0573 0.0 0.4
41.5968 -75.065039 0.0 0.4
41.604063 -75.07242 0.0 0.4
41.609271 -75.063698 0.0 0.4
41.618030999999995 -75.058 0.0 0.4
41.615741 -75.04786399999999 0.0 0.4
41.625338 -75.04494199999999 0.0 0.4
41.634732 -75.048795 0.0 0.4
41.64472 -75.04830199999999 0.0 0.4
41.655288 -75.048923 0.0 0.4
41.665478 -75.052635 0.0 0.4
41.672744 -75.05957099999999 0.0 0.4
41.679659 -75.051542 0.0 0.4
41.689734 -75.053364 0.0 0.4
41.698468999999996 -75.058723 0.0 0.4
41.704811 -75.06669 0.0 0.4
41.712841 -75.05985799999999 0.0 0.4
41.713066 -75.049848 0.0 0.4
41.722788 -75.05232 0.0 0.4
41.733049 -75.054484 0.0 0.4
41.743063 -75.052858 0.0 0.4
41.753146 -75.053634 0.0 0.4
41.761809 -75.058906 0.0 0.4
41.767182999999996 -75.06757999999999 0.0 0.4
41.771767 -75.077056 0.0 0.4
41.769391999999996 -75.087182 0.0 0.4
41.768784 -75.097245 0.0 0.4
41.777012 -75.103809 0.0 0.4
41.7869 -75.101998 0.0 0.4
41.794948 -75.09405 0.0 0.4
41.796758 -75.084201 0.0 0.4
41.800658999999996 -75.074956 0.0 0.4
41.810325 -75.071591 0.0 0.4
41.814572 -75.080912 0.0 0.4
41.81192 -75.090575 0.0 0.4
41.817899 -75.099192 0.0 0.4
41.821616999999996 -75.109085 0.0 0.4
41.830203999999995 -75.114651 0.0 0.4
41.840244999999996 -75.11325599999999 0.0 0.4
41.846115 -75.121763 0.0 0.4
41.845755 -75.131993 0.0 0.4
41.852058 -75.139876 0.0 0.4
41.849675999999995 -75.149951 0.0 0.4
41.849767 -75.16114499999999 0.0 0.4
41.857968 -75.168055 0.0 0.4
41.868231 -75.168087 0.0 0.4
41.870909999999995 -75.178032 0.0 0.4
41.861726 -75.182729 0.0 0.4
41.865745 -75.192115 0.0 0.4
41.869208 -75.201793 0.0 0.4
41.868319 -75.21207199999999 0.0 0.4
41.861188 -75.219576 0.0 0.4
41.859224999999995 -75.229674 0.0 0.4
41.86493 -75.238066 0.0 0.4
41.863195 -75.248104 0.0 0.4
41.862274 -75.258316 0.0 0.4
41.870495 -75.26422699999999 0.0 0.4
41.879351 -75.258383 0.0 0.4
41.885681 -75.26612999999999 0.0 0.4
41.893893999999996 -75.27257 0.0 0.4
41.902501 -75.267472 0.0 0.4
41.912653 -75.270485 0.0 0.4
41.9212 -75.276172 0.0 0.4
41.931447 -75.277016 0.0 0.4
41.940121 -75.282005 0.0 0.4
41.944919999999996 -75.290953 0.0 0.4
41.954519999999995 -75.29392399999999 0.0 0.4
41.948021 -75.302262 0.0 0.4
41.949801 -75.312159 0.0 0.4
41.957573 -75.31848 0.0 0.4
41.964768 -75.325891 0.0 0.4
41.97021 -75.334676 0.0 0.4
41.979059 -75.339767 0.0 0.4
41.989050999999996 -75.338889 0.0 0.4
41.995650999999995 -75.34826 0.0 0.4
41.999553999999996 -75.359645 0.0 0.4
41.999500000000005 -75.379424 0.0 0.4
41.999455999999995 -75.398431 0.0 0.4
41.999399 -75.422919 0.0 0.4
41.999353 -75.43608499999999 0.0 0.4
41.999272 -75.46571 0.0 0.4
41.999234 -75.475939 0.0 0.4
41.999209 -75.500478 0.0 0.4
41.999154999999995 -75.51532999999999 0.0 0.4
41.99908 -75.538825 0.0 0.4
41.999033999999995 -75.553073 0.0 0.4
41.99897 -75.57441899999999 0.0 0.4
41.998951 -75.584807 0.0 0.4
41.998899 -75.602627 0.0 0.4
41.998809 -75.62472199999999 0.0 0.4
41.998765 -75.634766 0.0 0.4
41.998649 -75.65221 0.0 0.4
41.998543999999995 -75.672322 0.0 0.4
41.998461999999996 -75.68869699999999 0.0 0.4
41.998326999999996 -75.707736 0.0 0.4
41.998203 -75.72354899999999 0.0 0.4
41.998118 -75.734263 0.0 0.4
41.997979 -75.750805 0.0 0.4
41.997895 -75.760994 0.0 0.4
41.99787 -75.773445 0.0 0.4
41.997951 -75.788657 0.0 0.4
41.998179 -75.833213 0.0 0.4
41.998348 -75.85753199999999 0.0 0.4
41.998438 -75.870662 0.0 0.4
41.998565 -75.88857 0.0 0.4
41.998636 -75.899151 0.0 0.4
41.998698 -75.91053099999999 0.0 0.4
41.998830999999996 -75.930863 0.0 0.4
41.998895 -75.945086 0.0 0.4
41.998987 -75.958407 0.0 0.4
41.999019 -75.97465 0.0 0.4
41.999019 -75.98884199999999 0.0 0.4
41.999019 -76.000918 0.0 0.4
41.999033 -76.037954 0.0 0.4
41.999022 -76.05987499999999 0.0 0.4
41.998965 -76.087187 0.0 0.4
41.998914 -76.10584 0.0 0.4
41.998866 -76.123614 0.0 0.4
41.998881 -76.135049 0.0 0.4
41.998841999999996 -76.145519 0.0 0.4
41.998757 -76.156404 0.0 0.4
41.998639 -76.174066 0.0 0.4
41.998599 -76.190195 0.0 0.4
41.998574999999995 -76.20487299999999 0.0 0.4
41.998526999999996 -76.21582 0.0 0.4
41.998436999999996 -76.23680999999999 0.0 0.4
41.998402 -76.25403 0.0 0.4
41.998407 -76.2643 0.0 0.4
41.998377999999995 -76.27579899999999 0.0 0.4
41.998345 -76.29272499999999 0.0 0.4
41.99832 -76.303131 0.0 0.4
41.998377999999995 -76.340509 0.0 0.4
41.998401 -76.350729 0.0 0.4
41.998478999999996 -76.37849299999999 0.0 0.4
41.998498 -76.389507 0.0 0.4
41.998594999999995 -76.418077 0.0 0.4
41.998723 -76.438099 0.0 0.4
41.998965999999996 -76.460088 0.0 0.4
41.999112 -76.47129799999999 0.0 0.4
41.999289999999995 -76.484972 0.0 0.4
41.999421999999996 -76.496443 0.0 0.4
41.999607999999995 -76.509511 0.0 0.4
41.999736 -76.52105399999999 0.0 0.4
41.999849999999995 -76.531661 0.0 0.4
41.999973 -76.543932 0.0 0.4
42.000063999999995 -76.557678 0.0 0.4
42.000127 -76.567814 0.0 0.4
42.000263 -76.586212 0.0 0.4
42.000499 -76.61265499999999 0.0 0.4
42.000598 -76.623909 0.0 0.4
42.000721 -76.63798799999999 0.0 0.4
42.000882999999995 -76.656471 0.0 0.4
42.001005 -76.670771 0.0 0.4
42.001143 -76.68695199999999 0.0 0.4
42.001284999999996 -76.701652 0.0 0.4
42.001374999999996 -76.712351 0.0 0.4
42.00148 -76.725062 0.0 0.4
42.001616999999996 -76.74126 0.0 0.4
42.001695999999995 -76.755117 0.0 0.4
42.001813999999996 -76.77225 0.0 0.4
42.001850999999995 -76.78343799999999 0.0 0.4
42.001926999999995 -76.810613 0.0 0.4
42.001916 -76.821258 0.0 0.4
42.002 -76.833985 0.0 0.4
42.001936 -76.860438 0.0 0.4
42.001917999999996 -76.87086 0.0 0.4
42.001878 -76.888758 0.0 0.4
42.001781 -76.90137299999999 0.0 0.4
42.00159 -76.92526099999999 0.0 0.4
42.001466 -76.937114 0.0 0.4
42.001236 -76.955399 0.0 0.4
42.001114 -76.965791 0.0 0.4
42.000947 -76.985376 0.0 0.4
42.000733 -77.007408 0.0 0.4
42.000674 -77.01755399999999 0.0 0.4
42.000555 -77.02765699999999 0.0 0.4
42.000440999999995 -77.038648 0.0 0.4
42.000335 -77.04986 0.0 0.4
42.000204 -77.063587 0.0 0.4
42.000018999999995 -77.083119 0.0 0.4
41.999919999999996 -77.09390599999999 0.0 0.4
41.99982 -77.111789 0.0 0.4
41.999798999999996 -77.126942 0.0 0.4
41.999708 -77.143959 0.0 0.4
41.99964 -77.156425 0.0 0.4
41.999674 -77.17156299999999 0.0 0.4
41.999719 -77.182515 0.0 0.4
41.999694999999996 -77.19284499999999 0.0 0.4
41.999713 -77.203828 0.0 0.4
41.999628 -77.21851099999999 0.0 0.4
41.999612 -77.228794 0.0 0.4
41.999601 -77.239408 0.0 0.4
41.999646999999996 -77.256795 0.0 0.4
41.99969 -77.27436999999999 0.0 0.4
41.999725999999995 -77.287431 0.0 0.4
41.999722 -77.302933 0.0 0.4
41.999766 -77.316268 0.0 0.4
41.999811 -77.330049 0.0 0.4
41.999893 -77.355276 0.0 0.4
41.999947999999996 -77.36761899999999 0.0 0.4
42.00004 -77.39085 0.0 0.4
42.000071 -77.402998 0.0 0.4
42.000071 -77.424022 0.0 0.4
42.000108999999995 -77.43758299999999 0.0 0.4
42.000161999999996 -77.456577 0.0 0.4
42.000149 -77.475769 0.0 0.4
42.000128 -77.48876899999999 0.0 0.4
42.000104 -77.50143 0.0 0.4
42.000077 -77.511961 0.0 0.4
41.999606 -77.562856 0.0 0.4
41.999496 -77.584631 0.0 0.4
41.999441999999995 -77.595604 0.0 0.4
41.999384 -77.609771 0.0 0.4
41.999396999999995 -77.619847 0.0 0.4
41.999426 -77.631166 0.0 0.4
41.999472999999995 -77.648719 0.0 0.4
41.999058 -77.68763 0.0 0.4
41.998796 -77.707863 0.0 0.4
41.998796999999996 -77.72189399999999 0.0 0.4
41.998728 -77.73230199999999 0.0 0.4
41.998684999999995 -77.745262 0.0 0.4
41.998605 -77.762034 0.0 0.4
41.998456999999995 -77.791823 0.0 0.4
41.998331 -77.816214 0.0 0.4
41.998259 -77.828396 0.0 0.4
41.998277 -77.84038199999999 0.0 0.4
41.998245999999995 -77.86119099999999 0.0 0.4
41.998222999999996 -77.880408 0.0 0.4
41.998207 -77.894351 0.0 0.4
41.998219 -77.90440799999999 0.0 0.4
41.998402999999996 -77.929829 0.0 0.4
41.99847 -77.940354 0.0 0.4
41.998692 -77.957122 0.0 0.4
41.998793 -77.96743599999999 0.0 0.4
41.998947 -77.980913 0.0 0.4
41.99908 -77.996995 0.0 0.4
41.999292 -78.02350799999999 0.0 0.4
41.999418999999996 -78.04042 0.0 0.4
41.999627 -78.05417299999999 0.0 0.4
41.999826 -78.072578 0.0 0.4
42.000008 -78.088979 0.0 0.4
42.000149 -78.103557 0.0 0.4
42.000257 -78.114454 0.0 0.4
42.000288999999995 -78.13481399999999 0.0 0.4
42.000313 -78.144921 0.0 0.4
42.000164999999996 -78.156104 0.0 0.4
42.000101 -78.167564 0.0 0.4
41.999986 -78.17821699999999 0.0 0.4
41.999663999999996 -78.191267 0.0 0.4
41.999517999999995 -78.20638 0.0 0.4
41.999454 -78.220056 0.0 0.4
41.999327 -78.245831 0.0 0.4
41.999235999999996 -78.257359 0.0 0.4
41.999151 -78.26881399999999 0.0 0.4
41.999099 -78.279274 0.0 0.4
41.999158 -78.29780199999999 0.0 0.4
41.999193 -78.308144 0.0 0.4
41.99928 -78.322721 0.0 0.4
41.999449 -78.34482799999999 0.0 0.4
41.99951 -78.359943 0.0 0.4
41.999581 -78.378596 0.0 0.4
41.999624999999995 -78.390286 0.0 0.4
41.999696 -78.405985 0.0 0.4
41.999753999999996 -78.417536 0.0 0.4
41.99981 -78.42877899999999 0.0 0.4
41.999811 -78.442146 0.0 0.4
41.999793 -78.456327 0.0 0.4
41.999786 -78.46645699999999 0.0 0.4
41.999804 -78.47670000000001 0.0 0.4
41.999825 -78.48772799999999 0.0 0.4
41.999918 -78.503564 0.0 0.4
41.999914 -78.51641699999999 0.0 0.4
41.999888999999996 -78.52834 0.0 0.4
41.999845 -78.541753 0.0 0.4
41.999866999999995 -78.558869 0.0 0.4
41.99989 -78.571541 0.0 0.4
41.99991 -78.58237799999999 0.0 0.4
41.999953 -78.61132599999999 0.0 0.4
41.999963 -78.622607 0.0 0.4
41.999521 -78.64961 0.0 0.4
41.999054 -78.67530099999999 0.0 0.4
41.99868 -78.696793 0.0 0.4
41.998571999999996 -78.70888599999999 0.0 0.4
41.998266 -78.755369 0.0 0.4
41.998076 -78.78033599999999 0.0 0.4
41.998014999999995 -78.814135 0.0 0.4
41.997943 -78.827412 0.0 0.4
41.997704999999996 -78.857359 0.0 0.4
41.997870999999996 -78.888701 0.0 0.4
41.997993 -78.90567999999999 0.0 0.4
41.998118999999996 -78.91889599999999 0.0 0.4
41.998309 -78.935177 0.0 0.4
41.998706999999996 -78.961378 0.0 0.4
41.998794 -78.971958 0.0 0.4
41.998878999999995 -78.982625 0.0 0.4
41.998988 -78.996507 0.0 0.4
41.999283 -79.037598 0.0 0.4
41.999387 -79.05247 0.0 0.4
41.999418 -79.064792 0.0 0.4
41.999455 -79.079088 0.0 0.4
41.999483 -79.09039 0.0 0.4
41.99951 -79.10228099999999 0.0 0.4
41.999572 -79.130219 0.0 0.4
41.999611 -79.141662 0.0 0.4
41.999669999999995 -79.158413 0.0 0.4
41.999531 -79.17952199999999 0.0 0.4
41.999331999999995 -79.202012 0.0 0.4
41.999196999999995 -79.217381 0.0 0.4
41.999041 -79.234336 0.0 0.4
41.998897 -79.249772 0.0 0.4
41.998825 -79.26529099999999 0.0 0.4
41.998799 -79.285865 0.0 0.4
41.998725 -79.307918 0.0 0.4
41.998919 -79.34062 0.0 0.4
41.998869 -79.35162 0.0 0.4
41.998774 -79.36511399999999 0.0 0.4
41.998698999999995 -79.377337 0.0 0.4
41.998644 -79.388302 0.0 0.4
41.998475 -79.405624 0.0 0.4
41.998444 -79.42503099999999 0.0 0.4
41.998487999999995 -79.43973199999999 0.0 0.4
41.998466 -79.452271 0.0 0.4
41.99841 -79.464315 0.0 0.4
41.998416999999996 -79.477729 0.0 0.4
41.998419999999996 -79.491429 0.0 0.4
41.998385999999996 -79.503495 0.0 0.4
41.998379 -79.51377099999999 0.0 0.4
41.998450999999996 -79.52799399999999 0.0 0.4
41.998532 -79.55159499999999 0.0 0.4
41.998577999999995 -79.561897 0.0 0.4
41.998626 -79.581529 0.0 0.4
41.998658999999996 -79.59201499999999 0.0 0.4
41.998757 -79.61083699999999 0.0 0.4
41.998788999999995 -79.622084 0.0 0.4
41.998833 -79.632167 0.0 0.4
41.998886 -79.64353 0.0 0.4
41.998883 -79.654983 0.0 0.4
41.998920999999996 -79.674402 0.0 0.4
41.998916 -79.686827 0.0 0.4
41.998871 -79.703305 0.0 0.4
41.998891 -79.716109 0.0 0.4
41.998867 -79.728664 0.0 0.4
41.998844 -79.749659 0.0 0.4
41.998816 -79.760274 0.0 0.4
42.018564 -79.761943 0.0 0.4
42.037535 -79.761877 0.0 0.4
42.054072 -79.76189099999999 0.0 0.4
42.086281 -79.761875 0.0 0.4
42.100556999999995 -79.761873 0.0 0.4
42.118822 -79.76186899999999 0.0 0.4
42.129435 -79.761855 0.0 0.4
42.142455 -79.761961 0.0 0.4
42.155288 -79.761732 0.0 0.4
42.167958999999996 -79.761765 0.0 0.4
42.179612 -79.761794 0.0 0.4
42.194669999999995 -79.76189 0.0 0.4
42.217645999999995 -79.761922 0.0 0.4
42.228629 -79.761822 0.0 0.4
42.241537 -79.76185199999999 0.0 0.4
42.251888 -79.761884 0.0 0.4
42.267545999999996 -79.761855 0.0 0.4
42.277725 -79.76199799999999 0.0 0.4
42.375057999999996 -79.762569 0.0 0.4
42.44534 -79.762326 0.0 0.4
42.500057999999996 -79.76259 0.0 0.4
42.516072 -79.762418 0.0 0.4
42.520956 -79.749775 0.0 0.4
42.553990999999996 -79.663155 0.0 0.4
42.568629 -79.62477299999999 0.0 0.4
42.603854999999996 -79.532228 0.0 0.4
42.616209 -79.499771 0.0 0.4
42.625057 -79.476942 0.0 0.4
42.649429999999995 -79.41157299999999 0.0 0.4
42.663153 -79.374769 0.0 0.4
42.677034 -79.33801 0.0 0.4
42.686805 -79.312136 0.0 0.4
40.690892999999996 -74.047207 0.0 0.4
40.700167 -74.040747 0.0 0.4
