40.989394 -84.803251 0.0 0.4
41.000052 -84.803285 0.0 0.4
41.010092 -84.803292 0.0 0.4
41.020714999999996 -84.803253 0.0 0.4
41.033215999999996 -84.80318799999999 0.0 0.4
41.046361999999995 -84.803231 0.0 0.4
41.056498999999995 -84.803287 0.0 0.4
41.066711 -84.80332 0.0 0.4
41.07748 -84.803331 0.0 0.4
41.088536 -84.80336199999999 0.0 0.4
41.098676 -84.80340699999999 0.0 0.4
41.111497 -84.803434 0.0 0.4
41.124002999999995 -84.803497 0.0 0.4
41.135168 -84.803474 0.0 0.4
41.145188999999995 -84.803489 0.0 0.4
41.155674999999995 -84.803508 0.0 0.4
41.168037999999996 -84.803443 0.0 0.4
41.178098999999996 -84.803444 0.0 0.4
41.190331 -84.80346 0.0 0.4
41.201927999999995 -84.803512 0.0 0.4
41.212368 -84.803528 0.0 0.4
41.222550999999996 -84.803527 0.0 0.4
41.232983 -84.803502 0.0 0.4
41.245011 -84.803528 0.0 0.4
41.255247 -84.80354299999999 0.0 0.4
41.265338 -84.803573 0.0 0.4
41.276089 -84.80361099999999 0.0 0.4
41.286182 -84.803705 0.0 0.4
41.296211 -84.80377999999999 0.0 0.4
41.306489 -84.80386299999999 0.0 0.4
41.316742999999995 -84.803916 0.0 0.4
41.328797 -84.803963 0.0 0.4
41.339006 -84.804028 0.0 0.4
41.349547 -84.80402 0.0 0.4
41.359947999999996 -84.803991 0.0 0.4
41.370691 -84.803884 0.0 0.4
41.384301 -84.80398 0.0 0.4
41.404609 -84.80397699999999 0.0 0.4
41.42267 -84.803961 0.0 0.4
41.433845999999996 -84.804041 0.0 0.4
41.444559 -84.804057 0.0 0.4
41.454819 -84.804154 0.0 0.4
41.464833999999996 -84.804154 0.0 0.4
41.476752999999995 -84.80424 0.0 0.4
41.48682 -84.804344 0.0 0.4
41.500347999999995 -84.804484 0.0 0.4
41.510875999999996 -84.804504 0.0 0.4
41.520976 -84.804588 0.0 0.4
41.531068999999995 -84.80469699999999 0.0 0.4
41.541878 -84.804801 0.0 0.4
41.554485 -84.804959 0.0 0.4
41.564679999999996 -84.805116 0.0 0.4
41.574757 -84.805245 0.0 0.4
41.585283 -84.805381 0.0 0.4
41.59615 -84.805504 0.0 0.4
41.607834 -84.80563599999999 0.0 0.4
41.618615999999996 -84.805784 0.0 0.4
41.628659999999996 -84.805683 0.0 0.4
41.640136 -84.80586199999999 0.0 0.4
41.651052 -84.805841 0.0 0.4
41.662963999999995 -84.80593499999999 0.0 0.4
41.673463999999996 -84.80618199999999 0.0 0.4
41.68409 -84.806021 0.0 0.4
41.694218 -84.80596899999999 0.0 0.4
41.696507 -84.796168 0.0 0.4
41.696804 -84.78612299999999 0.0 0.4
41.697449 -84.76709699999999 0.0 0.4
41.697972 -84.752048 0.0 0.4
41.698538 -84.733201 0.0 0.4
41.698844 -84.72213599999999 0.0 0.4
41.699121 -84.708711 0.0 0.4
41.699483 -84.69395899999999 0.0 0.4
41.699749 -84.683132 0.0 0.4
41.699939 -84.672315 0.0 0.4
41.700289 -84.650752 0.0 0.4
41.700804999999995 -84.633425 0.0 0.4
41.701074999999996 -84.621541 0.0 0.4
41.7014 -84.602175 0.0 0.4
41.701451999999996 -84.591956 0.0 0.4
41.701737 -84.580315 0.0 0.4
41.701996 -84.56952799999999 0.0 0.4
41.702303 -84.55673 0.0 0.4
41.702843 -84.53409099999999 0.0 0.4
41.703128 -84.52080000000001 0.0 0.4
41.703517 -84.499966 0.0 0.4
41.703813 -84.475933 0.0 0.4
41.704401999999995 -84.45746199999999 0.0 0.4
41.704955 -84.438155 0.0 0.4
41.705219 -84.42496 0.0 0.4
41.705489 -84.414631 0.0 0.4
41.705743 -84.40308 0.0 0.4
41.706181 -84.380174 0.0 0.4
41.706589 -84.360416 0.0 0.4
41.707093 -84.342225 0.0 0.4
41.707467 -84.328469 0.0 0.4
41.708013 -84.308604 0.0 0.4
41.708534 -84.28936999999999 0.0 0.4
41.708995 -84.276358 0.0 0.4
41.709385999999995 -84.264153 0.0 0.4
41.709748 -84.250734 0.0 0.4
41.710135 -84.230735 0.0 0.4
41.710471 -84.215431 0.0 0.4
41.710775 -84.202242 0.0 0.4
41.711022 -84.191952 0.0 0.4
41.711555 -84.175687 0.0 0.4
41.711951 -84.164067 0.0 0.4
41.712311 -84.153666 0.0 0.4
41.712936 -84.134647 0.0 0.4
41.713311999999995 -84.12297699999999 0.0 0.4
41.713882 -84.105344 0.0 0.4
41.714863 -84.07667599999999 0.0 0.4
41.715367 -84.056764 0.0 0.4
41.715961 -84.041376 0.0 0.4
41.716671 -84.017945 0.0 0.4
41.716764999999995 -83.999965 0.0 0.4
41.717378 -83.97683099999999 0.0 0.4
41.718029 -83.9577 0.0 0.4
41.718742 -83.938014 0.0 0.4
41.719165 -83.918858 0.0 0.4
41.719558 -83.90884299999999 0.0 0.4
41.720043 -83.88518599999999 0.0 0.4
41.720589 -83.870391 0.0 0.4
41.721007 -83.859276 0.0 0.4
41.721495999999995 -83.841415 0.0 0.4
41.721979999999995 -83.820993 0.0 0.4
41.722379 -83.806142 0.0 0.4
41.722694 -83.79468899999999 0.0 0.4
41.723020999999996 -83.781542 0.0 0.4
41.723337 -83.770415 0.0 0.4
41.723653999999996 -83.75977 0.0 0.4
41.723982 -83.749226 0.0 0.4
41.724466 -83.736381 0.0 0.4
41.72488 -83.724205 0.0 0.4
41.725237 -83.70958 0.0 0.4
41.726257 -83.691276 0.0 0.4
41.726704999999995 -83.67510899999999 0.0 0.4
41.72723 -83.655883 0.0 0.4
41.727475999999996 -83.645731 0.0 0.4
41.727928999999996 -83.63153899999999 0.0 0.4
41.728252 -83.621527 0.0 0.4
41.728809999999996 -83.605426 0.0 0.4
41.729037 -83.59487299999999 0.0 0.4
41.729358 -83.58061599999999 0.0 0.4
41.729614 -83.57036599999999 0.0 0.4
41.729962 -83.55631799999999 0.0 0.4
41.730233999999996 -83.54561 0.0 0.4
41.730652 -83.534522 0.0 0.4
41.731086999999995 -83.52158899999999 0.0 0.4
41.73146 -83.509084 0.0 0.4
41.731775 -83.49879399999999 0.0 0.4
41.731997 -83.48871 0.0 0.4
41.732302 -83.47849099999999 0.0 0.4
41.732448 -83.46733499999999 0.0 0.4
41.732844 -83.45537999999999 0.0 0.4
41.733639 -83.423256 0.0 0.4
41.736832 -83.411731 0.0 0.4
41.747296999999996 -83.397902 0.0 0.4
41.758925999999995 -83.382938 0.0 0.4
41.815279 -83.30500699999999 0.0 0.4
41.825979 -83.29121599999999 0.0 0.4
41.857875 -83.249928 0.0 0.4
41.875045 -83.226843 0.0 0.4
41.905919 -83.185535 0.0 0.4
41.951218 -83.124923 0.0 0.4
41.95941 -83.11246 0.0 0.4
41.875045 -83.073652 0.0 0.4
41.864217 -83.069312 0.0 0.4
41.831063 -82.999917 0.0 0.4
41.770814 -82.874911 0.0 0.4
41.750046999999995 -82.83164 0.0 0.4
41.737891 -82.806557 0.0 0.4
41.71729 -82.76387199999999 0.0 0.4
41.709998 -82.749906 0.0 0.4
41.698308 -82.726427 0.0 0.4
41.680212 -82.689117 0.0 0.4
41.676431 -82.653758 0.0 0.4
41.676541 -82.62490000000001 0.0 0.4
41.676694 -82.49989 0.0 0.4
41.676561 -82.42060000000001 0.0 0.4
41.676524 -82.398348 0.0 0.4
41.687351 -82.374883 0.0 0.4
41.700057 -82.34812199999999 0.0 0.4
41.707451999999996 -82.33255 0.0 0.4
41.74619 -82.249876 0.0 0.4
41.804943 -82.124871 0.0 0.4
41.863786999999995 -81.999865 0.0 0.4
41.875035 -81.97657099999999 0.0 0.4
41.922757 -81.874859 0.0 0.4
41.963315 -81.788366 0.0 0.4
41.981373999999995 -81.749853 0.0 0.4
42.000037 -81.70920199999999 0.0 0.4
42.000037 -81.686447 0.0 0.4
42.010307 -81.665836 0.0 0.4
42.030732 -81.624847 0.0 0.4
42.066555 -81.553043 0.0 0.4
42.093922 -81.49984099999999 0.0 0.4
42.115998999999995 -81.454286 0.0 0.4
42.125039 -81.435423 0.0 0.4
42.154669999999996 -81.374837 0.0 0.4
42.175787 -81.332084 0.0 0.4
42.19587 -81.291426 0.0 0.4
42.205253 -81.27242799999999 0.0 0.4
42.216415 -81.249833 0.0 0.4
42.222266 -81.211916 0.0 0.4
42.225497999999995 -81.19097599999999 0.0 0.4
42.227852 -81.174171 0.0 0.4
42.234913999999996 -81.12375899999999 0.0 0.4
42.237269 -81.106955 0.0 0.4
42.240337 -81.087544 0.0 0.4
42.249544 -81.029313 0.0 0.4
42.251602 -81.009827 0.0 0.4
42.252404 -80.999825 0.0 0.4
42.255804 -80.97907 0.0 0.4
42.261272 -80.943714 0.0 0.4
42.26771 -80.903182 0.0 0.4
42.272275 -80.87482 0.0 0.4
42.278411999999996 -80.835526 0.0 0.4
42.285118 -80.791977 0.0 0.4
42.291503999999996 -80.749816 0.0 0.4
42.298288 -80.707545 0.0 0.4
42.303979 -80.66873 0.0 0.4
42.310759 -80.62481199999999 0.0 0.4
42.314217 -80.604772 0.0 0.4
42.318715 -80.575322 0.0 0.4
42.325683 -80.529669 0.0 0.4
42.250057999999996 -80.519798 0.0 0.4
42.204048 -80.519463 0.0 0.4
42.160396 -80.51964 0.0 0.4
42.125056 -80.519656 0.0 0.4
42.074549999999995 -80.519735 0.0 0.4
42.000054999999996 -80.519448 0.0 0.4
41.988796 -80.519437 0.0 0.4
41.977598 -80.519424 0.0 0.4
41.965067 -80.519341 0.0 0.4
41.954936 -80.519385 0.0 0.4
41.944075999999995 -80.51938799999999 0.0 0.4
41.934055 -80.519336 0.0 0.4
41.920721 -80.519249 0.0 0.4
41.910264999999995 -80.51928699999999 0.0 0.4
41.898035 -80.519341 0.0 0.4
41.885889 -80.51941699999999 0.0 0.4
41.87393 -80.519386 0.0 0.4
41.862988 -80.519363 0.0 0.4
41.851403 -80.51937 0.0 0.4
41.838544 -80.51937199999999 0.0 0.4
41.827478 -80.519367 0.0 0.4
41.816198 -80.519373 0.0 0.4
41.805490999999996 -80.51935499999999 0.0 0.4
41.795033 -80.519334 0.0 0.4
41.784821 -80.519358 0.0 0.4
41.773623 -80.51937 0.0 0.4
41.759184 -80.519317 0.0 0.4
41.748355 -80.519424 0.0 0.4
41.737792 -80.519421 0.0 0.4
41.726838 -80.519421 0.0 0.4
41.715511 -80.51941099999999 0.0 0.4
41.705484 -80.519385 0.0 0.4
41.694252999999996 -80.519364 0.0 0.4
41.679128999999996 -80.519382 0.0 0.4
41.669072 -80.519423 0.0 0.4
41.658333 -80.519387 0.0 0.4
41.645734999999995 -80.519379 0.0 0.4
41.634439 -80.519336 0.0 0.4
41.621449999999996 -80.51932099999999 0.0 0.4
41.61064 -80.519382 0.0 0.4
41.599273 -80.51939399999999 0.0 0.4
41.588482 -80.519384 0.0 0.4
41.578469999999996 -80.519374 0.0 0.4
41.56845 -80.519365 0.0 0.4
41.558167 -80.519356 0.0 0.4
41.547502 -80.519346 0.0 0.4
41.534687 -80.51925899999999 0.0 0.4
41.524558999999996 -80.519166 0.0 0.4
41.5142 -80.51922499999999 0.0 0.4
41.502506 -80.51922499999999 0.0 0.4
41.490035999999996 -80.519204 0.0 0.4
41.473907 -80.519345 0.0 0.4
41.462584 -80.519172 0.0 0.4
41.452199 -80.51914699999999 0.0 0.4
41.441631 -80.51911299999999 0.0 0.4
41.431216 -80.519072 0.0 0.4
41.416477 -80.518992 0.0 0.4
41.404432 -80.518993 0.0 0.4
41.387874 -80.519162 0.0 0.4
41.372122 -80.519205 0.0 0.4
41.361098999999996 -80.519058 0.0 0.4
41.350936 -80.519123 0.0 0.4
41.340314 -80.519155 0.0 0.4
41.329414 -80.51914 0.0 0.4
41.319365999999995 -80.519133 0.0 0.4
41.308702 -80.519094 0.0 0.4
41.298255 -80.519078 0.0 0.4
41.283964 -80.51911199999999 0.0 0.4
41.273024 -80.519089 0.0 0.4
41.257221 -80.518796 0.0 0.4
41.247122999999995 -80.519066 0.0 0.4
41.236588999999995 -80.519086 0.0 0.4
41.225508999999995 -80.519058 0.0 0.4
41.215028 -80.518855 0.0 0.4
41.204622 -80.51907 0.0 0.4
41.193711 -80.519029 0.0 0.4
41.18291 -80.518976 0.0 0.4
41.171305 -80.51914599999999 0.0 0.4
41.160936 -80.51921999999999 0.0 0.4
41.150185 -80.51903899999999 0.0 0.4
41.138663 -80.519048 0.0 0.4
41.127427999999995 -80.519037 0.0 0.4
41.117425 -80.518992 0.0 0.4
41.105245 -80.51919199999999 0.0 0.4
41.091518 -80.519095 0.0 0.4
41.075013999999996 -80.518999 0.0 0.4
41.063859 -80.518929 0.0 0.4
41.052513 -80.519078 0.0 0.4
41.041354999999996 -80.51881499999999 0.0 0.4
41.030316 -80.519091 0.0 0.4
41.017694999999996 -80.51897199999999 0.0 0.4
41.007159 -80.519015 0.0 0.4
40.995792 -80.51901199999999 0.0 0.4
40.985274 -80.51901099999999 0.0 0.4
40.97488 -80.519013 0.0 0.4
40.963809 -80.51901 0.0 0.4
40.953444999999995 -80.519002 0.0 0.4
40.942958999999995 -80.51901199999999 0.0 0.4
40.930552 -80.519015 0.0 0.4
40.914660999999995 -80.519291 0.0 0.4
40.903101 -80.519177 0.0 0.4
40.891481 -80.519044 0.0 0.4
40.881476 -80.519078 0.0 0.4
40.870847999999995 -80.51901199999999 0.0 0.4
40.860002 -80.519052 0.0 0.4
40.849964 -80.519105 0.0 0.4
40.837799 -80.51911 0.0 0.4
40.827365 -80.519072 0.0 0.4
40.816696 -80.519115 0.0 0.4
40.803467999999995 -80.51906199999999 0.0 0.4
40.793461 -80.518958 0.0 0.4
40.782696 -80.519042 0.0 0.4
40.767979 -80.519046 0.0 0.4
40.756408 -80.519071 0.0 0.4
40.7459 -80.519032 0.0 0.4
40.73573 -80.518969 0.0 0.4
40.725324 -80.51893799999999 0.0 0.4
40.715055 -80.51892699999999 0.0 0.4
40.702307999999995 -80.518946 0.0 0.4
40.691114999999996 -80.51895999999999 0.0 0.4
40.679936 -80.51898 0.0 0.4
40.669830999999995 -80.518986 0.0 0.4
40.659472 -80.518988 0.0 0.4
40.649421 -80.51898899999999 0.0 0.4
40.63928 -80.518991 0.0 0.4
40.636136 -80.528982 0.0 0.4
40.632768 -80.538495 0.0 0.4
40.629259999999995 -80.548107 0.0 0.4
40.625612 -80.557484 0.0 0.4
40.619536 -80.56556599999999 0.0 0.4
40.614684 -80.574843 0.0 0.4
40.616243 -80.584729 0.0 0.4
40.622944 -80.59278499999999 0.0 0.4
40.625288 -80.60263599999999 0.0 0.4
40.62256 -80.613874 0.0 0.4
40.620176 -80.62411399999999 0.0 0.4
40.616095 -80.634355 0.0 0.4
40.60776 -80.64201899999999 0.0 0.4
40.600272 -80.648884 0.0 0.4
40.59439 -80.658346 0.0 0.4
40.587728 -80.665892 0.0 0.4
40.577376 -80.667605 0.0 0.4
40.568624 -80.661796 0.0 0.4
40.563088 -80.65314 0.0 0.4
40.555375999999995 -80.64674 0.0 0.4
40.547553 -80.640244 0.0 0.4
40.539777 -80.63358699999999 0.0 0.4
40.532497 -80.626243 0.0 0.4
40.522383 -80.6228 0.0 0.4
40.512369 -80.62088299999999 0.0 0.4
40.502657 -80.618179 0.0 0.4
40.494226 -80.612358 0.0 0.4
40.486833999999995 -80.605288 0.0 0.4
40.479883 -80.59782799999999 0.0 0.4
40.470231 -80.59488999999999 0.0 0.4
40.460083999999995 -80.597369 0.0 0.4
40.451482999999996 -80.602717 0.0 0.4
40.441069999999996 -80.609381 0.0 0.4
40.429466 -80.612876 0.0 0.4
40.41909 -80.61219299999999 0.0 0.4
40.40871 -80.614251 0.0 0.4
40.397107999999996 -80.62345499999999 0.0 0.4
40.390505 -80.63273199999999 0.0 0.4
40.383762999999995 -80.62465 0.0 0.4
40.379417 -80.61531099999999 0.0 0.4
40.370329 -80.607886 0.0 0.4
40.36027 -80.609392 0.0 0.4
40.349191999999995 -80.612645 0.0 0.4
40.339501 -80.609917 0.0 0.4
40.330979 -80.60458 0.0 0.4
40.321169 -80.600495 0.0 0.4
40.310769 -80.601995 0.0 0.4
40.302257999999995 -80.607709 0.0 0.4
40.291971 -80.614886 0.0 0.4
40.281881 -80.616728 0.0 0.4
40.271817 -80.616394 0.0 0.4
40.261765 -80.622508 0.0 0.4
40.257065999999995 -80.631667 0.0 0.4
40.252113 -80.64294699999999 0.0 0.4
40.245672 -80.651286 0.0 0.4
40.236591 -80.657089 0.0 0.4
40.227427 -80.661771 0.0 0.4
40.217585 -80.663705 0.0 0.4
40.206935 -80.666192 0.0 0.4
40.195133 -80.670895 0.0 0.4
40.187149 -80.678681 0.0 0.4
40.180814999999996 -80.686675 0.0 0.4
40.171718999999996 -80.692537 0.0 0.4
40.163565999999996 -80.698449 0.0 0.4
40.155239 -80.70455199999999 0.0 0.4
40.145444 -80.707291 0.0 0.4
40.135490999999995 -80.710208 0.0 0.4
40.125217 -80.710612 0.0 0.4
40.115525 -80.708004 0.0 0.4
40.105523 -80.70817199999999 0.0 0.4
40.096914999999996 -80.71337 0.0 0.4
40.092116 -80.722157 0.0 0.4
40.086729999999996 -80.730599 0.0 0.4
40.079519 -80.737704 0.0 0.4
40.069472 -80.738303 0.0 0.4
40.06008 -80.734686 0.0 0.4
40.050227 -80.732328 0.0 0.4
40.040185 -80.731618 0.0 0.4
40.03102 -80.735777 0.0 0.4
40.021263999999995 -80.738039 0.0 0.4
40.011784999999996 -80.74145299999999 0.0 0.4
40.001641 -80.74185899999999 0.0 0.4
39.991775 -80.739723 0.0 0.4
39.981763 -80.73883099999999 0.0 0.4
39.971775 -80.74015 0.0 0.4
39.965371999999995 -80.748074 0.0 0.4
39.960339 -80.75706799999999 0.0 0.4
39.952504 -80.76341699999999 0.0 0.4
39.942344 -80.763645 0.0 0.4
39.931996 -80.76165499999999 0.0 0.4
39.922649 -80.757553 0.0 0.4
39.912056 -80.756813 0.0 0.4
39.908981 -80.766537 0.0 0.4
39.913275 -80.775984 0.0 0.4
39.917819 -80.785027 0.0 0.4
39.919694 -80.795255 0.0 0.4
39.917567 -80.80556299999999 0.0 0.4
39.907734999999995 -80.80948699999999 0.0 0.4
39.897832 -80.806336 0.0 0.4
39.889604999999996 -80.80024 0.0 0.4
39.881063999999995 -80.79318599999999 0.0 0.4
39.869776 -80.790191 0.0 0.4
39.860628 -80.79750399999999 0.0 0.4
39.856190999999995 -80.807085 0.0 0.4
39.852512999999995 -80.817255 0.0 0.4
39.845461 -80.825349 0.0 0.4
39.834679 -80.825941 0.0 0.4
39.824971 -80.82248 0.0 0.4
39.814789999999995 -80.822873 0.0 0.4
39.804001 -80.824511 0.0 0.4
39.794627999999996 -80.830855 0.0 0.4
39.788699 -80.839474 0.0 0.4
39.783294 -80.849485 0.0 0.4
39.776911999999996 -80.86058299999999 0.0 0.4
39.769241 -80.867823 0.0 0.4
39.758637 -80.868192 0.0 0.4
39.750074999999995 -80.86218699999999 0.0 0.4
39.742591999999995 -80.854717 0.0 0.4
39.738144 -80.845529 0.0 0.4
39.729400000000005 -80.840661 0.0 0.4
39.721345 -80.834277 0.0 0.4
39.71212 -80.829758 0.0 0.4
39.70307 -80.83486599999999 0.0 0.4
39.699439999999996 -80.84472099999999 0.0 0.4
39.697472999999995 -80.854599 0.0 0.4
39.69225 -80.86327299999999 0.0 0.4
39.681784 -80.866331 0.0 0.4
39.671271999999995 -80.86604899999999 0.0 0.4
39.660354999999996 -80.865839 0.0 0.4
39.649885999999995 -80.867953 0.0 0.4
39.640209 -80.87084 0.0 0.4
39.630055 -80.87477 0.0 0.4
39.620706 -80.88036 0.0 0.4
39.616755999999995 -80.892208 0.0 0.4
39.617962999999996 -80.903527 0.0 0.4
39.618665 -80.91606999999999 0.0 0.4
39.616999 -80.92702 0.0 0.4
39.612901 -80.93645099999999 0.0 0.4
39.606615 -80.944242 0.0 0.4
39.597248 -80.95916199999999 0.0 0.4
39.591172 -80.968779 0.0 0.4
39.585021 -80.977082 0.0 0.4
39.577262 -80.987732 0.0 0.4
39.570007 -80.99551 0.0 0.4
39.565228 -81.004556 0.0 0.4
39.559422 -81.013054 0.0 0.4
39.552589999999995 -81.023601 0.0 0.4
39.544712 -81.030892 0.0 0.4
39.538415 -81.041015 0.0 0.4
39.532463 -81.049234 0.0 0.4
39.525704999999995 -81.056754 0.0 0.4
39.51885 -81.06651 0.0 0.4
39.511959999999995 -81.07413799999999 0.0 0.4
39.504532 -81.081261 0.0 0.4
39.498464 -81.08934099999999 0.0 0.4
39.491372999999996 -81.096735 0.0 0.4
39.483388 -81.103321 0.0 0.4
39.474941 -81.108933 0.0 0.4
39.466375 -81.114333 0.0 0.4
39.457775 -81.121533 0.0 0.4
39.449875 -81.128033 0.0 0.4
39.444175 -81.13723399999999 0.0 0.4
39.443311 -81.147542 0.0 0.4
39.442319999999995 -81.157625 0.0 0.4
39.440064 -81.167593 0.0 0.4
39.436302999999995 -81.177409 0.0 0.4
39.430731 -81.185946 0.0 0.4
39.42037 -81.194152 0.0 0.4
39.413517999999996 -81.202203 0.0 0.4
39.40468 -81.210021 0.0 0.4
39.392976999999995 -81.211654 0.0 0.4
39.386171999999995 -81.221372 0.0 0.4
39.388006 -81.232165 0.0 0.4
39.390409999999996 -81.244359 0.0 0.4
39.388282 -81.254588 0.0 0.4
39.386509 -81.26471099999999 0.0 0.4
39.384414 -81.274647 0.0 0.4
39.37854 -81.28327999999999 0.0 0.4
39.375596 -81.293919 0.0 0.4
39.371482 -81.30306999999999 0.0 0.4
39.365643 -81.31220499999999 0.0 0.4
39.360333 -81.32160499999999 0.0 0.4
39.355779 -81.331262 0.0 0.4
39.349514 -81.340079 0.0 0.4
39.34465 -81.35076699999999 0.0 0.4
39.342569999999995 -81.362352 0.0 0.4
39.341696999999996 -81.37341699999999 0.0 0.4
39.343241 -81.384081 0.0 0.4
39.351706 -81.393794 0.0 0.4
39.364599 -81.398893 0.0 0.4
39.376914 -81.40276999999999 0.0 0.4
39.38809 -81.406689 0.0 0.4
39.39713 -81.415826 0.0 0.4
39.404506 -81.427298 0.0 0.4
39.410301 -81.446125 0.0 0.4
39.409273999999996 -81.456143 0.0 0.4
39.403779 -81.46773499999999 0.0 0.4
39.397400999999995 -81.47605 0.0 0.4
39.389677 -81.482899 0.0 0.4
39.381962 -81.49177999999999 0.0 0.4
39.37537 -81.500117 0.0 0.4
39.369898 -81.508613 0.0 0.4
39.364681999999995 -81.517973 0.0 0.4
39.360554 -81.52709399999999 0.0 0.4
39.35585 -81.536502 0.0 0.4
39.349168 -81.546341 0.0 0.4
39.340582 -81.55559699999999 0.0 0.4
39.331367 -81.559502 0.0 0.4
39.318785999999996 -81.56011199999999 0.0 0.4
39.308009999999996 -81.562231 0.0 0.4
39.296051999999996 -81.564613 0.0 0.4
39.28557 -81.565045 0.0 0.4
39.275275 -81.565573 0.0 0.4
39.267064 -81.57388999999999 0.0 0.4
39.268555 -81.584023 0.0 0.4
39.272923 -81.594104 0.0 0.4
39.275850999999996 -81.60581599999999 0.0 0.4
39.274730999999996 -81.616041 0.0 0.4
39.274215999999996 -81.626387 0.0 0.4
39.276154999999996 -81.63632899999999 0.0 0.4
39.277355 -81.646554 0.0 0.4
39.277259 -81.657546 0.0 0.4
39.275963 -81.66778699999999 0.0 0.4
39.273755 -81.678331 0.0 0.4
39.267995 -81.687051 0.0 0.4
39.260298999999996 -81.694028 0.0 0.4
39.250299 -81.696668 0.0 0.4
39.240123 -81.694476 0.0 0.4
39.230139 -81.69106699999999 0.0 0.4
39.222411 -81.69742 0.0 0.4
39.219708 -81.708028 0.0 0.4
39.217635 -81.719077 0.0 0.4
39.209809 -81.730099 0.0 0.4
39.196145 -81.73451 0.0 0.4
39.188744 -81.743338 0.0 0.4
39.184295 -81.75337499999999 0.0 0.4
39.174444 -81.755363 0.0 0.4
39.165268999999995 -81.75138299999999 0.0 0.4
39.154913 -81.74747699999999 0.0 0.4
39.145548999999995 -81.743341 0.0 0.4
39.135256 -81.744704 0.0 0.4
39.125077 -81.74395299999999 0.0 0.4
39.114976999999996 -81.74265299999999 0.0 0.4
39.104878 -81.743453 0.0 0.4
39.095379 -81.747254 0.0 0.4
39.088177 -81.754454 0.0 0.4
39.082777 -81.763154 0.0 0.4
39.079277 -81.77275499999999 0.0 0.4
39.078278 -81.782755 0.0 0.4
39.080577999999996 -81.792555 0.0 0.4
39.083678 -81.802154 0.0 0.4
39.082178 -81.812254 0.0 0.4
39.072279 -81.813954 0.0 0.4
39.06218 -81.812454 0.0 0.4
39.053277 -81.807555 0.0 0.4
39.045477999999996 -81.800955 0.0 0.4
39.039894 -81.792485 0.0 0.4
39.034779 -81.783654 0.0 0.4
39.028279 -81.775854 0.0 0.4
39.021479 -81.768453 0.0 0.4
39.012279 -81.763953 0.0 0.4
39.002279 -81.76535299999999 0.0 0.4
38.995672 -81.77297399999999 0.0 0.4
38.986098999999996 -81.776404 0.0 0.4
38.97542 -81.778814 0.0 0.4
38.964935 -81.78182 0.0 0.4
38.954533 -81.77733099999999 0.0 0.4
38.946864999999995 -81.767667 0.0 0.4
38.938795 -81.761635 0.0 0.4
38.927942 -81.758505 0.0 0.4
38.922731 -81.769759 0.0 0.4
38.924771 -81.78112999999999 0.0 0.4
38.930203 -81.79337199999999 0.0 0.4
38.937228 -81.800966 0.0 0.4
38.944229 -81.810187 0.0 0.4
38.946908 -81.820921 0.0 0.4
38.943929 -81.830879 0.0 0.4
38.935857999999996 -81.839018 0.0 0.4
38.926317 -81.844392 0.0 0.4
38.914041999999995 -81.84599299999999 0.0 0.4
38.902355 -81.848287 0.0 0.4
38.892734 -81.855971 0.0 0.4
38.886575 -81.86535099999999 0.0 0.4
38.881174 -81.87485699999999 0.0 0.4
38.875885 -81.885385 0.0 0.4
38.874134999999995 -81.896056 0.0 0.4
38.877566 -81.90685599999999 0.0 0.4
38.88427 -81.915898 0.0 0.4
38.890578 -81.92503599999999 0.0 0.4
38.901311 -81.92667 0.0 0.4
38.908414 -81.91790999999999 0.0 0.4
38.916101999999995 -81.91107699999999 0.0 0.4
38.924338 -81.90091 0.0 0.4
38.936251999999996 -81.90021999999999 0.0 0.4
38.945262 -81.9066 0.0 0.4
38.953976999999995 -81.911906 0.0 0.4
38.964493 -81.917063 0.0 0.4
38.972930999999996 -81.92312 0.0 0.4
38.981964999999995 -81.929479 0.0 0.4
38.99028 -81.936646 0.0 0.4
38.995149999999995 -81.947431 0.0 0.4
38.995227 -81.95926 0.0 0.4
38.992743999999995 -81.970745 0.0 0.4
38.994351 -81.98115899999999 0.0 0.4
39.004118 -81.983389 0.0 0.4
39.013278 -81.987961 0.0 0.4
39.021332 -81.99401499999999 0.0 0.4
39.027678 -82.001961 0.0 0.4
39.029491 -82.021884 0.0 0.4
39.027003 -82.031678 0.0 0.4
39.020678 -82.039963 0.0 0.4
39.009478 -82.044063 0.0 0.4
39.000077999999995 -82.047663 0.0 0.4
38.992678 -82.054763 0.0 0.4
38.987578 -82.063864 0.0 0.4
38.983078 -82.073464 0.0 0.4
38.979178 -82.083165 0.0 0.4
38.973478 -82.09166499999999 0.0 0.4
38.963978 -82.095265 0.0 0.4
38.955278 -82.100865 0.0 0.4
38.947279 -82.107665 0.0 0.4
38.937678999999996 -82.110866 0.0 0.4
38.927279 -82.115966 0.0 0.4
38.919379 -82.12216599999999 0.0 0.4
38.910678999999995 -82.128666 0.0 0.4
38.904179 -82.136566 0.0 0.4
38.896778999999995 -82.143467 0.0 0.4
38.884178999999996 -82.14526699999999 0.0 0.4
38.874853 -82.141381 0.0 0.4
38.86502 -82.139224 0.0 0.4
38.854994 -82.140892 0.0 0.4
38.844879999999996 -82.143366 0.0 0.4
38.836062 -82.148684 0.0 0.4
38.82879 -82.156491 0.0 0.4
38.822437 -82.165898 0.0 0.4
38.818399 -82.17642699999999 0.0 0.4
38.816148 -82.186821 0.0 0.4
38.810504 -82.19636299999999 0.0 0.4
38.802672 -82.20929 0.0 0.4
38.795950999999995 -82.217018 0.0 0.4
38.786576 -82.221684 0.0 0.4
38.774947 -82.220871 0.0 0.4
38.766819999999996 -82.213132 0.0 0.4
38.761666999999996 -82.203395 0.0 0.4
38.752441 -82.195606 0.0 0.4
38.742182 -82.193568 0.0 0.4
38.733582 -82.18816799999999 0.0 0.4
38.723582 -82.186668 0.0 0.4
38.732352 -82.191964 0.0 0.4
38.719671999999996 -82.186678 0.0 0.4
38.709882 -82.182667 0.0 0.4
38.699182 -82.18506699999999 0.0 0.4
38.689982 -82.18936699999999 0.0 0.4
38.679182999999995 -82.190367 0.0 0.4
38.668583 -82.186667 0.0 0.4
38.658283 -82.184867 0.0 0.4
38.649483 -82.179367 0.0 0.4
38.639783 -82.176067 0.0 0.4
38.629684 -82.17266699999999 0.0 0.4
38.619284 -82.172066 0.0 0.4
38.609384 -82.174466 0.0 0.4
38.600384 -82.180667 0.0 0.4
38.594784 -82.18936699999999 0.0 0.4
38.592051999999995 -82.201004 0.0 0.4
38.591569 -82.211265 0.0 0.4
38.591284 -82.221468 0.0 0.4
38.594383 -82.232069 0.0 0.4
38.596983 -82.24216899999999 0.0 0.4
38.598783 -82.25246899999999 0.0 0.4
38.597983 -82.26247 0.0 0.4
38.594983 -82.27217 0.0 0.4
38.588183 -82.27987 0.0 0.4
38.582183 -82.287871 0.0 0.4
38.573482999999996 -82.292971 0.0 0.4
38.560283 -82.29327099999999 0.0 0.4
38.547582999999996 -82.294771 0.0 0.4
38.537483 -82.296071 0.0 0.4
38.526683 -82.30147099999999 0.0 0.4
38.513363 -82.303772 0.0 0.4
38.500084 -82.30353 0.0 0.4
38.489684 -82.307007 0.0 0.4
38.48066 -82.311375 0.0 0.4
38.470707 -82.31333099999999 0.0 0.4
38.460484 -82.316991 0.0 0.4
38.451988 -82.32239899999999 0.0 0.4
38.444500000000005 -82.33033499999999 0.0 0.4
38.441206 -82.339792 0.0 0.4
38.439837 -82.349858 0.0 0.4
38.438596 -82.360145 0.0 0.4
38.436482999999996 -82.371973 0.0 0.4
38.434791 -82.38202299999999 0.0 0.4
38.435358 -82.39201 0.0 0.4
38.439032999999995 -82.403866 0.0 0.4
38.435969 -82.415433 0.0 0.4
38.432883 -82.42507499999999 0.0 0.4
38.429652999999995 -82.43601199999999 0.0 0.4
38.426981999999995 -82.447076 0.0 0.4
38.424682 -82.459676 0.0 0.4
38.421912 -82.471205 0.0 0.4
38.418793 -82.48363499999999 0.0 0.4
38.415456999999996 -82.494266 0.0 0.4
38.412237999999995 -82.50409499999999 0.0 0.4
38.409583 -82.514068 0.0 0.4
38.406932999999995 -82.523714 0.0 0.4
38.404837 -82.533523 0.0 0.4
38.403658 -82.54392299999999 0.0 0.4
38.403819 -82.555064 0.0 0.4
38.404663 -82.56565499999999 0.0 0.4
38.40728 -82.577894 0.0 0.4
38.412257 -82.58692599999999 0.0 0.4
38.421008 -82.593192 0.0 0.4
38.430068 -82.598073 0.0 0.4
38.439701 -82.601012 0.0 0.4
38.449978 -82.602717 0.0 0.4
38.459966 -82.604235 0.0 0.4
38.469966 -82.609476 0.0 0.4
38.476286 -82.617251 0.0 0.4
38.480579999999996 -82.626785 0.0 0.4
38.483993999999996 -82.636545 0.0 0.4
38.488909 -82.645659 0.0 0.4
38.494431 -82.654133 0.0 0.4
38.501272 -82.661577 0.0 0.4
38.508721 -82.66852999999999 0.0 0.4
38.516124999999995 -82.676082 0.0 0.4
38.524645 -82.68201599999999 0.0 0.4
38.535306 -82.68874199999999 0.0 0.4
38.542283999999995 -82.696275 0.0 0.4
38.547053999999996 -82.705396 0.0 0.4
38.551438999999995 -82.714405 0.0 0.4
38.557976 -82.72519199999999 0.0 0.4
38.559191999999996 -82.735182 0.0 0.4
38.559324 -82.745575 0.0 0.4
38.559965999999996 -82.75567 0.0 0.4
38.560589 -82.766025 0.0 0.4
38.559281 -82.776825 0.0 0.4
38.559689 -82.787649 0.0 0.4
38.562515 -82.79779599999999 0.0 0.4
38.566469 -82.807096 0.0 0.4
38.571169999999995 -82.816785 0.0 0.4
38.576474 -82.826067 0.0 0.4
38.582464 -82.8341 0.0 0.4
38.58891 -82.842472 0.0 0.4
38.597871 -82.84814399999999 0.0 0.4
38.607074 -82.85239 0.0 0.4
38.616755999999995 -82.855012 0.0 0.4
38.626689 -82.856281 0.0 0.4
38.636880999999995 -82.856882 0.0 0.4
38.647093999999996 -82.856865 0.0 0.4
38.656971999999996 -82.858676 0.0 0.4
38.666384 -82.86207399999999 0.0 0.4
38.676316 -82.86850799999999 0.0 0.4
38.684169 -82.875762 0.0 0.4
38.694227999999995 -82.877275 0.0 0.4
38.704173 -82.87531 0.0 0.4
38.715817 -82.872382 0.0 0.4
38.726324999999996 -82.87002199999999 0.0 0.4
38.73629 -82.87091099999999 0.0 0.4
38.745723999999996 -82.87454799999999 0.0 0.4
38.751633999999996 -82.88278799999999 0.0 0.4
38.756428 -82.89211499999999 0.0 0.4
38.754968999999996 -82.902549 0.0 0.4
38.752714999999995 -82.91246799999999 0.0 0.4
38.750383 -82.922654 0.0 0.4
38.747325 -82.93265 0.0 0.4
38.743387999999996 -82.941941 0.0 0.4
38.738918 -82.951349 0.0 0.4
38.734206 -82.960357 0.0 0.4
38.72865 -82.96884899999999 0.0 0.4
38.726008 -82.97881 0.0 0.4
38.72732 -82.98933799999999 0.0 0.4
38.729326 -82.99925999999999 0.0 0.4
38.729951 -83.00935799999999 0.0 0.4
38.727993 -83.019258 0.0 0.4
38.726091 -83.029985 0.0 0.4
38.717794999999995 -83.03746799999999 0.0 0.4
38.708839 -83.04208 0.0 0.4
38.700268 -83.049397 0.0 0.4
38.693529 -83.056998 0.0 0.4
38.688477999999996 -83.06584699999999 0.0 0.4
38.684545 -83.075513 0.0 0.4
38.680695 -83.085116 0.0 0.4
38.678576 -83.09610599999999 0.0 0.4
38.675855 -83.105818 0.0 0.4
38.669118 -83.114899 0.0 0.4
38.66141 -83.12128799999999 0.0 0.4
38.651914 -83.12449099999999 0.0 0.4
38.641728 -83.12808199999999 0.0 0.4
38.632013 -83.134754 0.0 0.4
38.625096 -83.142653 0.0 0.4
38.619420999999996 -83.15220000000001 0.0 0.4
38.619 -83.162983 0.0 0.4
38.619006999999996 -83.173228 0.0 0.4
38.618282 -83.183427 0.0 0.4
38.617044 -83.193362 0.0 0.4
38.616698 -83.203453 0.0 0.4
38.619019 -83.21350799999999 0.0 0.4
38.623568 -83.222584 0.0 0.4
38.627403 -83.23198099999999 0.0 0.4
38.628741 -83.24278799999999 0.0 0.4
38.625358999999996 -83.252316 0.0 0.4
38.62246 -83.262097 0.0 0.4
38.614917999999996 -83.268755 0.0 0.4
38.60816 -83.276763 0.0 0.4
38.601358999999995 -83.28434 0.0 0.4
38.596647999999995 -83.294 0.0 0.4
38.598906 -83.30389 0.0 0.4
38.60415 -83.312439 0.0 0.4
38.612034 -83.318953 0.0 0.4
38.622088 -83.320363 0.0 0.4
38.631752999999996 -83.32308499999999 0.0 0.4
38.639585 -83.330214 0.0 0.4
38.646021999999995 -83.340756 0.0 0.4
38.650602 -83.349758 0.0 0.4
38.655339 -83.358971 0.0 0.4
38.659222 -83.36823 0.0 0.4
38.662369999999996 -83.380713 0.0 0.4
38.663908 -83.39115 0.0 0.4
38.665381 -83.401349 0.0 0.4
38.666544 -83.411936 0.0 0.4
38.668357 -83.422193 0.0 0.4
38.669053999999996 -83.43318099999999 0.0 0.4
38.66999 -83.445399 0.0 0.4
38.673111 -83.455208 0.0 0.4
38.675137 -83.4666 0.0 0.4
38.680717 -83.474929 0.0 0.4
38.687585999999996 -83.48313499999999 0.0 0.4
38.693858 -83.492391 0.0 0.4
38.699003 -83.503676 0.0 0.4
38.702044 -83.514299 0.0 0.4
38.702937 -83.52510000000001 0.0 0.4
38.701589 -83.536571 0.0 0.4
38.699625 -83.546384 0.0 0.4
38.697055 -83.556219 0.0 0.4
38.693998 -83.566234 0.0 0.4
38.691628 -83.57596199999999 0.0 0.4
38.689564 -83.58662 0.0 0.4
38.686712 -83.596808 0.0 0.4
38.684906999999995 -83.608021 0.0 0.4
38.682333 -83.61822599999999 0.0 0.4
38.677825 -83.62735599999999 0.0 0.4
38.670426 -83.634901 0.0 0.4
38.660067 -83.638201 0.0 0.4
38.650200999999996 -83.639916 0.0 0.4
38.640589 -83.643165 0.0 0.4
38.631861 -83.64830099999999 0.0 0.4
38.627384 -83.65948499999999 0.0 0.4
38.627244 -83.670962 0.0 0.4
38.630171 -83.680983 0.0 0.4
38.634329 -83.692497 0.0 0.4
38.639057 -83.702793 0.0 0.4
38.641650999999996 -83.71317599999999 0.0 0.4
38.64685 -83.721745 0.0 0.4
38.647560999999996 -83.731796 0.0 0.4
38.648313 -83.742269 0.0 0.4
38.650527 -83.754825 0.0 0.4
38.652892 -83.765243 0.0 0.4
38.659839 -83.773049 0.0 0.4
38.669742 -83.776472 0.0 0.4
38.680271 -83.778986 0.0 0.4
38.691506 -83.782142 0.0 0.4
38.699918 -83.787769 0.0 0.4
38.704476 -83.798174 0.0 0.4
38.706865 -83.80813599999999 0.0 0.4
38.708878999999996 -83.819122 0.0 0.4
38.714058 -83.82990000000001 0.0 0.4
38.719350999999996 -83.838503 0.0 0.4
38.729636 -83.842906 0.0 0.4
38.740275 -83.845711 0.0 0.4
38.750081 -83.850904 0.0 0.4
38.756523 -83.858642 0.0 0.4
38.760808 -83.868032 0.0 0.4
38.763248 -83.878368 0.0 0.4
38.765805 -83.888052 0.0 0.4
38.767367 -83.899142 0.0 0.4
38.769127 -83.909905 0.0 0.4
38.769929999999995 -83.920013 0.0 0.4
38.774840999999995 -83.928831 0.0 0.4
38.779878 -83.937637 0.0 0.4
38.784738999999995 -83.947148 0.0 0.4
38.786542 -83.957369 0.0 0.4
38.78741 -83.96770699999999 0.0 0.4
38.787363 -83.978095 0.0 0.4
38.784196 -83.987859 0.0 0.4
38.781568 -83.99771899999999 0.0 0.4
38.779655999999996 -84.008302 0.0 0.4
38.776221 -84.01842599999999 0.0 0.4
38.774004 -84.028339 0.0 0.4
38.771629999999995 -84.038314 0.0 0.4
38.771325999999995 -84.04880899999999 0.0 0.4
38.771145 -84.05945799999999 0.0 0.4
38.770512 -84.069822 0.0 0.4
38.772224 -84.080416 0.0 0.4
38.774105 -84.09049499999999 0.0 0.4
38.776935 -84.100516 0.0 0.4
38.780097999999995 -84.110119 0.0 0.4
38.784003999999996 -84.119469 0.0 0.4
38.788469 -84.13174099999999 0.0 0.4
38.791398 -84.14211999999999 0.0 0.4
38.793966 -84.15187 0.0 0.4
38.796355999999996 -84.165067 0.0 0.4
38.797939 -84.175232 0.0 0.4
38.799309 -84.185738 0.0 0.4
38.800698 -84.195731 0.0 0.4
38.802685 -84.205879 0.0 0.4
38.807544 -84.214755 0.0 0.4
38.815628 -84.223877 0.0 0.4
38.824923999999996 -84.229226 0.0 0.4
38.835431 -84.232305 0.0 0.4
38.845603 -84.233543 0.0 0.4
38.855675999999995 -84.23364 0.0 0.4
38.865643999999996 -84.232598 0.0 0.4
38.875895 -84.232117 0.0 0.4
38.886148999999996 -84.232913 0.0 0.4
38.896125 -84.236567 0.0 0.4
38.903726999999996 -84.243358 0.0 0.4
38.911832 -84.249455 0.0 0.4
38.921486 -84.256211 0.0 0.4
38.929078 -84.26392799999999 0.0 0.4
38.937787 -84.27175299999999 0.0 0.4
38.944908999999996 -84.279635 0.0 0.4
38.952542 -84.286536 0.0 0.4
38.961121999999996 -84.291967 0.0 0.4
38.971303 -84.296238 0.0 0.4
38.981699 -84.29751999999999 0.0 0.4
38.991928 -84.298782 0.0 0.4
39.00138 -84.302455 0.0 0.4
39.010374999999996 -84.308246 0.0 0.4
39.018730999999995 -84.316242 0.0 0.4
39.025264 -84.32415 0.0 0.4
39.030803 -84.33291299999999 0.0 0.4
39.035495 -84.342265 0.0 0.4
39.039023 -84.35222499999999 0.0 0.4
39.041736 -84.362016 0.0 0.4
39.043312 -84.37214 0.0 0.4
39.044972 -84.383045 0.0 0.4
39.045226 -84.393328 0.0 0.4
39.045640999999996 -84.403734 0.0 0.4
39.047626 -84.41400999999999 0.0 0.4
39.0518 -84.423369 0.0 0.4
39.059894 -84.430891 0.0 0.4
39.070111 -84.43329899999999 0.0 0.4
39.080228 -84.434044 0.0 0.4
39.090401 -84.435035 0.0 0.4
39.100885 -84.435388 0.0 0.4
39.109578 -84.44095399999999 0.0 0.4
39.11694 -84.448639 0.0 0.4
39.121038999999996 -84.45781099999999 0.0 0.4
39.121680999999995 -84.46804399999999 0.0 0.4
39.118497999999995 -84.478544 0.0 0.4
39.11138 -84.487754 0.0 0.4
39.103066 -84.493788 0.0 0.4
39.096931999999995 -84.50224899999999 0.0 0.4
39.093278 -84.513441 0.0 0.4
39.092272 -84.523772 0.0 0.4
39.096398 -84.533942 0.0 0.4
39.099767 -84.543556 0.0 0.4
39.098509 -84.55350899999999 0.0 0.4
39.091381 -84.560789 0.0 0.4
39.083919 -84.569364 0.0 0.4
39.080512999999996 -84.579515 0.0 0.4
39.078475 -84.589708 0.0 0.4
39.075167 -84.599346 0.0 0.4
39.073384 -84.61165299999999 0.0 0.4
39.073857 -84.621652 0.0 0.4
39.076519 -84.631484 0.0 0.4
39.082346 -84.639798 0.0 0.4
39.089618 -84.647987 0.0 0.4
39.095228999999996 -84.65721599999999 0.0 0.4
39.097966 -84.667232 0.0 0.4
39.098259 -84.677425 0.0 0.4
39.10156 -84.68723399999999 0.0 0.4
39.109037 -84.693992 0.0 0.4
39.116893 -84.700625 0.0 0.4
39.125039 -84.70781699999999 0.0 0.4
39.133461 -84.714868 0.0 0.4
39.139826 -84.722686 0.0 0.4
39.144546999999996 -84.732081 0.0 0.4
39.1473 -84.74203299999999 0.0 0.4
39.147113999999995 -84.753401 0.0 0.4
39.142206 -84.762248 0.0 0.4
39.135681 -84.769965 0.0 0.4
39.127708 -84.77617699999999 0.0 0.4
39.118842 -84.783346 0.0 0.4
39.113237 -84.792924 0.0 0.4
39.110608 -84.803876 0.0 0.4
39.106656 -84.813328 0.0 0.4
39.118497999999995 -84.820109 0.0 0.4
39.129624 -84.82006899999999 0.0 0.4
39.145497999999996 -84.82005 0.0 0.4
39.155608 -84.820284 0.0 0.4
39.170513 -84.81993 0.0 0.4
39.182531 -84.819948 0.0 0.4
39.193736 -84.820013 0.0 0.4
39.20809 -84.82008499999999 0.0 0.4
39.218215 -84.820138 0.0 0.4
39.230306 -84.820151 0.0 0.4
39.242706999999996 -84.819856 0.0 0.4
39.253405 -84.82003399999999 0.0 0.4
39.263467999999996 -84.819886 0.0 0.4
39.273672999999995 -84.81965199999999 0.0 0.4
39.284428999999996 -84.819445 0.0 0.4
39.297849 -84.81933 0.0 0.4
39.316781 -84.819198 0.0 0.4
39.326902 -84.81907799999999 0.0 0.4
39.338598999999995 -84.81886399999999 0.0 0.4
39.348642 -84.81874499999999 0.0 0.4
39.359826 -84.81845 0.0 0.4
39.37037 -84.81817 0.0 0.4
39.385597 -84.817785 0.0 0.4
39.395602 -84.81767699999999 0.0 0.4
39.406286 -84.81741199999999 0.0 0.4
39.419520999999996 -84.81710799999999 0.0 0.4
39.429964 -84.81688799999999 0.0 0.4
39.440399 -84.81671999999999 0.0 0.4
39.452864 -84.816486 0.0 0.4
39.465216 -84.816327 0.0 0.4
39.47632 -84.816136 0.0 0.4
39.493911 -84.81565499999999 0.0 0.4
39.505248 -84.815649 0.0 0.4
39.52195 -84.815353 0.0 0.4
39.532756 -84.815272 0.0 0.4
39.548687 -84.81515499999999 0.0 0.4
39.559850999999995 -84.81515499999999 0.0 0.4
39.569933999999996 -84.815107 0.0 0.4
39.580368 -84.815028 0.0 0.4
39.591136 -84.815012 0.0 0.4
39.601749 -84.814932 0.0 0.4
39.612715 -84.814833 0.0 0.4
39.623920999999996 -84.814741 0.0 0.4
39.635705 -84.814711 0.0 0.4
39.653197999999996 -84.814621 0.0 0.4
39.66643 -84.814611 0.0 0.4
39.677335 -84.814602 0.0 0.4
39.687503 -84.814574 0.0 0.4
39.698637 -84.814453 0.0 0.4
39.708994 -84.814398 0.0 0.4
39.721084 -84.814347 0.0 0.4
39.737234 -84.814375 0.0 0.4
39.74756 -84.814357 0.0 0.4
39.758131999999996 -84.814329 0.0 0.4
39.773143999999995 -84.81428199999999 0.0 0.4
39.783422 -84.814296 0.0 0.4
39.793763999999996 -84.81422099999999 0.0 0.4
39.804846 -84.814189 0.0 0.4
39.816386 -84.81411299999999 0.0 0.4
39.826885 -84.813816 0.0 0.4
39.841953 -84.813728 0.0 0.4
39.853286 -84.813499 0.0 0.4
39.865275 -84.813187 0.0 0.4
39.875797 -84.81307699999999 0.0 0.4
39.886084 -84.81289199999999 0.0 0.4
39.902206 -84.81264399999999 0.0 0.4
39.913506 -84.812559 0.0 0.4
39.924903 -84.81236899999999 0.0 0.4
39.944247 -84.811977 0.0 0.4
39.957511 -84.811779 0.0 0.4
39.96958 -84.811612 0.0 0.4
39.984598 -84.811371 0.0 0.4
39.99545 -84.81120899999999 0.0 0.4
40.006166 -84.810796 0.0 0.4
40.019106 -84.810469 0.0 0.4
40.034338 -84.81009399999999 0.0 0.4
40.048911 -84.809737 0.0 0.4
40.059965 -84.809461 0.0 0.4
40.078157999999995 -84.809135 0.0 0.4
40.092644 -84.808916 0.0 0.4
40.107189 -84.808461 0.0 0.4
40.117242 -84.8082 0.0 0.4
40.127413 -84.807966 0.0 0.4
40.137640999999995 -84.8077 0.0 0.4
40.14908 -84.807375 0.0 0.4
40.16113 -84.807046 0.0 0.4
40.171246 -84.806753 0.0 0.4
40.18454 -84.806367 0.0 0.4
40.194978 -84.80604699999999 0.0 0.4
40.20608 -84.805831 0.0 0.4
40.216457999999996 -84.805562 0.0 0.4
40.228074 -84.805233 0.0 0.4
40.238324999999996 -84.804946 0.0 0.4
40.249074 -84.804706 0.0 0.4
40.259267 -84.80450599999999 0.0 0.4
40.271584 -84.804251 0.0 0.4
40.282013 -84.804042 0.0 0.4
40.292017 -84.80389799999999 0.0 0.4
40.302453 -84.803735 0.0 0.4
40.313351 -84.803675 0.0 0.4
40.323786 -84.803601 0.0 0.4
40.334458999999995 -84.80368399999999 0.0 0.4
40.344541 -84.80380099999999 0.0 0.4
40.355084 -84.80391999999999 0.0 0.4
40.365331 -84.80400399999999 0.0 0.4
40.381405 -84.804075 0.0 0.4
40.393308 -84.804163 0.0 0.4
40.403441 -84.80423499999999 0.0 0.4
40.414466 -84.804127 0.0 0.4
40.424589 -84.80407199999999 0.0 0.4
40.435742999999995 -84.803891 0.0 0.4
40.44716 -84.803749 0.0 0.4
40.457308 -84.80354899999999 0.0 0.4
40.467361 -84.80341399999999 0.0 0.4
40.478466 -84.803215 0.0 0.4
40.488898999999996 -84.803039 0.0 0.4
40.498915 -84.80290699999999 0.0 0.4
40.509181 -84.802756 0.0 0.4
40.521007 -84.80267099999999 0.0 0.4
40.531102 -84.802662 0.0 0.4
40.541182 -84.80265 0.0 0.4
40.551867 -84.80260799999999 0.0 0.4
40.562712999999995 -84.80252999999999 0.0 0.4
40.573781 -84.802466 0.0 0.4
40.584337999999995 -84.802408 0.0 0.4
40.595836 -84.802343 0.0 0.4
40.610265999999996 -84.802306 0.0 0.4
40.6224 -84.802272 0.0 0.4
40.635602999999996 -84.802266 0.0 0.4
40.655018999999996 -84.802337 0.0 0.4
40.666996999999995 -84.802359 0.0 0.4
40.677259 -84.802317 0.0 0.4
40.689209 -84.802312 0.0 0.4
40.702526999999996 -84.80229899999999 0.0 0.4
40.713418999999995 -84.802278 0.0 0.4
40.725317 -84.80227 0.0 0.4
40.735394 -84.802289 0.0 0.4
40.747177 -84.80216399999999 0.0 0.4
40.762913999999995 -84.802464 0.0 0.4
40.773046 -84.802343 0.0 0.4
40.783480999999995 -84.80230399999999 0.0 0.4
40.793777999999996 -84.802228 0.0 0.4
40.803801 -84.802253 0.0 0.4
40.814867 -84.802291 0.0 0.4
40.825089 -84.802335 0.0 0.4
40.837945 -84.802354 0.0 0.4
40.849211 -84.80240599999999 0.0 0.4
40.860009999999996 -84.80246799999999 0.0 0.4
40.870011 -84.802533 0.0 0.4
40.880517 -84.80264199999999 0.0 0.4
40.891445999999995 -84.802724 0.0 0.4
40.901666 -84.802798 0.0 0.4
40.911812999999995 -84.802855 0.0 0.4
40.922377999999995 -84.802921 0.0 0.4
40.933423 -84.802978 0.0 0.4
40.944258999999995 -84.803044 0.0 0.4
40.956201 -84.80313699999999 0.0 0.4
40.966335 -84.80316499999999 0.0 0.4
40.977709 -84.80321099999999 0.0 0.4
40.987944 -84.803255 0.0 0.4
