36.499849 -100.003762 0.0 0.4
36.499853 -100.013911 0.0 0.4
36.499857 -100.025476 0.0 0.4
36.499866 -100.037387 0.0 0.4
36.499871999999996 -100.049861 0.0 0.4
36.499871 -100.060977 0.0 0.4
36.499654 -100.08502 0.0 0.4
36.499632999999996 -100.096797 0.0 0.4
36.499638999999995 -100.109325 0.0 0.4
36.49986 -100.12723 0.0 0.4
36.499879 -100.145249 0.0 0.4
36.499927 -100.157377 0.0 0.4
36.499900000000004 -100.170082 0.0 0.4
36.499632999999996 -100.181221 0.0 0.4
36.499666999999995 -100.196617 0.0 0.4
36.499717 -100.21727 0.0 0.4
36.499759 -100.235117 0.0 0.4
36.499789 -100.247768 0.0 0.4
36.499814 -100.258246 0.0 0.4
36.499880999999995 -100.276714 0.0 0.4
36.499877999999995 -100.287072 0.0 0.4
36.499618 -100.308121 0.0 0.4
36.499915 -100.323509 0.0 0.4
36.49944 -100.334441 0.0 0.4
36.499497999999996 -100.346082 0.0 0.4
36.499446999999996 -100.356191 0.0 0.4
36.499445 -100.378592 0.0 0.4
36.499449999999996 -100.39970000000001 0.0 0.4
36.499455 -100.411744 0.0 0.4
36.499449 -100.424474 0.0 0.4
36.499459 -100.437749 0.0 0.4
36.499504 -100.448687 0.0 0.4
36.499483 -100.466179 0.0 0.4
36.499475 -100.48907 0.0 0.4
36.499286 -100.513719 0.0 0.4
36.499314999999996 -100.52521 0.0 0.4
36.499342999999996 -100.546145 0.0 0.4
36.499435 -100.57624 0.0 0.4
36.49943 -100.592363 0.0 0.4
36.49946 -100.612161 0.0 0.4
36.499457 -100.639675 0.0 0.4
36.499500000000005 -100.657746 0.0 0.4
36.499513 -100.675707 0.0 0.4
36.499521 -100.707011 0.0 0.4
36.499558 -100.723052 0.0 0.4
36.49958 -100.761811 0.0 0.4
36.499621 -100.802737 0.0 0.4
36.499618999999996 -100.824105 0.0 0.4
36.499663 -100.845825 0.0 0.4
36.49987 -100.857562 0.0 0.4
36.499905999999996 -100.873132 0.0 0.4
36.499911999999995 -100.884347 0.0 0.4
36.499919999999996 -100.89596 0.0 0.4
36.49993 -100.907183 0.0 0.4
36.499871999999996 -100.91824 0.0 0.4
36.499939999999995 -100.934367 0.0 0.4
36.499922 -100.948387 0.0 0.4
36.499925999999995 -100.963167 0.0 0.4
36.499898 -100.973835 0.0 0.4
36.499534 -100.995169 0.0 0.4
36.499496 -101.012895 0.0 0.4
36.499457 -101.041367 0.0 0.4
36.499562 -101.052321 0.0 0.4
36.499258 -101.08374 0.0 0.4
36.499117999999996 -101.098994 0.0 0.4
36.499519 -101.125434 0.0 0.4
36.499514999999995 -101.135727 0.0 0.4
36.499455999999995 -101.168491 0.0 0.4
36.499455999999995 -101.186234 0.0 0.4
36.499459 -101.199952 0.0 0.4
36.499461 -101.210648 0.0 0.4
36.499539999999996 -101.250436 0.0 0.4
36.499536 -101.268768 0.0 0.4
36.499536 -101.289709 0.0 0.4
36.499551 -101.303864 0.0 0.4
36.499556 -101.314979 0.0 0.4
36.499561 -101.330412 0.0 0.4
36.499573 -101.352762 0.0 0.4
36.499578 -101.364243 0.0 0.4
36.499342999999996 -101.375437 0.0 0.4
36.499359999999996 -101.393487 0.0 0.4
36.499372 -101.406493 0.0 0.4
36.499354 -101.425547 0.0 0.4
36.499373999999996 -101.440011 0.0 0.4
36.499390999999996 -101.451716 0.0 0.4
36.499409 -101.464468 0.0 0.4
36.499426 -101.477321 0.0 0.4
36.499441999999995 -101.487998 0.0 0.4
36.49957 -101.500429 0.0 0.4
36.499545 -101.542965 0.0 0.4
36.499522999999996 -101.56163 0.0 0.4
36.499519 -101.577308 0.0 0.4
36.499519 -101.596593 0.0 0.4
36.499522999999996 -101.608432 0.0 0.4
36.499528 -101.623915 0.0 0.4
36.499572 -101.641106 0.0 0.4
36.499573 -101.653708 0.0 0.4
36.499553 -101.667616 0.0 0.4
36.499522999999996 -101.688095 0.0 0.4
36.499508 -101.698685 0.0 0.4
36.499719 -101.709374 0.0 0.4
36.499767999999996 -101.73064 0.0 0.4
36.499798999999996 -101.74382 0.0 0.4
36.499708 -101.76359 0.0 0.4
36.499759999999995 -101.775558 0.0 0.4
36.499691999999996 -101.78581199999999 0.0 0.4
36.499674 -101.798586 0.0 0.4
36.499631 -101.814487 0.0 0.4
36.499533 -101.826503 0.0 0.4
36.499773 -101.837959 0.0 0.4
36.500025 -101.850571 0.0 0.4
36.500026 -101.875038 0.0 0.4
36.500065 -101.894613 0.0 0.4
36.50008 -101.914831 0.0 0.4
36.500093 -101.926777 0.0 0.4
36.500119999999995 -101.943271 0.0 0.4
36.500142 -101.957123 0.0 0.4
36.500164999999996 -101.973778 0.0 0.4
36.500201 -101.993352 0.0 0.4
36.500229 -102.012458 0.0 0.4
36.500248 -102.023071 0.0 0.4
36.500572999999996 -102.042568 0.0 0.4
36.500569 -102.063128 0.0 0.4
36.500566 -102.076893 0.0 0.4
36.500645 -102.10701 0.0 0.4
36.500684 -102.122066 0.0 0.4
36.500325 -102.142518 0.0 0.4
36.500326 -102.153021 0.0 0.4
36.500329 -102.187386 0.0 0.4
36.500332 -102.215545 0.0 0.4
36.500689 -102.24406 0.0 0.4
36.500371 -102.260582 0.0 0.4
36.500374 -102.276261 0.0 0.4
36.500384 -102.319626 0.0 0.4
36.500386 -102.330512 0.0 0.4
36.500389999999996 -102.347753 0.0 0.4
36.500395999999995 -102.366476 0.0 0.4
36.500549 -102.382635 0.0 0.4
36.50053 -102.427161 0.0 0.4
36.500522 -102.445772 0.0 0.4
36.500515 -102.462724 0.0 0.4
36.500437 -102.500462 0.0 0.4
36.500434999999996 -102.517206 0.0 0.4
36.500433 -102.535279 0.0 0.4
36.500406 -102.570696 0.0 0.4
36.500395 -102.584248 0.0 0.4
36.500364 -102.625467 0.0 0.4
36.500488 -102.643089 0.0 0.4
36.500474 -102.665092 0.0 0.4
36.500454 -102.696965 0.0 0.4
36.500672 -102.729727 0.0 0.4
36.5004 -102.750472 0.0 0.4
36.500417 -102.78176500000001 0.0 0.4
36.500476 -102.792077 0.0 0.4
36.500498 -102.807306 0.0 0.4
36.500631999999996 -102.821224 0.0 0.4
36.500566 -102.840717 0.0 0.4
36.500474 -102.868087 0.0 0.4
36.500257 -102.888996 0.0 0.4
36.500278 -102.904182 0.0 0.4
36.500302999999995 -102.921633 0.0 0.4
36.500347999999995 -102.952927 0.0 0.4
36.500375 -102.971556 0.0 0.4
36.500389 -102.981717 0.0 0.4
36.500409999999995 -102.996778 0.0 0.4
36.508868 -103.002281 0.0 0.4
36.519192 -103.002275 0.0 0.4
36.529626 -103.00233 0.0 0.4
36.540306 -103.00233 0.0 0.4
36.553616999999996 -103.002323 0.0 0.4
36.563784 -103.002303 0.0 0.4
36.575044 -103.00227 0.0 0.4
36.585401999999995 -103.002271 0.0 0.4
36.596919 -103.002231 0.0 0.4
36.617382 -103.002278 0.0 0.4
36.627725999999996 -103.002303 0.0 0.4
36.638228999999995 -103.002393 0.0 0.4
36.652972 -103.002404 0.0 0.4
36.664930999999996 -103.002408 0.0 0.4
36.67552 -103.002413 0.0 0.4
36.685643999999996 -103.002184 0.0 0.4
36.697322 -103.002181 0.0 0.4
36.709157999999995 -103.002184 0.0 0.4
36.719303 -103.002101 0.0 0.4
36.730973 -103.002133 0.0 0.4
36.74295 -103.002154 0.0 0.4
36.75532 -103.00219 0.0 0.4
36.768961 -103.002194 0.0 0.4
36.779191 -103.002202 0.0 0.4
36.800494 -103.00219799999999 0.0 0.4
36.817308 -103.002187 0.0 0.4
36.840437 -103.002154 0.0 0.4
36.860119999999995 -103.002151 0.0 0.4
36.880362999999996 -103.002167 0.0 0.4
36.893806999999995 -103.002202 0.0 0.4
36.906393 -103.002229 0.0 0.4
36.919626 -103.002292 0.0 0.4
36.929877999999995 -103.002321 0.0 0.4
36.949535 -103.002349 0.0 0.4
36.960733 -103.002371 0.0 0.4
36.973591 -103.002382 0.0 0.4
36.992233999999996 -103.002336 0.0 0.4
36.998551 -102.987221 0.0 0.4
36.998613 -102.975555 0.0 0.4
36.998718 -102.964612 0.0 0.4
36.998992 -102.936272 0.0 0.4
36.999137 -102.92246 0.0 0.4
36.999303 -102.906622 0.0 0.4
36.999443 -102.89315 0.0 0.4
36.999628 -102.875481 0.0 0.4
36.999590999999995 -102.86545 0.0 0.4
36.9996 -102.841955 0.0 0.4
36.999731 -102.829465 0.0 0.4
36.999761 -102.819454 0.0 0.4
36.999373999999996 -102.793627 0.0 0.4
36.999074 -102.782298 0.0 0.4
36.998340999999996 -102.752141 0.0 0.4
36.997689 -102.74206 0.0 0.4
36.996496 -102.721686 0.0 0.4
36.995573 -102.705902 0.0 0.4
36.995199 -102.683371 0.0 0.4
36.995270999999995 -102.662122 0.0 0.4
36.995047 -102.651431 0.0 0.4
36.995055 -102.635675 0.0 0.4
36.995036 -102.625471 0.0 0.4
36.995089 -102.602083 0.0 0.4
36.995127 -102.578655 0.0 0.4
36.994904999999996 -102.541817 0.0 0.4
36.994873 -102.530425 0.0 0.4
36.994966999999995 -102.500467 0.0 0.4
36.994841 -102.470246 0.0 0.4
36.994744 -102.44629 0.0 0.4
36.994827 -102.434251 0.0 0.4
36.994793 -102.403816 0.0 0.4
36.994777 -102.39004 0.0 0.4
36.99458 -102.375461 0.0 0.4
36.994575 -102.355367 0.0 0.4
36.994409 -102.343778 0.0 0.4
36.994347999999995 -102.325155 0.0 0.4
36.994276 -102.30758 0.0 0.4
36.994152 -102.285007 0.0 0.4
36.994324 -102.270345 0.0 0.4
36.994256 -102.255574 0.0 0.4
36.994012 -102.235136 0.0 0.4
36.993863999999995 -102.221199 0.0 0.4
36.993731 -102.208397 0.0 0.4
36.993662 -102.197648 0.0 0.4
36.993595 -102.184529 0.0 0.4
36.993477 -102.154397 0.0 0.4
36.993397 -102.136451 0.0 0.4
36.993347 -102.125452 0.0 0.4
36.993286 -102.108038 0.0 0.4
36.993247 -102.090586 0.0 0.4
36.993097999999996 -102.077936 0.0 0.4
36.99313 -102.054403 0.0 0.4
36.993016 -102.042089 0.0 0.4
36.993085 -102.031333 0.0 0.4
36.993128 -102.020391 0.0 0.4
36.993182 -102.010277 0.0 0.4
36.993231 -101.999914 0.0 0.4
36.993258 -101.989512 0.0 0.4
36.993317999999995 -101.978703 0.0 0.4
36.993392 -101.967085 0.0 0.4
36.993434 -101.956161 0.0 0.4
36.993489 -101.942687 0.0 0.4
36.993525 -101.932506 0.0 0.4
36.99359 -101.920404 0.0 0.4
36.993601 -101.908387 0.0 0.4
36.993643999999996 -101.898065 0.0 0.4
36.993718 -101.885135 0.0 0.4
36.993758 -101.874912 0.0 0.4
36.993786 -101.864707 0.0 0.4
36.993843999999996 -101.853532 0.0 0.4
36.993885 -101.842833 0.0 0.4
36.993953999999995 -101.832122 0.0 0.4
36.994015999999995 -101.820949 0.0 0.4
36.994076 -101.810432 0.0 0.4
36.994146 -101.798358 0.0 0.4
36.994192999999996 -101.786895 0.0 0.4
36.994243 -101.776161 0.0 0.4
36.994324 -101.758298 0.0 0.4
36.994382 -101.744547 0.0 0.4
36.994454 -101.733354 0.0 0.4
36.994506 -101.722831 0.0 0.4
36.994536 -101.712811 0.0 0.4
36.994605 -101.70072 0.0 0.4
36.994672 -101.68737899999999 0.0 0.4
36.994743 -101.675899 0.0 0.4
36.994766999999996 -101.664582 0.0 0.4
36.994847 -101.649729 0.0 0.4
36.994890999999996 -101.638734 0.0 0.4
36.994917 -101.628635 0.0 0.4
36.994977999999996 -101.618232 0.0 0.4
36.995051 -101.60432 0.0 0.4
36.995109 -101.59309 0.0 0.4
36.995172 -101.582716 0.0 0.4
36.995256 -101.566054 0.0 0.4
36.995323 -101.555558 0.0 0.4
36.995388999999996 -101.544654 0.0 0.4
36.995461999999996 -101.531891 0.0 0.4
36.995501999999995 -101.521856 0.0 0.4
36.995567 -101.511486 0.0 0.4
36.995599 -101.501009 0.0 0.4
36.995675999999996 -101.48973 0.0 0.4
36.995716 -101.478727 0.0 0.4
36.99575 -101.464884 0.0 0.4
36.995852 -101.448898 0.0 0.4
36.99595 -101.437504 0.0 0.4
36.995991 -101.422451 0.0 0.4
36.996047 -101.411184 0.0 0.4
36.996097 -101.40097 0.0 0.4
36.996114999999996 -101.390231 0.0 0.4
36.996176 -101.37904 0.0 0.4
36.996204999999996 -101.368939 0.0 0.4
36.99628 -101.358813 0.0 0.4
36.996476 -101.321563 0.0 0.4
36.996607 -101.297942 0.0 0.4
36.996700000000004 -101.283208 0.0 0.4
36.996807 -101.26591 0.0 0.4
36.996902999999996 -101.252379 0.0 0.4
36.996874 -101.238863 0.0 0.4
36.996997 -101.214917 0.0 0.4
36.997184 -101.20241 0.0 0.4
36.997261 -101.190365 0.0 0.4
36.997208 -101.179928 0.0 0.4
36.997367 -101.162066 0.0 0.4
36.997476999999996 -101.14412 0.0 0.4
36.997538999999996 -101.12623 0.0 0.4
36.997776 -101.112028 0.0 0.4
36.997785 -101.101022 0.0 0.4
36.997878 -101.090549 0.0 0.4
36.997921 -101.066742 0.0 0.4
36.997966999999996 -101.053589 0.0 0.4
36.998084999999996 -101.036486 0.0 0.4
36.998109 -101.02644 0.0 0.4
36.998174999999996 -101.015315 0.0 0.4
36.998273 -101.000799 0.0 0.4
36.998168 -100.986756 0.0 0.4
36.998301999999995 -100.976411 0.0 0.4
36.998335 -100.963505 0.0 0.4
36.998394 -100.951663 0.0 0.4
36.99843 -100.94155 0.0 0.4
36.99846 -100.93081 0.0 0.4
36.998542 -100.918268 0.0 0.4
36.99859 -100.90736 0.0 0.4
36.998632 -100.89418 0.0 0.4
36.998644999999996 -100.882843 0.0 0.4
36.99886 -100.87251 0.0 0.4
36.998701 -100.862492 0.0 0.4
36.998703 -100.851843 0.0 0.4
36.998737 -100.837461 0.0 0.4
36.998824 -100.822984 0.0 0.4
36.999086 -100.812644 0.0 0.4
36.999108 -100.797959 0.0 0.4
36.999159999999996 -100.773491 0.0 0.4
36.9994 -100.762721 0.0 0.4
36.999306 -100.75212 0.0 0.4
36.99912 -100.738737 0.0 0.4
36.999598 -100.693555 0.0 0.4
36.99969 -100.675539 0.0 0.4
36.99997 -100.66526 0.0 0.4
37.000026 -100.653531 0.0 0.4
37.00008 -100.64288 0.0 0.4
37.000088 -100.632368 0.0 0.4
37.000093 -100.622083 0.0 0.4
37.000267 -100.605971 0.0 0.4
37.000375999999996 -100.591611 0.0 0.4
37.000406999999996 -100.577862 0.0 0.4
37.000474 -100.563271 0.0 0.4
37.000735 -100.552683 0.0 0.4
37.000637999999995 -100.540086 0.0 0.4
37.000707 -100.527624 0.0 0.4
37.000848999999995 -100.51602 0.0 0.4
37.000971 -100.501532 0.0 0.4
37.000884 -100.489989 0.0 0.4
37.000951 -100.475396 0.0 0.4
37.000992 -100.464904 0.0 0.4
37.001024 -100.454082 0.0 0.4
37.001104999999995 -100.442933 0.0 0.4
37.001076 -100.429077 0.0 0.4
37.001166999999995 -100.416744 0.0 0.4
37.001216 -100.404655 0.0 0.4
37.001283 -100.389257 0.0 0.4
37.001343 -100.375424 0.0 0.4
37.00152 -100.359136 0.0 0.4
37.001540999999996 -100.342575 0.0 0.4
37.00166 -100.325518 0.0 0.4
37.001767 -100.313228 0.0 0.4
37.001821 -100.29736 0.0 0.4
37.001830999999996 -100.281835 0.0 0.4
37.001886 -100.27049 0.0 0.4
37.001962 -100.254779 0.0 0.4
37.002001 -100.221065 0.0 0.4
37.002055999999996 -100.207556 0.0 0.4
37.002164 -100.197271 0.0 0.4
37.00212 -100.174406 0.0 0.4
37.00221 -100.143904 0.0 0.4
37.002255999999996 -100.128776 0.0 0.4
37.002173 -100.118661 0.0 0.4
37.002311999999996 -100.107891 0.0 0.4
37.002289 -100.097696 0.0 0.4
37.002266 -100.087078 0.0 0.4
37.002159 -100.076834 0.0 0.4
37.002117999999996 -100.066652 0.0 0.4
37.002096 -100.056563 0.0 0.4
37.002027 -100.045601 0.0 0.4
37.001961 -100.034593 0.0 0.4
37.001909999999995 -100.023993 0.0 0.4
37.001818 -100.013911 0.0 0.4
37.001706 -100.002563 0.0 0.4
37.001615 -99.97858 0.0 0.4
37.001632 -99.937601 0.0 0.4
37.001644999999996 -99.90489699999999 0.0 0.4
37.001653 -99.887473 0.0 0.4
37.001659 -99.87540899999999 0.0 0.4
37.001297 -99.83758499999999 0.0 0.4
37.001222 -99.827377 0.0 0.4
37.001093999999995 -99.806854 0.0 0.4
37.001011999999996 -99.796331 0.0 0.4
37.000931 -99.78601599999999 0.0 0.4
37.000842 -99.774844 0.0 0.4
37.000836 -99.758719 0.0 0.4
37.000777 -99.74782599999999 0.0 0.4
37.000659999999996 -99.735998 0.0 0.4
37.000530999999995 -99.72565399999999 0.0 0.4
37.000479999999996 -99.71531 0.0 0.4
37.000398 -99.705193 0.0 0.4
37.000378 -99.694684 0.0 0.4
37.000281 -99.68400899999999 0.0 0.4
37.000181999999995 -99.67162499999999 0.0 0.4
37.000093 -99.65757099999999 0.0 0.4
37.000028 -99.64739499999999 0.0 0.4
37.000005 -99.635075 0.0 0.4
36.999964 -99.62324699999999 0.0 0.4
36.99998 -99.610665 0.0 0.4
36.999950999999996 -99.600218 0.0 0.4
36.999883 -99.585206 0.0 0.4
36.999871 -99.575172 0.0 0.4
36.999854 -99.565156 0.0 0.4
36.999553999999996 -99.55413399999999 0.0 0.4
36.999606 -99.54157099999999 0.0 0.4
36.999747 -99.525617 0.0 0.4
36.999658 -99.508547 0.0 0.4
36.999686 -99.497445 0.0 0.4
36.999728999999995 -99.48438499999999 0.0 0.4
36.999476 -99.471493 0.0 0.4
36.999471 -99.45658499999999 0.0 0.4
36.999480999999996 -99.44263199999999 0.0 0.4
36.999562999999995 -99.417823 0.0 0.4
36.999579 -99.407015 0.0 0.4
36.999838 -99.396675 0.0 0.4
37.000115 -99.38613699999999 0.0 0.4
37.000177 -99.375391 0.0 0.4
37.000042 -99.362144 0.0 0.4
36.999898 -99.346783 0.0 0.4
36.99984 -99.333717 0.0 0.4
36.999779 -99.319876 0.0 0.4
36.999700000000004 -99.301926 0.0 0.4
36.999641 -99.288596 0.0 0.4
36.999581 -99.277929 0.0 0.4
36.999508999999996 -99.26759 0.0 0.4
36.999521 -99.254744 0.0 0.4
36.999547 -99.22688 0.0 0.4
36.999556999999996 -99.21543299999999 0.0 0.4
36.999527 -99.18154799999999 0.0 0.4
36.999472 -99.171498 0.0 0.4
36.999452999999995 -99.155557 0.0 0.4
36.999432999999996 -99.139056 0.0 0.4
36.999477 -99.125382 0.0 0.4
36.999458 -99.111784 0.0 0.4
36.999385 -99.09165899999999 0.0 0.4
36.999307 -99.075403 0.0 0.4
36.999237 -99.05447199999999 0.0 0.4
36.999474 -99.03589199999999 0.0 0.4
36.999536 -99.024898 0.0 0.4
36.999517999999995 -99.013668 0.0 0.4
36.999486999999995 -99.002347 0.0 0.4
36.999525 -98.989289 0.0 0.4
36.999598 -98.977458 0.0 0.4
36.999595 -98.95938 0.0 0.4
36.999590999999995 -98.945296 0.0 0.4
36.999576999999995 -98.93384999999999 0.0 0.4
36.999558 -98.92303899999999 0.0 0.4
36.999508 -98.907429 0.0 0.4
36.999311999999996 -98.88085199999999 0.0 0.4
36.999392 -98.870628 0.0 0.4
36.999454 -98.851692 0.0 0.4
36.999407 -98.83536699999999 0.0 0.4
36.999319 -98.816803 0.0 0.4
36.99923 -98.797337 0.0 0.4
36.999368 -98.77727399999999 0.0 0.4
36.999305 -98.76170499999999 0.0 0.4
36.99921 -98.75156299999999 0.0 0.4
36.999165999999995 -98.740223 0.0 0.4
36.999065 -98.725123 0.0 0.4
36.999092999999995 -98.714145 0.0 0.4
36.99902 -98.701867 0.0 0.4
36.999004 -98.691549 0.0 0.4
36.998953 -98.68006299999999 0.0 0.4
36.998915 -98.66828699999999 0.0 0.4
36.998872 -98.657107 0.0 0.4
36.998875999999996 -98.645338 0.0 0.4
36.998914 -98.634705 0.0 0.4
36.998891 -98.62316 0.0 0.4
36.998861 -98.613036 0.0 0.4
36.998825 -98.59921399999999 0.0 0.4
36.998801 -98.587424 0.0 0.4
36.998827999999996 -98.570638 0.0 0.4
36.998787 -98.558382 0.0 0.4
36.998767 -98.548244 0.0 0.4
36.998778 -98.53786099999999 0.0 0.4
36.998875 -98.52686 0.0 0.4
36.998806 -98.514545 0.0 0.4
36.998664999999995 -98.504048 0.0 0.4
36.998579 -98.492639 0.0 0.4
36.99854 -98.482388 0.0 0.4
36.998478999999996 -98.472372 0.0 0.4
36.998412 -98.46059 0.0 0.4
36.998385 -98.450059 0.0 0.4
36.998371999999996 -98.43866399999999 0.0 0.4
36.998345 -98.42862699999999 0.0 0.4
36.998404 -98.418416 0.0 0.4
36.998379 -98.408305 0.0 0.4
36.998317 -98.37535 0.0 0.4
36.998034 -98.363776 0.0 0.4
36.997974 -98.351258 0.0 0.4
36.997898 -98.335715 0.0 0.4
36.997741 -98.309958 0.0 0.4
36.997687 -98.29676699999999 0.0 0.4
36.997707999999996 -98.274423 0.0 0.4
36.997724 -98.25348199999999 0.0 0.4
36.997945 -98.23900499999999 0.0 0.4
36.997996 -98.22792299999999 0.0 0.4
36.997959 -98.212301 0.0 0.4
36.997889 -98.20118099999999 0.0 0.4
36.997899 -98.19046999999999 0.0 0.4
36.99794 -98.178142 0.0 0.4
36.997937 -98.164216 0.0 0.4
36.998087 -98.153087 0.0 0.4
36.998107999999995 -98.141517 0.0 0.4
36.998081 -98.13135 0.0 0.4
36.998087 -98.11970000000001 0.0 0.4
36.998104999999995 -98.109541 0.0 0.4
36.998207 -98.09623099999999 0.0 0.4
36.998267999999996 -98.084139 0.0 0.4
36.998281999999996 -98.073521 0.0 0.4
36.998312999999996 -98.06174 0.0 0.4
36.99838 -98.046641 0.0 0.4
36.998407 -98.03626899999999 0.0 0.4
36.998421 -98.02571999999999 0.0 0.4
36.998481999999996 -98.010954 0.0 0.4
36.998501999999995 -97.99664399999999 0.0 0.4
36.998464 -97.98494199999999 0.0 0.4
36.998484999999995 -97.97165199999999 0.0 0.4
36.998551 -97.960819 0.0 0.4
36.99858 -97.95038799999999 0.0 0.4
36.998602999999996 -97.940372 0.0 0.4
36.998616 -97.92933699999999 0.0 0.4
36.998633 -97.91784299999999 0.0 0.4
36.998647999999996 -97.907401 0.0 0.4
36.998663 -97.894893 0.0 0.4
36.998683 -97.880164 0.0 0.4
36.998686 -97.867995 0.0 0.4
36.998691 -97.853954 0.0 0.4
36.998667999999995 -97.843402 0.0 0.4
36.998708 -97.830261 0.0 0.4
36.998719 -97.82023099999999 0.0 0.4
36.998723999999996 -97.809275 0.0 0.4
36.998736 -97.799089 0.0 0.4
36.998773 -97.786701 0.0 0.4
36.998740999999995 -97.769622 0.0 0.4
36.998768999999996 -97.75849 0.0 0.4
36.998756 -97.74678999999999 0.0 0.4
36.99872 -97.734864 0.0 0.4
36.998853 -97.71714999999999 0.0 0.4
36.998826 -97.697104 0.0 0.4
36.998916 -97.678687 0.0 0.4
36.998957 -97.65212199999999 0.0 0.4
36.998858 -97.641964 0.0 0.4
36.99888 -97.625328 0.0 0.4
36.998765 -97.615265 0.0 0.4
36.998633 -97.60509599999999 0.0 0.4
36.998546 -97.595028 0.0 0.4
36.998638 -97.582377 0.0 0.4
36.998646 -97.571648 0.0 0.4
36.998734 -97.560341 0.0 0.4
36.99865 -97.54835299999999 0.0 0.4
36.998745 -97.531903 0.0 0.4
36.998630999999996 -97.519899 0.0 0.4
36.998639 -97.50819299999999 0.0 0.4
36.998675999999996 -97.496978 0.0 0.4
36.998664999999995 -97.48563399999999 0.0 0.4
36.998706999999996 -97.474925 0.0 0.4
36.998751999999996 -97.46470099999999 0.0 0.4
36.998711 -97.454602 0.0 0.4
36.998753 -97.442208 0.0 0.4
36.998759 -97.42667999999999 0.0 0.4
36.998739 -97.415165 0.0 0.4
36.998782 -97.40176 0.0 0.4
36.998813999999996 -97.39070000000001 0.0 0.4
36.998843 -97.38042399999999 0.0 0.4
36.99883 -97.370409 0.0 0.4
36.998830999999996 -97.359377 0.0 0.4
36.998830999999996 -97.34704699999999 0.0 0.4
36.998844 -97.33679 0.0 0.4
36.99888 -97.318747 0.0 0.4
36.998857 -97.30767499999999 0.0 0.4
36.998877 -97.295541 0.0 0.4
36.998889 -97.284262 0.0 0.4
36.998886 -97.27385 0.0 0.4
36.998909 -97.262779 0.0 0.4
36.998905 -97.250755 0.0 0.4
36.998912 -97.239637 0.0 0.4
36.998885 -97.22944299999999 0.0 0.4
36.998931999999996 -97.21600000000001 0.0 0.4
36.998975 -97.202801 0.0 0.4
36.99903 -97.19229299999999 0.0 0.4
36.999027 -97.181169 0.0 0.4
36.999018 -97.16968999999999 0.0 0.4
36.999027 -97.156284 0.0 0.4
36.999029 -97.146175 0.0 0.4
36.999007999999996 -97.132865 0.0 0.4
36.99906 -97.122598 0.0 0.4
36.999055999999996 -97.112391 0.0 0.4
36.999004 -97.101879 0.0 0.4
36.999009 -97.09012299999999 0.0 0.4
36.999027999999996 -97.07836499999999 0.0 0.4
36.999026 -97.066946 0.0 0.4
36.999009 -97.05518599999999 0.0 0.4
36.998982 -97.044992 0.0 0.4
36.998974 -97.031864 0.0 0.4
36.999058 -97.021687 0.0 0.4
36.999043 -97.010228 0.0 0.4
36.999069 -96.99904099999999 0.0 0.4
36.999058 -96.986874 0.0 0.4
36.999068 -96.976867 0.0 0.4
36.999071 -96.965347 0.0 0.4
36.999085 -96.950958 0.0 0.4
36.999071 -96.939306 0.0 0.4
36.999109 -96.928175 0.0 0.4
36.999120999999995 -96.917965 0.0 0.4
36.999168 -96.905892 0.0 0.4
36.999175 -96.89560999999999 0.0 0.4
36.999223 -96.882588 0.0 0.4
36.999221999999996 -96.86935199999999 0.0 0.4
36.999244999999995 -96.85435 0.0 0.4
36.999167 -96.84251499999999 0.0 0.4
36.999252999999996 -96.83120799999999 0.0 0.4
36.999156 -96.820619 0.0 0.4
36.999038999999996 -96.81059599999999 0.0 0.4
36.998903999999996 -96.799048 0.0 0.4
36.999207 -96.787791 0.0 0.4
36.999175 -96.777422 0.0 0.4
36.999155 -96.765789 0.0 0.4
36.999108 -96.753816 0.0 0.4
36.999238999999996 -96.74127 0.0 0.4
36.999280999999996 -96.72841799999999 0.0 0.4
36.999269999999996 -96.712727 0.0 0.4
36.999198 -96.698038 0.0 0.4
36.999165 -96.68693599999999 0.0 0.4
36.99914 -96.675224 0.0 0.4
36.999100999999996 -96.65625 0.0 0.4
36.999072 -96.64179 0.0 0.4
36.999043 -96.62738999999999 0.0 0.4
36.998937999999995 -96.607359 0.0 0.4
36.998899 -96.593138 0.0 0.4
36.998857 -96.578014 0.0 0.4
36.998827999999996 -96.56763099999999 0.0 0.4
36.99879 -96.55448899999999 0.0 0.4
36.99872 -96.52864199999999 0.0 0.4
36.998691 -96.518208 0.0 0.4
36.998643 -96.500289 0.0 0.4
36.99881 -96.482564 0.0 0.4
36.99896 -96.466715 0.0 0.4
36.999092999999995 -96.452497 0.0 0.4
36.999108 -96.435791 0.0 0.4
36.999216 -96.415623 0.0 0.4
36.999192 -96.40286499999999 0.0 0.4
36.999224999999996 -96.391745 0.0 0.4
36.999249999999996 -96.381557 0.0 0.4
36.999309 -96.370663 0.0 0.4
36.999292 -96.35316 0.0 0.4
36.999295 -96.341751 0.0 0.4
36.999297999999996 -96.33012099999999 0.0 0.4
36.999302 -96.31983699999999 0.0 0.4
36.999119 -96.308847 0.0 0.4
36.999404999999996 -96.298735 0.0 0.4
36.999272 -96.28552099999999 0.0 0.4
36.999229 -96.274816 0.0 0.4
36.999215 -96.263369 0.0 0.4
36.999252 -96.25307699999999 0.0 0.4
36.999192 -96.241911 0.0 0.4
36.999182 -96.230463 0.0 0.4
36.999137999999995 -96.21848899999999 0.0 0.4
36.999108 -96.20813 0.0 0.4
36.9992 -96.194904 0.0 0.4
36.999338 -96.184708 0.0 0.4
36.999154 -96.17391599999999 0.0 0.4
36.999092999999995 -96.161091 0.0 0.4
36.999043 -96.149706 0.0 0.4
36.998979999999996 -96.13896899999999 0.0 0.4
36.999026 -96.125407 0.0 0.4
36.999204999999996 -96.11295799999999 0.0 0.4
36.999147 -96.09542599999999 0.0 0.4
36.999105 -96.081904 0.0 0.4
36.99906 -96.06774899999999 0.0 0.4
36.999030999999995 -96.057656 0.0 0.4
36.998967 -96.035772 0.0 0.4
36.998934 -96.024335 0.0 0.4
36.998861999999995 -96.001269 0.0 0.4
36.999038 -95.98486199999999 0.0 0.4
36.999072 -95.973129 0.0 0.4
36.999117 -95.96164399999999 0.0 0.4
36.999096 -95.95104599999999 0.0 0.4
36.999268 -95.93699199999999 0.0 0.4
36.99932 -95.92546399999999 0.0 0.4
36.999328999999996 -95.91512999999999 0.0 0.4
36.999190999999996 -95.89506899999999 0.0 0.4
36.999227999999995 -95.87671399999999 0.0 0.4
36.999204999999996 -95.86666699999999 0.0 0.4
36.999168999999995 -95.85633 0.0 0.4
36.999213999999995 -95.845935 0.0 0.4
36.99921 -95.83540599999999 0.0 0.4
36.999266 -95.825175 0.0 0.4
36.999176999999996 -95.81493999999999 0.0 0.4
36.999206 -95.79943999999999 0.0 0.4
36.99931 -95.786762 0.0 0.4
36.999204 -95.76870799999999 0.0 0.4
36.999232 -95.755219 0.0 0.4
36.999252999999996 -95.74330499999999 0.0 0.4
36.999306 -95.732688 0.0 0.4
36.999233 -95.71831 0.0 0.4
36.999313 -95.70522 0.0 0.4
36.999271 -95.693749 0.0 0.4
36.999255999999995 -95.681674 0.0 0.4
36.999297 -95.66915 0.0 0.4
36.999345 -95.65834199999999 0.0 0.4
36.99937 -95.647284 0.0 0.4
36.999378 -95.63663299999999 0.0 0.4
36.999345999999996 -95.626165 0.0 0.4
36.99932 -95.616007 0.0 0.4
36.999308 -95.6059 0.0 0.4
36.999283999999996 -95.590828 0.0 0.4
36.999264 -95.57691299999999 0.0 0.4
36.999351 -95.56250299999999 0.0 0.4
36.999352 -95.55242899999999 0.0 0.4
36.999337 -95.541882 0.0 0.4
36.999311 -95.529494 0.0 0.4
36.999252999999996 -95.516024 0.0 0.4
36.999276 -95.50433199999999 0.0 0.4
36.999368 -95.492294 0.0 0.4
36.999369 -95.480125 0.0 0.4
36.999352 -95.469349 0.0 0.4
36.999266 -95.45889 0.0 0.4
36.999297999999996 -95.447734 0.0 0.4
36.999288 -95.435778 0.0 0.4
36.999283 -95.42571 0.0 0.4
36.999314 -95.41386299999999 0.0 0.4
36.999311999999996 -95.39975899999999 0.0 0.4
36.999336 -95.38963 0.0 0.4
36.999359999999996 -95.377258 0.0 0.4
36.99943 -95.36703899999999 0.0 0.4
36.999435999999996 -95.356709 0.0 0.4
36.999401999999996 -95.34434399999999 0.0 0.4
36.999387 -95.33351599999999 0.0 0.4
36.999406 -95.322756 0.0 0.4
36.999437 -95.312497 0.0 0.4
36.99955 -95.2947 0.0 0.4
36.999547 -95.281881 0.0 0.4
36.999505 -95.270145 0.0 0.4
36.999535 -95.26012999999999 0.0 0.4
36.999567 -95.24999299999999 0.0 0.4
36.999587 -95.238519 0.0 0.4
36.999589 -95.22740999999999 0.0 0.4
36.999581 -95.216134 0.0 0.4
36.99958 -95.20601599999999 0.0 0.4
36.999572 -95.19568 0.0 0.4
36.999474 -95.182666 0.0 0.4
36.999624 -95.170288 0.0 0.4
36.999601999999996 -95.15983399999999 0.0 0.4
36.999582 -95.149547 0.0 0.4
36.999584 -95.13933899999999 0.0 0.4
36.999541 -95.128546 0.0 0.4
36.999587 -95.117012 0.0 0.4
36.999595 -95.106741 0.0 0.4
36.99957 -95.09668699999999 0.0 0.4
36.999584 -95.085797 0.0 0.4
36.999547 -95.075687 0.0 0.4
36.999559999999995 -95.06483 0.0 0.4
36.99958 -95.05335699999999 0.0 0.4
36.999617 -95.04248899999999 0.0 0.4
36.999511999999996 -95.03117499999999 0.0 0.4
36.999531 -95.015211 0.0 0.4
36.999497 -95.004654 0.0 0.4
36.999528 -94.99342 0.0 0.4
36.999500000000005 -94.98200899999999 0.0 0.4
36.99948 -94.969901 0.0 0.4
36.99943 -94.95877999999999 0.0 0.4
36.999300000000005 -94.94838 0.0 0.4
36.999218 -94.936202 0.0 0.4
36.999117999999996 -94.92273999999999 0.0 0.4
36.999095 -94.908468 0.0 0.4
36.99895 -94.89511 0.0 0.4
36.99886 -94.88484 0.0 0.4
36.998853 -94.871853 0.0 0.4
36.99884 -94.85866 0.0 0.4
36.998826 -94.84845 0.0 0.4
36.99879 -94.83681 0.0 0.4
36.998751 -94.826448 0.0 0.4
36.9987 -94.813717 0.0 0.4
36.998753 -94.80134699999999 0.0 0.4
36.998742 -94.787267 0.0 0.4
36.998702 -94.777245 0.0 0.4
36.99868 -94.76724 0.0 0.4
36.998621 -94.754691 0.0 0.4
36.998653999999995 -94.74320499999999 0.0 0.4
36.99867 -94.73281899999999 0.0 0.4
36.99867 -94.7227 0.0 0.4
36.998794 -94.712639 0.0 0.4
36.998647999999996 -94.701816 0.0 0.4
36.998841 -94.69130899999999 0.0 0.4
36.998669 -94.681185 0.0 0.4
36.99867 -94.66863099999999 0.0 0.4
36.99867 -94.657405 0.0 0.4
36.998671 -94.64000899999999 0.0 0.4
36.998962999999996 -94.626092 0.0 0.4
36.991589999999995 -94.617972 0.0 0.4
36.980627 -94.618158 0.0 0.4
36.970349999999996 -94.618231 0.0 0.4
36.959537 -94.618027 0.0 0.4
36.949290999999995 -94.618105 0.0 0.4
36.939263 -94.617999 0.0 0.4
36.928224 -94.61800799999999 0.0 0.4
36.917595 -94.618034 0.0 0.4
36.904025 -94.618032 0.0 0.4
36.893642 -94.618326 0.0 0.4
36.883449 -94.61857499999999 0.0 0.4
36.872800000000005 -94.618316 0.0 0.4
36.862415999999996 -94.618347 0.0 0.4
36.851242 -94.61824999999999 0.0 0.4
36.839473 -94.618387 0.0 0.4
36.824553 -94.61842 0.0 0.4
36.803705 -94.618414 0.0 0.4
36.781000999999996 -94.61819899999999 0.0 0.4
36.76656 -94.618307 0.0 0.4
36.75297 -94.61842999999999 0.0 0.4
36.741537 -94.618332 0.0 0.4
36.728874 -94.61823799999999 0.0 0.4
36.716682 -94.61819 0.0 0.4
36.705915 -94.618146 0.0 0.4
36.694967999999996 -94.618146 0.0 0.4
36.68258 -94.618113 0.0 0.4
36.669422 -94.61802499999999 0.0 0.4
36.658761 -94.618021 0.0 0.4
36.648434 -94.61795699999999 0.0 0.4
36.637786999999996 -94.617862 0.0 0.4
36.627117 -94.617769 0.0 0.4
36.615031 -94.617694 0.0 0.4
36.604921 -94.617848 0.0 0.4
36.594497 -94.617858 0.0 0.4
36.584344 -94.61788299999999 0.0 0.4
36.570519 -94.617919 0.0 0.4
36.560442 -94.61791199999999 0.0 0.4
36.550038 -94.61791799999999 0.0 0.4
36.539628 -94.617886 0.0 0.4
36.526416 -94.617941 0.0 0.4
36.51639 -94.617835 0.0 0.4
36.505373 -94.617853 0.0 0.4
36.493987 -94.616952 0.0 0.4
36.481697 -94.614987 0.0 0.4
36.468635 -94.61289599999999 0.0 0.4
36.452593 -94.610406 0.0 0.4
36.441038 -94.60857399999999 0.0 0.4
36.423536999999996 -94.60579299999999 0.0 0.4
36.413658999999996 -94.604112 0.0 0.4
36.403054 -94.602324 0.0 0.4
36.392672 -94.60064799999999 0.0 0.4
36.376447999999996 -94.59812699999999 0.0 0.4
36.366459 -94.59656 0.0 0.4
36.355408 -94.594893 0.0 0.4
36.344646 -94.59323099999999 0.0 0.4
36.334613 -94.59164799999999 0.0 0.4
36.32465 -94.59010099999999 0.0 0.4
36.313842 -94.588377 0.0 0.4
36.300191999999996 -94.586181 0.0 0.4
36.290209 -94.58447799999999 0.0 0.4
36.279359 -94.582724 0.0 0.4
36.269303 -94.581109 0.0 0.4
36.259308 -94.579391 0.0 0.4
36.246263 -94.577173 0.0 0.4
36.236045 -94.575473 0.0 0.4
36.226104 -94.573773 0.0 0.4
36.215413999999996 -94.572045 0.0 0.4
36.199492 -94.56929099999999 0.0 0.4
36.189392 -94.56755299999999 0.0 0.4
36.179518 -94.565781 0.0 0.4
36.168727 -94.563925 0.0 0.4
36.156304 -94.561729 0.0 0.4
36.145703 -94.55986899999999 0.0 0.4
36.132912 -94.557633 0.0 0.4
36.118428 -94.55518099999999 0.0 0.4
36.104687999999996 -94.55265999999999 0.0 0.4
36.093312 -94.550608 0.0 0.4
36.077388 -94.547829 0.0 0.4
36.066848 -94.546069 0.0 0.4
36.05563 -94.544004 0.0 0.4
36.039037 -94.541097 0.0 0.4
36.027797 -94.53913 0.0 0.4
36.016954 -94.537324 0.0 0.4
36.005642 -94.535359 0.0 0.4
35.995174 -94.533538 0.0 0.4
35.985211 -94.531773 0.0 0.4
35.974787 -94.52987399999999 0.0 0.4
35.964785 -94.528156 0.0 0.4
35.953489 -94.526167 0.0 0.4
35.935776 -94.523122 0.0 0.4
35.924242 -94.521142 0.0 0.4
35.91129 -94.519087 0.0 0.4
35.900773 -94.517314 0.0 0.4
35.890432 -94.51547699999999 0.0 0.4
35.876335999999995 -94.512952 0.0 0.4
35.862497999999995 -94.51050000000001 0.0 0.4
35.850456 -94.508468 0.0 0.4
35.833965 -94.50572 0.0 0.4
35.82342 -94.50394 0.0 0.4
35.808152 -94.50145599999999 0.0 0.4
35.794036999999996 -94.498954 0.0 0.4
35.781475 -94.496839 0.0 0.4
35.769622999999996 -94.494812 0.0 0.4
35.759246999999995 -94.49313699999999 0.0 0.4
35.748923 -94.491436 0.0 0.4
35.737269 -94.489493 0.0 0.4
35.726850999999996 -94.48775599999999 0.0 0.4
35.716401999999995 -94.48602299999999 0.0 0.4
35.705511 -94.484172 0.0 0.4
35.692116999999996 -94.481831 0.0 0.4
35.673791 -94.478673 0.0 0.4
35.663717999999996 -94.476919 0.0 0.4
35.650703 -94.474674 0.0 0.4
35.640786999999996 -94.472988 0.0 0.4
35.629216 -94.471087 0.0 0.4
35.613323 -94.468615 0.0 0.4
35.601825 -94.466661 0.0 0.4
35.591792999999996 -94.46487499999999 0.0 0.4
35.579971 -94.46314699999999 0.0 0.4
35.563635999999995 -94.460431 0.0 0.4
35.549808999999996 -94.457939 0.0 0.4
35.538849 -94.45599399999999 0.0 0.4
35.528407 -94.45428199999999 0.0 0.4
35.516515 -94.45231199999999 0.0 0.4
35.5066 -94.450773 0.0 0.4
35.494868 -94.44898599999999 0.0 0.4
35.47255 -94.445089 0.0 0.4
35.461501999999996 -94.443193 0.0 0.4
35.451522 -94.44148299999999 0.0 0.4
35.441201 -94.43990000000001 0.0 0.4
35.424937 -94.43688 0.0 0.4
35.410869999999996 -94.43430599999999 0.0 0.4
35.398770999999996 -94.432075 0.0 0.4
35.388709999999996 -94.43436 0.0 0.4
35.378581 -94.433182 0.0 0.4
35.368617 -94.431579 0.0 0.4
35.3585 -94.432402 0.0 0.4
35.347350999999996 -94.43283699999999 0.0 0.4
35.336267 -94.43330399999999 0.0 0.4
35.326248 -94.43370399999999 0.0 0.4
35.315812 -94.43408699999999 0.0 0.4
35.303374999999996 -94.434592 0.0 0.4
35.292314 -94.435071 0.0 0.4
35.280316 -94.435547 0.0 0.4
35.267986 -94.436004 0.0 0.4
35.25793 -94.436385 0.0 0.4
35.246719999999996 -94.436791 0.0 0.4
35.236412 -94.43712 0.0 0.4
35.225555 -94.437534 0.0 0.4
35.211134 -94.438104 0.0 0.4
35.200841 -94.43844999999999 0.0 0.4
35.189564 -94.43882599999999 0.0 0.4
35.178865 -94.43921 0.0 0.4
35.166309999999996 -94.439701 0.0 0.4
35.149676 -94.440293 0.0 0.4
35.139123999999995 -94.44064999999999 0.0 0.4
35.128675 -94.44093 0.0 0.4
35.116802 -94.441313 0.0 0.4
35.106211 -94.441687 0.0 0.4
35.091949 -94.442196 0.0 0.4
35.08097 -94.442588 0.0 0.4
35.070339 -94.442983 0.0 0.4
35.058037999999996 -94.44341 0.0 0.4
35.043317 -94.44391999999999 0.0 0.4
35.030356 -94.444436 0.0 0.4
35.019515 -94.44479 0.0 0.4
35.006049 -94.445207 0.0 0.4
34.994088 -94.445634 0.0 0.4
34.980705 -94.446078 0.0 0.4
34.969996 -94.446472 0.0 0.4
34.956506 -94.44692099999999 0.0 0.4
34.942127 -94.447392 0.0 0.4
34.927766 -94.447767 0.0 0.4
34.914113 -94.44832199999999 0.0 0.4
34.902845 -94.44873799999999 0.0 0.4
34.892703 -94.449079 0.0 0.4
34.882165 -94.44943699999999 0.0 0.4
34.87191 -94.44976199999999 0.0 0.4
34.861157 -94.449987 0.0 0.4
34.845682 -94.45060099999999 0.0 0.4
34.833434 -94.451009 0.0 0.4
34.816244 -94.451582 0.0 0.4
34.805778 -94.45194599999999 0.0 0.4
34.795241 -94.45227799999999 0.0 0.4
34.78234 -94.452738 0.0 0.4
34.767818 -94.453216 0.0 0.4
34.753043999999996 -94.45369699999999 0.0 0.4
34.740237 -94.45409699999999 0.0 0.4
34.728944999999996 -94.454436 0.0 0.4
34.714456999999996 -94.45491299999999 0.0 0.4
34.699884 -94.455396 0.0 0.4
34.68821 -94.455731 0.0 0.4
34.674994999999996 -94.456164 0.0 0.4
34.655609 -94.456797 0.0 0.4
34.643482 -94.457218 0.0 0.4
34.631397 -94.457557 0.0 0.4
34.609521 -94.45823 0.0 0.4
34.594021 -94.458646 0.0 0.4
34.57871 -94.45911799999999 0.0 0.4
34.568529999999996 -94.45942199999999 0.0 0.4
34.550247999999996 -94.459948 0.0 0.4
34.538384 -94.46025 0.0 0.4
34.528155 -94.46055199999999 0.0 0.4
34.518052 -94.460816 0.0 0.4
34.507456999999995 -94.46114899999999 0.0 0.4
34.497298 -94.461428 0.0 0.4
34.485909 -94.461704 0.0 0.4
34.471512 -94.46211699999999 0.0 0.4
34.459590999999996 -94.46242099999999 0.0 0.4
34.447466999999996 -94.462802 0.0 0.4
34.43369 -94.463292 0.0 0.4
34.421726 -94.46355 0.0 0.4
34.410923 -94.463884 0.0 0.4
34.396526 -94.464378 0.0 0.4
34.385889 -94.464719 0.0 0.4
34.374642 -94.465075 0.0 0.4
34.363434 -94.465431 0.0 0.4
34.353364 -94.46566999999999 0.0 0.4
34.343306 -94.46611 0.0 0.4
34.332955999999996 -94.466478 0.0 0.4
34.319869 -94.466887 0.0 0.4
34.309794 -94.46715499999999 0.0 0.4
34.287434999999995 -94.46787599999999 0.0 0.4
34.277144 -94.468087 0.0 0.4
34.263824 -94.46842199999999 0.0 0.4
34.253243999999995 -94.46864 0.0 0.4
34.238281 -94.469095 0.0 0.4
34.222317 -94.469544 0.0 0.4
34.211549999999995 -94.469757 0.0 0.4
34.198285 -94.470072 0.0 0.4
34.182702 -94.470584 0.0 0.4
34.171670999999996 -94.47095999999999 0.0 0.4
34.161363 -94.471312 0.0 0.4
34.147962 -94.471599 0.0 0.4
34.137831999999996 -94.471837 0.0 0.4
34.12424 -94.472128 0.0 0.4
34.113082 -94.47240099999999 0.0 0.4
34.102978 -94.47263099999999 0.0 0.4
34.089529 -94.47308699999999 0.0 0.4
34.073569 -94.47363399999999 0.0 0.4
34.059467 -94.47405599999999 0.0 0.4
34.048598 -94.474379 0.0 0.4
34.03553 -94.47475 0.0 0.4
34.022858 -94.475076 0.0 0.4
34.012045 -94.47537799999999 0.0 0.4
34.001691 -94.47573899999999 0.0 0.4
33.976634 -94.476483 0.0 0.4
33.963502999999996 -94.476844 0.0 0.4
33.953229 -94.477109 0.0 0.4
33.941139 -94.477392 0.0 0.4
33.930349 -94.477676 0.0 0.4
33.920254 -94.47801899999999 0.0 0.4
33.910216 -94.47826099999999 0.0 0.4
33.898114 -94.47856399999999 0.0 0.4
33.887781 -94.478842 0.0 0.4
33.876844 -94.479209 0.0 0.4
33.866745 -94.479486 0.0 0.4
33.856708 -94.479761 0.0 0.4
33.844808 -94.480125 0.0 0.4
33.834792 -94.48029799999999 0.0 0.4
33.824503 -94.480654 0.0 0.4
33.813590999999995 -94.48113 0.0 0.4
33.803084 -94.481287 0.0 0.4
33.792783 -94.481577 0.0 0.4
33.775099 -94.48220599999999 0.0 0.4
33.764959999999995 -94.482451 0.0 0.4
33.754540999999996 -94.48274099999999 0.0 0.4
33.743072 -94.482985 0.0 0.4
33.726835 -94.48344999999999 0.0 0.4
33.716764 -94.483734 0.0 0.4
33.705352 -94.484087 0.0 0.4
33.693509 -94.484471 0.0 0.4
33.678261 -94.484929 0.0 0.4
33.663669 -94.485385 0.0 0.4
33.653614 -94.485568 0.0 0.4
33.641203 -94.485827 0.0 0.4
33.630634 -94.487737 0.0 0.4
33.62417 -94.495809 0.0 0.4
33.620668 -94.505617 0.0 0.4
33.626877 -94.513908 0.0 0.4
33.618535 -94.519674 0.0 0.4
33.61719 -94.529861 0.0 0.4
33.626801 -94.533543 0.0 0.4
33.632608999999995 -94.52457299999999 0.0 0.4
33.640578 -94.53077599999999 0.0 0.4
33.636299 -94.54185799999999 0.0 0.4
33.6297 -94.549712 0.0 0.4
33.626746 -94.560217 0.0 0.4
33.629495 -94.57037 0.0 0.4
33.639334999999996 -94.564707 0.0 0.4
33.643408 -94.55448299999999 0.0 0.4
33.64794 -94.544283 0.0 0.4
33.659566 -94.54673199999999 0.0 0.4
33.656967 -94.560198 0.0 0.4
33.65255 -94.569778 0.0 0.4
33.645365999999996 -94.57814499999999 0.0 0.4
33.644183 -94.58863199999999 0.0 0.4
33.653359 -94.583338 0.0 0.4
33.660613999999995 -94.570989 0.0 0.4
33.664911 -94.56114 0.0 0.4
33.667989999999996 -94.57166199999999 0.0 0.4
33.673279 -94.580731 0.0 0.4
33.682572 -94.584605 0.0 0.4
33.674033 -94.590991 0.0 0.4
33.664201999999996 -94.59517 0.0 0.4
33.664189 -94.605823 0.0 0.4
33.672562 -94.612397 0.0 0.4
33.681242 -94.61762499999999 0.0 0.4
33.681604 -94.627686 0.0 0.4
33.671473999999996 -94.63230399999999 0.0 0.4
33.663737 -94.639198 0.0 0.4
33.662604 -94.64923399999999 0.0 0.4
33.66035 -94.65987 0.0 0.4
33.664362 -94.669311 0.0 0.4
33.673732 -94.665039 0.0 0.4
33.67176 -94.65489199999999 0.0 0.4
33.6755 -94.645579 0.0 0.4
33.684438 -94.650373 0.0 0.4
33.691347 -94.642395 0.0 0.4
33.701312 -94.643244 0.0 0.4
33.690619999999996 -94.647064 0.0 0.4
33.690194 -94.657529 0.0 0.4
33.694578 -94.66684099999999 0.0 0.4
33.689809 -94.675912 0.0 0.4
33.684353 -94.68479599999999 0.0 0.4
33.685857 -94.694836 0.0 0.4
33.687961 -94.704651 0.0 0.4
33.688043 -94.71475699999999 0.0 0.4
33.696995 -94.709898 0.0 0.4
33.701417 -94.700884 0.0 0.4
33.707426 -94.709049 0.0 0.4
33.713088 -94.721508 0.0 0.4
33.715801 -94.731725 0.0 0.4
33.705791 -94.728484 0.0 0.4
33.702551 -94.71846599999999 0.0 0.4
33.691691999999996 -94.71780199999999 0.0 0.4
33.691013999999996 -94.72946499999999 0.0 0.4
33.695588 -94.738506 0.0 0.4
33.702959 -94.745904 0.0 0.4
33.70973 -94.753501 0.0 0.4
33.712852999999996 -94.743104 0.0 0.4
33.717973 -94.734265 0.0 0.4
33.727168 -94.73825099999999 0.0 0.4
33.719778999999996 -94.74503 0.0 0.4
33.714172 -94.75340399999999 0.0 0.4
33.724045 -94.74926699999999 0.0 0.4
33.733897 -94.751487 0.0 0.4
33.727584 -94.760083 0.0 0.4
33.727187 -94.77312599999999 0.0 0.4
33.730883999999996 -94.78335799999999 0.0 0.4
33.740877999999995 -94.78296399999999 0.0 0.4
33.7468 -94.774373 0.0 0.4
33.746319 -94.76429 0.0 0.4
33.753594 -94.757207 0.0 0.4
33.760052 -94.765361 0.0 0.4
33.757816999999996 -94.775229 0.0 0.4
33.746082 -94.779297 0.0 0.4
33.739356 -94.79005099999999 0.0 0.4
33.734702999999996 -94.799616 0.0 0.4
33.734525999999995 -94.809784 0.0 0.4
33.741591 -94.816983 0.0 0.4
33.750395999999995 -94.81213 0.0 0.4
33.759786999999996 -94.81593699999999 0.0 0.4
33.768964 -94.820707 0.0 0.4
33.764103999999996 -94.829499 0.0 0.4
33.750757 -94.825261 0.0 0.4
33.737581999999996 -94.820377 0.0 0.4
33.740421 -94.831074 0.0 0.4
33.739444999999996 -94.842574 0.0 0.4
33.740156999999996 -94.853034 0.0 0.4
33.742868 -94.86276 0.0 0.4
33.747718 -94.871569 0.0 0.4
33.757788 -94.872007 0.0 0.4
33.766155999999995 -94.866064 0.0 0.4
33.759719 -94.87389399999999 0.0 0.4
33.763242999999996 -94.88384699999999 0.0 0.4
33.768628 -94.892308 0.0 0.4
33.773249 -94.904198 0.0 0.4
33.779221 -94.912533 0.0 0.4
33.787324 -94.91840599999999 0.0 0.4
33.797177999999995 -94.921385 0.0 0.4
33.806607 -94.91752699999999 0.0 0.4
33.815023 -94.911042 0.0 0.4
33.824563 -94.91575499999999 0.0 0.4
33.828938 -94.924891 0.0 0.4
33.818639999999995 -94.92371299999999 0.0 0.4
33.808458 -94.92536 0.0 0.4
33.806537 -94.935368 0.0 0.4
33.807367 -94.946201 0.0 0.4
33.815203 -94.95308399999999 0.0 0.4
33.824608 -94.946204 0.0 0.4
33.83442 -94.951481 0.0 0.4
33.836529999999996 -94.962503 0.0 0.4
33.846906 -94.965846 0.0 0.4
33.856696 -94.968317 0.0 0.4
33.856173999999996 -94.97840099999999 0.0 0.4
33.85102 -94.987127 0.0 0.4
33.857438 -94.99552399999999 0.0 0.4
33.861565999999996 -95.005039 0.0 0.4
33.857825999999996 -95.015357 0.0 0.4
33.859263 -95.025376 0.0 0.4
33.86025 -95.037207 0.0 0.4
33.86347 -95.04819499999999 0.0 0.4
33.874781999999996 -95.05131899999999 0.0 0.4
33.884142 -95.056333 0.0 0.4
33.894402 -95.058865 0.0 0.4
33.903618 -95.063014 0.0 0.4
33.902325 -95.073005 0.0 0.4
33.908953 -95.065432 0.0 0.4
33.916436 -95.072564 0.0 0.4
33.907227999999996 -95.076866 0.0 0.4
33.897194999999996 -95.07916 0.0 0.4
33.885706 -95.080102 0.0 0.4
33.880857 -95.089607 0.0 0.4
33.888605999999996 -95.09619099999999 0.0 0.4
33.898778 -95.097516 0.0 0.4
33.9031 -95.08806399999999 0.0 0.4
33.910464 -95.078324 0.0 0.4
33.920505999999996 -95.079605 0.0 0.4
33.91552 -95.08841699999999 0.0 0.4
33.911096 -95.097579 0.0 0.4
33.90782 -95.107238 0.0 0.4
33.904255 -95.11666799999999 0.0 0.4
33.907016 -95.126359 0.0 0.4
33.915879 -95.131655 0.0 0.4
33.923749 -95.12399599999999 0.0 0.4
33.934675 -95.1247 0.0 0.4
33.93599 -95.134861 0.0 0.4
33.935147 -95.145028 0.0 0.4
33.936496 -95.15535899999999 0.0 0.4
33.942009999999996 -95.164166 0.0 0.4
33.947094 -95.173317 0.0 0.4
33.949155 -95.18314099999999 0.0 0.4
33.952051 -95.19324999999999 0.0 0.4
33.956907 -95.202615 0.0 0.4
33.961241 -95.211908 0.0 0.4
33.962046 -95.222223 0.0 0.4
33.956042 -95.230252 0.0 0.4
33.947907 -95.23655699999999 0.0 0.4
33.943721 -95.24599599999999 0.0 0.4
33.934947 -95.250866 0.0 0.4
33.924942 -95.24945699999999 0.0 0.4
33.915036 -95.24763 0.0 0.4
33.904391 -95.249184 0.0 0.4
33.895081999999995 -95.25308799999999 0.0 0.4
33.887985 -95.260795 0.0 0.4
33.897213 -95.26532999999999 0.0 0.4
33.907213999999996 -95.265819 0.0 0.4
33.911504 -95.275004 0.0 0.4
33.906489 -95.28380399999999 0.0 0.4
33.896640999999995 -95.281145 0.0 0.4
33.887034 -95.27798 0.0 0.4
33.876677 -95.27902499999999 0.0 0.4
33.873235 -95.288511 0.0 0.4
33.873630999999996 -95.298979 0.0 0.4
33.876055 -95.308756 0.0 0.4
33.882877 -95.317847 0.0 0.4
33.886078999999995 -95.327518 0.0 0.4
33.877762 -95.333085 0.0 0.4
33.872972 -95.342513 0.0 0.4
33.869597 -95.35235899999999 0.0 0.4
33.866901999999996 -95.362571 0.0 0.4
33.867322 -95.372733 0.0 0.4
33.868612999999996 -95.3827 0.0 0.4
33.866754 -95.393036 0.0 0.4
33.864762 -95.403035 0.0 0.4
33.866231 -95.41359299999999 0.0 0.4
33.869904999999996 -95.424606 0.0 0.4
33.867551 -95.434546 0.0 0.4
33.866962 -95.444689 0.0 0.4
33.870867 -95.454037 0.0 0.4
33.873381 -95.464225 0.0 0.4
33.882918 -95.460645 0.0 0.4
33.881263 -95.471195 0.0 0.4
33.877770999999996 -95.480745 0.0 0.4
33.875108 -95.49070999999999 0.0 0.4
33.875097 -95.50084299999999 0.0 0.4
33.884043999999996 -95.50549 0.0 0.4
33.894574 -95.505344 0.0 0.4
33.893986 -95.515979 0.0 0.4
33.887322 -95.523788 0.0 0.4
33.881521 -95.53262199999999 0.0 0.4
33.880503 -95.543368 0.0 0.4
33.888194 -95.55035699999999 0.0 0.4
33.898178 -95.548346 0.0 0.4
33.909742 -95.54869099999999 0.0 0.4
33.919561 -95.55204599999999 0.0 0.4
33.929946 -95.557217 0.0 0.4
33.933616 -95.567393 0.0 0.4
33.933034 -95.578186 0.0 0.4
33.939586 -95.586598 0.0 0.4
33.942342 -95.597522 0.0 0.4
33.931217 -95.60102599999999 0.0 0.4
33.929044 -95.611 0.0 0.4
33.923015 -95.619053 0.0 0.4
33.914902999999995 -95.62517799999999 0.0 0.4
33.905656 -95.630168 0.0 0.4
33.905713 -95.64067999999999 0.0 0.4
33.908631 -95.651128 0.0 0.4
33.90965 -95.66210000000001 0.0 0.4
33.904406 -95.67078699999999 0.0 0.4
33.896975999999995 -95.677922 0.0 0.4
33.890122 -95.68570899999999 0.0 0.4
33.886494 -95.696593 0.0 0.4
33.885501999999995 -95.707346 0.0 0.4
33.888703 -95.717362 0.0 0.4
33.893505999999995 -95.726663 0.0 0.4
33.896865999999996 -95.736316 0.0 0.4
33.896361999999996 -95.74731399999999 0.0 0.4
33.892027999999996 -95.75661199999999 0.0 0.4
33.883421999999996 -95.76203699999999 0.0 0.4
33.873118 -95.76151999999999 0.0 0.4
33.865728 -95.754736 0.0 0.4
33.856178 -95.751548 0.0 0.4
33.849111 -95.758789 0.0 0.4
33.845202 -95.77023899999999 0.0 0.4
33.851331 -95.779884 0.0 0.4
33.856408 -95.788679 0.0 0.4
33.860996 -95.798925 0.0 0.4
33.860397999999996 -95.80924999999999 0.0 0.4
33.857808999999996 -95.818969 0.0 0.4
33.847767 -95.819059 0.0 0.4
33.838125999999995 -95.822659 0.0 0.4
33.835026 -95.83219 0.0 0.4
33.837523 -95.842052 0.0 0.4
33.843678 -95.85054099999999 0.0 0.4
33.850685 -95.858485 0.0 0.4
33.852129999999995 -95.868678 0.0 0.4
33.857779 -95.877184 0.0 0.4
33.863699 -95.8853 0.0 0.4
33.86747 -95.894688 0.0 0.4
33.872768 -95.903998 0.0 0.4
33.878403 -95.91303099999999 0.0 0.4
33.883545999999996 -95.922843 0.0 0.4
33.882425999999995 -95.932861 0.0 0.4
33.872154 -95.936194 0.0 0.4
33.863431 -95.94115099999999 0.0 0.4
33.857772 -95.949479 0.0 0.4
33.857814 -95.95949399999999 0.0 0.4
33.856152 -95.969764 0.0 0.4
33.853957 -95.97952699999999 0.0 0.4
33.864171999999996 -95.984678 0.0 0.4
33.869394 -95.99337299999999 0.0 0.4
33.87359 -96.00292499999999 0.0 0.4
33.862957 -96.000255 0.0 0.4
33.852183 -95.99770799999999 0.0 0.4
33.845408 -96.0052 0.0 0.4
33.841787 -96.016178 0.0 0.4
33.853497 -96.019542 0.0 0.4
33.856348 -96.029438 0.0 0.4
33.845936 -96.03210999999999 0.0 0.4
33.839895999999996 -96.040143 0.0 0.4
33.83728 -96.05062199999999 0.0 0.4
33.840266 -96.06018399999999 0.0 0.4
33.842831 -96.07071099999999 0.0 0.4
33.846655999999996 -96.084626 0.0 0.4
33.84735 -96.094882 0.0 0.4
33.836926 -96.09767099999999 0.0 0.4
33.831528999999996 -96.106436 0.0 0.4
33.836582 -96.116481 0.0 0.4
33.839786 -96.126307 0.0 0.4
33.839158999999995 -96.138905 0.0 0.4
33.837233 -96.148994 0.0 0.4
33.82689 -96.15056799999999 0.0 0.4
33.817792 -96.15473899999999 0.0 0.4
33.817797 -96.164808 0.0 0.4
33.814732 -96.17530699999999 0.0 0.4
33.804319 -96.17686499999999 0.0 0.4
33.808707 -96.16764599999999 0.0 0.4
33.813941 -96.158772 0.0 0.4
33.803154 -96.161385 0.0 0.4
33.793113999999996 -96.162263 0.0 0.4
33.783204999999995 -96.164296 0.0 0.4
33.773976999999995 -96.168182 0.0 0.4
33.7646 -96.173525 0.0 0.4
33.758751 -96.181708 0.0 0.4
33.755119 -96.191251 0.0 0.4
33.752009 -96.200885 0.0 0.4
33.749795999999996 -96.21122899999999 0.0 0.4
33.747391 -96.221131 0.0 0.4
33.749188 -96.231324 0.0 0.4
33.754731 -96.24061499999999 0.0 0.4
33.759571 -96.24940099999999 0.0 0.4
33.765014 -96.259063 0.0 0.4
33.767958 -96.268928 0.0 0.4
33.770664 -96.27879399999999 0.0 0.4
33.771094999999995 -96.28916799999999 0.0 0.4
33.763234 -96.29703099999999 0.0 0.4
33.753586999999996 -96.301171 0.0 0.4
33.744626 -96.30588 0.0 0.4
33.734555 -96.30785499999999 0.0 0.4
33.724506999999996 -96.306337 0.0 0.4
33.713988 -96.30868199999999 0.0 0.4
33.704851999999995 -96.313287 0.0 0.4
33.696394 -96.31964099999999 0.0 0.4
33.693959 -96.329359 0.0 0.4
33.688624 -96.338329 0.0 0.4
33.686313999999996 -96.34889 0.0 0.4
33.689395 -96.35915899999999 0.0 0.4
33.699735 -96.36314899999999 0.0 0.4
33.709181 -96.36662199999999 0.0 0.4
33.718361 -96.37168899999999 0.0 0.4
33.72526 -96.379151 0.0 0.4
33.732220999999996 -96.386922 0.0 0.4
33.738400999999996 -96.395046 0.0 0.4
33.745667 -96.402356 0.0 0.4
33.752995999999996 -96.409945 0.0 0.4
33.761787999999996 -96.414739 0.0 0.4
33.771637 -96.418978 0.0 0.4
33.777524 -96.427273 0.0 0.4
33.779509 -96.437277 0.0 0.4
33.781031 -96.448045 0.0 0.4
33.775714 -96.457111 0.0 0.4
33.775794999999995 -96.467872 0.0 0.4
33.774367 -96.47932999999999 0.0 0.4
33.772847999999996 -96.489907 0.0 0.4
33.772586 -96.500233 0.0 0.4
33.778321 -96.508487 0.0 0.4
33.786381999999996 -96.51485799999999 0.0 0.4
33.796425 -96.51588199999999 0.0 0.4
33.80638 -96.517664 0.0 0.4
33.815298999999996 -96.52240499999999 0.0 0.4
33.822154 -96.529775 0.0 0.4
33.821348 -96.539751 0.0 0.4
33.819525999999996 -96.54967599999999 0.0 0.4
33.818878999999995 -96.560242 0.0 0.4
33.818999 -96.570404 0.0 0.4
33.826238 -96.584229 0.0 0.4
33.832701 -96.597004 0.0 0.4
33.838156 -96.612331 0.0 0.4
33.841181999999996 -96.62235299999999 0.0 0.4
33.848005 -96.63001799999999 0.0 0.4
33.856832 -96.62487999999999 0.0 0.4
33.863862 -96.617136 0.0 0.4
33.871404 -96.605317 0.0 0.4
33.879196 -96.59181099999999 0.0 0.4
33.888948 -96.58536 0.0 0.4
33.895312 -96.599834 0.0 0.4
33.894664999999996 -96.610134 0.0 0.4
33.894853 -96.620677 0.0 0.4
33.896464 -96.63139199999999 0.0 0.4
33.902578 -96.639399 0.0 0.4
33.911325999999995 -96.65221299999999 0.0 0.4
33.917266999999995 -96.66440999999999 0.0 0.4
33.912278 -96.67344899999999 0.0 0.4
33.902228 -96.677981 0.0 0.4
33.891518 -96.682088 0.0 0.4
33.879056 -96.682482 0.0 0.4
33.869073 -96.683088 0.0 0.4
33.857566 -96.686833 0.0 0.4
33.848388 -96.691807 0.0 0.4
33.840537 -96.698261 0.0 0.4
33.833822999999995 -96.70660799999999 0.0 0.4
33.830977 -96.716877 0.0 0.4
33.829428 -96.728307 0.0 0.4
33.82711 -96.738378 0.0 0.4
33.8254 -96.748235 0.0 0.4
33.824455 -96.760188 0.0 0.4
33.828344 -96.769898 0.0 0.4
33.838108999999996 -96.774531 0.0 0.4
33.848161999999995 -96.777202 0.0 0.4
33.857939 -96.77958799999999 0.0 0.4
33.865243 -96.786841 0.0 0.4
33.869510999999996 -96.79735199999999 0.0 0.4
33.872645999999996 -96.812778 0.0 0.4
33.873838 -96.82323699999999 0.0 0.4
33.87373 -96.83344199999999 0.0 0.4
33.866164999999995 -96.84026 0.0 0.4
33.855207 -96.841521 0.0 0.4
33.847211 -96.85059299999999 0.0 0.4
33.85191 -96.86395999999999 0.0 0.4
33.858298999999995 -96.872715 0.0 0.4
33.868019 -96.88301 0.0 0.4
33.87773 -96.88723 0.0 0.4
33.887906 -96.891589 0.0 0.4
33.897067 -96.895872 0.0 0.4
33.907374 -96.89701 0.0 0.4
33.918164 -96.897251 0.0 0.4
33.928526 -96.898738 0.0 0.4
33.938784 -96.90099599999999 0.0 0.4
33.94893 -96.906554 0.0 0.4
33.956356 -96.914321 0.0 0.4
33.959159 -96.924268 0.0 0.4
33.954978 -96.933768 0.0 0.4
33.949619 -96.943827 0.0 0.4
33.944457 -96.952705 0.0 0.4
33.940486 -96.963008 0.0 0.4
33.935947 -96.972235 0.0 0.4
33.943241 -96.980254 0.0 0.4
33.953548999999995 -96.97995399999999 0.0 0.4
33.952701 -96.99083499999999 0.0 0.4
33.943973 -96.996128 0.0 0.4
33.933800999999995 -96.995363 0.0 0.4
33.924094 -96.991559 0.0 0.4
33.914057 -96.987746 0.0 0.4
33.903059 -96.984725 0.0 0.4
33.892229 -96.98374899999999 0.0 0.4
33.883621 -96.989418 0.0 0.4
33.874913 -96.994473 0.0 0.4
33.867089 -97.00097699999999 0.0 0.4
33.860627 -97.008881 0.0 0.4
33.851557 -97.016601 0.0 0.4
33.844719 -97.024312 0.0 0.4
33.84042 -97.03365099999999 0.0 0.4
33.838654 -97.044147 0.0 0.4
33.846568 -97.050952 0.0 0.4
33.855741 -97.055838 0.0 0.4
33.860391 -97.066499 0.0 0.4
33.858081999999996 -97.076951 0.0 0.4
33.854229 -97.086203 0.0 0.4
33.845214999999996 -97.090538 0.0 0.4
33.840314 -97.081527 0.0 0.4
33.839638 -97.071041 0.0 0.4
33.837467 -97.06076 0.0 0.4
33.832322 -97.05135 0.0 0.4
33.823006 -97.047592 0.0 0.4
33.816193 -97.057957 0.0 0.4
33.814479999999996 -97.069147 0.0 0.4
33.812317 -97.079105 0.0 0.4
33.807753 -97.08830999999999 0.0 0.4
33.799256 -97.09504799999999 0.0 0.4
33.788574 -97.09438 0.0 0.4
33.779059 -97.090131 0.0 0.4
33.7697 -97.086278 0.0 0.4
33.759609999999995 -97.084735 0.0 0.4
33.749362 -97.085557 0.0 0.4
33.739627999999996 -97.088233 0.0 0.4
33.731344 -97.094039 0.0 0.4
33.724455999999996 -97.10172 0.0 0.4
33.719605 -97.11050499999999 0.0 0.4
33.717211 -97.120685 0.0 0.4
33.717807 -97.13127999999999 0.0 0.4
33.719764999999995 -97.141566 0.0 0.4
33.723191 -97.15171 0.0 0.4
33.727753 -97.160889 0.0 0.4
33.737545 -97.17219 0.0 0.4
33.74776 -97.17630199999999 0.0 0.4
33.75548 -97.18271999999999 0.0 0.4
33.759679999999996 -97.192565 0.0 0.4
33.769830999999996 -97.18772399999999 0.0 0.4
33.781152999999996 -97.19039699999999 0.0 0.4
33.78894 -97.196843 0.0 0.4
33.797343 -97.20323599999999 0.0 0.4
33.809090999999995 -97.205569 0.0 0.4
33.819901 -97.204583 0.0 0.4
33.828373 -97.198978 0.0 0.4
33.830985999999996 -97.189053 0.0 0.4
33.833000999999996 -97.176869 0.0 0.4
33.839318999999996 -97.168031 0.0 0.4
33.849922 -97.16709499999999 0.0 0.4
33.859656 -97.169947 0.0 0.4
33.870464 -97.17436599999999 0.0 0.4
33.881851999999995 -97.17727699999999 0.0 0.4
33.89225 -97.179609 0.0 0.4
33.9007 -97.185458 0.0 0.4
33.905899 -97.19496 0.0 0.4
33.912105 -97.20317399999999 0.0 0.4
33.9159 -97.21260099999999 0.0 0.4
33.913833 -97.225815 0.0 0.4
33.909258 -97.235114 0.0 0.4
33.904267 -97.244095 0.0 0.4
33.892933 -97.247143 0.0 0.4
33.882818 -97.248789 0.0 0.4
33.872707999999996 -97.250293 0.0 0.4
33.863701999999996 -97.255639 0.0 0.4
33.862045 -97.265575 0.0 0.4
33.864568 -97.279151 0.0 0.4
33.870053999999996 -97.287808 0.0 0.4
33.877254 -97.295626 0.0 0.4
33.888011 -97.307633 0.0 0.4
33.877769 -97.309426 0.0 0.4
33.867535 -97.313983 0.0 0.4
33.860548 -97.322182 0.0 0.4
33.855056 -97.33090999999999 0.0 0.4
33.867148 -97.33061 0.0 0.4
33.876439999999995 -97.324334 0.0 0.4
33.884735 -97.330535 0.0 0.4
33.875101 -97.337244 0.0 0.4
33.862063 -97.339202 0.0 0.4
33.853061 -97.344141 0.0 0.4
33.843876 -97.348338 0.0 0.4
33.83501 -97.35599099999999 0.0 0.4
33.826387 -97.36245699999999 0.0 0.4
33.819416 -97.37292599999999 0.0 0.4
33.81941 -97.38537 0.0 0.4
33.819953 -97.39536199999999 0.0 0.4
33.818995 -97.40556199999999 0.0 0.4
33.818388999999996 -97.415719 0.0 0.4
33.818641 -97.426799 0.0 0.4
33.82181 -97.437364 0.0 0.4
33.825925999999995 -97.448117 0.0 0.4
33.832246 -97.456048 0.0 0.4
33.840261 -97.462307 0.0 0.4
33.851713 -97.460608 0.0 0.4
33.862822 -97.454983 0.0 0.4
33.873838 -97.45149599999999 0.0 0.4
33.884710999999996 -97.45154 0.0 0.4
33.895222 -97.453563 0.0 0.4
33.903580999999996 -97.460431 0.0 0.4
33.908618 -97.469113 0.0 0.4
33.913739 -97.48065299999999 0.0 0.4
33.9182 -97.489966 0.0 0.4
33.919635 -97.500271 0.0 0.4
33.916593 -97.509923 0.0 0.4
33.913421 -97.519838 0.0 0.4
33.909233 -97.528987 0.0 0.4
33.904334 -97.537999 0.0 0.4
33.899068 -97.549399 0.0 0.4
33.897396 -97.559395 0.0 0.4
33.90133 -97.568626 0.0 0.4
33.899383 -97.579503 0.0 0.4
33.903922 -97.589254 0.0 0.4
33.912303 -97.595382 0.0 0.4
33.922954 -97.595084 0.0 0.4
33.932435999999996 -97.59184499999999 0.0 0.4
33.944094 -97.594377 0.0 0.4
33.952523 -97.588965 0.0 0.4
33.955659 -97.598613 0.0 0.4
33.96404 -97.60452599999999 0.0 0.4
33.969488 -97.61415099999999 0.0 0.4
33.975369 -97.624051 0.0 0.4
33.980868 -97.633421 0.0 0.4
33.984468 -97.644059 0.0 0.4
33.988022 -97.654231 0.0 0.4
33.990612999999996 -97.66619 0.0 0.4
33.989745 -97.677684 0.0 0.4
33.987179999999995 -97.687694 0.0 0.4
33.98008 -97.69569399999999 0.0 0.4
33.971489999999996 -97.700999 0.0 0.4
33.958915 -97.70676999999999 0.0 0.4
33.950649 -97.71321599999999 0.0 0.4
33.944506 -97.721172 0.0 0.4
33.936681 -97.732224 0.0 0.4
33.936819 -97.74573 0.0 0.4
33.935922999999995 -97.75712899999999 0.0 0.4
33.92521 -97.759834 0.0 0.4
33.91534 -97.762142 0.0 0.4
33.914381999999996 -97.772672 0.0 0.4
33.919309 -97.78168099999999 0.0 0.4
33.909346 -97.78294799999999 0.0 0.4
33.899243 -97.77968299999999 0.0 0.4
33.890701 -97.78531699999999 0.0 0.4
33.898627 -97.79182399999999 0.0 0.4
33.89588 -97.80162999999999 0.0 0.4
33.885138 -97.80157799999999 0.0 0.4
33.876205 -97.806659 0.0 0.4
33.882000000000005 -97.815501 0.0 0.4
33.872192999999996 -97.819205 0.0 0.4
33.864474 -97.82587699999999 0.0 0.4
33.857634 -97.83431999999999 0.0 0.4
33.856488999999996 -97.844599 0.0 0.4
33.852232 -97.855127 0.0 0.4
33.849632 -97.866069 0.0 0.4
33.850235999999995 -97.877387 0.0 0.4
33.855486 -97.887294 0.0 0.4
33.858855999999996 -97.89811 0.0 0.4
33.864746 -97.90664699999999 0.0 0.4
33.869948 -97.91825999999999 0.0 0.4
33.874187 -97.928584 0.0 0.4
33.879318 -97.938051 0.0 0.4
33.878814 -97.948442 0.0 0.4
33.879733 -97.96071599999999 0.0 0.4
33.884705 -97.971859 0.0 0.4
33.892208 -97.979677 0.0 0.4
33.901633 -97.984236 0.0 0.4
33.911401999999995 -97.979985 0.0 0.4
33.906296999999995 -97.97053199999999 0.0 0.4
33.910354 -97.96061499999999 0.0 0.4
33.919173 -97.955452 0.0 0.4
33.929482 -97.95267899999999 0.0 0.4
33.937636 -97.95856099999999 0.0 0.4
33.93658 -97.96886599999999 0.0 0.4
33.946543999999996 -97.967743 0.0 0.4
33.954516 -97.958895 0.0 0.4
33.966451 -97.954499 0.0 0.4
33.979188 -97.949827 0.0 0.4
33.989106 -97.945757 0.0 0.4
33.990136 -97.95585 0.0 0.4
33.996296 -97.964844 0.0 0.4
34.005434 -97.97166999999999 0.0 0.4
34.002775 -97.981709 0.0 0.4
33.998807 -97.99118899999999 0.0 0.4
33.996579 -98.001725 0.0 0.4
33.994799 -98.01199299999999 0.0 0.4
33.993612 -98.02255099999999 0.0 0.4
33.99389 -98.03325199999999 0.0 0.4
33.994282 -98.044692 0.0 0.4
33.995841 -98.05519699999999 0.0 0.4
33.999024999999996 -98.066665 0.0 0.4
34.001267999999996 -98.076954 0.0 0.4
34.004244 -98.086828 0.0 0.4
34.014368999999995 -98.084025 0.0 0.4
34.021575 -98.09517199999999 0.0 0.4
34.028611999999995 -98.103094 0.0 0.4
34.038965999999995 -98.102521 0.0 0.4
34.034546999999996 -98.09321899999999 0.0 0.4
34.037138 -98.083288 0.0 0.4
34.045598 -98.09010699999999 0.0 0.4
34.049572 -98.09960799999999 0.0 0.4
34.05722 -98.10803399999999 0.0 0.4
34.063745 -98.11568799999999 0.0 0.4
34.074394 -98.12048399999999 0.0 0.4
34.084474 -98.119417 0.0 0.4
34.09149 -98.1119 0.0 0.4
34.0982 -98.104309 0.0 0.4
34.108050999999996 -98.09715399999999 0.0 0.4
34.116917 -98.092421 0.0 0.4
34.127088 -98.090002 0.0 0.4
34.131346 -98.09978199999999 0.0 0.4
34.142134999999996 -98.10055799999999 0.0 0.4
34.151798 -98.106623 0.0 0.4
34.154742 -98.117171 0.0 0.4
34.151607 -98.127482 0.0 0.4
34.145221 -98.13552999999999 0.0 0.4
34.136359 -98.142754 0.0 0.4
34.125093 -98.152082 0.0 0.4
34.118978999999996 -98.160883 0.0 0.4
34.114171 -98.17082699999999 0.0 0.4
34.114996999999995 -98.182807 0.0 0.4
34.116783 -98.200075 0.0 0.4
34.120996999999996 -98.20921899999999 0.0 0.4
34.123469 -98.219494 0.0 0.4
34.131229999999995 -98.22762499999999 0.0 0.4
34.134754 -98.237984 0.0 0.4
34.130717 -98.247954 0.0 0.4
34.129825 -98.257955 0.0 0.4
34.131662 -98.268338 0.0 0.4
34.130863999999995 -98.278421 0.0 0.4
34.132424 -98.290843 0.0 0.4
34.135472 -98.30120099999999 0.0 0.4
34.140855 -98.309657 0.0 0.4
34.146421 -98.31875 0.0 0.4
34.151643 -98.32842099999999 0.0 0.4
34.152741 -98.339249 0.0 0.4
34.155029 -98.351209 0.0 0.4
34.157109 -98.36402299999999 0.0 0.4
34.150757999999996 -98.374461 0.0 0.4
34.146316999999996 -98.38438099999999 0.0 0.4
34.136306999999995 -98.383726 0.0 0.4
34.131913 -98.394032 0.0 0.4
34.123815 -98.400357 0.0 0.4
34.113149 -98.398572 0.0 0.4
34.102567 -98.398984 0.0 0.4
34.101247 -98.40992399999999 0.0 0.4
34.091066 -98.410319 0.0 0.4
34.083373 -98.417081 0.0 0.4
34.085522999999995 -98.42848 0.0 0.4
34.084311 -98.44009199999999 0.0 0.4
34.07543 -98.446379 0.0 0.4
34.072958 -98.45758 0.0 0.4
34.069936999999996 -98.46758899999999 0.0 0.4
34.063483 -98.477187 0.0 0.4
34.063322 -98.48742 0.0 0.4
34.070139999999995 -98.495002 0.0 0.4
34.078433 -98.510373 0.0 0.4
34.087219 -98.518535 0.0 0.4
34.094037 -98.526506 0.0 0.4
34.103269 -98.533678 0.0 0.4
34.112684 -98.54289399999999 0.0 0.4
34.119333999999995 -98.550917 0.0 0.4
34.123449 -98.560172 0.0 0.4
34.127818 -98.551046 0.0 0.4
34.133202 -98.56019099999999 0.0 0.4
34.139959999999995 -98.56774 0.0 0.4
34.147335999999996 -98.575014 0.0 0.4
34.152328 -98.58554 0.0 0.4
34.157938 -98.594718 0.0 0.4
34.159698 -98.60510699999999 0.0 0.4
34.156417999999995 -98.616733 0.0 0.4
34.159805999999996 -98.629117 0.0 0.4
34.16343 -98.639642 0.0 0.4
34.163112999999996 -98.650583 0.0 0.4
34.15659 -98.65879199999999 0.0 0.4
34.150746999999996 -98.667588 0.0 0.4
34.143966999999996 -98.67566199999999 0.0 0.4
34.138424 -98.684533 0.0 0.4
34.13375 -98.693405 0.0 0.4
34.135559 -98.70392799999999 0.0 0.4
34.131366 -98.71310000000001 0.0 0.4
34.135281 -98.72271699999999 0.0 0.4
34.135919 -98.73302 0.0 0.4
34.127393999999995 -98.73946099999999 0.0 0.4
34.124238 -98.749291 0.0 0.4
34.126912 -98.759653 0.0 0.4
34.136376 -98.76557 0.0 0.4
34.139289 -98.776257 0.0 0.4
34.144284999999996 -98.785265 0.0 0.4
34.142798 -98.795239 0.0 0.4
34.153931 -98.804413 0.0 0.4
34.158376 -98.81378099999999 0.0 0.4
34.160391 -98.825079 0.0 0.4
34.15732 -98.83546799999999 0.0 0.4
34.159653999999996 -98.84651799999999 0.0 0.4
34.161254 -98.857101 0.0 0.4
34.151151 -98.85941 0.0 0.4
34.153596 -98.873271 0.0 0.4
34.163492999999995 -98.871157 0.0 0.4
34.167618 -98.884467 0.0 0.4
34.173211 -98.894522 0.0 0.4
34.177178 -98.90587599999999 0.0 0.4
34.18096 -98.915357 0.0 0.4
34.186643 -98.923705 0.0 0.4
34.194385 -98.930213 0.0 0.4
34.201647 -98.9384 0.0 0.4
34.208861999999996 -98.947141 0.0 0.4
34.213704 -98.95835699999999 0.0 0.4
34.203832999999996 -98.962931 0.0 0.4
34.203482 -98.974015 0.0 0.4
34.212358 -98.97945299999999 0.0 0.4
34.220417 -98.98566199999999 0.0 0.4
34.219651999999996 -98.99583799999999 0.0 0.4
34.214418 -99.004584 0.0 0.4
34.205166999999996 -99.008944 0.0 0.4
34.20523 -99.019447 0.0 0.4
34.206854 -99.03537899999999 0.0 0.4
34.198813 -99.042609 0.0 0.4
34.199555 -99.053952 0.0 0.4
34.206851 -99.063105 0.0 0.4
34.210218 -99.07288799999999 0.0 0.4
34.20973 -99.083804 0.0 0.4
34.211658 -99.094168 0.0 0.4
34.205483 -99.10218599999999 0.0 0.4
34.205818 -99.112844 0.0 0.4
34.202217999999995 -99.1226 0.0 0.4
34.206977 -99.13180299999999 0.0 0.4
34.216175 -99.126482 0.0 0.4
34.219348 -99.137548 0.0 0.4
34.212385 -99.14507499999999 0.0 0.4
34.207167999999996 -99.15657399999999 0.0 0.4
34.210329 -99.16845599999999 0.0 0.4
34.212664 -99.178883 0.0 0.4
34.214357 -99.189776 0.0 0.4
34.2248 -99.190894 0.0 0.4
34.234963 -99.19256299999999 0.0 0.4
34.244382 -99.196912 0.0 0.4
34.255246 -99.19240099999999 0.0 0.4
34.264159 -99.19739299999999 0.0 0.4
34.274552 -99.194651 0.0 0.4
34.281943999999996 -99.203473 0.0 0.4
34.289660999999995 -99.21092 0.0 0.4
34.300228 -99.21001199999999 0.0 0.4
34.310673 -99.213302 0.0 0.4
34.317796 -99.20625 0.0 0.4
34.327418 -99.210112 0.0 0.4
34.337524 -99.21039499999999 0.0 0.4
34.341364999999996 -99.219647 0.0 0.4
34.337762 -99.229447 0.0 0.4
34.348563999999996 -99.228636 0.0 0.4
34.356441 -99.234843 0.0 0.4
34.366572999999995 -99.23722099999999 0.0 0.4
34.365984999999995 -99.247372 0.0 0.4
34.375994999999996 -99.24888399999999 0.0 0.4
34.37265 -99.258606 0.0 0.4
34.380131 -99.26802699999999 0.0 0.4
34.388829 -99.262564 0.0 0.4
34.400164 -99.261246 0.0 0.4
34.400812 -99.272303 0.0 0.4
34.402419 -99.282755 0.0 0.4
34.412358 -99.285586 0.0 0.4
34.41529 -99.295683 0.0 0.4
34.411055 -99.305774 0.0 0.4
34.408512 -99.315591 0.0 0.4
34.414463999999995 -99.32423 0.0 0.4
34.423756 -99.33 0.0 0.4
34.430102 -99.34013 0.0 0.4
34.435855 -99.34881899999999 0.0 0.4
34.442082 -99.35690299999999 0.0 0.4
34.452304 -99.355069 0.0 0.4
34.456561 -99.36420000000001 0.0 0.4
34.458802 -99.374163 0.0 0.4
34.451653 -99.38517499999999 0.0 0.4
34.443678999999996 -99.393495 0.0 0.4
34.433043999999995 -99.395122 0.0 0.4
34.423259 -99.397379 0.0 0.4
34.414674 -99.39191799999999 0.0 0.4
34.404658 -99.392252 0.0 0.4
34.394197 -99.395887 0.0 0.4
34.383502 -99.39616199999999 0.0 0.4
34.374255 -99.40122199999999 0.0 0.4
34.374635999999995 -99.411682 0.0 0.4
34.380067 -99.420215 0.0 0.4
34.379715 -99.430257 0.0 0.4
34.370222999999996 -99.433458 0.0 0.4
34.375428 -99.442376 0.0 0.4
34.384333 -99.449117 0.0 0.4
34.380117 -99.458635 0.0 0.4
34.390358 -99.462296 0.0 0.4
34.396747999999995 -99.470306 0.0 0.4
34.396654999999996 -99.48069199999999 0.0 0.4
34.399694 -99.490426 0.0 0.4
34.407731 -99.497091 0.0 0.4
34.409887 -99.507621 0.0 0.4
34.414494 -99.517624 0.0 0.4
34.411566 -99.527851 0.0 0.4
34.412759 -99.538491 0.0 0.4
34.412715 -99.54924199999999 0.0 0.4
34.415946 -99.55902599999999 0.0 0.4
34.418417999999996 -99.569696 0.0 0.4
34.416928 -99.57975599999999 0.0 0.4
34.407672999999996 -99.58448 0.0 0.4
34.397275 -99.585196 0.0 0.4
34.386942999999995 -99.586584 0.0 0.4
34.380322 -99.595137 0.0 0.4
34.376196 -99.604383 0.0 0.4
34.375391 -99.616793 0.0 0.4
34.374356 -99.626847 0.0 0.4
34.379584 -99.638556 0.0 0.4
34.3819 -99.648584 0.0 0.4
34.375833 -99.65715 0.0 0.4
34.374655 -99.66718 0.0 0.4
34.379363 -99.67610099999999 0.0 0.4
34.378654 -99.686709 0.0 0.4
34.381036 -99.696462 0.0 0.4
34.385798 -99.706105 0.0 0.4
34.392806 -99.713926 0.0 0.4
34.402815 -99.716416 0.0 0.4
34.408355 -99.725096 0.0 0.4
34.412431999999995 -99.734318 0.0 0.4
34.417282 -99.74311999999999 0.0 0.4
34.420853 -99.753447 0.0 0.4
34.427867 -99.763117 0.0 0.4
34.437947 -99.766871 0.0 0.4
34.444224999999996 -99.77574299999999 0.0 0.4
34.449563999999995 -99.78536299999999 0.0 0.4
34.454902 -99.79440299999999 0.0 0.4
34.462323999999995 -99.801149 0.0 0.4
34.470845 -99.808118 0.0 0.4
34.479273 -99.815226 0.0 0.4
34.489306 -99.81707999999999 0.0 0.4
34.4981 -99.82228099999999 0.0 0.4
34.500068 -99.832904 0.0 0.4
34.505548 -99.842182 0.0 0.4
34.510706 -99.851013 0.0 0.4
34.517803 -99.85909 0.0 0.4
34.525531 -99.866357 0.0 0.4
34.533755 -99.872823 0.0 0.4
34.5414 -99.87970299999999 0.0 0.4
34.549047 -99.887147 0.0 0.4
34.555116 -99.8953 0.0 0.4
34.559401 -99.90490899999999 0.0 0.4
34.565975 -99.91577099999999 0.0 0.4
34.574552 -99.923211 0.0 0.4
34.576761 -99.934276 0.0 0.4
34.579135 -99.944679 0.0 0.4
34.577832 -99.955196 0.0 0.4
34.569645 -99.961125 0.0 0.4
34.563984999999995 -99.969836 0.0 0.4
34.560888 -99.979676 0.0 0.4
34.560266 -99.99013199999999 0.0 0.4
34.560449999999996 -100.000277 0.0 0.4
34.570457 -100.000208 0.0 0.4
34.593872999999995 -100.000381 0.0 0.4
34.604619 -100.000381 0.0 0.4
34.616296999999996 -100.000381 0.0 0.4
34.627126 -100.000381 0.0 0.4
34.637716 -100.000386 0.0 0.4
34.651381 -100.000381 0.0 0.4
34.667038 -100.000381 0.0 0.4
34.681779999999996 -100.00023 0.0 0.4
34.695737 -100.000376 0.0 0.4
34.70842 -100.000459 0.0 0.4
34.721947 -100.00038 0.0 0.4
34.732427 -100.000381 0.0 0.4
34.746358 -100.000381 0.0 0.4
34.757256999999996 -100.00038 0.0 0.4
34.768905 -100.000381 0.0 0.4
34.781779 -100.000383 0.0 0.4
34.794364 -100.000381 0.0 0.4
34.812399 -100.000382 0.0 0.4
34.826848999999996 -100.000382 0.0 0.4
34.848031999999996 -100.000382 0.0 0.4
34.860938 -100.000381 0.0 0.4
34.875054999999996 -100.000382 0.0 0.4
34.885214 -100.000382 0.0 0.4
34.898139 -100.000383 0.0 0.4
34.91052 -100.000382 0.0 0.4
34.923905999999995 -100.000383 0.0 0.4
34.934436999999996 -100.000383 0.0 0.4
34.948976 -100.000383 0.0 0.4
34.960054 -100.000383 0.0 0.4
34.97094 -100.000384 0.0 0.4
34.982305 -100.000384 0.0 0.4
34.992726999999995 -100.000383 0.0 0.4
35.003029 -100.000384 0.0 0.4
35.013325 -100.000385 0.0 0.4
35.02993 -100.000384 0.0 0.4
35.045077 -100.000384 0.0 0.4
35.064315 -100.000384 0.0 0.4
35.078033 -100.000384 0.0 0.4
35.088483 -100.000384 0.0 0.4
35.102723999999995 -100.000384 0.0 0.4
35.113853 -100.000385 0.0 0.4
35.125077999999995 -100.000385 0.0 0.4
35.135518 -100.000385 0.0 0.4
35.152896 -100.000381 0.0 0.4
35.164834 -100.000385 0.0 0.4
35.175757 -100.000385 0.0 0.4
35.189063 -100.000385 0.0 0.4
35.204640999999995 -100.00042 0.0 0.4
35.217746 -100.000279 0.0 0.4
35.228149 -100.00024 0.0 0.4
35.238797999999996 -100.000121 0.0 0.4
35.262993 -100.000386 0.0 0.4
35.277239 -100.000386 0.0 0.4
35.28859 -100.000386 0.0 0.4
35.298673 -100.000387 0.0 0.4
35.327299 -100.000387 0.0 0.4
35.337582 -100.000387 0.0 0.4
35.3494 -100.000387 0.0 0.4
35.361307 -100.000388 0.0 0.4
35.422204 -100.000392 0.0 0.4
35.43313 -99.999658 0.0 0.4
35.443509 -99.999659 0.0 0.4
35.465306 -99.99967199999999 0.0 0.4
35.476613 -99.999703 0.0 0.4
35.487086999999995 -99.99969399999999 0.0 0.4
35.498025999999996 -99.999634 0.0 0.4
35.508573 -100.000034 0.0 0.4
35.51913 -100.000391 0.0 0.4
35.546191 -100.000391 0.0 0.4
35.566911 -100.000391 0.0 0.4
35.588653 -100.000392 0.0 0.4
35.619115 -100.000392 0.0 0.4
35.639039 -100.000392 0.0 0.4
35.653631 -100.000392 0.0 0.4
35.670577 -100.000393 0.0 0.4
35.682621999999995 -100.000393 0.0 0.4
35.708386 -100.000393 0.0 0.4
35.726438 -100.000393 0.0 0.4
35.742184 -100.000394 0.0 0.4
35.757768999999996 -100.000394 0.0 0.4
35.770306 -100.000395 0.0 0.4
35.780837999999996 -100.000396 0.0 0.4
35.794834 -100.000395 0.0 0.4
35.813036 -100.000395 0.0 0.4
35.823243999999995 -100.000396 0.0 0.4
35.837275999999996 -100.000395 0.0 0.4
35.851403999999995 -100.000396 0.0 0.4
35.875043999999995 -100.000396 0.0 0.4
35.885628 -100.000387 0.0 0.4
35.922317 -100.000397 0.0 0.4
35.948101 -100.000397 0.0 0.4
35.967746 -100.000398 0.0 0.4
35.989891 -100.000398 0.0 0.4
36.000043 -100.000398 0.0 0.4
36.012648 -100.000398 0.0 0.4
36.027825 -100.000397 0.0 0.4
36.042640999999996 -100.000399 0.0 0.4
36.055676999999996 -100.000399 0.0 0.4
36.065936 -100.0004 0.0 0.4
36.086838 -100.000399 0.0 0.4
36.100484 -100.000399 0.0 0.4
36.125040999999996 -100.0004 0.0 0.4
36.163706 -100.0004 0.0 0.4
36.184242 -100.0004 0.0 0.4
36.194708 -100.000401 0.0 0.4
36.206019999999995 -100.000401 0.0 0.4
36.21692 -100.000401 0.0 0.4
36.237457 -100.0004 0.0 0.4
36.250039 -100.0004 0.0 0.4
36.260148 -100.0004 0.0 0.4
36.273467 -100.000402 0.0 0.4
36.303622 -100.000401 0.0 0.4
36.327377999999996 -100.000403 0.0 0.4
36.342417999999995 -100.000403 0.0 0.4
36.355357 -100.000403 0.0 0.4
36.367177999999996 -100.000403 0.0 0.4
36.3905 -100.000404 0.0 0.4
36.408136 -100.000404 0.0 0.4
36.420766 -100.000403 0.0 0.4
36.433357 -100.000405 0.0 0.4
36.472372 -100.000407 0.0 0.4
36.493383 -100.000405 0.0 0.4
