41.849562999999996 -80.51935399999999 0.0 0.4
41.862469999999995 -80.51936099999999 0.0 0.4
41.872805 -80.519384 0.0 0.4
41.885889 -80.51941699999999 0.0 0.4
41.898035 -80.519341 0.0 0.4
41.9102 -80.51928699999999 0.0 0.4
41.920721 -80.519249 0.0 0.4
41.933879 -80.519337 0.0 0.4
41.943881999999995 -80.519296 0.0 0.4
41.954696999999996 -80.519385 0.0 0.4
41.965016 -80.519341 0.0 0.4
41.976158 -80.51937699999999 0.0 0.4
41.988796 -80.519437 0.0 0.4
42.000054999999996 -80.519448 0.0 0.4
42.074549999999995 -80.519735 0.0 0.4
42.125056 -80.519656 0.0 0.4
42.160396 -80.51964 0.0 0.4
42.204048 -80.519463 0.0 0.4
42.250057999999996 -80.519798 0.0 0.4
42.327132 -80.519851 0.0 0.4
42.330093999999995 -80.49980699999999 0.0 0.4
42.336465 -80.459976 0.0 0.4
42.343188 -80.415481 0.0 0.4
42.349736 -80.374803 0.0 0.4
42.355871 -80.331217 0.0 0.4
42.361368999999996 -80.295565 0.0 0.4
42.367087999999995 -80.258466 0.0 0.4
42.371406 -80.229582 0.0 0.4
42.375060999999995 -80.206355 0.0 0.4
42.377443 -80.189515 0.0 0.4
42.38093 -80.166764 0.0 0.4
42.383308 -80.150378 0.0 0.4
42.38545 -80.136382 0.0 0.4
42.387187999999995 -80.124791 0.0 0.4
42.391546999999996 -80.09792399999999 0.0 0.4
42.394162 -80.08022199999999 0.0 0.4
42.400908 -80.062313 0.0 0.4
42.410357 -80.038048 0.0 0.4
42.417964999999995 -80.018541 0.0 0.4
42.424923 -79.999783 0.0 0.4
42.446481 -79.943823 0.0 0.4
42.463398 -79.900091 0.0 0.4
42.473023999999995 -79.87477899999999 0.0 0.4
42.500043 -79.805117 0.0 0.4
42.516034999999995 -79.762511 0.0 0.4
42.500057999999996 -79.76259 0.0 0.4
42.44534 -79.762326 0.0 0.4
42.375057999999996 -79.762569 0.0 0.4
42.282083 -79.762024 0.0 0.4
42.269400000000005 -79.761949 0.0 0.4
42.252705 -79.76194 0.0 0.4
42.241537 -79.76185199999999 0.0 0.4
42.230941 -79.76185 0.0 0.4
42.219162999999995 -79.761928 0.0 0.4
42.200316 -79.761854 0.0 0.4
42.183622 -79.761755 0.0 0.4
42.173417 -79.761789 0.0 0.4
42.162695 -79.761741 0.0 0.4
42.150718 -79.76178999999999 0.0 0.4
42.139398 -79.761979 0.0 0.4
42.123048999999995 -79.761862 0.0 0.4
42.107513 -79.761871 0.0 0.4
42.094795 -79.761871 0.0 0.4
42.060567999999996 -79.76189 0.0 0.4
42.041892999999995 -79.761892 0.0 0.4
42.027981 -79.76191899999999 0.0 0.4
41.998841 -79.761954 0.0 0.4
41.998841999999996 -79.74980099999999 0.0 0.4
41.998858999999996 -79.729916 0.0 0.4
41.998808 -79.718684 0.0 0.4
41.998871 -79.703508 0.0 0.4
41.998915 -79.69348699999999 0.0 0.4
41.998916 -79.67940399999999 0.0 0.4
41.998912 -79.65977099999999 0.0 0.4
41.998898 -79.646836 0.0 0.4
41.998838 -79.635706 0.0 0.4
41.998802 -79.62532499999999 0.0 0.4
41.998757 -79.61083699999999 0.0 0.4
41.998658999999996 -79.59207599999999 0.0 0.4
41.998626 -79.581529 0.0 0.4
41.998588 -79.564373 0.0 0.4
41.998539 -79.55306 0.0 0.4
41.998466 -79.537764 0.0 0.4
41.998379 -79.51377099999999 0.0 0.4
41.998385999999996 -79.503495 0.0 0.4
41.998419 -79.492008 0.0 0.4
41.998416999999996 -79.477729 0.0 0.4
41.99841 -79.464315 0.0 0.4
41.998466 -79.452271 0.0 0.4
41.998487999999995 -79.43973199999999 0.0 0.4
41.998444 -79.42503099999999 0.0 0.4
41.998404 -79.411731 0.0 0.4
41.998608 -79.39405699999999 0.0 0.4
41.998677 -79.38246699999999 0.0 0.4
41.998704 -79.372202 0.0 0.4
41.998869 -79.35162 0.0 0.4
41.998922 -79.340957 0.0 0.4
41.998705 -79.314273 0.0 0.4
41.998765999999996 -79.29557299999999 0.0 0.4
41.998825 -79.265304 0.0 0.4
41.998897 -79.249772 0.0 0.4
41.999041 -79.234388 0.0 0.4
41.999196999999995 -79.217381 0.0 0.4
41.999286 -79.207145 0.0 0.4
41.999485 -79.18481299999999 0.0 0.4
41.999669999999995 -79.15843799999999 0.0 0.4
41.999629 -79.145629 0.0 0.4
41.999572 -79.130219 0.0 0.4
41.99951 -79.10228099999999 0.0 0.4
41.999485 -79.09110799999999 0.0 0.4
41.999455 -79.079088 0.0 0.4
41.999418 -79.064792 0.0 0.4
41.99939 -79.053523 0.0 0.4
41.999314 -79.042062 0.0 0.4
41.998985999999995 -78.99672199999999 0.0 0.4
41.998885 -78.983212 0.0 0.4
41.998794 -78.971958 0.0 0.4
41.998706999999996 -78.961378 0.0 0.4
41.998461999999996 -78.944521 0.0 0.4
41.998183 -78.924323 0.0 0.4
41.998022 -78.911189 0.0 0.4
41.9979 -78.889838 0.0 0.4
41.997710999999995 -78.858195 0.0 0.4
41.997918 -78.83319 0.0 0.4
41.99801 -78.816677 0.0 0.4
41.998067 -78.784465 0.0 0.4
41.998203 -78.759236 0.0 0.4
41.998531 -78.716478 0.0 0.4
41.998633999999996 -78.69881 0.0 0.4
41.998909999999995 -78.683632 0.0 0.4
41.999521 -78.64961 0.0 0.4
41.999835 -78.631861 0.0 0.4
41.999976 -78.619474 0.0 0.4
41.99991 -78.58237799999999 0.0 0.4
41.99989 -78.571541 0.0 0.4
41.99987 -78.560863 0.0 0.4
41.999849999999995 -78.54588799999999 0.0 0.4
41.999865 -78.53443 0.0 0.4
41.999905 -78.522688 0.0 0.4
41.999919999999996 -78.511237 0.0 0.4
41.999879 -78.49177499999999 0.0 0.4
41.999808 -78.478354 0.0 0.4
41.999786 -78.46645699999999 0.0 0.4
41.999793 -78.456327 0.0 0.4
41.999812 -78.444689 0.0 0.4
41.99981 -78.42877899999999 0.0 0.4
41.999753999999996 -78.417536 0.0 0.4
41.999702 -78.40720499999999 0.0 0.4
41.999654 -78.396703 0.0 0.4
41.999609 -78.385902 0.0 0.4
41.999536 -78.366818 0.0 0.4
41.999472999999995 -78.350584 0.0 0.4
41.99928 -78.322721 0.0 0.4
41.999215 -78.311812 0.0 0.4
41.999162999999996 -78.300266 0.0 0.4
41.999108 -78.28402299999999 0.0 0.4
41.999111 -78.272898 0.0 0.4
41.999235999999996 -78.257359 0.0 0.4
41.999327 -78.245831 0.0 0.4
41.999454 -78.220056 0.0 0.4
41.999517 -78.206604 0.0 0.4
41.999565 -78.19614899999999 0.0 0.4
41.999823 -78.18483599999999 0.0 0.4
42.000040999999996 -78.174494 0.0 0.4
42.000164999999996 -78.156104 0.0 0.4
42.000313 -78.144921 0.0 0.4
42.000288999999995 -78.13481399999999 0.0 0.4
42.000358 -78.122131 0.0 0.4
42.000214 -78.11157899999999 0.0 0.4
42.000066 -78.093436 0.0 0.4
41.999848 -78.074355 0.0 0.4
41.999660999999996 -78.05962 0.0 0.4
41.999418999999996 -78.04042 0.0 0.4
41.999342999999996 -78.030097 0.0 0.4
41.999137 -78.003795 0.0 0.4
41.998954999999995 -77.981471 0.0 0.4
41.998793 -77.967473 0.0 0.4
41.998692 -77.957122 0.0 0.4
41.998473 -77.94064 0.0 0.4
41.998402999999996 -77.929829 0.0 0.4
41.99828 -77.91135 0.0 0.4
41.998207 -77.894351 0.0 0.4
41.998222999999996 -77.880408 0.0 0.4
41.998236999999996 -77.87025899999999 0.0 0.4
41.998272 -77.845677 0.0 0.4
41.998286 -77.832045 0.0 0.4
41.998323 -77.81754 0.0 0.4
41.998424 -77.798435 0.0 0.4
41.998560999999995 -77.770802 0.0 0.4
41.998663 -77.74993599999999 0.0 0.4
41.998722 -77.73686599999999 0.0 0.4
41.998796999999996 -77.72189399999999 0.0 0.4
41.998796 -77.707863 0.0 0.4
41.999058 -77.68763 0.0 0.4
41.999376999999996 -77.657782 0.0 0.4
41.999438999999995 -77.635716 0.0 0.4
41.999401999999996 -77.620515 0.0 0.4
41.999368 -77.610027 0.0 0.4
41.999427 -77.598927 0.0 0.4
41.999496 -77.584694 0.0 0.4
41.999569 -77.57065999999999 0.0 0.4
42.000077 -77.511961 0.0 0.4
42.000104 -77.50143 0.0 0.4
42.000125 -77.490327 0.0 0.4
42.000147 -77.476362 0.0 0.4
42.000156 -77.463786 0.0 0.4
42.000118 -77.43967099999999 0.0 0.4
42.000113 -77.428223 0.0 0.4
42.000071 -77.403334 0.0 0.4
42.000049 -77.392631 0.0 0.4
41.999964 -77.375126 0.0 0.4
41.999915 -77.362454 0.0 0.4
41.999835999999995 -77.33897499999999 0.0 0.4
41.999783 -77.319839 0.0 0.4
41.999714999999995 -77.305328 0.0 0.4
41.999739 -77.295036 0.0 0.4
41.999711 -77.283355 0.0 0.4
41.999649 -77.25765799999999 0.0 0.4
41.999634 -77.244351 0.0 0.4
41.999612 -77.228794 0.0 0.4
41.999628 -77.21851099999999 0.0 0.4
41.999713 -77.203828 0.0 0.4
41.999694999999996 -77.19284499999999 0.0 0.4
41.999719 -77.182515 0.0 0.4
41.999694 -77.17244 0.0 0.4
41.999604999999995 -77.161419 0.0 0.4
41.999705 -77.144532 0.0 0.4
41.999759999999995 -77.134085 0.0 0.4
41.999817 -77.114702 0.0 0.4
41.999832999999995 -77.103252 0.0 0.4
42.000018 -77.083272 0.0 0.4
42.0002 -77.06442799999999 0.0 0.4
42.000308 -77.052747 0.0 0.4
42.000440999999995 -77.038648 0.0 0.4
42.000555 -77.02765699999999 0.0 0.4
42.000674 -77.01755399999999 0.0 0.4
42.000733 -77.007408 0.0 0.4
42.000947 -76.985376 0.0 0.4
42.001114 -76.965791 0.0 0.4
42.001236 -76.955399 0.0 0.4
42.001363999999995 -76.942641 0.0 0.4
42.001574999999995 -76.927059 0.0 0.4
42.001733 -76.907466 0.0 0.4
42.001878 -76.888758 0.0 0.4
42.001906 -76.875952 0.0 0.4
42.001936 -76.86045399999999 0.0 0.4
42.001991 -76.833997 0.0 0.4
42.00197 -76.823758 0.0 0.4
42.001926999999995 -76.81078699999999 0.0 0.4
42.001866 -76.78792399999999 0.0 0.4
42.001836999999995 -76.77783 0.0 0.4
42.001756 -76.76373 0.0 0.4
42.001664 -76.750666 0.0 0.4
42.001563999999995 -76.734886 0.0 0.4
42.001374999999996 -76.712351 0.0 0.4
42.001284999999996 -76.701652 0.0 0.4
42.001143 -76.68695199999999 0.0 0.4
42.001005 -76.670771 0.0 0.4
42.000882999999995 -76.656471 0.0 0.4
42.000751 -76.641382 0.0 0.4
42.000614 -76.625699 0.0 0.4
42.000499 -76.61265499999999 0.0 0.4
42.000347999999995 -76.595981 0.0 0.4
42.000127 -76.567814 0.0 0.4
42.000063999999995 -76.557727 0.0 0.4
41.999973 -76.543932 0.0 0.4
41.99987 -76.533526 0.0 0.4
41.999758 -76.523135 0.0 0.4
41.999635999999995 -76.511951 0.0 0.4
41.999472999999995 -76.499607 0.0 0.4
41.999324 -76.48775499999999 0.0 0.4
41.999189 -76.47586799999999 0.0 0.4
41.999015 -76.46286099999999 0.0 0.4
41.998784 -76.444997 0.0 0.4
41.998626 -76.425281 0.0 0.4
41.998531 -76.39797999999999 0.0 0.4
41.998486 -76.385468 0.0 0.4
41.998401 -76.350833 0.0 0.4
41.998377999999995 -76.340509 0.0 0.4
41.998334 -76.31271799999999 0.0 0.4
41.99834 -76.294995 0.0 0.4
41.99837 -76.281712 0.0 0.4
41.998411 -76.269333 0.0 0.4
41.998405999999996 -76.254352 0.0 0.4
41.998401 -76.24204999999999 0.0 0.4
41.998486 -76.22488799999999 0.0 0.4
41.998567 -76.206914 0.0 0.4
41.998599 -76.190367 0.0 0.4
41.998672 -76.174703 0.0 0.4
41.998760999999995 -76.156674 0.0 0.4
41.998855 -76.14605499999999 0.0 0.4
41.998878999999995 -76.135172 0.0 0.4
41.998864 -76.12443499999999 0.0 0.4
41.998901 -76.11090899999999 0.0 0.4
41.998944 -76.090932 0.0 0.4
41.999007999999996 -76.066705 0.0 0.4
41.999033 -76.037954 0.0 0.4
41.999007999999996 -76.008813 0.0 0.4
41.999019 -75.993563 0.0 0.4
41.999035 -75.983082 0.0 0.4
41.999004 -75.968017 0.0 0.4
41.998987 -75.953727 0.0 0.4
41.998854 -75.936007 0.0 0.4
41.998745 -75.91626699999999 0.0 0.4
41.998636 -75.899151 0.0 0.4
41.998565 -75.88857 0.0 0.4
41.998438 -75.870662 0.0 0.4
41.998348 -75.857559 0.0 0.4
41.998179 -75.833213 0.0 0.4
41.997975 -75.793032 0.0 0.4
41.99787 -75.773445 0.0 0.4
41.997876 -75.762468 0.0 0.4
41.997949 -75.752431 0.0 0.4
41.998047 -75.74222999999999 0.0 0.4
41.998138999999995 -75.73163 0.0 0.4
41.998273999999995 -75.71454299999999 0.0 0.4
41.998419999999996 -75.695914 0.0 0.4
41.998543999999995 -75.672322 0.0 0.4
41.998618 -75.65556699999999 0.0 0.4
41.998765 -75.634766 0.0 0.4
41.998809 -75.62472199999999 0.0 0.4
41.998874 -75.60964799999999 0.0 0.4
41.998933 -75.59326399999999 0.0 0.4
41.998959 -75.58085799999999 0.0 0.4
41.99902 -75.557012 0.0 0.4
41.999061999999995 -75.54434499999999 0.0 0.4
41.999154999999995 -75.51532999999999 0.0 0.4
41.999207 -75.50179899999999 0.0 0.4
41.999251 -75.483238 0.0 0.4
41.99926 -75.467523 0.0 0.4
41.999341 -75.443916 0.0 0.4
41.999362 -75.43220000000001 0.0 0.4
41.999446 -75.405535 0.0 0.4
41.999500000000005 -75.379586 0.0 0.4
41.999551 -75.361733 0.0 0.4
41.996263 -75.351095 0.0 0.4
41.993026 -75.341312 0.0 0.4
41.983115 -75.337987 0.0 0.4
41.973991 -75.342145 0.0 0.4
41.969508999999995 -75.33247899999999 0.0 0.4
41.963491 -75.324159 0.0 0.4
41.95511 -75.318201 0.0 0.4
41.948893 -75.310176 0.0 0.4
41.953385999999995 -75.301148 0.0 0.4
41.949917 -75.291707 0.0 0.4
41.942026999999996 -75.28522099999999 0.0 0.4
41.934658999999996 -75.277807 0.0 0.4
41.924703 -75.276572 0.0 0.4
41.91504 -75.271954 0.0 0.4
41.90609 -75.267276 0.0 0.4
41.89752 -75.27244 0.0 0.4
41.887513 -75.27136 0.0 0.4
41.884299 -75.261645 0.0 0.4
41.87449 -75.25905 0.0 0.4
41.864449 -75.261021 0.0 0.4
41.862007 -75.250981 0.0 0.4
41.867176 -75.242402 0.0 0.4
41.861301999999995 -75.234231 0.0 0.4
41.857538 -75.224963 0.0 0.4
41.864432 -75.217505 0.0 0.4
41.869617999999996 -75.208069 0.0 0.4
41.868885 -75.198003 0.0 0.4
41.862466 -75.189942 0.0 0.4
41.866372999999996 -75.180229 0.0 0.4
41.871983 -75.171511 0.0 0.4
41.861768999999995 -75.16846 0.0 0.4
41.852250999999995 -75.16481499999999 0.0 0.4
41.848448 -75.155382 0.0 0.4
41.851462 -75.145602 0.0 0.4
41.848887 -75.13557399999999 0.0 0.4
41.845152 -75.126223 0.0 0.4
41.845102 -75.115959 0.0 0.4
41.834607 -75.11355999999999 0.0 0.4
41.824372 -75.114032 0.0 0.4
41.820018999999995 -75.104901 0.0 0.4
41.814482 -75.095202 0.0 0.4
41.811716 -75.085573 0.0 0.4
41.815366 -75.075531 0.0 0.4
41.805333 -75.072728 0.0 0.4
41.797039999999996 -75.07907 0.0 0.4
41.797638 -75.089201 0.0 0.4
41.79094 -75.098364 0.0 0.4
41.782215 -75.103409 0.0 0.4
41.771238 -75.103492 0.0 0.4
41.768301 -75.09373699999999 0.0 0.4
41.770463 -75.083413 0.0 0.4
41.770002999999996 -75.073402 0.0 0.4
41.766026 -75.06365 0.0 0.4
41.757841 -75.05666599999999 0.0 0.4
41.748252 -75.053088 0.0 0.4
41.738246 -75.054214 0.0 0.4
41.72803 -75.05377299999999 0.0 0.4
41.718267 -75.05102099999999 0.0 0.4
41.712841 -75.05985799999999 0.0 0.4
41.708020999999995 -75.068683 0.0 0.4
41.700333 -75.060334 0.0 0.4
41.691721 -75.054416 0.0 0.4
41.681954999999995 -75.051121 0.0 0.4
41.6749 -75.058418 0.0 0.4
41.666259 -75.05317699999999 0.0 0.4
41.656861 -75.04887 0.0 0.4
41.646696 -75.048232 0.0 0.4
41.636645 -75.048852 0.0 0.4
41.626889 -75.045726 0.0 0.4
41.616617 -75.044854 0.0 0.4
41.618486 -75.05582 0.0 0.4
41.609729 -75.061754 0.0 0.4
41.609172 -75.072345 0.0 0.4
41.600249 -75.067714 0.0 0.4
41.592301 -75.06116899999999 0.0 0.4
41.587475999999995 -75.052278 0.0 0.4
41.580177 -75.045363 0.0 0.4
41.569688 -75.04048999999999 0.0 0.4
41.564805 -75.031455 0.0 0.4
41.557911 -75.02345 0.0 0.4
41.549341999999996 -75.017574 0.0 0.4
41.54114 -75.02337299999999 0.0 0.4
41.53235 -75.018299 0.0 0.4
41.527961999999995 -75.008826 0.0 0.4
41.520970999999996 -75.001536 0.0 0.4
41.511188 -75.003732 0.0 0.4
41.508886 -74.99379499999999 0.0 0.4
41.505944 -74.98395 0.0 0.4
41.495605 -74.982816 0.0 0.4
41.485865 -74.98564499999999 0.0 0.4
41.479265999999996 -74.97778199999999 0.0 0.4
41.477216 -74.967924 0.0 0.4
41.476644 -74.957433 0.0 0.4
41.480624999999996 -74.94807999999999 0.0 0.4
41.483301 -74.937957 0.0 0.4
41.479346 -74.928321 0.0 0.4
41.477185999999996 -74.91848499999999 0.0 0.4
41.472777 -74.90933 0.0 0.4
41.462759999999996 -74.907455 0.0 0.4
41.458667999999996 -74.897295 0.0 0.4
41.452647999999996 -74.88924999999999 0.0 0.4
41.444604999999996 -74.895608 0.0 0.4
41.438472999999995 -74.887676 0.0 0.4
41.440338 -74.876721 0.0 0.4
41.443481999999996 -74.86687599999999 0.0 0.4
41.443871 -74.85655799999999 0.0 0.4
41.43931 -74.847431 0.0 0.4
41.433065 -74.83890099999999 0.0 0.4
41.430973 -74.828203 0.0 0.4
41.438223 -74.82095699999999 0.0 0.4
41.442999 -74.811724 0.0 0.4
41.439434999999996 -74.802326 0.0 0.4
41.429888 -74.798778 0.0 0.4
41.421996 -74.791928 0.0 0.4
41.423291 -74.78194599999999 0.0 0.4
41.426325 -74.77205099999999 0.0 0.4
41.423328 -74.762401 0.0 0.4
41.426528 -74.75252499999999 0.0 0.4
41.430896 -74.7431 0.0 0.4
41.425394 -74.73472 0.0 0.4
41.415647 -74.737521 0.0 0.4
41.406448 -74.74162799999999 0.0 0.4
41.398061 -74.735659 0.0 0.4
41.394973 -74.72578299999999 0.0 0.4
41.392572 -74.71583799999999 0.0 0.4
41.383713 -74.71096899999999 0.0 0.4
41.375558 -74.703772 0.0 0.4
41.370458 -74.694712 0.0 0.4
41.361747 -74.689754 0.0 0.4
41.35557 -74.698054 0.0 0.4
41.352796 -74.70849299999999 0.0 0.4
41.348565 -74.71762199999999 0.0 0.4
41.345866 -74.72837299999999 0.0 0.4
41.346446 -74.74009 0.0 0.4
41.346475999999996 -74.750777 0.0 0.4
41.340328 -74.76032699999999 0.0 0.4
41.330799 -74.76393399999999 0.0 0.4
41.324781 -74.772657 0.0 0.4
41.324329 -74.782747 0.0 0.4
41.322236 -74.793216 0.0 0.4
41.312172 -74.791718 0.0 0.4
41.306857 -74.800226 0.0 0.4
41.300408 -74.809969 0.0 0.4
41.295111999999996 -74.81889199999999 0.0 0.4
41.289085 -74.82802 0.0 0.4
41.280456 -74.834924 0.0 0.4
41.271983999999996 -74.84044 0.0 0.4
41.263419 -74.84608399999999 0.0 0.4
41.253223999999996 -74.846845 0.0 0.4
41.249749 -74.856358 0.0 0.4
41.241023 -74.862051 0.0 0.4
41.232071 -74.866574 0.0 0.4
41.222539 -74.86120799999999 0.0 0.4
41.212361 -74.86410599999999 0.0 0.4
41.203184 -74.87084999999999 0.0 0.4
41.194241 -74.87629799999999 0.0 0.4
41.184013 -74.880538 0.0 0.4
41.175989 -74.887121 0.0 0.4
41.16936 -74.89563199999999 0.0 0.4
41.161331 -74.90211699999999 0.0 0.4
41.151956 -74.90926 0.0 0.4
41.144833 -74.916708 0.0 0.4
41.13753 -74.924469 0.0 0.4
41.132056 -74.935774 0.0 0.4
41.128979 -74.94551799999999 0.0 0.4
41.120777 -74.952164 0.0 0.4
41.115932 -74.961226 0.0 0.4
41.11369 -74.971475 0.0 0.4
41.109649 -74.980897 0.0 0.4
41.101044 -74.986425 0.0 0.4
41.092456999999996 -74.99168999999999 0.0 0.4
41.089765 -74.981522 0.0 0.4
41.095481 -74.97219 0.0 0.4
41.085293 -74.970987 0.0 0.4
41.080542 -74.979801 0.0 0.4
41.078025 -74.990483 0.0 0.4
41.073943 -74.999617 0.0 0.4
41.067485999999995 -75.00730899999999 0.0 0.4
41.061493 -75.015474 0.0 0.4
41.052551 -75.02028899999999 0.0 0.4
41.045254 -75.027146 0.0 0.4
41.03751 -75.033816 0.0 0.4
41.031546999999996 -75.04208899999999 0.0 0.4
41.027628 -75.051738 0.0 0.4
41.019348 -75.069277 0.0 0.4
41.016942 -75.079273 0.0 0.4
41.012923 -75.088719 0.0 0.4
41.006716 -75.10068199999999 0.0 0.4
41.002849 -75.11007599999999 0.0 0.4
40.997966 -75.119584 0.0 0.4
40.992979999999996 -75.12844 0.0 0.4
40.982934 -75.13202199999999 0.0 0.4
40.972891 -75.135116 0.0 0.4
40.969674999999995 -75.125627 0.0 0.4
40.961309 -75.120137 0.0 0.4
40.951325 -75.115805 0.0 0.4
40.943560999999995 -75.10870899999999 0.0 0.4
40.933026999999996 -75.10293899999999 0.0 0.4
40.924147999999995 -75.095528 0.0 0.4
40.918468 -75.086938 0.0 0.4
40.911896999999996 -75.077934 0.0 0.4
40.901413999999995 -75.07542 0.0 0.4
40.889226 -75.07041699999999 0.0 0.4
40.882289 -75.06214899999999 0.0 0.4
40.874539999999996 -75.054806 0.0 0.4
40.864698 -75.051307 0.0 0.4
40.859414 -75.059929 0.0 0.4
40.849458 -75.063498 0.0 0.4
40.84894 -75.073544 0.0 0.4
40.84952 -75.084288 0.0 0.4
40.847082 -75.095784 0.0 0.4
40.837103 -75.09494 0.0 0.4
40.830085 -75.085517 0.0 0.4
40.819444 -75.08778 0.0 0.4
40.812719 -75.09552 0.0 0.4
40.803903999999996 -75.100507 0.0 0.4
40.795106 -75.105277 0.0 0.4
40.789770999999995 -75.11424 0.0 0.4
40.785835 -75.124095 0.0 0.4
40.777076 -75.130721 0.0 0.4
40.773792 -75.14037499999999 0.0 0.4
40.775141999999995 -75.151269 0.0 0.4
40.777851999999996 -75.160996 0.0 0.4
40.777744999999996 -75.171587 0.0 0.4
40.768977 -75.17678 0.0 0.4
40.759344 -75.183037 0.0 0.4
40.753426999999995 -75.19492 0.0 0.4
40.742369 -75.192148 0.0 0.4
40.735361999999995 -75.184221 0.0 0.4
40.725426999999996 -75.18610000000001 0.0 0.4
40.716319999999996 -75.192004 0.0 0.4
40.706495 -75.198022 0.0 0.4
40.697167 -75.20195799999999 0.0 0.4
40.685500999999995 -75.20092199999999 0.0 0.4
40.679856 -75.19216999999999 0.0 0.4
40.679643 -75.181872 0.0 0.4
40.669810999999996 -75.179667 0.0 0.4
40.663816 -75.18795 0.0 0.4
40.65669 -75.195332 0.0 0.4
40.647875 -75.200644 0.0 0.4
40.639269999999996 -75.193516 0.0 0.4
40.629746999999995 -75.189827 0.0 0.4
40.619825999999996 -75.191969 0.0 0.4
40.617188 -75.20181199999999 0.0 0.4
40.608148 -75.196707 0.0 0.4
40.598701 -75.19200699999999 0.0 0.4
40.588732 -75.189357 0.0 0.4
40.580303 -75.195222 0.0 0.4
40.571663 -75.189376 0.0 0.4
40.566576 -75.18068099999999 0.0 0.4
40.564164999999996 -75.170452 0.0 0.4
40.564519 -75.160078 0.0 0.4
40.569893 -75.151431 0.0 0.4
40.574721 -75.142265 0.0 0.4
40.575151999999996 -75.131858 0.0 0.4
40.573828999999996 -75.12169 0.0 0.4
40.571453 -75.111772 0.0 0.4
40.568225 -75.101742 0.0 0.4
40.562211 -75.093727 0.0 0.4
40.555436 -75.08616599999999 0.0 0.4
40.548652 -75.078795 0.0 0.4
40.543385 -75.070272 0.0 0.4
40.534005 -75.066425 0.0 0.4
40.524062 -75.065356 0.0 0.4
40.513504999999995 -75.065242 0.0 0.4
40.503502999999995 -75.064842 0.0 0.4
40.493401999999996 -75.062607 0.0 0.4
40.482845 -75.06283499999999 0.0 0.4
40.473948 -75.067492 0.0 0.4
40.463501 -75.06776599999999 0.0 0.4
40.453472999999995 -75.069486 0.0 0.4
40.44413 -75.065782 0.0 0.4
40.434278 -75.063454 0.0 0.4
40.424175 -75.061854 0.0 0.4
40.416243 -75.055323 0.0 0.4
40.413678999999995 -75.045526 0.0 0.4
40.408189 -75.03697199999999 0.0 0.4
40.403757999999996 -75.02762899999999 0.0 0.4
40.405108 -75.017387 0.0 0.4
40.407596999999996 -75.007443 0.0 0.4
40.410354999999996 -74.997512 0.0 0.4
40.407894 -74.98743499999999 0.0 0.4
40.402602 -74.978718 0.0 0.4
40.399398 -74.96875299999999 0.0 0.4
40.391479 -74.96234299999999 0.0 0.4
40.382525 -74.957493 0.0 0.4
40.373503 -74.952928 0.0 0.4
40.364292999999996 -74.94860899999999 0.0 0.4
40.354468 -74.94572 0.0 0.4
40.344266999999995 -74.944243 0.0 0.4
40.333690999999995 -74.933899 0.0 0.4
40.328275 -74.925292 0.0 0.4
40.321619 -74.916108 0.0 0.4
40.316308 -74.906007 0.0 0.4
40.3149 -74.89593599999999 0.0 0.4
40.30992 -74.886568 0.0 0.4
40.303506 -74.878103 0.0 0.4
40.296991999999996 -74.870334 0.0 0.4
40.284583999999995 -74.860492 0.0 0.4
40.274131 -74.85506099999999 0.0 0.4
40.264708 -74.85010799999999 0.0 0.4
40.255255999999996 -74.844768 0.0 0.4
40.246843999999996 -74.837195 0.0 0.4
40.242408 -74.826207 0.0 0.4
40.237714 -74.817337 0.0 0.4
40.233408 -74.805207 0.0 0.4
40.229513 -74.79557 0.0 0.4
40.224672999999996 -74.78669 0.0 0.4
40.219408 -74.777805 0.0 0.4
40.212956999999996 -74.76988899999999 0.0 0.4
40.203562999999995 -74.76427199999999 0.0 0.4
40.193971999999995 -74.758487 0.0 0.4
40.184435 -74.75286799999999 0.0 0.4
40.180737 -74.743552 0.0 0.4
40.174509 -74.73380399999999 0.0 0.4
40.165777999999996 -74.726581 0.0 0.4
40.156126 -74.72155 0.0 0.4
40.146443 -74.724362 0.0 0.4
40.140904 -74.733111 0.0 0.4
40.135041 -74.74150399999999 0.0 0.4
40.135033 -74.75313 0.0 0.4
40.132464 -74.76311199999999 0.0 0.4
40.126039999999996 -74.774357 0.0 0.4
40.120669 -74.783531 0.0 0.4
40.121746 -74.79424 0.0 0.4
40.124491 -74.805187 0.0 0.4
40.127589 -74.81490099999999 0.0 0.4
40.125506 -74.824705 0.0 0.4
40.117278999999996 -74.830461 0.0 0.4
40.107808999999996 -74.833964 0.0 0.4
40.099418 -74.840541 0.0 0.4
40.095606 -74.849904 0.0 0.4
40.089602 -74.85800499999999 0.0 0.4
40.082133 -74.865489 0.0 0.4
40.080424 -74.875664 0.0 0.4
40.077222 -74.88537 0.0 0.4
40.073926 -74.896577 0.0 0.4
40.0708 -74.907318 0.0 0.4
40.070910999999995 -74.917968 0.0 0.4
40.070245 -74.928298 0.0 0.4
40.066198 -74.938676 0.0 0.4
40.060235 -74.950912 0.0 0.4
40.054946 -74.961981 0.0 0.4
40.049783999999995 -74.972011 0.0 0.4
40.043865 -74.980262 0.0 0.4
40.036435 -74.990068 0.0 0.4
40.030512 -74.998165 0.0 0.4
40.022490999999995 -75.010369 0.0 0.4
40.018436 -75.019645 0.0 0.4
40.016419 -75.02980000000001 0.0 0.4
40.012713999999995 -75.04126699999999 0.0 0.4
40.007217 -75.049902 0.0 0.4
39.999331 -75.0567 0.0 0.4
39.98865 -75.06206399999999 0.0 0.4
39.980492999999996 -75.071264 0.0 0.4
39.97625 -75.082461 0.0 0.4
39.974536 -75.092365 0.0 0.4
39.972377 -75.10228699999999 0.0 0.4
39.968720999999995 -75.11194499999999 0.0 0.4
39.963059 -75.12330399999999 0.0 0.4
39.957319 -75.131777 0.0 0.4
39.946968 -75.13581599999999 0.0 0.4
39.936793 -75.136195 0.0 0.4
39.926168 -75.134484 0.0 0.4
39.917049 -75.13011999999999 0.0 0.4
39.906468 -75.12924699999999 0.0 0.4
39.894614 -75.13469599999999 0.0 0.4
39.886891 -75.141522 0.0 0.4
39.883027 -75.156628 0.0 0.4
39.882503 -75.168658 0.0 0.4
39.882197 -75.180112 0.0 0.4
39.880348 -75.190099 0.0 0.4
39.874441 -75.19855199999999 0.0 0.4
39.867004 -75.211463 0.0 0.4
39.861543 -75.22137099999999 0.0 0.4
39.857608 -75.23177 0.0 0.4
39.854977999999996 -75.24190399999999 0.0 0.4
39.85244 -75.25439899999999 0.0 0.4
39.849830999999995 -75.26807 0.0 0.4
39.849053 -75.27825299999999 0.0 0.4
39.848850999999996 -75.289058 0.0 0.4
39.849263 -75.29923699999999 0.0 0.4
39.850139 -75.309384 0.0 0.4
39.849813 -75.32323099999999 0.0 0.4
39.846112 -75.341433 0.0 0.4
39.841355 -75.351053 0.0 0.4
39.835558999999996 -75.36058899999999 0.0 0.4
39.827998 -75.37117599999999 0.0 0.4
39.820611 -75.382479 0.0 0.4
39.812326 -75.395411 0.0 0.4
39.804649999999995 -75.409053 0.0 0.4
39.804773999999995 -75.420056 0.0 0.4
39.80964 -75.428797 0.0 0.4
39.813995 -75.437939 0.0 0.4
39.817991 -75.447225 0.0 0.4
39.821639999999995 -75.456667 0.0 0.4
39.824974 -75.466329 0.0 0.4
39.827940999999996 -75.476462 0.0 0.4
39.830686 -75.486363 0.0 0.4
39.832930999999995 -75.496178 0.0 0.4
39.834849999999996 -75.506108 0.0 0.4
39.836428999999995 -75.516047 0.0 0.4
39.837682 -75.526017 0.0 0.4
39.838609 -75.535977 0.0 0.4
39.839217999999995 -75.54614 0.0 0.4
39.839497 -75.556305 0.0 0.4
39.839445999999995 -75.566408 0.0 0.4
39.839068 -75.576425 0.0 0.4
39.838361 -75.586556 0.0 0.4
39.837325 -75.596594 0.0 0.4
39.835972 -75.606522 0.0 0.4
39.834263 -75.616563 0.0 0.4
39.832248 -75.626393 0.0 0.4
39.829676 -75.637034 0.0 0.4
39.826876 -75.646883 0.0 0.4
39.823755 -75.656438 0.0 0.4
39.820184999999995 -75.666039 0.0 0.4
39.816286 -75.675341 0.0 0.4
39.811982 -75.684505 0.0 0.4
39.807238999999996 -75.693552 0.0 0.4
39.802186 -75.70222 0.0 0.4
39.796743 -75.710635 0.0 0.4
39.790617 -75.719169 0.0 0.4
39.784368 -75.72699899999999 0.0 0.4
39.777513 -75.734718 0.0 0.4
39.770443 -75.74185 0.0 0.4
39.762865 -75.74866999999999 0.0 0.4
39.754884 -75.755034 0.0 0.4
39.745481 -75.761563 0.0 0.4
39.736723999999995 -75.766786 0.0 0.4
39.727422 -75.771496 0.0 0.4
39.722198999999996 -75.7847 0.0 0.4
39.722201999999996 -75.794741 0.0 0.4
39.722184 -75.80932 0.0 0.4
39.722117999999995 -75.819745 0.0 0.4
39.72204 -75.830066 0.0 0.4
39.721970999999996 -75.841731 0.0 0.4
39.721961 -75.85213399999999 0.0 0.4
39.721951 -75.863062 0.0 0.4
39.72194 -75.87465499999999 0.0 0.4
39.721982 -75.89200000000001 0.0 0.4
39.721967 -75.90268999999999 0.0 0.4
39.721934999999995 -75.919292 0.0 0.4
39.721899 -75.931234 0.0 0.4
39.721852999999996 -75.94281 0.0 0.4
39.721809 -75.955224 0.0 0.4
39.721789 -75.965792 0.0 0.4
39.721776 -75.980148 0.0 0.4
39.721761 -75.993878 0.0 0.4
39.721827 -76.013149 0.0 0.4
39.721737 -76.025576 0.0 0.4
39.7217 -76.035606 0.0 0.4
39.721654 -76.04753 0.0 0.4
39.721602 -76.060423 0.0 0.4
39.72154 -76.073926 0.0 0.4
39.721483 -76.08631299999999 0.0 0.4
39.721408 -76.10246699999999 0.0 0.4
39.721312 -76.114626 0.0 0.4
39.721225 -76.125624 0.0 0.4
39.721131 -76.135755 0.0 0.4
39.721457 -76.152958 0.0 0.4
39.721466 -76.163129 0.0 0.4
39.721404 -76.175321 0.0 0.4
39.721408 -76.200051 0.0 0.4
39.721309 -76.21017599999999 0.0 0.4
39.721408 -76.224065 0.0 0.4
39.721334999999996 -76.23980499999999 0.0 0.4
39.721261999999996 -76.25174899999999 0.0 0.4
39.721303 -76.264201 0.0 0.4
39.721303999999996 -76.276905 0.0 0.4
39.721303 -76.288679 0.0 0.4
39.721303 -76.301951 0.0 0.4
39.721305 -76.313554 0.0 0.4
39.721303 -76.3268 0.0 0.4
39.721289999999996 -76.336972 0.0 0.4
39.721303 -76.34811599999999 0.0 0.4
39.721303 -76.35910899999999 0.0 0.4
39.721303 -76.374088 0.0 0.4
39.721303 -76.38458299999999 0.0 0.4
39.721195 -76.39563299999999 0.0 0.4
39.721236 -76.405909 0.0 0.4
39.721201 -76.416662 0.0 0.4
39.721287 -76.431122 0.0 0.4
39.721232 -76.441791 0.0 0.4
39.721306 -76.45182199999999 0.0 0.4
39.721269 -76.46188099999999 0.0 0.4
39.721182 -76.47219299999999 0.0 0.4
39.721278999999996 -76.482603 0.0 0.4
39.721289999999996 -76.49273199999999 0.0 0.4
39.72124 -76.502879 0.0 0.4
39.721146999999995 -76.512901 0.0 0.4
39.721306 -76.523628 0.0 0.4
39.721306 -76.538395 0.0 0.4
39.721357 -76.548694 0.0 0.4
39.721236 -76.560226 0.0 0.4
39.721153 -76.57046299999999 0.0 0.4
39.721301 -76.582594 0.0 0.4
39.720448999999995 -76.595462 0.0 0.4
39.721297 -76.609425 0.0 0.4
39.721202 -76.627831 0.0 0.4
39.721177 -76.638424 0.0 0.4
39.721101999999995 -76.652804 0.0 0.4
39.721109999999996 -76.662954 0.0 0.4
39.721119 -76.674943 0.0 0.4
39.721101 -76.685002 0.0 0.4
39.721101999999995 -76.696894 0.0 0.4
39.721177 -76.707216 0.0 0.4
39.721002 -76.72108 0.0 0.4
39.721002 -76.73374299999999 0.0 0.4
39.720925 -76.745877 0.0 0.4
39.720901999999995 -76.756261 0.0 0.4
39.720822 -76.770094 0.0 0.4
39.720819 -76.781661 0.0 0.4
39.720638 -76.79370899999999 0.0 0.4
39.720617999999995 -76.805515 0.0 0.4
39.720611 -76.816119 0.0 0.4
39.72054 -76.82632699999999 0.0 0.4
39.720501999999996 -76.83772499999999 0.0 0.4
39.720506 -76.849715 0.0 0.4
39.720400000000005 -76.86164699999999 0.0 0.4
39.72051 -76.87294 0.0 0.4
39.720397 -76.883089 0.0 0.4
39.720428 -76.893723 0.0 0.4
39.720596 -76.91058699999999 0.0 0.4
39.720600000000005 -76.92152 0.0 0.4
39.7207 -76.932141 0.0 0.4
39.720504 -76.942419 0.0 0.4
39.720400000000005 -76.953405 0.0 0.4
39.720203999999995 -76.963482 0.0 0.4
39.720124 -76.974306 0.0 0.4
39.719839 -76.989024 0.0 0.4
39.720106 -76.999318 0.0 0.4
39.720098 -77.009368 0.0 0.4
39.720084 -77.019391 0.0 0.4
39.719930999999995 -77.032353 0.0 0.4
39.719918 -77.043449 0.0 0.4
39.719930999999995 -77.05506 0.0 0.4
39.719943 -77.06593099999999 0.0 0.4
39.719939 -77.082444 0.0 0.4
39.719930999999995 -77.09501399999999 0.0 0.4
39.719927 -77.107339 0.0 0.4
39.719913 -77.118111 0.0 0.4
39.719909 -77.135009 0.0 0.4
39.719901 -77.146146 0.0 0.4
39.719895 -77.15663599999999 0.0 0.4
39.719867 -77.166984 0.0 0.4
39.719822 -77.18287 0.0 0.4
39.719842 -77.198399 0.0 0.4
39.71985 -77.20974199999999 0.0 0.4
39.719865 -77.22240099999999 0.0 0.4
39.719877 -77.233789 0.0 0.4
39.719882 -77.243939 0.0 0.4
39.719888 -77.256382 0.0 0.4
39.719891 -77.267574 0.0 0.4
39.719902 -77.288701 0.0 0.4
39.719904 -77.30242199999999 0.0 0.4
39.719907 -77.31759699999999 0.0 0.4
39.719905 -77.327967 0.0 0.4
39.719904 -77.338595 0.0 0.4
39.719905 -77.348715 0.0 0.4
39.719901 -77.361691 0.0 0.4
39.719895 -77.373434 0.0 0.4
39.719826999999995 -77.38928 0.0 0.4
39.719848999999996 -77.40450299999999 0.0 0.4
39.719879 -77.416876 0.0 0.4
39.719902 -77.428215 0.0 0.4
39.719936 -77.442422 0.0 0.4
39.719964 -77.456946 0.0 0.4
39.720028 -77.467238 0.0 0.4
39.720020999999996 -77.478077 0.0 0.4
39.720009999999995 -77.488571 0.0 0.4
39.719975 -77.498644 0.0 0.4
39.719947 -77.510269 0.0 0.4
39.720023999999995 -77.52130799999999 0.0 0.4
39.720085 -77.53231699999999 0.0 0.4
39.720151 -77.54281399999999 0.0 0.4
39.720268 -77.553609 0.0 0.4
39.720351 -77.56429899999999 0.0 0.4
39.720382 -77.574366 0.0 0.4
39.720434999999995 -77.587777 0.0 0.4
39.720464 -77.60278699999999 0.0 0.4
39.720541 -77.614066 0.0 0.4
39.720481 -77.624684 0.0 0.4
39.720557 -77.637536 0.0 0.4
39.720631 -77.649478 0.0 0.4
39.720662 -77.666414 0.0 0.4
39.720887 -77.677114 0.0 0.4
39.720966 -77.691538 0.0 0.4
39.721036999999995 -77.707432 0.0 0.4
39.721008 -77.71754399999999 0.0 0.4
39.721244 -77.727561 0.0 0.4
39.721239 -77.73767699999999 0.0 0.4
39.721301 -77.750109 0.0 0.4
39.721332 -77.76574699999999 0.0 0.4
39.721441999999996 -77.7792 0.0 0.4
39.721554 -77.78925699999999 0.0 0.4
39.721731 -77.79957499999999 0.0 0.4
39.721737 -77.81116 0.0 0.4
39.721803 -77.82164499999999 0.0 0.4
39.721942 -77.843565 0.0 0.4
39.722046999999996 -77.861952 0.0 0.4
39.722142999999996 -77.873327 0.0 0.4
39.722173 -77.88676 0.0 0.4
39.722249 -77.897744 0.0 0.4
39.722229 -77.908766 0.0 0.4
39.722291 -77.922418 0.0 0.4
39.72233 -77.93365399999999 0.0 0.4
39.722342999999995 -77.946316 0.0 0.4
39.722384999999996 -77.966442 0.0 0.4
39.722392 -77.97743 0.0 0.4
39.722397 -77.988371 0.0 0.4
39.722404 -77.99972199999999 0.0 0.4
39.722394 -78.019407 0.0 0.4
39.722353 -78.030264 0.0 0.4
39.722305999999996 -78.041248 0.0 0.4
39.722471999999996 -78.059713 0.0 0.4
39.722324 -78.071912 0.0 0.4
39.722212 -78.08540099999999 0.0 0.4
39.722125999999996 -78.095832 0.0 0.4
39.722125999999996 -78.11077499999999 0.0 0.4
39.722228 -78.121624 0.0 0.4
39.722271 -78.132758 0.0 0.4
39.722308 -78.147032 0.0 0.4
39.722359 -78.166771 0.0 0.4
39.722387 -78.17692 0.0 0.4
39.7224 -78.19838399999999 0.0 0.4
39.722477 -78.21150899999999 0.0 0.4
39.722528 -78.22327299999999 0.0 0.4
39.722589 -78.235109 0.0 0.4
39.722567 -78.24513499999999 0.0 0.4
39.722652 -78.25514199999999 0.0 0.4
39.722538 -78.265571 0.0 0.4
39.722614 -78.27881599999999 0.0 0.4
39.722705 -78.291045 0.0 0.4
39.722788 -78.302926 0.0 0.4
39.722859 -78.314008 0.0 0.4
39.722640999999996 -78.329822 0.0 0.4
39.722429999999996 -78.33991999999999 0.0 0.4
39.722576 -78.35341 0.0 0.4
39.722564999999996 -78.366962 0.0 0.4
39.722598999999995 -78.38059899999999 0.0 0.4
39.722757 -78.39814 0.0 0.4
39.722791 -78.40834699999999 0.0 0.4
39.72265 -78.419803 0.0 0.4
39.722483 -78.433206 0.0 0.4
39.722775999999996 -78.444391 0.0 0.4
39.722868 -78.461528 0.0 0.4
39.722857999999995 -78.474899 0.0 0.4
39.72285 -78.486167 0.0 0.4
39.722851 -78.49617599999999 0.0 0.4
39.722766 -78.50729299999999 0.0 0.4
39.722663 -78.517822 0.0 0.4
39.722518 -78.53347 0.0 0.4
39.722753 -78.543897 0.0 0.4
39.722771 -78.554058 0.0 0.4
39.722674999999995 -78.564819 0.0 0.4
39.722559 -78.57614099999999 0.0 0.4
39.722591 -78.590251 0.0 0.4
39.722774 -78.61025 0.0 0.4
39.722929 -78.623302 0.0 0.4
39.722912 -78.633724 0.0 0.4
39.722921 -78.649566 0.0 0.4
39.723003 -78.665954 0.0 0.4
39.722927 -78.678221 0.0 0.4
39.722933999999995 -78.689399 0.0 0.4
39.722984 -78.69971199999999 0.0 0.4
39.722925 -78.71517399999999 0.0 0.4
39.723034 -78.72977399999999 0.0 0.4
39.722991 -78.742134 0.0 0.4
39.72293 -78.761136 0.0 0.4
39.723005 -78.77117 0.0 0.4
39.722915 -78.782557 0.0 0.4
39.722925 -78.795501 0.0 0.4
39.722915 -78.80555199999999 0.0 0.4
39.722898 -78.81588599999999 0.0 0.4
39.722925 -78.826752 0.0 0.4
39.722947999999995 -78.837653 0.0 0.4
39.722986999999996 -78.849933 0.0 0.4
39.722967 -78.86128099999999 0.0 0.4
39.722927 -78.873156 0.0 0.4
39.722885 -78.88572099999999 0.0 0.4
39.722856 -78.900545 0.0 0.4
39.722829 -78.912778 0.0 0.4
39.722798 -78.924072 0.0 0.4
39.722749 -78.934846 0.0 0.4
39.722695 -78.95341599999999 0.0 0.4
39.722659 -78.964074 0.0 0.4
39.722615 -78.975207 0.0 0.4
39.722578999999996 -78.98626399999999 0.0 0.4
39.722595 -78.997843 0.0 0.4
39.722691999999995 -79.011346 0.0 0.4
39.722798999999995 -79.030034 0.0 0.4
39.722857999999995 -79.041094 0.0 0.4
39.722818 -79.051841 0.0 0.4
39.722637 -79.069474 0.0 0.4
39.722518 -79.081135 0.0 0.4
39.722483 -79.09200799999999 0.0 0.4
39.722485 -79.10566399999999 0.0 0.4
39.722484 -79.11684699999999 0.0 0.4
39.722460999999996 -79.129965 0.0 0.4
39.722409 -79.14245799999999 0.0 0.4
39.722358 -79.155361 0.0 0.4
39.722313 -79.166669 0.0 0.4
39.722162 -79.190135 0.0 0.4
39.722083 -79.200458 0.0 0.4
39.722038999999995 -79.21063699999999 0.0 0.4
39.721989 -79.22250799999999 0.0 0.4
39.721979 -79.232702 0.0 0.4
39.721979999999995 -79.24278799999999 0.0 0.4
39.721975 -79.25330699999999 0.0 0.4
39.721973 -79.263485 0.0 0.4
39.721976 -79.282556 0.0 0.4
39.721976 -79.298209 0.0 0.4
39.721979 -79.313456 0.0 0.4
39.72192 -79.32368 0.0 0.4
39.721857 -79.334876 0.0 0.4
39.721866999999996 -79.34506499999999 0.0 0.4
39.721734 -79.357052 0.0 0.4
39.721646 -79.374785 0.0 0.4
39.721596999999996 -79.385801 0.0 0.4
39.721578 -79.400303 0.0 0.4
39.721578 -79.410905 0.0 0.4
39.721539 -79.421224 0.0 0.4
39.721464 -79.432301 0.0 0.4
39.721394 -79.44251299999999 0.0 0.4
39.721303999999996 -79.452721 0.0 0.4
39.7212 -79.46378399999999 0.0 0.4
39.721097 -79.474599 0.0 0.4
39.72106 -79.48517799999999 0.0 0.4
39.721029 -79.49923799999999 0.0 0.4
39.72094 -79.51680999999999 0.0 0.4
39.720866 -79.53122499999999 0.0 0.4
39.720807 -79.54494299999999 0.0 0.4
39.720942 -79.560223 0.0 0.4
39.721098 -79.57126199999999 0.0 0.4
39.721277 -79.583866 0.0 0.4
39.721101999999995 -79.59646599999999 0.0 0.4
39.721142 -79.607056 0.0 0.4
39.721005999999996 -79.620057 0.0 0.4
39.720901 -79.631751 0.0 0.4
39.720859 -79.64387599999999 0.0 0.4
39.720811 -79.65753699999999 0.0 0.4
39.720821 -79.672821 0.0 0.4
39.720946999999995 -79.68805499999999 0.0 0.4
39.720977 -79.700403 0.0 0.4
39.720977 -79.71089099999999 0.0 0.4
39.720966 -79.72137099999999 0.0 0.4
39.720887999999995 -79.733306 0.0 0.4
39.720808999999996 -79.744916 0.0 0.4
39.720776 -79.756838 0.0 0.4
39.720777 -79.781037 0.0 0.4
39.720777999999996 -79.793674 0.0 0.4
39.720777999999996 -79.803708 0.0 0.4
39.720777 -79.81427599999999 0.0 0.4
39.720759 -79.825459 0.0 0.4
39.720738 -79.83801199999999 0.0 0.4
39.720715 -79.851466 0.0 0.4
39.720696 -79.86344 0.0 0.4
39.720679 -79.874259 0.0 0.4
39.720707 -79.88694199999999 0.0 0.4
39.720755 -79.908624 0.0 0.4
39.720766 -79.91887899999999 0.0 0.4
39.72072 -79.930422 0.0 0.4
39.720670999999996 -79.940671 0.0 0.4
39.720786 -79.956569 0.0 0.4
39.720894 -79.97249 0.0 0.4
39.720977 -79.98430499999999 0.0 0.4
39.721164 -80.000008 0.0 0.4
39.721215 -80.013475 0.0 0.4
39.721267 -80.02875 0.0 0.4
39.721294 -80.041702 0.0 0.4
39.721323 -80.061295 0.0 0.4
39.72135 -80.075947 0.0 0.4
39.721212 -80.08650399999999 0.0 0.4
39.721132999999995 -80.104902 0.0 0.4
39.721145 -80.124706 0.0 0.4
39.721201 -80.140912 0.0 0.4
39.721215 -80.15359 0.0 0.4
39.721177 -80.165596 0.0 0.4
39.721143999999995 -80.177274 0.0 0.4
39.721219 -80.187505 0.0 0.4
39.721149 -80.197876 0.0 0.4
39.721208999999995 -80.20840299999999 0.0 0.4
39.721212 -80.220241 0.0 0.4
39.721163 -80.232196 0.0 0.4
39.721117 -80.243326 0.0 0.4
39.721021 -80.255157 0.0 0.4
39.721070999999995 -80.266571 0.0 0.4
39.721094 -80.276764 0.0 0.4
39.721153 -80.287441 0.0 0.4
39.721257 -80.305808 0.0 0.4
39.721288 -80.328262 0.0 0.4
39.721346 -80.338809 0.0 0.4
39.72137 -80.349938 0.0 0.4
39.721422 -80.368222 0.0 0.4
39.721316 -80.378458 0.0 0.4
39.721267 -80.390615 0.0 0.4
39.721236 -80.40336099999999 0.0 0.4
39.721188999999995 -80.421388 0.0 0.4
39.72121 -80.43148699999999 0.0 0.4
39.721243 -80.445078 0.0 0.4
39.721278 -80.457937 0.0 0.4
39.721272 -80.467951 0.0 0.4
39.721242 -80.48893199999999 0.0 0.4
39.721289999999996 -80.49976 0.0 0.4
39.721395 -80.515044 0.0 0.4
39.736931 -80.519311 0.0 0.4
39.750129 -80.51935999999999 0.0 0.4
39.763349999999996 -80.51928699999999 0.0 0.4
39.774049999999995 -80.519374 0.0 0.4
39.785374999999995 -80.5193 0.0 0.4
39.796707999999995 -80.51930999999999 0.0 0.4
39.81649 -80.51927599999999 0.0 0.4
39.828340999999995 -80.51922499999999 0.0 0.4
39.844722 -80.519013 0.0 0.4
39.856031 -80.519046 0.0 0.4
39.866248 -80.518971 0.0 0.4
39.878203 -80.518993 0.0 0.4
39.890964 -80.518891 0.0 0.4
39.901939999999996 -80.519024 0.0 0.4
39.913236 -80.51908499999999 0.0 0.4
39.931937999999995 -80.519251 0.0 0.4
39.947266 -80.519143 0.0 0.4
39.957417 -80.519122 0.0 0.4
39.970029 -80.519131 0.0 0.4
39.997617 -80.51906199999999 0.0 0.4
40.008945 -80.51905599999999 0.0 0.4
40.020289 -80.519162 0.0 0.4
40.036169 -80.518992 0.0 0.4
40.046994999999995 -80.519243 0.0 0.4
40.064073 -80.51905599999999 0.0 0.4
40.077000999999996 -80.519008 0.0 0.4
40.088871 -80.51914 0.0 0.4
40.098921 -80.51903999999999 0.0 0.4
40.110254999999995 -80.518946 0.0 0.4
40.121763 -80.518968 0.0 0.4
40.134474999999995 -80.51901099999999 0.0 0.4
40.144487999999996 -80.519024 0.0 0.4
40.155909 -80.519091 0.0 0.4
40.171343 -80.519136 0.0 0.4
40.182694999999995 -80.51892699999999 0.0 0.4
40.195735 -80.51886499999999 0.0 0.4
40.206759999999996 -80.519091 0.0 0.4
40.230861999999995 -80.519103 0.0 0.4
40.244436 -80.51911 0.0 0.4
40.256972999999995 -80.519071 0.0 0.4
40.268101 -80.519151 0.0 0.4
40.278869 -80.519151 0.0 0.4
40.288872999999995 -80.519065 0.0 0.4
40.299493999999996 -80.51902299999999 0.0 0.4
40.311498 -80.519001 0.0 0.4
40.322022 -80.519003 0.0 0.4
40.335203 -80.51902 0.0 0.4
40.345379 -80.518982 0.0 0.4
40.360060999999995 -80.518363 0.0 0.4
40.372687 -80.51800899999999 0.0 0.4
40.383162999999996 -80.518042 0.0 0.4
40.393325999999995 -80.518074 0.0 0.4
40.403763 -80.51799199999999 0.0 0.4
40.416288 -80.51789 0.0 0.4
40.432266999999996 -80.51799 0.0 0.4
40.446286 -80.517862 0.0 0.4
40.457208 -80.517743 0.0 0.4
40.468426 -80.518406 0.0 0.4
40.479375 -80.51901099999999 0.0 0.4
40.490676 -80.51894 0.0 0.4
40.500737 -80.518987 0.0 0.4
40.510949 -80.518942 0.0 0.4
40.521042 -80.518908 0.0 0.4
40.53346 -80.519228 0.0 0.4
40.551342 -80.519134 0.0 0.4
40.561823 -80.518884 0.0 0.4
40.571982999999996 -80.518987 0.0 0.4
40.590137999999996 -80.51906199999999 0.0 0.4
40.603826999999995 -80.51905 0.0 0.4
40.614953 -80.519066 0.0 0.4
40.625009999999996 -80.51901199999999 0.0 0.4
40.635044 -80.518981 0.0 0.4
40.648154 -80.51898899999999 0.0 0.4
40.658646 -80.51898899999999 0.0 0.4
40.668659999999996 -80.518988 0.0 0.4
40.679936 -80.51898 0.0 0.4
40.691114999999996 -80.51895999999999 0.0 0.4
40.701343 -80.518948 0.0 0.4
40.715055 -80.51892699999999 0.0 0.4
40.725324 -80.51893799999999 0.0 0.4
40.73573 -80.518969 0.0 0.4
40.7459 -80.519032 0.0 0.4
40.756408 -80.519071 0.0 0.4
40.767979 -80.519046 0.0 0.4
40.778237 -80.519061 0.0 0.4
40.788754999999995 -80.519044 0.0 0.4
40.79918 -80.519058 0.0 0.4
40.809742 -80.519105 0.0 0.4
40.821262999999995 -80.519094 0.0 0.4
40.835359 -80.519097 0.0 0.4
40.849157 -80.519081 0.0 0.4
40.860002 -80.519052 0.0 0.4
40.870847999999995 -80.51901199999999 0.0 0.4
40.881040999999996 -80.519095 0.0 0.4
40.891202 -80.51904499999999 0.0 0.4
40.901572 -80.519188 0.0 0.4
40.913956999999996 -80.519296 0.0 0.4
40.930285999999995 -80.519015 0.0 0.4
40.941528 -80.51901099999999 0.0 0.4
40.953326 -80.519002 0.0 0.4
40.963761 -80.51901 0.0 0.4
40.973791999999996 -80.519015 0.0 0.4
40.985274 -80.51901099999999 0.0 0.4
40.99536 -80.519014 0.0 0.4
41.005652999999995 -80.519003 0.0 0.4
41.015753 -80.518934 0.0 0.4
41.027741 -80.51919199999999 0.0 0.4
41.041354999999996 -80.51881499999999 0.0 0.4
41.052091999999995 -80.519083 0.0 0.4
41.062104 -80.51894 0.0 0.4
41.072113 -80.518962 0.0 0.4
41.082871 -80.519044 0.0 0.4
41.097375 -80.519093 0.0 0.4
41.112231 -80.51906199999999 0.0 0.4
41.124992 -80.519037 0.0 0.4
41.135408 -80.519035 0.0 0.4
41.145444999999995 -80.51903899999999 0.0 0.4
41.160936 -80.51921999999999 0.0 0.4
41.170967999999995 -80.51911 0.0 0.4
41.182705 -80.518974 0.0 0.4
41.193354 -80.51902799999999 0.0 0.4
41.203516 -80.519066 0.0 0.4
41.213653 -80.518836 0.0 0.4
41.223785 -80.519044 0.0 0.4
41.234671 -80.519082 0.0 0.4
41.24546 -80.51908999999999 0.0 0.4
41.257221 -80.518796 0.0 0.4
41.267537 -80.519114 0.0 0.4
41.281369999999995 -80.519097 0.0 0.4
41.291579999999996 -80.519076 0.0 0.4
41.302713999999995 -80.519042 0.0 0.4
41.314721999999996 -80.519134 0.0 0.4
41.326747 -80.519137 0.0 0.4
41.337143 -80.51915199999999 0.0 0.4
41.347846 -80.51911199999999 0.0 0.4
41.36018 -80.51911799999999 0.0 0.4
41.371044 -80.519221 0.0 0.4
41.38181 -80.519221 0.0 0.4
41.397031999999996 -80.51906699999999 0.0 0.4
41.410795 -80.51901 0.0 0.4
41.423953999999995 -80.518993 0.0 0.4
41.435476 -80.519033 0.0 0.4
41.446062 -80.519132 0.0 0.4
41.458016 -80.519154 0.0 0.4
41.473907 -80.519345 0.0 0.4
41.489013 -80.519217 0.0 0.4
41.499544 -80.51922499999999 0.0 0.4
41.509867 -80.51922499999999 0.0 0.4
41.520222 -80.51919699999999 0.0 0.4
41.530504 -80.51918599999999 0.0 0.4
41.540721999999995 -80.519339 0.0 0.4
41.550868 -80.51934899999999 0.0 0.4
41.563218 -80.51935999999999 0.0 0.4
41.574089 -80.51937 0.0 0.4
41.585277999999995 -80.51938 0.0 0.4
41.595600000000005 -80.51939 0.0 0.4
41.606473 -80.519401 0.0 0.4
41.618891999999995 -80.519336 0.0 0.4
41.629346 -80.519316 0.0 0.4
41.640267 -80.519359 0.0 0.4
41.651258999999996 -80.519402 0.0 0.4
41.663134 -80.519401 0.0 0.4
41.674132 -80.51940599999999 0.0 0.4
41.685798999999996 -80.519364 0.0 0.4
41.696779 -80.51936599999999 0.0 0.4
41.707052 -80.519367 0.0 0.4
41.71723 -80.51941099999999 0.0 0.4
41.727801 -80.519398 0.0 0.4
41.738442 -80.519413 0.0 0.4
41.749489 -80.519437 0.0 0.4
41.763760999999995 -80.519323 0.0 0.4
41.776005 -80.51934899999999 0.0 0.4
41.786955 -80.519359 0.0 0.4
41.797560999999995 -80.519374 0.0 0.4
41.807798 -80.519352 0.0 0.4
41.818298 -80.519379 0.0 0.4
41.828677 -80.519367 0.0 0.4
41.842805999999996 -80.519367 0.0 0.4
