18.44228 -67.207937 0.0 0.4
18.451261 -67.212907 0.0 0.4
18.461412 -67.217131 0.0 0.4
18.472534 -67.220345 0.0 0.4
18.482727 -67.222466 0.0 0.4
18.494061 -67.222363 0.0 0.4
18.503635 -67.214033 0.0 0.4
18.517128 -67.205744 0.0 0.4
18.527741 -67.19515 0.0 0.4
18.536396 -67.184418 0.0 0.4
18.54371 -67.175508 0.0 0.4
18.552543 -67.160467 0.0 0.4
18.556487999999998 -67.14663999999999 0.0 0.4
18.560761 -67.130718 0.0 0.4
18.564104 -67.11689199999999 0.0 0.4
18.56656 -67.10496499999999 0.0 0.4
18.567792 -67.092614 0.0 0.4
18.567624 -67.07909699999999 0.0 0.4
18.566579 -67.06401699999999 0.0 0.4
18.565642999999998 -67.052646 0.0 0.4
18.564543 -67.036446 0.0 0.4
18.563506 -67.02577099999999 0.0 0.4
18.561446999999998 -67.011325 0.0 0.4
18.558692 -67.000564 0.0 0.4
18.552958 -66.99112199999999 0.0 0.4
18.548332 -66.98137 0.0 0.4
18.543822 -66.97071 0.0 0.4
18.541615999999998 -66.95794699999999 0.0 0.4
18.54039 -66.948014 0.0 0.4
18.540048 -66.937674 0.0 0.4
18.537696999999998 -66.926772 0.0 0.4
18.53453 -66.91325499999999 0.0 0.4
18.535238 -66.902086 0.0 0.4
18.541664 -66.88387399999999 0.0 0.4
18.542334 -66.872494 0.0 0.4
18.542388 -66.861931 0.0 0.4
18.542517 -66.851175 0.0 0.4
18.540205999999998 -66.836693 0.0 0.4
18.543104 -66.822959 0.0 0.4
18.543727 -66.80986399999999 0.0 0.4
18.543319999999998 -66.795171 0.0 0.4
18.541218999999998 -66.77771899999999 0.0 0.4
18.53833 -66.764692 0.0 0.4
18.533317999999998 -66.751819 0.0 0.4
18.528423999999998 -66.740888 0.0 0.4
18.527231999999998 -66.730948 0.0 0.4
18.528696999999998 -66.72090399999999 0.0 0.4
18.531465999999998 -66.710773 0.0 0.4
18.535736999999997 -66.699501 0.0 0.4
18.53833 -66.687991 0.0 0.4
18.539225 -66.67267199999999 0.0 0.4
18.539799 -66.660358 0.0 0.4
18.542690999999998 -66.64884599999999 0.0 0.4
18.543992 -66.634761 0.0 0.4
18.544105 -66.624618 0.0 0.4
18.542932 -66.614576 0.0 0.4
18.543571999999998 -66.602216 0.0 0.4
18.541729999999998 -66.59178299999999 0.0 0.4
18.541431 -66.578441 0.0 0.4
18.540713999999998 -66.566441 0.0 0.4
18.538964 -66.548856 0.0 0.4
18.535474 -66.533125 0.0 0.4
18.533752 -66.515152 0.0 0.4
18.530597 -66.50433699999999 0.0 0.4
18.527024 -66.489654 0.0 0.4
18.52442 -66.478561 0.0 0.4
18.532382 -66.46823599999999 0.0 0.4
18.537249 -66.45804199999999 0.0 0.4
18.540271999999998 -66.444312 0.0 0.4
18.540219 -66.432985 0.0 0.4
18.543278 -66.419608 0.0 0.4
18.543761 -66.399649 0.0 0.4
18.541850999999998 -66.38347399999999 0.0 0.4
18.540589 -66.37143999999999 0.0 0.4
18.540999 -66.35918699999999 0.0 0.4
18.540903999999998 -66.347393 0.0 0.4
18.538617 -66.333083 0.0 0.4
18.534049 -66.32244899999999 0.0 0.4
18.530452999999998 -66.310647 0.0 0.4
18.528283 -66.300527 0.0 0.4
18.527943 -66.289897 0.0 0.4
18.529155 -66.277497 0.0 0.4
18.529761 -66.265525 0.0 0.4
18.528283 -66.254344 0.0 0.4
18.526068 -66.242282 0.0 0.4
18.524117999999998 -66.231672 0.0 0.4
18.523063 -66.218688 0.0 0.4
18.523464999999998 -66.20750000000001 0.0 0.4
18.526512 -66.19407 0.0 0.4
18.526138 -66.182818 0.0 0.4
18.525520999999998 -66.170469 0.0 0.4
18.5252 -66.157163 0.0 0.4
18.524912 -66.13869 0.0 0.4
18.523065 -66.12461 0.0 0.4
18.520794 -66.11251 0.0 0.4
18.519558 -66.10015 0.0 0.4
18.519917 -66.089685 0.0 0.4
18.517616999999998 -66.07486 0.0 0.4
18.518167 -66.06312199999999 0.0 0.4
18.518044 -66.051424 0.0 0.4
18.516651 -66.041117 0.0 0.4
18.513220999999998 -66.028706 0.0 0.4
18.511691 -66.018153 0.0 0.4
18.514846 -66.008371 0.0 0.4
18.516166 -65.997506 0.0 0.4
18.514594 -65.983987 0.0 0.4
18.512328999999998 -65.97282 0.0 0.4
18.508195999999998 -65.959391 0.0 0.4
18.503739 -65.950138 0.0 0.4
18.502219 -65.93888 0.0 0.4
18.50355 -65.924159 0.0 0.4
18.505337 -65.909378 0.0 0.4
18.503286 -65.890131 0.0 0.4
18.49955 -65.876994 0.0 0.4
18.493375 -65.86692599999999 0.0 0.4
18.487249 -65.857719 0.0 0.4
18.487531 -65.847171 0.0 0.4
18.486575 -65.836455 0.0 0.4
18.484453 -65.82543 0.0 0.4
18.480988999999997 -65.814094 0.0 0.4
18.477601 -65.800912 0.0 0.4
18.477515 -65.787837 0.0 0.4
18.476604 -65.77731899999999 0.0 0.4
18.474799 -65.766012 0.0 0.4
18.472004 -65.753579 0.0 0.4
18.463706 -65.74558 0.0 0.4
18.459568 -65.73270099999999 0.0 0.4
18.454449 -65.723664 0.0 0.4
18.447221 -65.715811 0.0 0.4
18.438430999999998 -65.709813 0.0 0.4
18.434701999999998 -65.699101 0.0 0.4
18.426204 -65.68571399999999 0.0 0.4
18.418533 -65.678612 0.0 0.4
18.426164999999997 -65.666349 0.0 0.4
18.430978 -65.65651799999999 0.0 0.4
18.44059 -65.647975 0.0 0.4
18.448152 -65.635142 0.0 0.4
18.451259999999998 -65.624606 0.0 0.4
18.448318999999998 -65.60828099999999 0.0 0.4
18.443333 -65.58668 0.0 0.4
18.435705 -65.56629199999999 0.0 0.4
18.428653 -65.548599 0.0 0.4
18.419477 -65.526932 0.0 0.4
18.411164 -65.508314 0.0 0.4
18.403685 -65.492504 0.0 0.4
18.401639 -65.482564 0.0 0.4
18.398159 -65.472104 0.0 0.4
18.394413 -65.456003 0.0 0.4
18.39385 -65.44493899999999 0.0 0.4
18.391683 -65.43043 0.0 0.4
18.396411999999998 -65.421412 0.0 0.4
18.406465999999998 -65.414154 0.0 0.4
18.415598 -65.400586 0.0 0.4
18.421029 -65.384592 0.0 0.4
18.420643 -65.36918 0.0 0.4
18.417488 -65.356385 0.0 0.4
18.412343 -65.345738 0.0 0.4
18.407974 -65.33451699999999 0.0 0.4
18.403295 -65.322625 0.0 0.4
18.395488999999998 -65.311229 0.0 0.4
18.387501999999998 -65.302921 0.0 0.4
18.38734 -65.28637499999999 0.0 0.4
18.390555 -65.275599 0.0 0.4
18.392342 -65.260766 0.0 0.4
18.396368 -65.249601 0.0 0.4
18.397733 -65.23583099999999 0.0 0.4
18.395272 -65.22094299999999 0.0 0.4
18.389371 -65.208484 0.0 0.4
18.382565 -65.199848 0.0 0.4
18.37301 -65.192387 0.0 0.4
18.364386 -65.185619 0.0 0.4
18.350668 -65.179115 0.0 0.4
18.340467999999998 -65.174667 0.0 0.4
18.324415 -65.17017 0.0 0.4
18.313347 -65.168503 0.0 0.4
18.294211999999998 -65.171673 0.0 0.4
18.279168 -65.180435 0.0 0.4
18.266415 -65.18776 0.0 0.4
18.253839 -65.19492699999999 0.0 0.4
18.244702 -65.205432 0.0 0.4
18.238272 -65.219995 0.0 0.4
18.235132999999998 -65.235962 0.0 0.4
18.236881 -65.249601 0.0 0.4
18.231016 -65.262986 0.0 0.4
18.228201 -65.273393 0.0 0.4
18.22599 -65.28668 0.0 0.4
18.227401999999998 -65.297224 0.0 0.4
18.234491 -65.315578 0.0 0.4
18.244601 -65.325936 0.0 0.4
18.245131999999998 -65.34121499999999 0.0 0.4
18.250311999999997 -65.35382 0.0 0.4
18.257582 -65.366547 0.0 0.4
18.264678 -65.37442 0.0 0.4
18.268580999999998 -65.383714 0.0 0.4
18.273232999999998 -65.395303 0.0 0.4
18.282898 -65.413191 0.0 0.4
18.290727999999998 -65.42270599999999 0.0 0.4
18.290345 -65.43775099999999 0.0 0.4
18.292037 -65.44894599999999 0.0 0.4
18.293298999999998 -65.46154 0.0 0.4
18.283185 -65.457724 0.0 0.4
18.26814 -65.457036 0.0 0.4
18.254659999999998 -65.459913 0.0 0.4
18.243676999999998 -65.465368 0.0 0.4
18.233394999999998 -65.47443 0.0 0.4
18.225299 -65.48938 0.0 0.4
18.222155 -65.499607 0.0 0.4
18.223034 -65.511966 0.0 0.4
18.21836 -65.53384 0.0 0.4
18.210368 -65.541735 0.0 0.4
18.197696 -65.54902899999999 0.0 0.4
18.184767 -65.554643 0.0 0.4
18.197032999999998 -65.53896999999999 0.0 0.4
18.207796 -65.525334 0.0 0.4
18.213908999999997 -65.510628 0.0 0.4
18.215294 -65.499606 0.0 0.4
18.218851 -65.486486 0.0 0.4
18.221038 -65.475341 0.0 0.4
18.222213999999997 -65.46442499999999 0.0 0.4
18.219151 -65.448758 0.0 0.4
18.214112 -65.438101 0.0 0.4
18.209080999999998 -65.421851 0.0 0.4
18.210988999999998 -65.40687299999999 0.0 0.4
18.211741999999997 -65.39474299999999 0.0 0.4
18.209403 -65.374602 0.0 0.4
18.207354 -65.356775 0.0 0.4
18.203713 -65.338972 0.0 0.4
18.19993 -65.328785 0.0 0.4
18.198715 -65.316334 0.0 0.4
18.199338 -65.303096 0.0 0.4
18.198442999999997 -65.28696699999999 0.0 0.4
18.196244 -65.271986 0.0 0.4
18.189736 -65.25782699999999 0.0 0.4
18.180422999999998 -65.244992 0.0 0.4
18.170845 -65.232012 0.0 0.4
18.160386 -65.222908 0.0 0.4
18.143552 -65.216255 0.0 0.4
18.129236 -65.215412 0.0 0.4
18.116415999999997 -65.2179 0.0 0.4
18.105224 -65.223247 0.0 0.4
18.092375 -65.236267 0.0 0.4
18.084305 -65.2496 0.0 0.4
18.081032 -65.262753 0.0 0.4
18.077454 -65.27825899999999 0.0 0.4
18.071797 -65.296069 0.0 0.4
18.071142 -65.312225 0.0 0.4
18.06469 -65.32464 0.0 0.4
18.061118999999998 -65.34258 0.0 0.4
18.060297 -65.355611 0.0 0.4
18.056597 -65.369587 0.0 0.4
18.055636 -65.386585 0.0 0.4
18.048958 -65.4016 0.0 0.4
18.045298 -65.411288 0.0 0.4
18.042875 -65.425045 0.0 0.4
18.037174 -65.44030099999999 0.0 0.4
18.035984 -65.45602099999999 0.0 0.4
18.036762 -65.47073499999999 0.0 0.4
18.038456 -65.486656 0.0 0.4
18.041867 -65.497569 0.0 0.4
18.035422 -65.50770899999999 0.0 0.4
18.029702999999998 -65.524328 0.0 0.4
18.027641 -65.540195 0.0 0.4
18.030216 -65.556212 0.0 0.4
18.034869 -65.568786 0.0 0.4
18.038539999999998 -65.581244 0.0 0.4
18.045081 -65.594803 0.0 0.4
18.053397999999998 -65.60502199999999 0.0 0.4
18.064047 -65.615657 0.0 0.4
18.077472999999998 -65.62460399999999 0.0 0.4
18.089254 -65.629329 0.0 0.4
18.107477 -65.63071699999999 0.0 0.4
18.123019 -65.630973 0.0 0.4
18.134076 -65.62859 0.0 0.4
18.144787 -65.623627 0.0 0.4
18.15418 -65.61805 0.0 0.4
18.146888 -65.630702 0.0 0.4
18.140926 -65.641271 0.0 0.4
18.133335 -65.65472799999999 0.0 0.4
18.127738 -65.666529 0.0 0.4
18.126065999999998 -65.677536 0.0 0.4
18.126404 -65.68942 0.0 0.4
18.116113 -65.69933499999999 0.0 0.4
18.109361 -65.70942699999999 0.0 0.4
18.102318999999998 -65.716622 0.0 0.4
18.090462 -65.720811 0.0 0.4
18.080433 -65.726873 0.0 0.4
18.071949 -65.73635999999999 0.0 0.4
18.062544 -65.740055 0.0 0.4
18.052861 -65.744632 0.0 0.4
18.040938999999998 -65.748572 0.0 0.4
18.031523 -65.756176 0.0 0.4
18.025033 -65.765964 0.0 0.4
18.018998 -65.782382 0.0 0.4
18.002976999999998 -65.782213 0.0 0.4
17.989407 -65.788613 0.0 0.4
17.976982 -65.797639 0.0 0.4
17.967453 -65.810982 0.0 0.4
17.963423 -65.82263499999999 0.0 0.4
17.954385 -65.83458999999999 0.0 0.4
17.94527 -65.845873 0.0 0.4
17.938074999999998 -65.869237 0.0 0.4
17.935363 -65.882307 0.0 0.4
17.930077999999998 -65.894346 0.0 0.4
17.926261999999998 -65.9049 0.0 0.4
17.923565999999997 -65.916461 0.0 0.4
17.921972999999998 -65.926379 0.0 0.4
17.921281999999998 -65.937005 0.0 0.4
17.920662999999998 -65.94988099999999 0.0 0.4
17.921801 -65.963689 0.0 0.4
17.919718 -65.97549599999999 0.0 0.4
17.911102 -65.984521 0.0 0.4
17.90336 -65.995052 0.0 0.4
17.895951 -66.008409 0.0 0.4
17.894130999999998 -66.018891 0.0 0.4
17.895058 -66.032777 0.0 0.4
17.897745 -66.0498 0.0 0.4
17.903223999999998 -66.06098 0.0 0.4
17.908867 -66.07294 0.0 0.4
17.904773 -66.083685 0.0 0.4
17.897458999999998 -66.09264499999999 0.0 0.4
17.889229 -66.10368799999999 0.0 0.4
17.882628 -66.11413999999999 0.0 0.4
17.878773 -66.12460899999999 0.0 0.4
17.877847 -66.136641 0.0 0.4
17.877927 -66.14849699999999 0.0 0.4
17.879139 -66.16140299999999 0.0 0.4
17.880315 -66.172438 0.0 0.4
17.87934 -66.18387799999999 0.0 0.4
17.873041 -66.193653 0.0 0.4
17.86471 -66.212813 0.0 0.4
17.862241 -66.22733099999999 0.0 0.4
17.862565 -66.243312 0.0 0.4
17.864724 -66.253473 0.0 0.4
17.869543 -66.266964 0.0 0.4
17.878377999999998 -66.282814 0.0 0.4
17.880381 -66.294337 0.0 0.4
17.880478999999998 -66.30613199999999 0.0 0.4
17.878241 -66.31648 0.0 0.4
17.87747 -66.331698 0.0 0.4
17.876806 -66.345038 0.0 0.4
17.876317999999998 -66.358509 0.0 0.4
17.871087 -66.36783 0.0 0.4
17.869273 -66.381018 0.0 0.4
17.869538 -66.394153 0.0 0.4
17.871914999999998 -66.40577 0.0 0.4
17.875562 -66.415246 0.0 0.4
17.881961 -66.424443 0.0 0.4
17.873027999999998 -66.437856 0.0 0.4
17.869605 -66.45321299999999 0.0 0.4
17.866992 -66.463004 0.0 0.4
17.856673999999998 -66.473191 0.0 0.4
17.850393999999998 -66.48273499999999 0.0 0.4
17.846166 -66.494152 0.0 0.4
17.839042 -66.50426399999999 0.0 0.4
17.832822 -66.52265 0.0 0.4
17.831675999999998 -66.538174 0.0 0.4
17.833251999999998 -66.54856099999999 0.0 0.4
17.840094999999998 -66.564204 0.0 0.4
17.85185 -66.576595 0.0 0.4
17.862154999999998 -66.583085 0.0 0.4
17.873027 -66.586473 0.0 0.4
17.885195 -66.58604199999999 0.0 0.4
17.89501 -66.584023 0.0 0.4
17.904775 -66.579576 0.0 0.4
17.91314 -66.574067 0.0 0.4
17.909145 -66.58594099999999 0.0 0.4
17.90957 -66.59906699999999 0.0 0.4
17.912938999999998 -66.60887799999999 0.0 0.4
17.913925 -66.619224 0.0 0.4
17.913023 -66.629245 0.0 0.4
17.911922 -66.639962 0.0 0.4
17.906558999999998 -66.6491 0.0 0.4
17.901362 -66.65935 0.0 0.4
17.897589 -66.669236 0.0 0.4
17.89681 -66.679664 0.0 0.4
17.899856 -66.690467 0.0 0.4
17.904528 -66.70066 0.0 0.4
17.909519 -66.710066 0.0 0.4
17.912067999999998 -66.721881 0.0 0.4
17.914658 -66.733312 0.0 0.4
17.915418 -66.7448 0.0 0.4
17.917075999999998 -66.757041 0.0 0.4
17.915437 -66.767315 0.0 0.4
17.914818999999998 -66.779106 0.0 0.4
17.915639 -66.78913 0.0 0.4
17.909095999999998 -66.799747 0.0 0.4
17.904353 -66.810295 0.0 0.4
17.901774 -66.821237 0.0 0.4
17.899427 -66.832353 0.0 0.4
17.898951 -66.843266 0.0 0.4
17.894879 -66.853898 0.0 0.4
17.892338 -66.865472 0.0 0.4
17.891158 -66.87593799999999 0.0 0.4
17.892574 -66.888245 0.0 0.4
17.885205 -66.897502 0.0 0.4
17.879118 -66.907816 0.0 0.4
17.875479 -66.917795 0.0 0.4
17.876565 -66.931022 0.0 0.4
17.877444 -66.94197199999999 0.0 0.4
17.876504 -66.95401799999999 0.0 0.4
17.878083 -66.96647399999999 0.0 0.4
17.878733 -66.976924 0.0 0.4
17.882143 -66.98957 0.0 0.4
17.8839 -66.999619 0.0 0.4
17.884427 -67.01266 0.0 0.4
17.884925 -67.02354 0.0 0.4
17.886716 -67.036057 0.0 0.4
17.887819999999998 -67.047269 0.0 0.4
17.89187 -67.057813 0.0 0.4
17.892191 -67.06821599999999 0.0 0.4
17.893587 -67.08279499999999 0.0 0.4
17.894019999999998 -67.093852 0.0 0.4
17.895442 -67.103814 0.0 0.4
17.895723999999998 -67.115258 0.0 0.4
17.897151 -67.129907 0.0 0.4
17.900050999999998 -67.141638 0.0 0.4
17.889716 -67.156166 0.0 0.4
17.884556 -67.166921 0.0 0.4
17.882041 -67.179648 0.0 0.4
17.881745 -67.194504 0.0 0.4
17.884026 -67.206031 0.0 0.4
17.888298 -67.21705299999999 0.0 0.4
17.894094 -67.226139 0.0 0.4
17.901021999999998 -67.234887 0.0 0.4
17.90966 -67.240573 0.0 0.4
17.914037999999998 -67.249624 0.0 0.4
17.921892 -67.256119 0.0 0.4
17.932209999999998 -67.262286 0.0 0.4
17.944183 -67.266001 0.0 0.4
17.955088 -67.26650000000001 0.0 0.4
17.968469 -67.266168 0.0 0.4
17.979381 -67.26744599999999 0.0 0.4
17.990341 -67.266565 0.0 0.4
18.00574 -67.262761 0.0 0.4
18.019531 -67.260693 0.0 0.4
18.038701 -67.261326 0.0 0.4
18.049236999999998 -67.259343 0.0 0.4
18.064912 -67.258191 0.0 0.4
18.075212999999998 -67.260604 0.0 0.4
18.095747 -67.257398 0.0 0.4
18.110196 -67.249625 0.0 0.4
18.11635 -67.238557 0.0 0.4
18.127492 -67.235439 0.0 0.4
18.138579999999997 -67.238914 0.0 0.4
18.149874999999998 -67.23713699999999 0.0 0.4
18.162443 -67.23704099999999 0.0 0.4
18.17253 -67.236409 0.0 0.4
18.184642999999998 -67.23272899999999 0.0 0.4
18.196153 -67.225664 0.0 0.4
18.20675 -67.2184 0.0 0.4
18.217824999999998 -67.219072 0.0 0.4
18.228645999999998 -67.225061 0.0 0.4
18.239594999999998 -67.227992 0.0 0.4
18.247522999999997 -67.237174 0.0 0.4
18.249893999999998 -67.247453 0.0 0.4
18.25604 -67.261333 0.0 0.4
18.267746 -67.275933 0.0 0.4
18.282165 -67.28596399999999 0.0 0.4
18.291372 -67.291167 0.0 0.4
18.306929999999998 -67.298862 0.0 0.4
18.318087 -67.306608 0.0 0.4
18.327562999999998 -67.311849 0.0 0.4
18.343187 -67.31991099999999 0.0 0.4
18.357696 -67.32341199999999 0.0 0.4
18.368636 -67.322266 0.0 0.4
18.381034 -67.318694 0.0 0.4
18.397289999999998 -67.307481 0.0 0.4
18.404491 -67.297048 0.0 0.4
18.409899 -67.284765 0.0 0.4
18.418042 -67.25214199999999 0.0 0.4
18.422371 -67.242974 0.0 0.4
18.427737 -67.234047 0.0 0.4
18.432292 -67.224704 0.0 0.4
18.437984999999998 -67.215003 0.0 0.4
18.170759999999998 -67.998691 0.0 0.4
18.185041 -67.994507 0.0 0.4
18.197484 -67.98254299999999 0.0 0.4
18.2036 -67.973663 0.0 0.4
18.207862 -67.964246 0.0 0.4
18.210041 -67.94478699999999 0.0 0.4
18.206267999999998 -67.92721399999999 0.0 0.4
18.200104 -67.91617 0.0 0.4
18.193113999999998 -67.908763 0.0 0.4
18.184064 -67.901491 0.0 0.4
18.166674 -67.894933 0.0 0.4
18.164997 -67.883943 0.0 0.4
18.168782 -67.87463 0.0 0.4
18.170833 -67.860821 0.0 0.4
18.167524999999998 -67.843322 0.0 0.4
18.157784 -67.825752 0.0 0.4
18.143885 -67.81125999999999 0.0 0.4
18.128059 -67.79945599999999 0.0 0.4
18.115873999999998 -67.794591 0.0 0.4
18.098468 -67.79040499999999 0.0 0.4
18.082107999999998 -67.790449 0.0 0.4
18.0671 -67.793559 0.0 0.4
18.050739 -67.802837 0.0 0.4
18.042828 -67.80953699999999 0.0 0.4
18.026431 -67.822441 0.0 0.4
18.0196 -67.830055 0.0 0.4
18.013851 -67.83847899999999 0.0 0.4
18.008537999999998 -67.850319 0.0 0.4
18.003225 -67.862582 0.0 0.4
17.999769999999998 -67.87463 0.0 0.4
17.999432 -67.886395 0.0 0.4
17.99948 -67.900887 0.0 0.4
18.002905 -67.914687 0.0 0.4
18.008696999999998 -67.92726499999999 0.0 0.4
18.017536 -67.94583399999999 0.0 0.4
18.028446 -67.961283 0.0 0.4
18.035768 -67.970704 0.0 0.4
18.045811999999998 -67.982844 0.0 0.4
18.059683 -67.992116 0.0 0.4
18.072291 -67.996175 0.0 0.4
18.083761 -67.998296 0.0 0.4
18.094912 -67.99591099999999 0.0 0.4
18.104591 -67.99031599999999 0.0 0.4
18.116017 -67.986594 0.0 0.4
18.129206 -67.995139 0.0 0.4
18.144011 -67.997916 0.0 0.4
18.159029 -67.998751 0.0 0.4
18.170759999999998 -67.998691 0.0 0.4
18.386122999999998 -67.543025 0.0 0.4
18.396447 -67.541121 0.0 0.4
18.406337 -67.537492 0.0 0.4
18.421758 -67.523928 0.0 0.4
18.427554999999998 -67.515363 0.0 0.4
18.435312 -67.499629 0.0 0.4
18.438615 -67.481415 0.0 0.4
18.435741 -67.462032 0.0 0.4
18.430585 -67.451641 0.0 0.4
18.424245 -67.442798 0.0 0.4
18.417164 -67.434095 0.0 0.4
18.40685 -67.42502999999999 0.0 0.4
18.389962999999998 -67.418627 0.0 0.4
18.373 -67.418043 0.0 0.4
18.361752 -67.421973 0.0 0.4
18.34733 -67.43157099999999 0.0 0.4
18.336444 -67.445228 0.0 0.4
18.331264 -67.453999 0.0 0.4
18.326088 -67.47213599999999 0.0 0.4
18.326708 -67.488607 0.0 0.4
18.330153 -67.499629 0.0 0.4
18.337128 -67.513514 0.0 0.4
18.34457 -67.52350299999999 0.0 0.4
18.353585 -67.532155 0.0 0.4
18.364477 -67.538485 0.0 0.4
18.377651 -67.54243799999999 0.0 0.4
