41.725198 -71.789704 0.0 0.4
41.735714 -71.789902 0.0 0.4
41.747552 -71.790314 0.0 0.4
41.770179999999996 -71.791066 0.0 0.4
41.781284 -71.791573 0.0 0.4
41.793239 -71.792006 0.0 0.4
41.804016 -71.792593 0.0 0.4
41.814603 -71.793127 0.0 0.4
41.825637 -71.79343999999999 0.0 0.4
41.839349999999996 -71.794077 0.0 0.4
41.850428 -71.794524 0.0 0.4
41.865713 -71.79528599999999 0.0 0.4
41.877688 -71.795863 0.0 0.4
41.89172 -71.79643399999999 0.0 0.4
41.901955 -71.796756 0.0 0.4
41.912206 -71.797105 0.0 0.4
41.923378 -71.797547 0.0 0.4
41.934115 -71.79791 0.0 0.4
41.945066 -71.79803799999999 0.0 0.4
41.955355999999995 -71.79820000000001 0.0 0.4
41.970265999999995 -71.79854499999999 0.0 0.4
41.980312999999995 -71.798692 0.0 0.4
41.995883 -71.798996 0.0 0.4
42.008053 -71.799188 0.0 0.4
42.008638 -71.787824 0.0 0.4
42.009471 -71.771648 0.0 0.4
42.009837999999995 -71.75584599999999 0.0 0.4
42.010171 -71.74127299999999 0.0 0.4
42.010483 -71.727535 0.0 0.4
42.010715 -71.717304 0.0 0.4
42.010962 -71.706284 0.0 0.4
42.011441 -71.684843 0.0 0.4
42.011672 -71.67477099999999 0.0 0.4
42.011936999999996 -71.663727 0.0 0.4
42.012194 -71.652863 0.0 0.4
42.012460999999995 -71.641632 0.0 0.4
42.012816 -71.62655 0.0 0.4
42.013099 -71.614552 0.0 0.4
42.013373 -71.602736 0.0 0.4
42.013639 -71.59138899999999 0.0 0.4
42.013888 -71.580625 0.0 0.4
42.014123999999995 -71.57032199999999 0.0 0.4
42.014359 -71.56006 0.0 0.4
42.014613 -71.54894 0.0 0.4
42.014849 -71.538545 0.0 0.4
42.015094999999995 -71.52770199999999 0.0 0.4
42.01587 -71.517175 0.0 0.4
42.016613 -71.507155 0.0 0.4
42.017302 -71.496186 0.0 0.4
42.017458999999995 -71.48548699999999 0.0 0.4
42.017621 -71.473124 0.0 0.4
42.017798 -71.45810399999999 0.0 0.4
42.017899 -71.447176 0.0 0.4
42.018181999999996 -71.433511 0.0 0.4
42.018294 -71.422974 0.0 0.4
42.018525 -71.412368 0.0 0.4
42.018698 -71.399915 0.0 0.4
42.018795999999995 -71.38958699999999 0.0 0.4
42.010239999999996 -71.381503 0.0 0.4
42.000021 -71.38150499999999 0.0 0.4
41.985084 -71.381299 0.0 0.4
41.972688 -71.381377 0.0 0.4
41.958689 -71.381393 0.0 0.4
41.947682 -71.3814 0.0 0.4
41.937225999999995 -71.38141499999999 0.0 0.4
41.92722 -71.38142599999999 0.0 0.4
41.916695 -71.381438 0.0 0.4
41.906074 -71.381449 0.0 0.4
41.895852999999995 -71.381461 0.0 0.4
41.894773 -71.37109 0.0 0.4
41.895973999999995 -71.36093699999999 0.0 0.4
41.897223 -71.350383 0.0 0.4
41.898474 -71.339788 0.0 0.4
41.887285 -71.340204 0.0 0.4
41.876112 -71.33886 0.0 0.4
41.866175999999996 -71.335315 0.0 0.4
41.855805 -71.337265 0.0 0.4
41.846461999999995 -71.34169399999999 0.0 0.4
41.837477 -71.336867 0.0 0.4
41.829524 -71.34293199999999 0.0 0.4
41.815261 -71.34308899999999 0.0 0.4
41.805924 -71.339299 0.0 0.4
41.795922999999995 -71.338805 0.0 0.4
41.789564999999996 -71.331035 0.0 0.4
41.780166 -71.327226 0.0 0.4
41.776199 -71.31787299999999 0.0 0.4
41.772264 -71.3086 0.0 0.4
41.768226999999996 -71.299092 0.0 0.4
41.764271 -71.289748 0.0 0.4
41.760194 -71.280159 0.0 0.4
41.756236 -71.27083499999999 0.0 0.4
41.752252 -71.261466 0.0 0.4
41.744771 -71.25464 0.0 0.4
41.737172 -71.24795999999999 0.0 0.4
41.723538 -71.23598199999999 0.0 0.4
41.714442999999996 -71.227993 0.0 0.4
41.690598 -71.208371 0.0 0.4
41.681909 -71.201162 0.0 0.4
41.674834 -71.194079 0.0 0.4
41.673030999999995 -71.184123 0.0 0.4
41.667868 -71.173817 0.0 0.4
41.665776 -71.162348 0.0 0.4
41.663872 -71.151935 0.0 0.4
41.662034 -71.141881 0.0 0.4
41.657683 -71.132853 0.0 0.4
41.645503 -71.134193 0.0 0.4
41.633486999999995 -71.135001 0.0 0.4
41.624145999999996 -71.139894 0.0 0.4
41.613898 -71.141745 0.0 0.4
41.604053 -71.138976 0.0 0.4
41.594009 -71.131817 0.0 0.4
41.579352 -71.12983899999999 0.0 0.4
41.565659 -71.128143 0.0 0.4
41.55546 -71.126879 0.0 0.4
41.543607 -71.125249 0.0 0.4
41.53162 -71.123683 0.0 0.4
41.519594 -71.122247 0.0 0.4
41.508928 -71.121473 0.0 0.4
41.497901 -71.120617 0.0 0.4
41.487527 -71.11810299999999 0.0 0.4
41.431315 -71.088571 0.0 0.4
41.421957 -71.10397999999999 0.0 0.4
41.413320999999996 -71.119322 0.0 0.4
41.377713 -71.24996 0.0 0.4
41.339011 -71.374495 0.0 0.4
41.312599 -71.47987599999999 0.0 0.4
41.308802 -71.489356 0.0 0.4
41.307355 -71.49934499999999 0.0 0.4
41.307732 -71.50944199999999 0.0 0.4
41.308803999999995 -71.526594 0.0 0.4
41.312598 -71.543851 0.0 0.4
41.316254 -71.556933 0.0 0.4
41.320941 -71.575199 0.0 0.4
41.317037 -71.584452 0.0 0.4
41.313843999999996 -71.594239 0.0 0.4
41.305997 -71.624504 0.0 0.4
41.303756 -71.634503 0.0 0.4
41.300124 -71.64563799999999 0.0 0.4
41.296897 -71.656976 0.0 0.4
41.292487 -71.666319 0.0 0.4
41.287346 -71.678979 0.0 0.4
41.283874 -71.69094 0.0 0.4
41.281600999999995 -71.700775 0.0 0.4
41.280601 -71.71166099999999 0.0 0.4
41.279616999999995 -71.723435 0.0 0.4
41.275448999999995 -71.73956 0.0 0.4
41.27483 -71.753558 0.0 0.4
41.274245 -71.765812 0.0 0.4
41.275110999999995 -71.77843 0.0 0.4
41.272165 -71.79147999999999 0.0 0.4
41.2501 -71.79147999999999 0.0 0.4
41.184382 -71.79097399999999 0.0 0.4
41.203235 -71.809384 0.0 0.4
41.2501 -71.854462 0.0 0.4
41.270686 -71.874513 0.0 0.4
41.304483 -71.907258 0.0 0.4
41.313590999999995 -71.901291 0.0 0.4
41.325454 -71.894325 0.0 0.4
41.326498 -71.883921 0.0 0.4
41.321867999999995 -71.874513 0.0 0.4
41.31953 -71.864582 0.0 0.4
41.322643 -71.854807 0.0 0.4
41.33061 -71.84494 0.0 0.4
41.335887 -71.8364 0.0 0.4
41.34612 -71.82976699999999 0.0 0.4
41.353988 -71.836044 0.0 0.4
41.364027 -71.837711 0.0 0.4
41.372088 -71.831653 0.0 0.4
41.382019 -71.83340299999999 0.0 0.4
41.391054 -71.83874899999999 0.0 0.4
41.401438999999996 -71.84138 0.0 0.4
41.411474999999996 -71.840548 0.0 0.4
41.41318 -71.83062799999999 0.0 0.4
41.418248 -71.821765 0.0 0.4
41.418949999999995 -71.811454 0.0 0.4
41.415658 -71.801726 0.0 0.4
41.424895 -71.797361 0.0 0.4
41.435154 -71.796938 0.0 0.4
41.446497 -71.796503 0.0 0.4
41.457457999999995 -71.79584 0.0 0.4
41.469386 -71.795103 0.0 0.4
41.484049 -71.79427 0.0 0.4
41.495131 -71.79369799999999 0.0 0.4
41.505393 -71.793224 0.0 0.4
41.516013 -71.792667 0.0 0.4
41.526782999999995 -71.792206 0.0 0.4
41.539719 -71.791653 0.0 0.4
41.550737 -71.791221 0.0 0.4
41.561451 -71.790972 0.0 0.4
41.57166 -71.790442 0.0 0.4
41.581952 -71.79 0.0 0.4
41.592110999999996 -71.789555 0.0 0.4
41.602185999999996 -71.789084 0.0 0.4
41.613848 -71.78855399999999 0.0 0.4
41.624189 -71.788127 0.0 0.4
41.63445 -71.787846 0.0 0.4
41.644518 -71.78754099999999 0.0 0.4
41.656065 -71.787247 0.0 0.4
41.666345 -71.78768 0.0 0.4
41.681141 -71.788225 0.0 0.4
41.691479 -71.788575 0.0 0.4
41.701783999999996 -71.788923 0.0 0.4
41.711929 -71.789272 0.0 0.4
41.72376 -71.789675 0.0 0.4
41.158912 -71.67880699999999 0.0 0.4
41.168864 -71.676264 0.0 0.4
41.17885 -71.673808 0.0 0.4
41.194503 -71.670491 0.0 0.4
41.206604999999996 -71.66376799999999 0.0 0.4
41.215464999999995 -71.654561 0.0 0.4
41.231322999999996 -71.643014 0.0 0.4
41.245312999999996 -71.642006 0.0 0.4
41.263681999999996 -71.634968 0.0 0.4
41.274128999999995 -71.624504 0.0 0.4
41.281999 -71.609257 0.0 0.4
41.289317 -71.591591 0.0 0.4
41.294018 -71.570655 0.0 0.4
41.294018 -71.557569 0.0 0.4
41.28618 -71.535979 0.0 0.4
41.271549 -71.51635 0.0 0.4
41.250102999999996 -71.499994 0.0 0.4
41.240876 -71.49219599999999 0.0 0.4
41.226926999999996 -71.486497 0.0 0.4
41.209468 -71.485175 0.0 0.4
41.194697999999995 -71.48984399999999 0.0 0.4
41.186253 -71.482716 0.0 0.4
41.175792 -71.47860299999999 0.0 0.4
41.161170999999996 -71.476877 0.0 0.4
41.148055 -71.479562 0.0 0.4
41.130541 -71.48827299999999 0.0 0.4
41.122192 -71.49467899999999 0.0 0.4
41.111615 -71.508093 0.0 0.4
41.107077 -71.517538 0.0 0.4
41.103114 -71.528168 0.0 0.4
41.100817 -71.54377099999999 0.0 0.4
41.097789999999996 -71.565311 0.0 0.4
41.096342 -71.584086 0.0 0.4
41.096619 -71.60186399999999 0.0 0.4
41.099091 -71.618861 0.0 0.4
41.103455 -71.630301 0.0 0.4
41.108433 -71.640344 0.0 0.4
41.114143 -71.649849 0.0 0.4
41.125820999999995 -71.665453 0.0 0.4
41.134291999999995 -71.67264399999999 0.0 0.4
41.148903999999995 -71.678302 0.0 0.4
41.158912 -71.67880699999999 0.0 0.4
