34.211715 -82.742075 0.0 0.4
34.223721 -82.74344599999999 0.0 0.4
34.233971 -82.742966 0.0 0.4
34.244675 -82.744858 0.0 0.4
34.254673 -82.745766 0.0 0.4
34.264299 -82.74848999999999 0.0 0.4
34.273613 -82.753052 0.0 0.4
34.280066999999995 -82.760879 0.0 0.4
34.285336 -82.770676 0.0 0.4
34.292968 -82.777281 0.0 0.4
34.301938 -82.781736 0.0 0.4
34.310469 -82.78712999999999 0.0 0.4
34.320264 -82.789768 0.0 0.4
34.330541 -82.791178 0.0 0.4
34.340078 -82.79429499999999 0.0 0.4
34.345577999999996 -82.804278 0.0 0.4
34.351144 -82.812607 0.0 0.4
34.357794999999996 -82.82104 0.0 0.4
34.363381 -82.83228 0.0 0.4
34.373536 -82.835358 0.0 0.4
34.385011 -82.837614 0.0 0.4
34.397087 -82.841369 0.0 0.4
34.40694 -82.845385 0.0 0.4
34.417373999999995 -82.84791299999999 0.0 0.4
34.427141999999996 -82.851929 0.0 0.4
34.436952999999995 -82.854963 0.0 0.4
34.446906 -82.858087 0.0 0.4
34.456646 -82.860435 0.0 0.4
34.460991 -82.869821 0.0 0.4
34.466901 -82.878281 0.0 0.4
34.476171 -82.883699 0.0 0.4
34.481097 -82.892408 0.0 0.4
34.486430999999996 -82.900908 0.0 0.4
34.485517 -82.91100399999999 0.0 0.4
34.482411 -82.920513 0.0 0.4
34.48538 -82.930112 0.0 0.4
34.486001 -82.940494 0.0 0.4
34.480171999999996 -82.949248 0.0 0.4
34.480743 -82.95951 0.0 0.4
34.481544 -82.969618 0.0 0.4
34.482938 -82.97974599999999 0.0 0.4
34.48016 -82.989685 0.0 0.4
34.472204 -82.99590099999999 0.0 0.4
34.476036 -83.008583 0.0 0.4
34.479158999999996 -83.018659 0.0 0.4
34.48364 -83.027852 0.0 0.4
34.486118999999995 -83.03842499999999 0.0 0.4
34.4921 -83.046759 0.0 0.4
34.499863 -83.053141 0.0 0.4
34.501602 -83.06398 0.0 0.4
34.505047 -83.07352399999999 0.0 0.4
34.513618 -83.07871999999999 0.0 0.4
34.523666 -83.078041 0.0 0.4
34.531143 -83.08551 0.0 0.4
34.532162 -83.095474 0.0 0.4
34.538623 -83.10345099999999 0.0 0.4
34.545989999999996 -83.110455 0.0 0.4
34.552744 -83.117903 0.0 0.4
34.561099 -83.124876 0.0 0.4
34.560099 -83.134976 0.0 0.4
34.568599 -83.140276 0.0 0.4
34.575654 -83.14775999999999 0.0 0.4
34.578899 -83.15757699999999 0.0 0.4
34.588798 -83.155677 0.0 0.4
34.590697999999996 -83.166178 0.0 0.4
34.600698 -83.166478 0.0 0.4
34.607397999999996 -83.174678 0.0 0.4
34.606998 -83.185278 0.0 0.4
34.603498 -83.194779 0.0 0.4
34.609598999999996 -83.203785 0.0 0.4
34.610974999999996 -83.21477399999999 0.0 0.4
34.61089 -83.22582899999999 0.0 0.4
34.613997 -83.23598 0.0 0.4
34.622696999999995 -83.241281 0.0 0.4
34.630696 -83.247581 0.0 0.4
34.637696 -83.255281 0.0 0.4
34.641155999999995 -83.26696799999999 0.0 0.4
34.644315 -83.276668 0.0 0.4
34.650296 -83.28518299999999 0.0 0.4
34.656396 -83.295183 0.0 0.4
34.666097 -83.30134699999999 0.0 0.4
34.669655 -83.31217 0.0 0.4
34.676612 -83.32020399999999 0.0 0.4
34.681342 -83.33028399999999 0.0 0.4
34.680645999999996 -83.340356 0.0 0.4
34.690937 -83.340004 0.0 0.4
34.695775999999995 -83.349655 0.0 0.4
34.706004 -83.347922 0.0 0.4
34.715354 -83.352159 0.0 0.4
34.726143 -83.353325 0.0 0.4
34.736225 -83.349361 0.0 0.4
34.738172999999996 -83.339522 0.0 0.4
34.746099 -83.332718 0.0 0.4
34.754597 -83.32719399999999 0.0 0.4
34.762935999999996 -83.321609 0.0 0.4
34.772881 -83.319687 0.0 0.4
34.784214999999996 -83.32302299999999 0.0 0.4
34.793785 -83.319504 0.0 0.4
34.800625 -83.31103499999999 0.0 0.4
34.804344 -83.300842 0.0 0.4
34.813324 -83.306099 0.0 0.4
34.813114 -83.29605099999999 0.0 0.4
34.822238999999996 -83.29109199999999 0.0 0.4
34.818844 -83.28025799999999 0.0 0.4
34.819714 -83.269626 0.0 0.4
34.830051 -83.26724999999999 0.0 0.4
34.83958 -83.270601 0.0 0.4
34.848907 -83.266651 0.0 0.4
34.844201 -83.257752 0.0 0.4
34.852952 -83.252676 0.0 0.4
34.86166 -83.24761199999999 0.0 0.4
34.865742 -83.238373 0.0 0.4
34.875337 -83.241682 0.0 0.4
34.877944 -83.232017 0.0 0.4
34.878368 -83.2211 0.0 0.4
34.887806 -83.215637 0.0 0.4
34.879844999999996 -83.20940399999999 0.0 0.4
34.887814 -83.20323599999999 0.0 0.4
34.895863 -83.197098 0.0 0.4
34.899359 -83.18657 0.0 0.4
34.907973999999996 -83.18115999999999 0.0 0.4
34.913498 -83.172653 0.0 0.4
34.918489 -83.16387 0.0 0.4
34.926899 -83.15814 0.0 0.4
34.927139 -83.147926 0.0 0.4
34.926950999999995 -83.13785999999999 0.0 0.4
34.934864 -83.131638 0.0 0.4
34.933586 -83.121544 0.0 0.4
34.935331999999995 -83.111682 0.0 0.4
34.943000999999995 -83.118439 0.0 0.4
34.94871 -83.126807 0.0 0.4
34.952793 -83.117584 0.0 0.4
34.962489999999995 -83.12114 0.0 0.4
34.971629 -83.117066 0.0 0.4
34.980381 -83.11161 0.0 0.4
34.986093 -83.10337799999999 0.0 0.4
34.996185 -83.102203 0.0 0.4
35.005176 -83.093899 0.0 0.4
35.009040999999996 -83.079065 0.0 0.4
35.012843 -83.06447399999999 0.0 0.4
35.015539 -83.054069 0.0 0.4
35.019213 -83.039994 0.0 0.4
35.02319 -83.02470699999999 0.0 0.4
35.026674 -83.011305 0.0 0.4
35.029257 -83.00135999999999 0.0 0.4
35.032579999999996 -82.98855999999999 0.0 0.4
35.035862 -82.975921 0.0 0.4
35.042271 -82.951201 0.0 0.4
35.045269 -82.939636 0.0 0.4
35.047993999999996 -82.92912299999999 0.0 0.4
35.053253 -82.908808 0.0 0.4
35.055889 -82.898628 0.0 0.4
35.060006 -82.882695 0.0 0.4
35.062523999999996 -82.872952 0.0 0.4
35.065256 -82.86237799999999 0.0 0.4
35.068197999999995 -82.85099799999999 0.0 0.4
35.071221 -82.839311 0.0 0.4
35.073848 -82.829115 0.0 0.4
35.076453 -82.819014 0.0 0.4
35.079152 -82.80854699999999 0.0 0.4
35.081659 -82.798825 0.0 0.4
35.084962 -82.786011 0.0 0.4
35.081258 -82.77671099999999 0.0 0.4
35.071425 -82.77995299999999 0.0 0.4
35.065363999999995 -82.771773 0.0 0.4
35.068008 -82.761962 0.0 0.4
35.07167 -82.752625 0.0 0.4
35.081875 -82.75090999999999 0.0 0.4
35.077902 -82.74160499999999 0.0 0.4
35.085614 -82.735174 0.0 0.4
35.093230999999996 -82.728444 0.0 0.4
35.093675 -82.718426 0.0 0.4
35.096295 -82.708659 0.0 0.4
35.095329 -82.698539 0.0 0.4
35.102544 -82.691288 0.0 0.4
35.112579 -82.692298 0.0 0.4
35.12124 -82.68638 0.0 0.4
35.127995999999996 -82.678788 0.0 0.4
35.118817 -82.674465 0.0 0.4
35.118134999999995 -82.664318 0.0 0.4
35.121672 -82.65446999999999 0.0 0.4
35.126753 -82.64546399999999 0.0 0.4
35.125654 -82.635447 0.0 0.4
35.129132 -82.625844 0.0 0.4
35.135464 -82.61738199999999 0.0 0.4
35.139271 -82.607947 0.0 0.4
35.137709 -82.597832 0.0 0.4
35.142593999999995 -82.58875499999999 0.0 0.4
35.141048999999995 -82.57853 0.0 0.4
35.145243 -82.56926299999999 0.0 0.4
35.152775 -82.562502 0.0 0.4
35.159667999999996 -82.555244 0.0 0.4
35.164038 -82.546055 0.0 0.4
35.160038 -82.5368 0.0 0.4
35.155742 -82.52770799999999 0.0 0.4
35.161066999999996 -82.519089 0.0 0.4
35.162774 -82.509014 0.0 0.4
35.163047 -82.49883899999999 0.0 0.4
35.169468 -82.490848 0.0 0.4
35.17405 -82.48149699999999 0.0 0.4
35.17452 -82.47095 0.0 0.4
35.177492 -82.461308 0.0 0.4
35.173421 -82.452122 0.0 0.4
35.164696 -82.457599 0.0 0.4
35.165248999999996 -82.447486 0.0 0.4
35.167809 -82.437347 0.0 0.4
35.176048 -82.431677 0.0 0.4
35.185361 -82.427281 0.0 0.4
35.194355 -82.42268299999999 0.0 0.4
35.200185999999995 -82.414248 0.0 0.4
35.203814 -82.40473999999999 0.0 0.4
35.210985 -82.397239 0.0 0.4
35.212002999999996 -82.387059 0.0 0.4
35.20314 -82.381699 0.0 0.4
35.193217 -82.383305 0.0 0.4
35.185624 -82.376525 0.0 0.4
35.183079 -82.36671299999999 0.0 0.4
35.191198 -82.359824 0.0 0.4
35.19272 -82.3495 0.0 0.4
35.189516999999995 -82.33978499999999 0.0 0.4
35.186776 -82.329938 0.0 0.4
35.187036 -82.319713 0.0 0.4
35.191917 -82.310667 0.0 0.4
35.193641 -82.300665 0.0 0.4
35.19891 -82.291854 0.0 0.4
35.199562 -82.28084899999999 0.0 0.4
35.198978 -82.269442 0.0 0.4
35.198361 -82.25742799999999 0.0 0.4
35.197794 -82.246437 0.0 0.4
35.197248 -82.235826 0.0 0.4
35.196498 -82.221222 0.0 0.4
35.195747 -82.20803099999999 0.0 0.4
35.195031 -82.195748 0.0 0.4
35.194488 -82.18570199999999 0.0 0.4
35.194033999999995 -82.175637 0.0 0.4
35.193521 -82.163536 0.0 0.4
35.193328 -82.152231 0.0 0.4
35.19311 -82.14116299999999 0.0 0.4
35.192577 -82.128326 0.0 0.4
35.191637 -82.113845 0.0 0.4
35.191117999999996 -82.09969699999999 0.0 0.4
35.190445 -82.075839 0.0 0.4
35.190059 -82.062161 0.0 0.4
35.189687 -82.048414 0.0 0.4
35.189273 -82.03433799999999 0.0 0.4
35.189076 -82.021614 0.0 0.4
35.188784 -82.010983 0.0 0.4
35.188404999999996 -81.99865 0.0 0.4
35.188024 -81.986873 0.0 0.4
35.187514 -81.97601499999999 0.0 0.4
35.186867 -81.96173 0.0 0.4
35.186408 -81.950761 0.0 0.4
35.185955 -81.93813 0.0 0.4
35.185576 -81.92572899999999 0.0 0.4
35.185215 -81.915414 0.0 0.4
35.184885 -81.905174 0.0 0.4
35.184470999999995 -81.892659 0.0 0.4
35.184208 -81.882589 0.0 0.4
35.183975 -81.87191299999999 0.0 0.4
35.183507999999996 -81.857838 0.0 0.4
35.183036 -81.84409 0.0 0.4
35.182671 -81.83324999999999 0.0 0.4
35.182262 -81.820352 0.0 0.4
35.181826 -81.809816 0.0 0.4
35.181422 -81.799444 0.0 0.4
35.181112999999996 -81.787649 0.0 0.4
35.180845999999995 -81.777102 0.0 0.4
35.180537 -81.765174 0.0 0.4
35.180113999999996 -81.753502 0.0 0.4
35.179725 -81.743006 0.0 0.4
35.179 -81.724263 0.0 0.4
35.178446 -81.70863 0.0 0.4
35.177656 -81.68954599999999 0.0 0.4
35.177079 -81.675511 0.0 0.4
35.176615999999996 -81.663849 0.0 0.4
35.175903 -81.646264 0.0 0.4
35.175543999999995 -81.635967 0.0 0.4
35.17505 -81.624724 0.0 0.4
35.174402 -81.610193 0.0 0.4
35.173915 -81.599282 0.0 0.4
35.173128999999996 -81.581665 0.0 0.4
35.172518 -81.566327 0.0 0.4
35.171903 -81.548368 0.0 0.4
35.171549999999996 -81.53811499999999 0.0 0.4
35.171198 -81.527878 0.0 0.4
35.170805 -81.51686699999999 0.0 0.4
35.170398999999996 -81.503835 0.0 0.4
35.169945 -81.49333899999999 0.0 0.4
35.169266 -81.476083 0.0 0.4
35.168644 -81.46161699999999 0.0 0.4
35.168265 -81.451411 0.0 0.4
35.167849 -81.441222 0.0 0.4
35.167452 -81.427562 0.0 0.4
35.167291 -81.415397 0.0 0.4
35.166664 -81.398865 0.0 0.4
35.16605 -81.388526 0.0 0.4
35.164908 -81.367086 0.0 0.4
35.163989 -81.348939 0.0 0.4
35.163716 -81.337949 0.0 0.4
35.163295 -81.32531399999999 0.0 0.4
35.162939 -81.309542 0.0 0.4
35.162448 -81.297966 0.0 0.4
35.161961999999995 -81.286583 0.0 0.4
35.161408 -81.273518 0.0 0.4
35.160793999999996 -81.258029 0.0 0.4
35.160287 -81.246214 0.0 0.4
35.159822999999996 -81.236098 0.0 0.4
35.159296999999995 -81.22381399999999 0.0 0.4
35.158694 -81.209813 0.0 0.4
35.158224 -81.199201 0.0 0.4
35.157412 -81.180719 0.0 0.4
35.156962 -81.170565 0.0 0.4
35.156423 -81.158193 0.0 0.4
35.155961 -81.14751299999999 0.0 0.4
35.154933 -81.131275 0.0 0.4
35.153971999999996 -81.115932 0.0 0.4
35.153079 -81.101721 0.0 0.4
35.152336999999996 -81.08941399999999 0.0 0.4
35.151773999999996 -81.079066 0.0 0.4
35.150802999999996 -81.06144499999999 0.0 0.4
35.149944999999995 -81.046385 0.0 0.4
35.149271 -81.03451199999999 0.0 0.4
35.147767 -81.04455899999999 0.0 0.4
35.138625 -81.049863 0.0 0.4
35.12945 -81.044809 0.0 0.4
35.122963 -81.037066 0.0 0.4
35.113788 -81.032792 0.0 0.4
35.103775999999996 -81.035196 0.0 0.4
35.100972999999996 -81.044947 0.0 0.4
35.094297999999995 -81.05257499999999 0.0 0.4
35.084863999999996 -81.05705499999999 0.0 0.4
35.07411 -81.057732 0.0 0.4
35.064 -81.058207 0.0 0.4
35.056709 -81.050923 0.0 0.4
35.048449999999995 -81.04444 0.0 0.4
35.048618999999995 -81.034342 0.0 0.4
35.054185 -81.02485999999999 0.0 0.4
35.060660999999996 -81.01373799999999 0.0 0.4
35.066978 -81.002809 0.0 0.4
35.072938 -80.992582 0.0 0.4
35.08088 -80.97872 0.0 0.4
35.090443 -80.961935 0.0 0.4
35.096393 -80.952174 0.0 0.4
35.105123 -80.938451 0.0 0.4
35.101647 -80.928657 0.0 0.4
35.091691 -80.91981799999999 0.0 0.4
35.083641 -80.912893 0.0 0.4
35.070885 -80.90133399999999 0.0 0.4
35.063206 -80.893701 0.0 0.4
35.053957 -80.88529 0.0 0.4
35.044304 -80.87702999999999 0.0 0.4
35.036159999999995 -80.869914 0.0 0.4
35.024539 -80.859854 0.0 0.4
35.016512 -80.852781 0.0 0.4
35.008043 -80.84564 0.0 0.4
35.000102 -80.838933 0.0 0.4
34.991696 -80.831841 0.0 0.4
34.981033 -80.822839 0.0 0.4
34.973589 -80.816154 0.0 0.4
34.965859 -80.80927799999999 0.0 0.4
34.955760999999995 -80.800024 0.0 0.4
34.946204 -80.79143499999999 0.0 0.4
34.937799 -80.78372399999999 0.0 0.4
34.927731 -80.783011 0.0 0.4
34.917472 -80.784646 0.0 0.4
34.904162 -80.786434 0.0 0.4
34.893696999999996 -80.78778299999999 0.0 0.4
34.88025 -80.789506 0.0 0.4
34.869716 -80.790859 0.0 0.4
34.856767 -80.792901 0.0 0.4
34.845138 -80.79427 0.0 0.4
34.835007 -80.79545499999999 0.0 0.4
34.824974999999995 -80.796756 0.0 0.4
34.819673 -80.783823 0.0 0.4
34.819536 -80.773279 0.0 0.4
34.819369 -80.760577 0.0 0.4
34.81928 -80.74751499999999 0.0 0.4
34.819237 -80.73524599999999 0.0 0.4
34.819196 -80.724211 0.0 0.4
34.819153 -80.71265199999999 0.0 0.4
34.819072 -80.700814 0.0 0.4
34.818926999999995 -80.689472 0.0 0.4
34.81872 -80.676192 0.0 0.4
34.818571999999996 -80.664586 0.0 0.4
34.81841 -80.651882 0.0 0.4
34.818328 -80.63947499999999 0.0 0.4
34.818258 -80.62886499999999 0.0 0.4
34.818104 -80.615051 0.0 0.4
34.818067 -80.603844 0.0 0.4
34.817893999999995 -80.59199699999999 0.0 0.4
34.817684 -80.57918599999999 0.0 0.4
34.817465999999996 -80.56401 0.0 0.4
34.817326 -80.55322699999999 0.0 0.4
34.817188 -80.541077 0.0 0.4
34.817034 -80.526692 0.0 0.4
34.816953 -80.516611 0.0 0.4
34.816853 -80.504058 0.0 0.4
34.816767 -80.493174 0.0 0.4
34.816632 -80.477176 0.0 0.4
34.81651 -80.46638899999999 0.0 0.4
34.816322 -80.45588599999999 0.0 0.4
34.816085 -80.445756 0.0 0.4
34.815854 -80.43437999999999 0.0 0.4
34.815644999999996 -80.424025 0.0 0.4
34.815413 -80.413659 0.0 0.4
34.815152999999995 -80.399923 0.0 0.4
34.814966999999996 -80.38932899999999 0.0 0.4
34.814766 -80.373027 0.0 0.4
34.814617 -80.361807 0.0 0.4
34.814416 -80.347188 0.0 0.4
34.814279 -80.336485 0.0 0.4
34.814004 -80.325957 0.0 0.4
34.81384 -80.312944 0.0 0.4
34.813739 -80.302351 0.0 0.4
34.813536 -80.287227 0.0 0.4
34.813072 -80.252769 0.0 0.4
34.812808 -80.23684399999999 0.0 0.4
34.812663 -80.226013 0.0 0.4
34.812501 -80.21378299999999 0.0 0.4
34.811993 -80.195708 0.0 0.4
34.811746 -80.184404 0.0 0.4
34.811434 -80.16722999999999 0.0 0.4
34.811209 -80.154721 0.0 0.4
34.810984 -80.142763 0.0 0.4
34.810699 -80.12891499999999 0.0 0.4
34.810153 -80.101047 0.0 0.4
34.80995 -80.090351 0.0 0.4
34.809678 -80.076985 0.0 0.4
34.809326999999996 -80.057428 0.0 0.4
34.80911 -80.046887 0.0 0.4
34.808958 -80.036475 0.0 0.4
34.808684 -80.025936 0.0 0.4
34.808433 -80.015017 0.0 0.4
34.808169 -80.001486 0.0 0.4
34.807897 -79.98776099999999 0.0 0.4
34.807587 -79.97255899999999 0.0 0.4
34.807257 -79.95705199999999 0.0 0.4
34.806711 -79.931258 0.0 0.4
34.806708 -79.917705 0.0 0.4
34.806489 -79.889432 0.0 0.4
34.806308 -79.860394 0.0 0.4
34.806236 -79.849313 0.0 0.4
34.80598 -79.812277 0.0 0.4
34.805847 -79.794465 0.0 0.4
34.805737 -79.77981799999999 0.0 0.4
34.805659 -79.76959599999999 0.0 0.4
34.805467 -79.74441499999999 0.0 0.4
34.805336 -79.724098 0.0 0.4
34.80526 -79.712384 0.0 0.4
34.805195 -79.70059599999999 0.0 0.4
34.805133999999995 -79.68920899999999 0.0 0.4
34.805065 -79.67649399999999 0.0 0.4
34.797756 -79.66750499999999 0.0 0.4
34.788804 -79.656448 0.0 0.4
34.782135 -79.648215 0.0 0.4
34.775323 -79.639806 0.0 0.4
34.768729 -79.631667 0.0 0.4
34.760433 -79.621426 0.0 0.4
34.753108999999995 -79.612397 0.0 0.4
34.743634 -79.600725 0.0 0.4
34.733982 -79.588837 0.0 0.4
34.721520999999996 -79.57346 0.0 0.4
34.711985999999996 -79.561706 0.0 0.4
34.699477 -79.546373 0.0 0.4
34.692887 -79.538253 0.0 0.4
34.686505 -79.53042099999999 0.0 0.4
34.677783999999996 -79.519699 0.0 0.4
34.668833 -79.508693 0.0 0.4
34.661516999999996 -79.499771 0.0 0.4
34.653847999999996 -79.49042299999999 0.0 0.4
34.647307999999995 -79.482417 0.0 0.4
34.637768 -79.470688 0.0 0.4
34.630379 -79.461506 0.0 0.4
34.623171 -79.452621 0.0 0.4
34.614656 -79.442099 0.0 0.4
34.608376 -79.434315 0.0 0.4
34.600504 -79.424562 0.0 0.4
34.591578 -79.413521 0.0 0.4
34.584424 -79.404648 0.0 0.4
34.573291999999995 -79.390844 0.0 0.4
34.566116 -79.382385 0.0 0.4
34.553898 -79.367992 0.0 0.4
34.545665 -79.35853999999999 0.0 0.4
34.539052999999996 -79.350737 0.0 0.4
34.532379999999996 -79.343108 0.0 0.4
34.52577 -79.335515 0.0 0.4
34.518439 -79.327282 0.0 0.4
34.508991 -79.316552 0.0 0.4
34.501788999999995 -79.30838899999999 0.0 0.4
34.494696999999995 -79.30037399999999 0.0 0.4
34.487314999999995 -79.292119 0.0 0.4
34.480487 -79.284483 0.0 0.4
34.472282 -79.275187 0.0 0.4
34.45707 -79.257842 0.0 0.4
34.449377 -79.24906899999999 0.0 0.4
34.437774999999995 -79.235592 0.0 0.4
34.424714 -79.220413 0.0 0.4
34.408802 -79.20142799999999 0.0 0.4
34.402378 -79.19367 0.0 0.4
34.393585 -79.18305199999999 0.0 0.4
34.385556 -79.173592 0.0 0.4
34.377506 -79.164217 0.0 0.4
34.366561 -79.151073 0.0 0.4
34.360037 -79.143349 0.0 0.4
34.347341 -79.128252 0.0 0.4
34.33734 -79.116376 0.0 0.4
34.322421 -79.09864499999999 0.0 0.4
34.311968 -79.086219 0.0 0.4
34.302732999999996 -79.075242 0.0 0.4
34.292448 -79.062997 0.0 0.4
34.276607 -79.044247 0.0 0.4
34.265267 -79.03071 0.0 0.4
34.258114 -79.022143 0.0 0.4
34.251244 -79.01387 0.0 0.4
34.244209 -79.005506 0.0 0.4
34.236920999999995 -78.996864 0.0 0.4
34.230258 -78.98892699999999 0.0 0.4
34.220096999999996 -78.976824 0.0 0.4
34.212813 -78.96815 0.0 0.4
34.205926 -78.95999599999999 0.0 0.4
34.19809 -78.950668 0.0 0.4
34.191438 -78.942746 0.0 0.4
34.185002 -78.935079 0.0 0.4
34.17556 -78.923833 0.0 0.4
34.169046 -78.91606999999999 0.0 0.4
34.162451 -78.908279 0.0 0.4
34.15233 -78.89625699999999 0.0 0.4
34.143563 -78.885849 0.0 0.4
34.136766 -78.877785 0.0 0.4
34.129599 -78.869275 0.0 0.4
34.122838 -78.861234 0.0 0.4
34.115856 -78.85296 0.0 0.4
34.108495 -78.844252 0.0 0.4
34.098794 -78.83272 0.0 0.4
34.092200999999996 -78.824969 0.0 0.4
34.085051 -78.816627 0.0 0.4
34.078234 -78.808499 0.0 0.4
34.070234 -78.799025 0.0 0.4
34.0628 -78.790218 0.0 0.4
34.055783 -78.781893 0.0 0.4
34.045739999999995 -78.770012 0.0 0.4
34.032672999999996 -78.754548 0.0 0.4
34.026106 -78.746798 0.0 0.4
34.019459 -78.738907 0.0 0.4
34.01218 -78.730288 0.0 0.4
34.002445 -78.718789 0.0 0.4
33.995146 -78.710222 0.0 0.4
33.98249 -78.695287 0.0 0.4
33.973678 -78.684894 0.0 0.4
33.960744 -78.66964399999999 0.0 0.4
33.944365 -78.650342 0.0 0.4
33.93669 -78.6413 0.0 0.4
33.929912 -78.63331699999999 0.0 0.4
33.92311 -78.625215 0.0 0.4
33.915229 -78.616039 0.0 0.4
33.906014 -78.605195 0.0 0.4
33.897925 -78.595677 0.0 0.4
33.890577 -78.58703299999999 0.0 0.4
33.884091 -78.579362 0.0 0.4
33.877328999999996 -78.571507 0.0 0.4
33.870138 -78.563119 0.0 0.4
33.860974 -78.552426 0.0 0.4
33.854279999999996 -78.544726 0.0 0.4
33.844935 -78.534269 0.0 0.4
33.83712 -78.525651 0.0 0.4
33.817743 -78.504583 0.0 0.4
33.806830999999995 -78.511631 0.0 0.4
33.802189999999996 -78.52295199999999 0.0 0.4
33.799482999999995 -78.533198 0.0 0.4
33.797588999999995 -78.54973199999999 0.0 0.4
33.796621 -78.564842 0.0 0.4
33.794028 -78.575474 0.0 0.4
33.790392 -78.589901 0.0 0.4
33.787912 -78.599899 0.0 0.4
33.784898999999996 -78.61054899999999 0.0 0.4
33.780605 -78.621068 0.0 0.4
33.777176 -78.63402599999999 0.0 0.4
33.772329 -78.647397 0.0 0.4
33.767339 -78.661738 0.0 0.4
33.761129 -78.677993 0.0 0.4
33.756858 -78.687778 0.0 0.4
33.750172 -78.699642 0.0 0.4
33.745115 -78.70877999999999 0.0 0.4
33.739810999999996 -78.71836499999999 0.0 0.4
33.730813 -78.732995 0.0 0.4
33.722702999999996 -78.747552 0.0 0.4
33.716848 -78.75828299999999 0.0 0.4
33.707967 -78.772415 0.0 0.4
33.701035 -78.78035299999999 0.0 0.4
33.693875 -78.791181 0.0 0.4
33.682657 -78.806108 0.0 0.4
33.676544 -78.814025 0.0 0.4
33.670238999999995 -78.822059 0.0 0.4
33.660044 -78.832987 0.0 0.4
33.651990999999995 -78.841101 0.0 0.4
33.643805 -78.851056 0.0 0.4
33.636559 -78.859031 0.0 0.4
33.629484999999995 -78.86711 0.0 0.4
33.62133 -78.87707499999999 0.0 0.4
33.61291 -78.886381 0.0 0.4
33.589351 -78.910541 0.0 0.4
33.580503 -78.918775 0.0 0.4
33.573083 -78.925682 0.0 0.4
33.561427 -78.936533 0.0 0.4
33.538722 -78.95699599999999 0.0 0.4
33.527316 -78.965426 0.0 0.4
33.514517999999995 -78.972105 0.0 0.4
33.501652 -78.98158 0.0 0.4
33.488991999999996 -78.993033 0.0 0.4
33.471344 -79.018103 0.0 0.4
33.463357 -79.027127 0.0 0.4
33.45344 -79.036986 0.0 0.4
33.436003 -79.04978 0.0 0.4
33.42604 -79.055881 0.0 0.4
33.400968999999996 -79.071235 0.0 0.4
33.375397 -79.08443799999999 0.0 0.4
33.364232 -79.088985 0.0 0.4
33.348638 -79.089725 0.0 0.4
33.333638 -79.08918 0.0 0.4
33.323144 -79.090233 0.0 0.4
33.304952 -79.093312 0.0 0.4
33.293725 -79.09940399999999 0.0 0.4
33.283161 -79.10892199999999 0.0 0.4
33.250166 -79.119072 0.0 0.4
33.238931 -79.108013 0.0 0.4
33.230202999999996 -79.099569 0.0 0.4
33.215309999999995 -79.08658299999999 0.0 0.4
33.199072 -79.078842 0.0 0.4
33.188652999999995 -79.07760499999999 0.0 0.4
33.171324999999996 -79.082229 0.0 0.4
33.159056 -79.09161399999999 0.0 0.4
33.148505 -79.104388 0.0 0.4
33.143273 -79.115866 0.0 0.4
33.140136999999996 -79.133073 0.0 0.4
33.132117 -79.146272 0.0 0.4
33.125167999999995 -79.15446399999999 0.0 0.4
33.116133999999995 -79.170142 0.0 0.4
33.107527999999995 -79.180871 0.0 0.4
33.092858 -79.185158 0.0 0.4
33.082015999999996 -79.192251 0.0 0.4
33.071706999999996 -79.202963 0.0 0.4
33.064248 -79.215538 0.0 0.4
33.061301 -79.229232 0.0 0.4
33.06118 -79.241961 0.0 0.4
33.051591 -79.256045 0.0 0.4
33.048463 -79.266116 0.0 0.4
33.036687 -79.275949 0.0 0.4
33.017812 -79.287157 0.0 0.4
33.00967 -79.294208 0.0 0.4
33.000169 -79.299505 0.0 0.4
32.986784 -79.300383 0.0 0.4
32.973977999999995 -79.305471 0.0 0.4
32.963284 -79.313383 0.0 0.4
32.956078 -79.322257 0.0 0.4
32.949508 -79.337563 0.0 0.4
32.947227999999996 -79.349823 0.0 0.4
32.946121 -79.361572 0.0 0.4
32.945985 -79.373363 0.0 0.4
32.948451999999996 -79.386727 0.0 0.4
32.949234 -79.397672 0.0 0.4
32.949712999999996 -79.409176 0.0 0.4
32.953545 -79.424317 0.0 0.4
32.956500999999996 -79.435385 0.0 0.4
32.94894 -79.448359 0.0 0.4
32.940504 -79.459374 0.0 0.4
32.934512999999995 -79.472866 0.0 0.4
32.93244 -79.483006 0.0 0.4
32.931571999999996 -79.49594499999999 0.0 0.4
32.922326 -79.499788 0.0 0.4
32.911604 -79.50744999999999 0.0 0.4
32.903034 -79.51665799999999 0.0 0.4
32.889883 -79.51956899999999 0.0 0.4
32.88021 -79.525233 0.0 0.4
32.870011999999996 -79.534689 0.0 0.4
32.863096999999996 -79.546504 0.0 0.4
32.856972 -79.560858 0.0 0.4
32.853718 -79.57235399999999 0.0 0.4
32.850856 -79.58538999999999 0.0 0.4
32.839960999999995 -79.591884 0.0 0.4
32.831758 -79.599429 0.0 0.4
32.825742999999996 -79.607918 0.0 0.4
32.821086 -79.617728 0.0 0.4
32.817901 -79.628706 0.0 0.4
32.809391 -79.64242999999999 0.0 0.4
32.799915 -79.651293 0.0 0.4
32.788078 -79.658956 0.0 0.4
32.777100000000004 -79.669404 0.0 0.4
32.771147 -79.6785 0.0 0.4
32.763847999999996 -79.686292 0.0 0.4
32.750662 -79.717261 0.0 0.4
32.750175999999996 -79.728161 0.0 0.4
32.74521 -79.74243299999999 0.0 0.4
32.740595 -79.754328 0.0 0.4
32.732051999999996 -79.76129499999999 0.0 0.4
32.718494 -79.764523 0.0 0.4
32.70395 -79.771526 0.0 0.4
32.69296 -79.77867499999999 0.0 0.4
32.683278 -79.789278 0.0 0.4
32.675632 -79.798255 0.0 0.4
32.664968 -79.827533 0.0 0.4
32.653615 -79.83506 0.0 0.4
32.636389 -79.855063 0.0 0.4
32.631592999999995 -79.866428 0.0 0.4
32.626598 -79.87558299999999 0.0 0.4
32.620504 -79.887632 0.0 0.4
32.614945999999996 -79.89967399999999 0.0 0.4
32.610543 -79.909311 0.0 0.4
32.603887 -79.920859 0.0 0.4
32.595302 -79.929828 0.0 0.4
32.588749 -79.940168 0.0 0.4
32.580114 -79.950716 0.0 0.4
32.570988 -79.95829599999999 0.0 0.4
32.563708999999996 -79.967923 0.0 0.4
32.558074 -79.979002 0.0 0.4
32.554622 -79.992599 0.0 0.4
32.554390999999995 -80.00572199999999 0.0 0.4
32.556675999999996 -80.02162799999999 0.0 0.4
32.555515 -80.05439799999999 0.0 0.4
32.552937 -80.06810899999999 0.0 0.4
32.549889 -80.08429699999999 0.0 0.4
32.535647 -80.090119 0.0 0.4
32.523866 -80.09499799999999 0.0 0.4
32.512915 -80.104197 0.0 0.4
32.504365 -80.115633 0.0 0.4
32.498267999999996 -80.123795 0.0 0.4
32.495627999999996 -80.134969 0.0 0.4
32.49417 -80.147853 0.0 0.4
32.491085999999996 -80.166951 0.0 0.4
32.491166 -80.177961 0.0 0.4
32.492984 -80.188352 0.0 0.4
32.496241 -80.19883899999999 0.0 0.4
32.487390999999995 -80.211019 0.0 0.4
32.482565 -80.22359 0.0 0.4
32.478223 -80.232759 0.0 0.4
32.472449 -80.243074 0.0 0.4
32.454305 -80.245763 0.0 0.4
32.444903 -80.24982 0.0 0.4
32.435168 -80.25728099999999 0.0 0.4
32.42564 -80.27088599999999 0.0 0.4
32.420887 -80.28254 0.0 0.4
32.418521 -80.294078 0.0 0.4
32.406965 -80.29798 0.0 0.4
32.397839 -80.305482 0.0 0.4
32.391199 -80.31366299999999 0.0 0.4
32.380827 -80.336513 0.0 0.4
32.369631 -80.340284 0.0 0.4
32.359904 -80.346812 0.0 0.4
32.350533999999996 -80.35746 0.0 0.4
32.345382 -80.366503 0.0 0.4
32.335619 -80.372636 0.0 0.4
32.323357 -80.371258 0.0 0.4
32.313407999999995 -80.37283 0.0 0.4
32.303664 -80.377453 0.0 0.4
32.288948999999995 -80.384519 0.0 0.4
32.280317 -80.392327 0.0 0.4
32.269656 -80.408272 0.0 0.4
32.264643 -80.420103 0.0 0.4
32.261384 -80.431544 0.0 0.4
32.259977 -80.44326699999999 0.0 0.4
32.262221 -80.459332 0.0 0.4
32.253842 -80.476801 0.0 0.4
32.25087 -80.49279299999999 0.0 0.4
32.245028 -80.503541 0.0 0.4
32.24038 -80.51337099999999 0.0 0.4
32.234592 -80.52382399999999 0.0 0.4
32.217323 -80.53692199999999 0.0 0.4
32.192053 -80.54893299999999 0.0 0.4
32.181989 -80.55674599999999 0.0 0.4
32.172368999999996 -80.56644899999999 0.0 0.4
32.16666 -80.576138 0.0 0.4
32.162287 -80.58738699999999 0.0 0.4
32.161268 -80.59812699999999 0.0 0.4
32.162293999999996 -80.608451 0.0 0.4
32.153675 -80.616311 0.0 0.4
32.148419 -80.62483 0.0 0.4
32.144489 -80.63619899999999 0.0 0.4
32.142423 -80.649221 0.0 0.4
32.142607 -80.66472 0.0 0.4
32.131962 -80.672648 0.0 0.4
32.123869 -80.681606 0.0 0.4
32.117805 -80.69009299999999 0.0 0.4
32.111416999999996 -80.697886 0.0 0.4
32.102595 -80.709491 0.0 0.4
32.097065 -80.721515 0.0 0.4
32.093970999999996 -80.731629 0.0 0.4
32.088439 -80.740676 0.0 0.4
32.07964 -80.745865 0.0 0.4
32.064374 -80.741672 0.0 0.4
32.051733999999996 -80.742567 0.0 0.4
32.03886 -80.74780299999999 0.0 0.4
32.030187999999995 -80.75404499999999 0.0 0.4
32.022613 -80.762535 0.0 0.4
32.015273 -80.77448299999999 0.0 0.4
32.004948 -80.78124199999999 0.0 0.4
32.007208 -80.794828 0.0 0.4
32.029917999999995 -80.81557699999999 0.0 0.4
32.038477 -80.83729799999999 0.0 0.4
32.041419999999995 -80.85023799999999 0.0 0.4
32.040423 -80.864617 0.0 0.4
32.039553999999995 -80.877326 0.0 0.4
32.03767 -80.88726799999999 0.0 0.4
32.03722 -80.897932 0.0 0.4
32.039989999999996 -80.921027 0.0 0.4
32.056346999999995 -80.93979399999999 0.0 0.4
32.07029 -80.954031 0.0 0.4
32.074104 -80.968243 0.0 0.4
32.077836 -80.980541 0.0 0.4
32.094915 -80.992138 0.0 0.4
32.102367 -81.004305 0.0 0.4
32.098785 -81.017355 0.0 0.4
32.088903 -81.02525399999999 0.0 0.4
32.083734 -81.038125 0.0 0.4
32.086939 -81.048497 0.0 0.4
32.088651 -81.059732 0.0 0.4
32.098034999999996 -81.075391 0.0 0.4
32.099931 -81.08827 0.0 0.4
32.109822 -81.090756 0.0 0.4
32.111328 -81.10178499999999 0.0 0.4
32.112471 -81.11238399999999 0.0 0.4
32.123036 -81.1161 0.0 0.4
32.132596 -81.11921199999999 0.0 0.4
32.143237 -81.118743 0.0 0.4
32.153303 -81.12003399999999 0.0 0.4
32.162898 -81.12313499999999 0.0 0.4
32.173108 -81.123319 0.0 0.4
32.172703 -81.111132 0.0 0.4
32.177895 -81.12005599999999 0.0 0.4
32.187933 -81.11814 0.0 0.4
32.198411 -81.122584 0.0 0.4
32.207554 -81.12742 0.0 0.4
32.212854 -81.136012 0.0 0.4
32.221314 -81.14233 0.0 0.4
32.231147 -81.14495099999999 0.0 0.4
32.237389 -81.153424 0.0 0.4
32.247510999999996 -81.153446 0.0 0.4
32.25602 -81.148022 0.0 0.4
32.263691 -81.141414 0.0 0.4
32.272683 -81.136798 0.0 0.4
32.276356 -81.127459 0.0 0.4
32.284856999999995 -81.12119299999999 0.0 0.4
32.294705 -81.123779 0.0 0.4
32.304701 -81.122141 0.0 0.4
32.307443 -81.13195 0.0 0.4
32.317622 -81.131412 0.0 0.4
32.326112 -81.136844 0.0 0.4
32.33518 -81.132296 0.0 0.4
32.343952 -81.137131 0.0 0.4
32.351529 -81.143794 0.0 0.4
32.34408 -81.150824 0.0 0.4
32.341144 -81.16039599999999 0.0 0.4
32.349509999999995 -81.15486 0.0 0.4
32.356491999999996 -81.162444 0.0 0.4
32.361841999999996 -81.171066 0.0 0.4
32.37191 -81.17233499999999 0.0 0.4
32.378475 -81.180095 0.0 0.4
32.38814 -81.17740599999999 0.0 0.4
32.397166 -81.181938 0.0 0.4
32.405311999999995 -81.18858399999999 0.0 0.4
32.412633 -81.19600799999999 0.0 0.4
32.420651 -81.20275099999999 0.0 0.4
32.430385 -81.20609499999999 0.0 0.4
32.439865999999995 -81.202837 0.0 0.4
32.449458 -81.206183 0.0 0.4
32.454791 -81.197484 0.0 0.4
32.460820999999996 -81.189291 0.0 0.4
32.466617 -81.19755599999999 0.0 0.4
32.473101 -81.20550999999999 0.0 0.4
32.479991999999996 -81.213021 0.0 0.4
32.486748999999996 -81.220523 0.0 0.4
32.493792 -81.227648 0.0 0.4
32.501612 -81.233896 0.0 0.4
32.510762 -81.237962 0.0 0.4
32.519753 -81.24280499999999 0.0 0.4
32.518459 -81.252827 0.0 0.4
32.524105 -81.261264 0.0 0.4
32.529365999999996 -81.27052599999999 0.0 0.4
32.535939 -81.278733 0.0 0.4
32.545409 -81.27544 0.0 0.4
32.554902999999996 -81.27944 0.0 0.4
32.551162999999995 -81.288879 0.0 0.4
32.56174 -81.28957299999999 0.0 0.4
32.553398 -81.295631 0.0 0.4
32.563075999999995 -81.298789 0.0 0.4
32.560581 -81.313651 0.0 0.4
32.560223 -81.324973 0.0 0.4
32.564033 -81.33541799999999 0.0 0.4
32.568272 -81.346069 0.0 0.4
32.571449 -81.35569699999999 0.0 0.4
32.581984999999996 -81.357467 0.0 0.4
32.576633 -81.365943 0.0 0.4
32.585777 -81.37023099999999 0.0 0.4
32.589183999999996 -81.379874 0.0 0.4
32.594848999999996 -81.388358 0.0 0.4
32.6041 -81.395572 0.0 0.4
32.610602 -81.403883 0.0 0.4
32.61773 -81.411222 0.0 0.4
32.626654 -81.41625499999999 0.0 0.4
32.636907 -81.41599099999999 0.0 0.4
32.631737 -81.407271 0.0 0.4
32.64049 -81.412503 0.0 0.4
32.644444 -81.401844 0.0 0.4
32.650506 -81.393545 0.0 0.4
32.656449 -81.401879 0.0 0.4
32.666877 -81.403913 0.0 0.4
32.677493999999996 -81.401029 0.0 0.4
32.68555 -81.40701 0.0 0.4
32.695814999999996 -81.408723 0.0 0.4
32.696211999999996 -81.418881 0.0 0.4
32.701895 -81.427517 0.0 0.4
32.710225 -81.42190099999999 0.0 0.4
32.720238 -81.42051599999999 0.0 0.4
32.72139 -81.410467 0.0 0.4
32.729675 -81.41705999999999 0.0 0.4
32.739083 -81.41266999999999 0.0 0.4
32.745559 -81.404932 0.0 0.4
32.748317 -81.415059 0.0 0.4
32.755803 -81.408159 0.0 0.4
32.764609 -81.41324999999999 0.0 0.4
32.768496999999996 -81.42288599999999 0.0 0.4
32.776528 -81.415561 0.0 0.4
32.779455999999996 -81.426855 0.0 0.4
32.789513 -81.425747 0.0 0.4
32.799954 -81.427813 0.0 0.4
32.809928 -81.426326 0.0 0.4
32.818196 -81.41798399999999 0.0 0.4
32.818584 -81.428235 0.0 0.4
32.82864 -81.429154 0.0 0.4
32.839295 -81.425073 0.0 0.4
32.843537999999995 -81.43480699999999 0.0 0.4
32.850107 -81.44267099999999 0.0 0.4
32.844764999999995 -81.451742 0.0 0.4
32.855154 -81.455947 0.0 0.4
32.864939 -81.452961 0.0 0.4
32.873956 -81.458411 0.0 0.4
32.881063999999995 -81.465938 0.0 0.4
32.87764 -81.475918 0.0 0.4
32.887962 -81.476396 0.0 0.4
32.889128 -81.46619 0.0 0.4
32.899318 -81.465131 0.0 0.4
32.89629 -81.47477099999999 0.0 0.4
32.905637999999996 -81.47918399999999 0.0 0.4
32.914231 -81.484644 0.0 0.4
32.924374 -81.48616299999999 0.0 0.4
32.930768 -81.494546 0.0 0.4
32.937621 -81.502815 0.0 0.4
32.94809 -81.504016 0.0 0.4
32.957326 -81.510009 0.0 0.4
32.967988999999996 -81.511156 0.0 0.4
32.962798 -81.502456 0.0 0.4
32.973011 -81.49783699999999 0.0 0.4
32.983534 -81.495504 0.0 0.4
32.99351 -81.492252 0.0 0.4
33.000619 -81.499663 0.0 0.4
33.006985 -81.491642 0.0 0.4
33.012859999999996 -81.500194 0.0 0.4
33.010315 -81.51069 0.0 0.4
33.021232999999995 -81.51028199999999 0.0 0.4
33.029176 -81.51957999999999 0.0 0.4
33.035646 -81.52845099999999 0.0 0.4
33.039175 -81.538741 0.0 0.4
33.048575 -81.543778 0.0 0.4
33.043196 -81.553146 0.0 0.4
33.047888 -81.565501 0.0 0.4
33.057164 -81.561267 0.0 0.4
33.054192 -81.570825 0.0 0.4
33.061762 -81.580252 0.0 0.4
33.069851 -81.58731 0.0 0.4
33.072381 -81.59851599999999 0.0 0.4
33.082944999999995 -81.598417 0.0 0.4
33.079946 -81.61069599999999 0.0 0.4
33.091124 -81.608941 0.0 0.4
33.095408 -81.62028699999999 0.0 0.4
33.093952 -81.630332 0.0 0.4
33.092951 -81.640433 0.0 0.4
33.096751999999995 -81.649833 0.0 0.4
33.103152 -81.658433 0.0 0.4
33.106750999999996 -81.66833299999999 0.0 0.4
33.110951 -81.67773299999999 0.0 0.4
33.11365 -81.687634 0.0 0.4
33.11665 -81.69753399999999 0.0 0.4
33.12135 -81.710734 0.0 0.4
33.125451 -81.719934 0.0 0.4
33.132551 -81.72793399999999 0.0 0.4
33.13765 -81.73663499999999 0.0 0.4
33.143349 -81.745235 0.0 0.4
33.14965 -81.75323499999999 0.0 0.4
33.15715 -81.76053499999999 0.0 0.4
33.166049 -81.765835 0.0 0.4
33.176448 -81.76993499999999 0.0 0.4
33.186548 -81.76703499999999 0.0 0.4
33.194047999999995 -81.759835 0.0 0.4
33.203648 -81.76353499999999 0.0 0.4
33.213347 -81.767335 0.0 0.4
33.221047 -81.773735 0.0 0.4
33.211346999999996 -81.777535 0.0 0.4
33.208146 -81.78763599999999 0.0 0.4
33.211506 -81.79767199999999 0.0 0.4
33.213746 -81.807936 0.0 0.4
33.223546999999996 -81.811036 0.0 0.4
33.227046 -81.820936 0.0 0.4
33.231446 -81.82993599999999 0.0 0.4
33.238146 -81.83773599999999 0.0 0.4
33.242945999999996 -81.847336 0.0 0.4
33.251596 -81.85235999999999 0.0 0.4
33.253645 -81.842536 0.0 0.4
33.262744999999995 -81.847836 0.0 0.4
33.262045 -81.837536 0.0 0.4
33.272314 -81.834595 0.0 0.4
33.278044 -81.843536 0.0 0.4
33.283588 -81.851968 0.0 0.4
33.286544 -81.86163599999999 0.0 0.4
33.296544 -81.862036 0.0 0.4
33.299144 -81.852136 0.0 0.4
33.30954 -81.85275899999999 0.0 0.4
33.303543 -81.861136 0.0 0.4
33.312625 -81.865498 0.0 0.4
33.308343 -81.87453599999999 0.0 0.4
33.308928 -81.884631 0.0 0.4
33.315317 -81.892493 0.0 0.4
33.323342 -81.89903699999999 0.0 0.4
33.333442 -81.900037 0.0 0.4
33.325365 -81.906206 0.0 0.4
33.331049 -81.915174 0.0 0.4
33.341113 -81.91530399999999 0.0 0.4
33.345341 -81.924737 0.0 0.4
33.343541 -81.934837 0.0 0.4
33.35376 -81.934812 0.0 0.4
33.361340999999996 -81.941737 0.0 0.4
33.370399 -81.94644 0.0 0.4
33.37014 -81.93583699999999 0.0 0.4
33.37114 -81.925737 0.0 0.4
33.379993999999996 -81.930802 0.0 0.4
33.390028 -81.93319699999999 0.0 0.4
33.399222 -81.937203 0.0 0.4
33.405834999999996 -81.945629 0.0 0.4
33.406796 -81.934766 0.0 0.4
33.411552 -81.92594299999999 0.0 0.4
33.407337999999996 -81.916707 0.0 0.4
33.417305999999996 -81.92077599999999 0.0 0.4
33.423978 -81.931134 0.0 0.4
33.430762 -81.922044 0.0 0.4
33.437523999999996 -81.913332 0.0 0.4
33.447178 -81.918076 0.0 0.4
33.457564999999995 -81.923475 0.0 0.4
33.465837 -81.929436 0.0 0.4
33.470037 -81.941737 0.0 0.4
33.475226 -81.954225 0.0 0.4
33.480636 -81.96703699999999 0.0 0.4
33.484035999999996 -81.980637 0.0 0.4
33.490035999999996 -81.98933799999999 0.0 0.4
33.500062 -81.99041 0.0 0.4
33.509335 -81.995038 0.0 0.4
33.517804 -82.000365 0.0 0.4
33.524519999999995 -82.00829499999999 0.0 0.4
33.533152 -82.015016 0.0 0.4
33.538793 -82.023377 0.0 0.4
33.545814 -82.031391 0.0 0.4
33.554563 -82.037318 0.0 0.4
33.563829999999996 -82.046335 0.0 0.4
33.566773999999995 -82.057727 0.0 0.4
33.574486 -82.067759 0.0 0.4
33.578758 -82.07782399999999 0.0 0.4
33.580774999999996 -82.088112 0.0 0.4
33.585158 -82.097408 0.0 0.4
33.593126 -82.103984 0.0 0.4
33.596702 -82.11407299999999 0.0 0.4
33.592604 -82.1234 0.0 0.4
33.590534999999996 -82.133523 0.0 0.4
33.594277999999996 -82.142872 0.0 0.4
33.600956 -82.15106 0.0 0.4
33.60971 -82.15833099999999 0.0 0.4
33.612147 -82.16909299999999 0.0 0.4
33.615387 -82.178985 0.0 0.4
33.623722 -82.18914099999999 0.0 0.4
33.630583 -82.196584 0.0 0.4
33.642663 -82.199548 0.0 0.4
33.655345 -82.199984 0.0 0.4
33.665172999999996 -82.204331 0.0 0.4
33.672554 -82.211665 0.0 0.4
33.684343999999996 -82.217124 0.0 0.4
33.691098 -82.224845 0.0 0.4
33.699031999999995 -82.23338299999999 0.0 0.4
33.708403 -82.237139 0.0 0.4
33.721893 -82.23731099999999 0.0 0.4
33.731702999999996 -82.239352 0.0 0.4
33.741386999999996 -82.24410999999999 0.0 0.4
33.752590999999995 -82.247472 0.0 0.4
33.759488 -82.255055 0.0 0.4
33.763481 -82.26438 0.0 0.4
33.769289 -82.27327199999999 0.0 0.4
33.776056 -82.28106 0.0 0.4
33.782032 -82.289762 0.0 0.4
33.785036999999996 -82.299393 0.0 0.4
33.795839 -82.298923 0.0 0.4
33.804159999999996 -82.305076 0.0 0.4
33.809657 -82.31345499999999 0.0 0.4
33.816373 -82.321366 0.0 0.4
33.82279 -82.330044 0.0 0.4
33.828513 -82.339595 0.0 0.4
33.834652999999996 -82.34775499999999 0.0 0.4
33.838163 -82.35721699999999 0.0 0.4
33.841906 -82.367125 0.0 0.4
33.847471 -82.375784 0.0 0.4
33.854428 -82.38497199999999 0.0 0.4
33.858934 -82.395358 0.0 0.4
33.865474999999996 -82.40387899999999 0.0 0.4
33.865381 -82.414046 0.0 0.4
33.864132999999995 -82.424888 0.0 0.4
33.871826 -82.436233 0.0 0.4
33.876829 -82.445775 0.0 0.4
33.88165 -82.455105 0.0 0.4
33.890043999999996 -82.465554 0.0 0.4
33.897254 -82.474869 0.0 0.4
33.903667 -82.482708 0.0 0.4
33.908894 -82.49174099999999 0.0 0.4
33.917835 -82.498494 0.0 0.4
33.928736 -82.505656 0.0 0.4
33.936969 -82.51294999999999 0.0 0.4
33.94336 -82.524515 0.0 0.4
33.943146999999996 -82.535727 0.0 0.4
33.941759999999995 -82.546737 0.0 0.4
33.945324 -82.556765 0.0 0.4
33.954606 -82.563569 0.0 0.4
33.964771 -82.56620099999999 0.0 0.4
33.972652 -82.57261 0.0 0.4
33.980519 -82.57997999999999 0.0 0.4
33.989953 -82.575882 0.0 0.4
33.995729 -82.584244 0.0 0.4
34.004329999999996 -82.590385 0.0 0.4
34.013796 -82.59463099999999 0.0 0.4
34.025065 -82.59410199999999 0.0 0.4
34.033207 -82.600578 0.0 0.4
34.039367999999996 -82.608909 0.0 0.4
34.049118 -82.616394 0.0 0.4
34.057933 -82.621353 0.0 0.4
34.064696999999995 -82.62903999999999 0.0 0.4
34.066779 -82.63898499999999 0.0 0.4
34.074902 -82.64497999999999 0.0 0.4
34.084434 -82.641289 0.0 0.4
34.094232999999996 -82.643727 0.0 0.4
34.099956999999996 -82.652003 0.0 0.4
34.106333 -82.65981099999999 0.0 0.4
34.114177999999995 -82.667152 0.0 0.4
34.123694 -82.670851 0.0 0.4
34.131657 -82.67732 0.0 0.4
34.137119999999996 -82.689156 0.0 0.4
34.13932 -82.699756 0.0 0.4
34.145246 -82.711119 0.0 0.4
34.154277 -82.718773 0.0 0.4
34.163837 -82.72229 0.0 0.4
34.172889999999995 -82.728111 0.0 0.4
34.182311999999996 -82.73204 0.0 0.4
34.192608 -82.73194099999999 0.0 0.4
34.202197999999996 -82.73728899999999 0.0 0.4
34.211715 -82.742075 0.0 0.4
