45.943653 -100.499371 0.0 0.4
45.943615 -100.481922 0.0 0.4
45.943630999999996 -100.467338 0.0 0.4
45.943602999999996 -100.456454 0.0 0.4
45.94358 -100.446434 0.0 0.4
45.943549 -100.436089 0.0 0.4
45.943486 -100.424563 0.0 0.4
45.943498999999996 -100.414064 0.0 0.4
45.943158 -100.378923 0.0 0.4
45.943438 -100.368805 0.0 0.4
45.943217999999995 -100.355176 0.0 0.4
45.943238 -100.330856 0.0 0.4
45.943258 -100.308163 0.0 0.4
45.943053 -100.296124 0.0 0.4
45.942944999999995 -100.286119 0.0 0.4
45.942923 -100.275807 0.0 0.4
45.943002 -100.258024 0.0 0.4
45.943025999999996 -100.246914 0.0 0.4
45.942868 -100.228481 0.0 0.4
45.942792 -100.213009 0.0 0.4
45.942726 -100.200305 0.0 0.4
45.942623 -100.18815 0.0 0.4
45.942479999999996 -100.170945 0.0 0.4
45.942402 -100.160465 0.0 0.4
45.942505999999995 -100.141766 0.0 0.4
45.942219 -100.125395 0.0 0.4
45.94231 -100.11223 0.0 0.4
45.942225 -100.101762 0.0 0.4
45.942153999999995 -100.091397 0.0 0.4
45.942077999999995 -100.075914 0.0 0.4
45.942091 -100.065214 0.0 0.4
45.94204 -100.054323 0.0 0.4
45.942022 -100.044058 0.0 0.4
45.941990999999994 -100.033115 0.0 0.4
45.941911999999995 -100.022311 0.0 0.4
45.941947 -100.011317 0.0 0.4
45.941849 -100.00038 0.0 0.4
45.941843 -99.986288 0.0 0.4
45.941801999999996 -99.964939 0.0 0.4
45.941694999999996 -99.953257 0.0 0.4
45.941657 -99.942703 0.0 0.4
45.941583 -99.932214 0.0 0.4
45.941556 -99.921684 0.0 0.4
45.941525 -99.90988999999999 0.0 0.4
45.941444999999995 -99.89929 0.0 0.4
45.941409 -99.88912099999999 0.0 0.4
45.941345999999996 -99.873998 0.0 0.4
45.941247999999995 -99.863029 0.0 0.4
45.941162 -99.85293899999999 0.0 0.4
45.941154999999995 -99.842929 0.0 0.4
45.941086999999996 -99.827929 0.0 0.4
45.941044999999995 -99.817662 0.0 0.4
45.941010999999996 -99.80739 0.0 0.4
45.940973 -99.796858 0.0 0.4
45.940926 -99.785434 0.0 0.4
45.940843 -99.76854999999999 0.0 0.4
45.940808 -99.755276 0.0 0.4
45.940791999999995 -99.738931 0.0 0.4
45.940813 -99.72747 0.0 0.4
45.940906 -99.71363799999999 0.0 0.4
45.941021 -99.697516 0.0 0.4
45.940995 -99.67685999999999 0.0 0.4
45.941016999999995 -99.656013 0.0 0.4
45.94106 -99.64238999999999 0.0 0.4
45.941078 -99.630017 0.0 0.4
45.941061 -99.614539 0.0 0.4
45.941018 -99.604141 0.0 0.4
45.940999 -99.59374199999999 0.0 0.4
45.940878 -99.57337 0.0 0.4
45.940771 -99.55847399999999 0.0 0.4
45.940737999999996 -99.54754 0.0 0.4
45.940642 -99.53159099999999 0.0 0.4
45.940512999999996 -99.51106899999999 0.0 0.4
45.940484 -99.500452 0.0 0.4
45.940397999999995 -99.48965799999999 0.0 0.4
45.940399 -99.477831 0.0 0.4
45.940338999999994 -99.46368 0.0 0.4
45.940287 -99.44871599999999 0.0 0.4
45.940264 -99.43723299999999 0.0 0.4
45.940273 -99.42197399999999 0.0 0.4
45.940309 -99.407192 0.0 0.4
45.940334 -99.386569 0.0 0.4
45.940273999999995 -99.37506499999999 0.0 0.4
45.940261 -99.365049 0.0 0.4
45.940196 -99.345027 0.0 0.4
45.940143 -99.31770499999999 0.0 0.4
45.940106 -99.30762399999999 0.0 0.4
45.940059 -99.296714 0.0 0.4
45.940107 -99.283598 0.0 0.4
45.940069 -99.262706 0.0 0.4
45.940082 -99.250591 0.0 0.4
45.940013 -99.23466499999999 0.0 0.4
45.94 -99.222325 0.0 0.4
45.939969 -99.212251 0.0 0.4
45.93994 -99.20148499999999 0.0 0.4
45.939999 -99.18073799999999 0.0 0.4
45.94002 -99.150055 0.0 0.4
45.940034 -99.13094699999999 0.0 0.4
45.940020999999994 -99.117655 0.0 0.4
45.940003 -99.102963 0.0 0.4
45.940002 -99.089106 0.0 0.4
45.939952 -99.06196899999999 0.0 0.4
45.939918999999996 -99.04731799999999 0.0 0.4
45.939799 -99.015266 0.0 0.4
45.939726 -99.00039199999999 0.0 0.4
45.939664 -98.988558 0.0 0.4
45.939574 -98.97345999999999 0.0 0.4
45.939439 -98.943288 0.0 0.4
45.939327999999996 -98.915936 0.0 0.4
45.939371 -98.905773 0.0 0.4
45.939391 -98.892673 0.0 0.4
45.939333999999995 -98.882308 0.0 0.4
45.939251999999996 -98.870976 0.0 0.4
45.939167999999995 -98.850983 0.0 0.4
45.939132 -98.839546 0.0 0.4
45.939080999999995 -98.82836499999999 0.0 0.4
45.93904 -98.815692 0.0 0.4
45.938970999999995 -98.79789699999999 0.0 0.4
45.938939999999995 -98.78733799999999 0.0 0.4
45.938859 -98.77712199999999 0.0 0.4
45.938825 -98.76603899999999 0.0 0.4
45.93879 -98.755214 0.0 0.4
45.938786 -98.735911 0.0 0.4
45.938731 -98.724375 0.0 0.4
45.938686 -98.71376 0.0 0.4
45.938586 -98.69688099999999 0.0 0.4
45.938491 -98.685017 0.0 0.4
45.938409 -98.674848 0.0 0.4
45.93833 -98.664844 0.0 0.4
45.938251 -98.652596 0.0 0.4
45.938195 -98.641988 0.0 0.4
45.938147 -98.63185 0.0 0.4
45.938099 -98.621838 0.0 0.4
45.938058 -98.611047 0.0 0.4
45.937996999999996 -98.60028199999999 0.0 0.4
45.937898 -98.589976 0.0 0.4
45.93768 -98.569491 0.0 0.4
45.937557 -98.558365 0.0 0.4
45.937436 -98.546633 0.0 0.4
45.937279 -98.531161 0.0 0.4
45.937188 -98.521076 0.0 0.4
45.937086 -98.50849 0.0 0.4
45.936996 -98.49709399999999 0.0 0.4
45.936916 -98.486288 0.0 0.4
45.936837 -98.474143 0.0 0.4
45.936733 -98.457715 0.0 0.4
45.936664 -98.444684 0.0 0.4
45.936605 -98.43409299999999 0.0 0.4
45.936527 -98.420756 0.0 0.4
45.93646 -98.405176 0.0 0.4
45.93642 -98.393727 0.0 0.4
45.936371 -98.382318 0.0 0.4
45.936335 -98.368777 0.0 0.4
45.936302 -98.356409 0.0 0.4
45.936223 -98.336063 0.0 0.4
45.936175 -98.319948 0.0 0.4
45.936122 -98.308865 0.0 0.4
45.936135 -98.297384 0.0 0.4
45.936138 -98.280718 0.0 0.4
45.936143 -98.26992 0.0 0.4
45.93615 -98.259901 0.0 0.4
45.936158 -98.248786 0.0 0.4
45.936142 -98.236758 0.0 0.4
45.936201 -98.220146 0.0 0.4
45.936212 -98.208635 0.0 0.4
45.936191 -98.198523 0.0 0.4
45.936183 -98.185761 0.0 0.4
45.936178 -98.17463099999999 0.0 0.4
45.936115 -98.162905 0.0 0.4
45.936096 -98.152563 0.0 0.4
45.936025 -98.14137699999999 0.0 0.4
45.935987999999995 -98.12904499999999 0.0 0.4
45.935986 -98.112012 0.0 0.4
45.935944 -98.100408 0.0 0.4
45.935902999999996 -98.082499 0.0 0.4
45.935931 -98.07078 0.0 0.4
45.93584 -98.060223 0.0 0.4
45.935787 -98.034538 0.0 0.4
45.935918 -98.019707 0.0 0.4
45.935896 -98.008102 0.0 0.4
45.935938 -97.996016 0.0 0.4
45.935863 -97.97877799999999 0.0 0.4
45.935877999999995 -97.958727 0.0 0.4
45.935806 -97.90482399999999 0.0 0.4
45.935717 -97.894796 0.0 0.4
45.93568 -97.884631 0.0 0.4
45.935665 -97.873916 0.0 0.4
45.935659 -97.862696 0.0 0.4
45.935669999999995 -97.849351 0.0 0.4
45.935556999999996 -97.835027 0.0 0.4
45.935511 -97.81263299999999 0.0 0.4
45.935579 -97.800299 0.0 0.4
45.935558 -97.789575 0.0 0.4
45.935506 -97.77869 0.0 0.4
45.93552 -97.76691 0.0 0.4
45.935525999999996 -97.754555 0.0 0.4
45.93553 -97.74280499999999 0.0 0.4
45.935534999999994 -97.72949 0.0 0.4
45.935503999999995 -97.71935099999999 0.0 0.4
45.935483999999995 -97.708862 0.0 0.4
45.935466 -97.696614 0.0 0.4
45.935465 -97.684685 0.0 0.4
45.935441 -97.67298 0.0 0.4
45.935403 -97.660679 0.0 0.4
45.935373999999996 -97.649728 0.0 0.4
45.935354 -97.638584 0.0 0.4
45.935354 -97.625192 0.0 0.4
45.935325 -97.613267 0.0 0.4
45.93531 -97.602121 0.0 0.4
45.935289 -97.59174399999999 0.0 0.4
45.935278 -97.579805 0.0 0.4
45.935246 -97.569319 0.0 0.4
45.935241999999995 -97.55748799999999 0.0 0.4
45.935221 -97.546675 0.0 0.4
45.935235999999996 -97.534171 0.0 0.4
45.935187 -97.52069 0.0 0.4
45.935125 -97.50976999999999 0.0 0.4
45.935116 -97.496427 0.0 0.4
45.935091 -97.482542 0.0 0.4
45.935153 -97.46444 0.0 0.4
45.935171 -97.449798 0.0 0.4
45.935958 -97.43172299999999 0.0 0.4
45.936125 -97.418275 0.0 0.4
45.936062 -97.40736199999999 0.0 0.4
45.935967 -97.395887 0.0 0.4
45.935945 -97.384506 0.0 0.4
45.935956999999995 -97.37003999999999 0.0 0.4
45.935854 -97.354092 0.0 0.4
45.935877999999995 -97.34400699999999 0.0 0.4
45.935826 -97.333727 0.0 0.4
45.935745999999995 -97.322088 0.0 0.4
45.935676 -97.311916 0.0 0.4
45.935700000000004 -97.295254 0.0 0.4
45.935741 -97.28206899999999 0.0 0.4
45.935703 -97.270226 0.0 0.4
45.935632 -97.255961 0.0 0.4
45.935502 -97.242576 0.0 0.4
45.935406 -97.232277 0.0 0.4
45.935381 -97.221476 0.0 0.4
45.935427999999995 -97.210876 0.0 0.4
45.935472 -97.20039 0.0 0.4
45.935544 -97.18906899999999 0.0 0.4
45.935623 -97.177651 0.0 0.4
45.935646 -97.167147 0.0 0.4
45.935624999999995 -97.156266 0.0 0.4
45.935596 -97.146036 0.0 0.4
45.935654 -97.13463499999999 0.0 0.4
45.935642 -97.123378 0.0 0.4
45.935645 -97.113371 0.0 0.4
45.935714999999995 -97.10311399999999 0.0 0.4
45.935736 -97.090745 0.0 0.4
45.935775 -97.08017 0.0 0.4
45.935755 -97.06503099999999 0.0 0.4
45.935716 -97.048322 0.0 0.4
45.935770999999995 -97.037887 0.0 0.4
45.935781999999996 -97.022663 0.0 0.4
45.935756999999995 -96.998477 0.0 0.4
45.935503999999995 -96.98653999999999 0.0 0.4
45.935755 -96.976365 0.0 0.4
45.935597 -96.956676 0.0 0.4
45.935466999999996 -96.946066 0.0 0.4
45.935452 -96.93288299999999 0.0 0.4
45.935745 -96.91484299999999 0.0 0.4
45.935832999999995 -96.89466 0.0 0.4
45.935837 -96.881283 0.0 0.4
45.935846999999995 -96.870688 0.0 0.4
45.935857 -96.858936 0.0 0.4
45.935857999999996 -96.847099 0.0 0.4
45.935832999999995 -96.83464699999999 0.0 0.4
45.935845 -96.824244 0.0 0.4
45.935821 -96.810487 0.0 0.4
45.935772 -96.799016 0.0 0.4
45.935736999999996 -96.786765 0.0 0.4
45.935773999999995 -96.768942 0.0 0.4
45.935809 -96.758732 0.0 0.4
45.935859 -96.747271 0.0 0.4
45.935922 -96.734791 0.0 0.4
45.935896 -96.72238399999999 0.0 0.4
45.935874999999996 -96.70814299999999 0.0 0.4
45.935849 -96.696157 0.0 0.4
45.935736999999996 -96.686115 0.0 0.4
45.935643999999996 -96.673733 0.0 0.4
45.935538 -96.659925 0.0 0.4
45.93544 -96.649678 0.0 0.4
45.935378 -96.639135 0.0 0.4
45.935317 -96.628542 0.0 0.4
45.935289 -96.618405 0.0 0.4
45.935302 -96.60713 0.0 0.4
45.935289999999995 -96.589812 0.0 0.4
45.935278 -96.577781 0.0 0.4
45.935227999999995 -96.56653999999999 0.0 0.4
45.924923 -96.56481 0.0 0.4
45.915504999999996 -96.569149 0.0 0.4
45.905662 -96.56700699999999 0.0 0.4
45.89525 -96.568941 0.0 0.4
45.885168 -96.57132 0.0 0.4
45.874959999999994 -96.572226 0.0 0.4
45.86501 -96.574417 0.0 0.4
45.854746999999996 -96.573517 0.0 0.4
45.844649 -96.574412 0.0 0.4
45.834519 -96.577344 0.0 0.4
45.824006999999995 -96.58062799999999 0.0 0.4
45.815663 -96.588532 0.0 0.4
45.810801999999995 -96.597729 0.0 0.4
45.802417 -96.604903 0.0 0.4
45.794442 -96.612512 0.0 0.4
45.789482 -96.621737 0.0 0.4
45.782379999999996 -96.63034499999999 0.0 0.4
45.774023 -96.636337 0.0 0.4
45.76392 -96.640153 0.0 0.4
45.755435999999996 -96.646525 0.0 0.4
45.746809 -96.652226 0.0 0.4
45.740434 -96.66015499999999 0.0 0.4
45.734592 -96.668961 0.0 0.4
45.725930999999996 -96.687224 0.0 0.4
45.722609999999996 -96.697366 0.0 0.4
45.719007 -96.707663 0.0 0.4
45.714509 -96.71781999999999 0.0 0.4
45.708006999999995 -96.731506 0.0 0.4
45.701575999999996 -96.745086 0.0 0.4
45.693135 -96.755506 0.0 0.4
45.685324 -96.76541399999999 0.0 0.4
45.68005 -96.776765 0.0 0.4
45.673448 -96.789368 0.0 0.4
45.668527999999995 -96.79965399999999 0.0 0.4
45.661125 -96.81340999999999 0.0 0.4
45.655684 -96.82417699999999 0.0 0.4
45.651309999999995 -96.83327 0.0 0.4
45.643100000000004 -96.842271 0.0 0.4
45.629712 -96.848001 0.0 0.4
45.619755 -96.851598 0.0 0.4
45.609863999999995 -96.856191 0.0 0.4
45.600708 -96.851664 0.0 0.4
45.59409 -96.84408099999999 0.0 0.4
45.587177 -96.836627 0.0 0.4
45.575663999999996 -96.823973 0.0 0.4
45.565785999999996 -96.813209 0.0 0.4
45.558791 -96.805657 0.0 0.4
45.552094 -96.7959 0.0 0.4
45.5413 -96.784863 0.0 0.4
45.531588 -96.776315 0.0 0.4
45.524603 -96.76905599999999 0.0 0.4
45.515996 -96.761203 0.0 0.4
45.506164 -96.755293 0.0 0.4
45.497375 -96.75034699999999 0.0 0.4
45.48618 -96.744475 0.0 0.4
45.475618999999995 -96.74006399999999 0.0 0.4
45.463944999999995 -96.735643 0.0 0.4
45.454795 -96.728184 0.0 0.4
45.447508 -96.720545 0.0 0.4
45.439478 -96.71309199999999 0.0 0.4
45.431028 -96.706064 0.0 0.4
45.423489 -96.69925599999999 0.0 0.4
45.415932 -96.69063899999999 0.0 0.4
45.410534 -96.680566 0.0 0.4
45.410545 -96.670301 0.0 0.4
45.409264 -96.657977 0.0 0.4
45.410123 -96.647886 0.0 0.4
45.409766999999995 -96.637757 0.0 0.4
45.408606999999996 -96.626542 0.0 0.4
45.407606 -96.61629599999999 0.0 0.4
45.404624999999996 -96.606602 0.0 0.4
45.400946999999995 -96.596006 0.0 0.4
45.395705 -96.58476399999999 0.0 0.4
45.391158999999995 -96.575333 0.0 0.4
45.38751 -96.565174 0.0 0.4
45.384167 -96.555458 0.0 0.4
45.380565999999995 -96.54255599999999 0.0 0.4
45.378495 -96.53094399999999 0.0 0.4
45.375408 -96.521333 0.0 0.4
45.369107 -96.511426 0.0 0.4
45.365473 -96.502006 0.0 0.4
45.359446999999996 -96.49288899999999 0.0 0.4
45.350634 -96.485907 0.0 0.4
45.340739 -96.48025799999999 0.0 0.4
45.332319999999996 -96.474542 0.0 0.4
45.323626 -96.468864 0.0 0.4
45.314643 -96.46266 0.0 0.4
45.306084999999996 -96.457403 0.0 0.4
45.297067 -96.453042 0.0 0.4
45.287064 -96.45301099999999 0.0 0.4
45.276088 -96.452989 0.0 0.4
45.254432 -96.45284099999999 0.0 0.4
45.240013 -96.452726 0.0 0.4
45.227289999999996 -96.452615 0.0 0.4
45.211303 -96.45248099999999 0.0 0.4
45.197606 -96.452316 0.0 0.4
45.182525 -96.452681 0.0 0.4
45.171541999999995 -96.45237999999999 0.0 0.4
45.154911999999996 -96.45212 0.0 0.4
45.136841 -96.452367 0.0 0.4
45.125274 -96.452626 0.0 0.4
45.115094 -96.45231899999999 0.0 0.4
45.09507 -96.45237 0.0 0.4
45.080776 -96.452224 0.0 0.4
45.068971 -96.452158 0.0 0.4
45.056477 -96.452231 0.0 0.4
45.043821 -96.452227 0.0 0.4
45.030924999999996 -96.452199 0.0 0.4
45.017786 -96.452112 0.0 0.4
45.007419 -96.452046 0.0 0.4
44.994879999999995 -96.452022 0.0 0.4
44.979468999999995 -96.45202499999999 0.0 0.4
44.968745999999996 -96.452034 0.0 0.4
44.957957 -96.451962 0.0 0.4
44.946988999999995 -96.45194099999999 0.0 0.4
44.936052 -96.451922 0.0 0.4
44.925123 -96.45189599999999 0.0 0.4
44.913171999999996 -96.451878 0.0 0.4
44.902578999999996 -96.451869 0.0 0.4
44.892553 -96.451827 0.0 0.4
44.879456999999995 -96.451977 0.0 0.4
44.868925999999995 -96.451623 0.0 0.4
44.858764 -96.45163 0.0 0.4
44.848683 -96.45162599999999 0.0 0.4
44.836558 -96.451616 0.0 0.4
44.826533999999995 -96.451545 0.0 0.4
44.816024999999996 -96.451466 0.0 0.4
44.805569999999996 -96.45146199999999 0.0 0.4
44.794739 -96.451712 0.0 0.4
44.783215999999996 -96.451776 0.0 0.4
44.772686 -96.45156399999999 0.0 0.4
44.761877 -96.45155899999999 0.0 0.4
44.749952 -96.45164299999999 0.0 0.4
44.739568 -96.45137799999999 0.0 0.4
44.728179999999995 -96.45128299999999 0.0 0.4
44.718004 -96.45123799999999 0.0 0.4
44.707225 -96.451414 0.0 0.4
44.69546 -96.451482 0.0 0.4
44.684639 -96.451489 0.0 0.4
44.674254 -96.451466 0.0 0.4
44.66012 -96.45154 0.0 0.4
44.649017 -96.451582 0.0 0.4
44.638715 -96.451574 0.0 0.4
44.628516 -96.451657 0.0 0.4
44.616248999999996 -96.451624 0.0 0.4
44.605433999999995 -96.451662 0.0 0.4
44.594677 -96.451729 0.0 0.4
44.578393999999996 -96.45177799999999 0.0 0.4
44.568143 -96.451805 0.0 0.4
44.555267 -96.45182799999999 0.0 0.4
44.544056999999995 -96.451888 0.0 0.4
44.531551 -96.45206999999999 0.0 0.4
44.519495 -96.451944 0.0 0.4
44.507436999999996 -96.451572 0.0 0.4
44.492535 -96.45186 0.0 0.4
44.473364 -96.451934 0.0 0.4
44.460719 -96.45187299999999 0.0 0.4
44.448184999999995 -96.451922 0.0 0.4
44.436949 -96.451938 0.0 0.4
44.421293999999996 -96.451982 0.0 0.4
44.402414 -96.452049 0.0 0.4
44.390051 -96.452073 0.0 0.4
44.374942 -96.452238 0.0 0.4
44.362778999999996 -96.45220599999999 0.0 0.4
44.347775999999996 -96.452193 0.0 0.4
44.333822 -96.452297 0.0 0.4
44.315633 -96.45226 0.0 0.4
44.302118 -96.452275 0.0 0.4
44.285686999999996 -96.4525 0.0 0.4
44.273804 -96.45241299999999 0.0 0.4
44.260270999999996 -96.452503 0.0 0.4
44.250206999999996 -96.452552 0.0 0.4
44.237986 -96.452545 0.0 0.4
44.227691 -96.452596 0.0 0.4
44.217639999999996 -96.452668 0.0 0.4
44.205909 -96.452731 0.0 0.4
44.188629999999996 -96.452731 0.0 0.4
44.178207 -96.45272899999999 0.0 0.4
44.155215999999996 -96.452765 0.0 0.4
44.143184 -96.452941 0.0 0.4
44.127058 -96.452957 0.0 0.4
44.116456 -96.452992 0.0 0.4
44.106151 -96.453069 0.0 0.4
44.093851 -96.453159 0.0 0.4
44.083642 -96.45315199999999 0.0 0.4
44.069435 -96.453131 0.0 0.4
44.053106 -96.45311099999999 0.0 0.4
44.038205999999995 -96.45324 0.0 0.4
44.025431 -96.45340399999999 0.0 0.4
44.014395 -96.453172 0.0 0.4
44.00177 -96.453088 0.0 0.4
43.980261 -96.45331 0.0 0.4
43.970214999999996 -96.453318 0.0 0.4
43.951571 -96.45333 0.0 0.4
43.940292 -96.45333199999999 0.0 0.4
43.92583 -96.453418 0.0 0.4
43.915813 -96.453384 0.0 0.4
43.891228 -96.453339 0.0 0.4
43.880843 -96.453362 0.0 0.4
43.861523999999996 -96.453206 0.0 0.4
43.850522 -96.453047 0.0 0.4
43.840106 -96.45298799999999 0.0 0.4
43.829556 -96.452927 0.0 0.4
43.817882 -96.452897 0.0 0.4
43.805122999999995 -96.453088 0.0 0.4
43.792365 -96.453188 0.0 0.4
43.78183 -96.45326899999999 0.0 0.4
43.767658 -96.453285 0.0 0.4
43.757600000000004 -96.45333 0.0 0.4
43.746809999999996 -96.45335999999999 0.0 0.4
43.736239999999995 -96.45335999999999 0.0 0.4
43.723551 -96.453362 0.0 0.4
43.712078999999996 -96.45334 0.0 0.4
43.700359999999996 -96.45336999999999 0.0 0.4
43.690349999999995 -96.45340999999999 0.0 0.4
43.680291 -96.45339799999999 0.0 0.4
43.668693 -96.45343799999999 0.0 0.4
43.655469 -96.453443 0.0 0.4
43.645058 -96.45344999999999 0.0 0.4
43.633111 -96.45343799999999 0.0 0.4
43.622561 -96.453403 0.0 0.4
43.61179 -96.45338 0.0 0.4
43.600069 -96.453409 0.0 0.4
43.589209 -96.453429 0.0 0.4
43.575139 -96.45338 0.0 0.4
43.560900000000004 -96.45336999999999 0.0 0.4
43.547264999999996 -96.45338699999999 0.0 0.4
43.536826999999995 -96.45334199999999 0.0 0.4
43.526498 -96.45330899999999 0.0 0.4
43.51493 -96.4533 0.0 0.4
43.504442 -96.453282 0.0 0.4
43.500392999999995 -96.46244899999999 0.0 0.4
43.500392999999995 -96.47386499999999 0.0 0.4
43.500392 -96.484077 0.0 0.4
43.500385 -96.496219 0.0 0.4
43.500395999999995 -96.50726999999999 0.0 0.4
43.500406999999996 -96.518097 0.0 0.4
43.500420999999996 -96.53166999999999 0.0 0.4
43.500406 -96.542993 0.0 0.4
43.500422 -96.554527 0.0 0.4
43.500436 -96.565917 0.0 0.4
43.500443999999995 -96.577873 0.0 0.4
43.500454 -96.59128199999999 0.0 0.4
43.491417 -96.586771 0.0 0.4
43.482624 -96.581808 0.0 0.4
43.472794 -96.58434799999999 0.0 0.4
43.464662999999994 -96.59018599999999 0.0 0.4
43.457902999999995 -96.597743 0.0 0.4
43.448955 -96.602374 0.0 0.4
43.440179 -96.597545 0.0 0.4
43.432486999999995 -96.590341 0.0 0.4
43.431945 -96.58016599999999 0.0 0.4
43.428745 -96.570638 0.0 0.4
43.419185 -96.573726 0.0 0.4
43.413398 -96.565046 0.0 0.4
43.406625999999996 -96.557678 0.0 0.4
43.403397 -96.548159 0.0 0.4
43.397285 -96.540194 0.0 0.4
43.395859 -96.530174 0.0 0.4
43.389007 -96.522683 0.0 0.4
43.379107999999995 -96.524373 0.0 0.4
43.369042 -96.525711 0.0 0.4
43.358641999999996 -96.52720000000001 0.0 0.4
43.348614 -96.52775799999999 0.0 0.4
43.339335 -96.53166499999999 0.0 0.4
43.329375 -96.53281899999999 0.0 0.4
43.319784 -96.529843 0.0 0.4
43.311557 -96.524095 0.0 0.4
43.304466999999995 -96.531612 0.0 0.4
43.297857 -96.539262 0.0 0.4
43.294332 -96.54891599999999 0.0 0.4
43.296141 -96.5596 0.0 0.4
43.295895 -96.569938 0.0 0.4
43.297985999999995 -96.57992399999999 0.0 0.4
43.293507 -96.58891799999999 0.0 0.4
43.287202 -96.581136 0.0 0.4
43.277027 -96.579239 0.0 0.4
43.269352 -96.58565999999999 0.0 0.4
43.267376 -96.575448 0.0 0.4
43.261936 -96.566784 0.0 0.4
43.259034 -96.55718399999999 0.0 0.4
43.250608 -96.551425 0.0 0.4
43.244661 -96.560085 0.0 0.4
43.240322 -96.569712 0.0 0.4
43.230758 -96.56655599999999 0.0 0.4
43.223208 -96.559696 0.0 0.4
43.227015 -96.55041299999999 0.0 0.4
43.225632999999995 -96.540345 0.0 0.4
43.224703 -96.53023499999999 0.0 0.4
43.220034 -96.521363 0.0 0.4
43.217887 -96.51135699999999 0.0 0.4
43.22062 -96.501632 0.0 0.4
43.223254 -96.49194899999999 0.0 0.4
43.223456999999996 -96.48163199999999 0.0 0.4
43.215326999999995 -96.47553599999999 0.0 0.4
43.206289999999996 -96.471222 0.0 0.4
43.19627 -96.47210299999999 0.0 0.4
43.186246 -96.472923 0.0 0.4
43.180046 -96.46507299999999 0.0 0.4
43.170514 -96.468536 0.0 0.4
43.160626 -96.466235 0.0 0.4
43.15007 -96.466482 0.0 0.4
43.143369 -96.458776 0.0 0.4
43.140083 -96.44899099999999 0.0 0.4
43.131507 -96.443229 0.0 0.4
43.121956 -96.43932 0.0 0.4
43.111897 -96.44216499999999 0.0 0.4
43.104306 -96.448803 0.0 0.4
43.097843 -96.456508 0.0 0.4
43.090331 -96.463189 0.0 0.4
43.085549 -96.45430999999999 0.0 0.4
43.075469 -96.45532399999999 0.0 0.4
43.066458999999995 -96.460323 0.0 0.4
43.062039999999996 -96.469298 0.0 0.4
43.060725 -96.479365 0.0 0.4
43.055009999999996 -96.487686 0.0 0.4
43.050184 -96.496737 0.0 0.4
43.049755999999995 -96.507566 0.0 0.4
43.041064999999996 -96.51262799999999 0.0 0.4
43.030955 -96.51346699999999 0.0 0.4
43.022922 -96.50734899999999 0.0 0.4
43.016548 -96.499532 0.0 0.4
43.009876 -96.491987 0.0 0.4
43.000631999999996 -96.49657099999999 0.0 0.4
42.996793 -96.50591999999999 0.0 0.4
42.988873999999996 -96.512355 0.0 0.4
42.980191999999995 -96.51766599999999 0.0 0.4
42.971568999999995 -96.511654 0.0 0.4
42.966787 -96.502512 0.0 0.4
42.956784999999996 -96.503196 0.0 0.4
42.947970999999995 -96.508023 0.0 0.4
42.942299 -96.516503 0.0 0.4
42.932142 -96.51717599999999 0.0 0.4
42.934517 -96.527264 0.0 0.4
42.927399 -96.53446799999999 0.0 0.4
42.920260999999996 -96.541525 0.0 0.4
42.910954 -96.537809 0.0 0.4
42.901139 -96.54054699999999 0.0 0.4
42.898554 -96.530627 0.0 0.4
42.88968 -96.535778 0.0 0.4
42.883303 -96.54348499999999 0.0 0.4
42.873954999999995 -96.547146 0.0 0.4
42.863914 -96.546573 0.0 0.4
42.854037999999996 -96.542688 0.0 0.4
42.847574 -96.55053699999999 0.0 0.4
42.837554999999995 -96.550308 0.0 0.4
42.839528 -96.56017899999999 0.0 0.4
42.829467 -96.56151799999999 0.0 0.4
42.835316 -96.569638 0.0 0.4
42.835342 -96.57967599999999 0.0 0.4
42.825331 -96.579865 0.0 0.4
42.817833 -96.58661 0.0 0.4
42.812357999999996 -96.59514399999999 0.0 0.4
42.802516 -96.59317999999999 0.0 0.4
42.792645 -96.595625 0.0 0.4
42.785996 -96.603678 0.0 0.4
42.783812 -96.613462 0.0 0.4
42.778152 -96.621949 0.0 0.4
42.77149 -96.62992899999999 0.0 0.4
42.761891 -96.632882 0.0 0.4
42.754151 -96.62647 0.0 0.4
42.745599 -96.63209599999999 0.0 0.4
42.735748 -96.630366 0.0 0.4
42.726397 -96.634321 0.0 0.4
42.72267 -96.62474499999999 0.0 0.4
42.712671 -96.625222 0.0 0.4
42.703024 -96.62099099999999 0.0 0.4
42.701218999999995 -96.61113399999999 0.0 0.4
42.697300999999996 -96.60189 0.0 0.4
42.690614 -96.594157 0.0 0.4
42.685147 -96.585752 0.0 0.4
42.682989 -96.575784 0.0 0.4
42.673003 -96.57647 0.0 0.4
42.676458 -96.567044 0.0 0.4
42.669086 -96.560164 0.0 0.4
42.659025 -96.559919 0.0 0.4
42.660571 -96.54960799999999 0.0 0.4
42.658211 -96.539802 0.0 0.4
42.6479 -96.53817 0.0 0.4
42.642176 -96.529637 0.0 0.4
42.634966 -96.52268099999999 0.0 0.4
42.62837 -96.515158 0.0 0.4
42.618986 -96.51903899999999 0.0 0.4
42.61824 -96.529034 0.0 0.4
42.616285999999995 -96.51916899999999 0.0 0.4
42.612704 -96.509453 0.0 0.4
42.602875999999995 -96.503784 0.0 0.4
42.593368 -96.500216 0.0 0.4
42.587346 -96.49152 0.0 0.4
42.577242999999996 -96.491748 0.0 0.4
42.561043 -96.49877599999999 0.0 0.4
42.556961 -96.48632599999999 0.0 0.4
42.550348 -96.47696499999999 0.0 0.4
42.539888 -96.477409 0.0 0.4
42.529601 -96.479813 0.0 0.4
42.521518 -96.487455 0.0 0.4
42.511283999999996 -96.488163 0.0 0.4
42.51021 -96.478203 0.0 0.4
42.500287 -96.475287 0.0 0.4
42.490355 -96.476609 0.0 0.4
42.490809 -96.466352 0.0 0.4
42.492556 -96.456479 0.0 0.4
42.490625 -96.44634599999999 0.0 0.4
42.488127999999996 -96.45611099999999 0.0 0.4
42.483919 -96.465294 0.0 0.4
42.480198 -96.475578 0.0 0.4
42.480019 -96.48747499999999 0.0 0.4
42.482749 -96.501319 0.0 0.4
42.488727 -96.510548 0.0 0.4
42.496874999999996 -96.517549 0.0 0.4
42.506527999999996 -96.522177 0.0 0.4
42.515142999999995 -96.531579 0.0 0.4
42.518856 -96.541251 0.0 0.4
42.520483999999996 -96.552154 0.0 0.4
42.519255 -96.562292 0.0 0.4
42.515735 -96.572509 0.0 0.4
42.507836 -96.58435 0.0 0.4
42.504618 -96.595992 0.0 0.4
42.504846 -96.606246 0.0 0.4
42.513227 -96.625283 0.0 0.4
42.524318 -96.631492 0.0 0.4
42.534239 -96.63333999999999 0.0 0.4
42.544715 -96.634536 0.0 0.4
42.554739999999995 -96.640765 0.0 0.4
42.561865 -96.65005 0.0 0.4
42.567085999999996 -96.660951 0.0 0.4
42.570432 -96.672066 0.0 0.4
42.576462 -96.68405899999999 0.0 0.4
42.58627 -96.69341399999999 0.0 0.4
42.594181999999996 -96.700707 0.0 0.4
42.601552999999996 -96.707926 0.0 0.4
42.611768 -96.71130000000001 0.0 0.4
42.621931 -96.709487 0.0 0.4
42.630458999999995 -96.70292099999999 0.0 0.4
42.638909999999996 -96.695594 0.0 0.4
42.645993 -96.68778999999999 0.0 0.4
42.656197999999996 -96.691268 0.0 0.4
42.660098999999995 -96.70140099999999 0.0 0.4
42.663143 -96.713349 0.0 0.4
42.665825999999996 -96.723861 0.0 0.4
42.667168 -96.73521099999999 0.0 0.4
42.666222 -96.74694799999999 0.0 0.4
42.662783 -96.759751 0.0 0.4
42.662237 -96.772874 0.0 0.4
42.664497 -96.78566599999999 0.0 0.4
42.667787 -96.79772899999999 0.0 0.4
42.683602 -96.800315 0.0 0.4
42.694219 -96.80080799999999 0.0 0.4
42.704153999999996 -96.806213 0.0 0.4
42.707439 -96.817916 0.0 0.4
42.708441 -96.829554 0.0 0.4
42.712024 -96.843419 0.0 0.4
42.717893 -96.854643 0.0 0.4
42.722032 -96.864807 0.0 0.4
42.724391999999995 -96.87531899999999 0.0 0.4
42.725134 -96.886472 0.0 0.4
42.729937 -96.89804699999999 0.0 0.4
42.733851 -96.90782399999999 0.0 0.4
42.731851999999996 -96.91828199999999 0.0 0.4
42.726265 -96.92769899999999 0.0 0.4
42.719597 -96.937589 0.0 0.4
42.719511 -96.948728 0.0 0.4
42.719840999999995 -96.961576 0.0 0.4
42.73194 -96.96367099999999 0.0 0.4
42.749997 -96.96642399999999 0.0 0.4
42.757782999999996 -96.974498 0.0 0.4
42.760408 -96.98435599999999 0.0 0.4
42.759761999999995 -96.996341 0.0 0.4
42.760639 -97.006548 0.0 0.4
42.761419 -97.016593 0.0 0.4
42.763042999999996 -97.02839 0.0 0.4
42.766723999999996 -97.037903 0.0 0.4
42.769774999999996 -97.05050399999999 0.0 0.4
42.772189 -97.065592 0.0 0.4
42.771789 -97.076064 0.0 0.4
42.769742 -97.08996499999999 0.0 0.4
42.769684999999996 -97.10108699999999 0.0 0.4
42.76939 -97.111622 0.0 0.4
42.770804999999996 -97.123241 0.0 0.4
42.773455 -97.13327 0.0 0.4
42.783428 -97.138216 0.0 0.4
42.792086 -97.147061 0.0 0.4
42.797579 -97.155677 0.0 0.4
42.802087 -97.166978 0.0 0.4
42.803186 -97.17754 0.0 0.4
42.804835 -97.1876 0.0 0.4
42.805339 -97.199006 0.0 0.4
42.809295999999996 -97.210126 0.0 0.4
42.820142999999995 -97.213957 0.0 0.4
42.829561 -97.21826899999999 0.0 0.4
42.839738 -97.217415 0.0 0.4
42.848296 -97.225028 0.0 0.4
42.852114 -97.234431 0.0 0.4
42.854748 -97.245711 0.0 0.4
42.854158 -97.255747 0.0 0.4
42.852700999999996 -97.266105 0.0 0.4
42.853702 -97.276106 0.0 0.4
42.855188 -97.287476 0.0 0.4
42.861321 -97.297067 0.0 0.4
42.867315999999995 -97.30597399999999 0.0 0.4
42.863341999999996 -97.31617299999999 0.0 0.4
42.861289 -97.326348 0.0 0.4
42.856801999999995 -97.336156 0.0 0.4
42.855775 -97.347658 0.0 0.4
42.854816 -97.359569 0.0 0.4
42.860132 -97.37138499999999 0.0 0.4
42.864452 -97.385122 0.0 0.4
42.864619 -97.397335 0.0 0.4
42.868336 -97.406711 0.0 0.4
42.865918 -97.41706599999999 0.0 0.4
42.858221 -97.42508699999999 0.0 0.4
42.850393 -97.433455 0.0 0.4
42.846018 -97.443756 0.0 0.4
42.846481 -97.45441699999999 0.0 0.4
42.849554 -97.464671 0.0 0.4
42.850483 -97.47539599999999 0.0 0.4
42.850581999999996 -97.48701 0.0 0.4
42.855197 -97.499088 0.0 0.4
42.856307 -97.50993799999999 0.0 0.4
42.851979 -97.52237099999999 0.0 0.4
42.849562999999996 -97.536362 0.0 0.4
42.848028 -97.547473 0.0 0.4
42.847532 -97.55789399999999 0.0 0.4
42.848988999999996 -97.571371 0.0 0.4
42.851838 -97.58337 0.0 0.4
42.855138 -97.59553299999999 0.0 0.4
42.858377999999995 -97.60509599999999 0.0 0.4
42.857780999999996 -97.615408 0.0 0.4
42.854295 -97.62540899999999 0.0 0.4
42.851532 -97.63544 0.0 0.4
42.847376 -97.646806 0.0 0.4
42.8444 -97.65790299999999 0.0 0.4
42.842807 -97.668319 0.0 0.4
42.842211999999996 -97.686477 0.0 0.4
42.843590999999996 -97.700964 0.0 0.4
42.84728 -97.72033499999999 0.0 0.4
42.848106 -97.73248099999999 0.0 0.4
42.84941 -97.750242 0.0 0.4
42.849046 -97.764645 0.0 0.4
42.850347 -97.77689799999999 0.0 0.4
42.853359 -97.78841399999999 0.0 0.4
42.857149 -97.798637 0.0 0.4
42.859764999999996 -97.80858699999999 0.0 0.4
42.86286 -97.819012 0.0 0.4
42.868596 -97.828023 0.0 0.4
42.868412 -97.839129 0.0 0.4
42.866747 -97.850436 0.0 0.4
42.864188999999996 -97.861052 0.0 0.4
42.86047 -97.87140099999999 0.0 0.4
42.851842 -97.876622 0.0 0.4
42.841398999999996 -97.87950599999999 0.0 0.4
42.830883 -97.882347 0.0 0.4
42.81995 -97.887333 0.0 0.4
42.811606 -97.894466 0.0 0.4
42.801255 -97.903067 0.0 0.4
42.79379 -97.911087 0.0 0.4
42.788728 -97.920498 0.0 0.4
42.781124 -97.929619 0.0 0.4
42.775036 -97.938143 0.0 0.4
42.770709 -97.947189 0.0 0.4
42.768772999999996 -97.957281 0.0 0.4
42.769073 -97.968802 0.0 0.4
42.769442999999995 -97.97953299999999 0.0 0.4
42.765519 -97.98991199999999 0.0 0.4
42.763179 -98.000371 0.0 0.4
42.762715 -98.010841 0.0 0.4
42.763045 -98.022025 0.0 0.4
42.764035 -98.034371 0.0 0.4
42.767931 -98.04473499999999 0.0 0.4
42.770171 -98.055289 0.0 0.4
42.779216999999996 -98.061871 0.0 0.4
42.786654999999996 -98.071344 0.0 0.4
42.792566 -98.080626 0.0 0.4
42.796934 -98.090863 0.0 0.4
42.803535 -98.099295 0.0 0.4
42.810472999999995 -98.107856 0.0 0.4
42.816841 -98.12120399999999 0.0 0.4
42.82234 -98.130229 0.0 0.4
42.832543 -98.138103 0.0 0.4
42.839631 -98.147109 0.0 0.4
42.83809 -98.15769499999999 0.0 0.4
42.837114 -98.17111299999999 0.0 0.4
42.839545 -98.180831 0.0 0.4
42.842619 -98.19274899999999 0.0 0.4
42.846646 -98.203946 0.0 0.4
42.852269 -98.217671 0.0 0.4
42.857744 -98.22651499999999 0.0 0.4
42.868396999999995 -98.24682999999999 0.0 0.4
42.874083 -98.25629599999999 0.0 0.4
42.874151999999995 -98.268363 0.0 0.4
42.874995999999996 -98.280007 0.0 0.4
42.878775 -98.293037 0.0 0.4
42.882605 -98.309771 0.0 0.4
42.884952999999996 -98.320875 0.0 0.4
42.8905 -98.332422 0.0 0.4
42.900847 -98.34240799999999 0.0 0.4
42.905421 -98.352508 0.0 0.4
42.908896 -98.362466 0.0 0.4
42.912409 -98.37281899999999 0.0 0.4
42.918406999999995 -98.386445 0.0 0.4
42.922464999999995 -98.399298 0.0 0.4
42.926784 -98.409757 0.0 0.4
42.931923999999995 -98.42074 0.0 0.4
42.931504 -98.430934 0.0 0.4
42.929241999999995 -98.44414499999999 0.0 0.4
42.938389 -98.45222 0.0 0.4
42.944427 -98.46167299999999 0.0 0.4
42.950641999999995 -98.469701 0.0 0.4
42.963539 -98.47891899999999 0.0 0.4
42.971736 -98.485655 0.0 0.4
42.986678 -98.494817 0.0 0.4
42.998559 -98.49855 0.0 0.4
42.998456 -98.531944 0.0 0.4
42.998422 -98.545099 0.0 0.4
42.99838 -98.561725 0.0 0.4
42.998399 -98.585312 0.0 0.4
42.998384 -98.596897 0.0 0.4
42.998446 -98.61428099999999 0.0 0.4
42.998532 -98.629115 0.0 0.4
42.99849 -98.645473 0.0 0.4
42.998447 -98.66371199999999 0.0 0.4
42.998503 -98.691761 0.0 0.4
42.99838 -98.70304499999999 0.0 0.4
42.998407 -98.72246899999999 0.0 0.4
42.998391999999996 -98.73835799999999 0.0 0.4
42.998402999999996 -98.75033499999999 0.0 0.4
42.99837 -98.762328 0.0 0.4
42.998146999999996 -98.785629 0.0 0.4
42.998293 -98.801503 0.0 0.4
42.998284 -98.820459 0.0 0.4
42.998247 -98.86059 0.0 0.4
42.998228999999995 -98.87155 0.0 0.4
42.998180999999995 -98.88551 0.0 0.4
42.998248 -98.900041 0.0 0.4
42.998239999999996 -98.91789299999999 0.0 0.4
42.998259 -98.936011 0.0 0.4
42.998284 -98.95908999999999 0.0 0.4
42.998228999999995 -98.973243 0.0 0.4
42.998249 -98.98525099999999 0.0 0.4
42.998263 -98.99612499999999 0.0 0.4
42.998349999999995 -99.017972 0.0 0.4
42.998266 -99.04884899999999 0.0 0.4
42.998267999999996 -99.060518 0.0 0.4
42.998283 -99.07707599999999 0.0 0.4
42.998183999999995 -99.094487 0.0 0.4
42.998186 -99.11653199999999 0.0 0.4
42.998155 -99.13615899999999 0.0 0.4
42.998346999999995 -99.15114299999999 0.0 0.4
42.998349 -99.16124699999999 0.0 0.4
42.998287999999995 -99.17799699999999 0.0 0.4
42.998086 -99.19536 0.0 0.4
42.998135 -99.20537499999999 0.0 0.4
42.99816 -99.217717 0.0 0.4
42.998121999999995 -99.228162 0.0 0.4
42.998194 -99.238889 0.0 0.4
42.998086 -99.252792 0.0 0.4
42.998200999999995 -99.27278199999999 0.0 0.4
42.998117 -99.288068 0.0 0.4
42.99803 -99.30413899999999 0.0 0.4
42.99802 -99.31464 0.0 0.4
42.998017 -99.333244 0.0 0.4
42.998014 -99.34672499999999 0.0 0.4
42.998154 -99.364172 0.0 0.4
42.998011 -99.374575 0.0 0.4
42.998031 -99.392082 0.0 0.4
42.998034 -99.405138 0.0 0.4
42.998024 -99.41588899999999 0.0 0.4
42.998036 -99.432368 0.0 0.4
42.997971 -99.44823099999999 0.0 0.4
42.997917 -99.471513 0.0 0.4
42.998121 -99.48874099999999 0.0 0.4
42.997909 -99.50038699999999 0.0 0.4
42.997957 -99.513455 0.0 0.4
42.998013 -99.52869899999999 0.0 0.4
42.997963999999996 -99.540826 0.0 0.4
42.997997999999995 -99.55380099999999 0.0 0.4
42.99798 -99.56908899999999 0.0 0.4
42.997851 -99.62449 0.0 0.4
42.997834 -99.63593399999999 0.0 0.4
42.997907999999995 -99.649743 0.0 0.4
42.997882 -99.663158 0.0 0.4
42.997856999999996 -99.67689299999999 0.0 0.4
42.997870999999996 -99.69063799999999 0.0 0.4
42.997898 -99.701366 0.0 0.4
42.997946 -99.71882699999999 0.0 0.4
42.997949999999996 -99.729773 0.0 0.4
42.99791 -99.743144 0.0 0.4
42.997912 -99.758409 0.0 0.4
42.997935 -99.76845399999999 0.0 0.4
42.997882 -99.788089 0.0 0.4
42.997963 -99.799044 0.0 0.4
42.997938 -99.80936799999999 0.0 0.4
42.997954 -99.821675 0.0 0.4
42.997966 -99.83313299999999 0.0 0.4
42.997946 -99.84811599999999 0.0 0.4
42.997962 -99.859945 0.0 0.4
42.998024 -99.870627 0.0 0.4
42.998083 -99.889654 0.0 0.4
42.99807 -99.904163 0.0 0.4
42.998037 -99.915905 0.0 0.4
42.998107999999995 -99.927427 0.0 0.4
42.998082 -99.93916399999999 0.0 0.4
42.998180999999995 -99.950293 0.0 0.4
42.998084999999996 -99.96078 0.0 0.4
42.998207 -100.000396 0.0 0.4
42.998239 -100.011325 0.0 0.4
42.998376 -100.022736 0.0 0.4
42.998145 -100.034201 0.0 0.4
42.998380999999995 -100.067732 0.0 0.4
42.998377 -100.079468 0.0 0.4
42.998416 -100.107158 0.0 0.4
42.998518 -100.119297 0.0 0.4
42.998422 -100.151131 0.0 0.4
42.99852 -100.185426 0.0 0.4
42.998523 -100.196272 0.0 0.4
42.998720999999996 -100.217723 0.0 0.4
42.998705 -100.228385 0.0 0.4
42.998542 -100.250405 0.0 0.4
42.998635 -100.269465 0.0 0.4
42.998784 -100.281631 0.0 0.4
42.998826 -100.292773 0.0 0.4
42.999139 -100.30893 0.0 0.4
42.998810999999996 -100.349162 0.0 0.4
42.998888 -100.38455 0.0 0.4
42.998979 -100.395991 0.0 0.4
42.99895 -100.413362 0.0 0.4
42.999111 -100.431567 0.0 0.4
42.999064999999995 -100.452585 0.0 0.4
42.998928 -100.467964 0.0 0.4
42.998926999999995 -100.478779 0.0 0.4
42.999041999999996 -100.525978 0.0 0.4
42.998733 -100.537758 0.0 0.4
42.998796 -100.550244 0.0 0.4
42.998152999999995 -100.563416 0.0 0.4
42.998151 -100.578698 0.0 0.4
42.998188999999996 -100.607627 0.0 0.4
42.998101999999996 -100.619286 0.0 0.4
42.998101999999996 -100.632297 0.0 0.4
42.998155 -100.650464 0.0 0.4
42.998221 -100.668084 0.0 0.4
42.998179 -100.68167 0.0 0.4
42.998155 -100.704877 0.0 0.4
42.998177999999996 -100.720872 0.0 0.4
42.998183999999995 -100.747883 0.0 0.4
42.998156 -100.764551 0.0 0.4
42.998121 -100.77476 0.0 0.4
42.998156 -100.786513 0.0 0.4
42.998653999999995 -100.804368 0.0 0.4
42.998422999999995 -100.814549 0.0 0.4
42.998349 -100.826752 0.0 0.4
42.998250999999996 -100.847389 0.0 0.4
42.998194999999996 -100.867622 0.0 0.4
42.998014999999995 -100.88752 0.0 0.4
42.99801 -100.906699 0.0 0.4
42.998037 -100.934957 0.0 0.4
42.998053999999996 -100.945156 0.0 0.4
42.997929 -100.95743 0.0 0.4
42.998055 -100.968569 0.0 0.4
42.998156 -100.985274 0.0 0.4
42.997991999999996 -101.000892 0.0 0.4
42.997757 -101.022989 0.0 0.4
42.997862 -101.03344 0.0 0.4
42.997946999999996 -101.051728 0.0 0.4
42.997864 -101.110923 0.0 0.4
42.997889 -101.125683 0.0 0.4
42.997893 -101.140807 0.0 0.4
42.997791 -101.19034 0.0 0.4
42.997558999999995 -101.22801 0.0 0.4
42.997690999999996 -101.238411 0.0 0.4
42.99771 -101.249605 0.0 0.4
42.997661 -101.265749 0.0 0.4
42.997496 -101.336704 0.0 0.4
42.997461 -101.352041 0.0 0.4
42.997428 -101.366252 0.0 0.4
42.997538 -101.376809 0.0 0.4
42.997212999999995 -101.422165 0.0 0.4
42.997139 -101.435929 0.0 0.4
42.997087 -101.446815 0.0 0.4
42.997141 -101.472594 0.0 0.4
42.9971 -101.490161 0.0 0.4
42.997054 -101.514083 0.0 0.4
42.99699 -101.528529 0.0 0.4
42.996851 -101.559341 0.0 0.4
42.996806 -101.569354 0.0 0.4
42.996660999999996 -101.584191 0.0 0.4
42.996466999999996 -101.60738 0.0 0.4
42.996255 -101.633007 0.0 0.4
42.99652 -101.709987 0.0 0.4
42.996998 -101.738673 0.0 0.4
42.997153999999995 -101.749068 0.0 0.4
42.997319 -101.761371 0.0 0.4
42.997692 -101.771412 0.0 0.4
42.998146999999996 -101.793368 0.0 0.4
42.998369 -101.805861 0.0 0.4
42.999038 -101.844511 0.0 0.4
42.999373999999996 -101.862762 0.0 0.4
42.999415 -101.875424 0.0 0.4
42.999282 -101.904096 0.0 0.4
42.999258999999995 -101.941441 0.0 0.4
42.999229 -101.994598 0.0 0.4
42.999268 -102.005302 0.0 0.4
42.999275 -102.017552 0.0 0.4
42.999234 -102.041688 0.0 0.4
42.999278 -102.061756 0.0 0.4
42.999337999999995 -102.076839 0.0 0.4
42.999328 -102.095164 0.0 0.4
42.999196 -102.125427 0.0 0.4
42.999219 -102.135949 0.0 0.4
42.999268 -102.158972 0.0 0.4
42.999390999999996 -102.214856 0.0 0.4
42.999421999999996 -102.230222 0.0 0.4
42.999463999999996 -102.249599 0.0 0.4
42.999407999999995 -102.268804 0.0 0.4
42.999426 -102.296171 0.0 0.4
42.999395 -102.333891 0.0 0.4
42.999511 -102.353082 0.0 0.4
42.999536 -102.369616 0.0 0.4
42.999590999999995 -102.380107 0.0 0.4
42.999595 -102.392484 0.0 0.4
42.999598999999996 -102.405551 0.0 0.4
42.999607 -102.43448599999999 0.0 0.4
42.999703 -102.445234 0.0 0.4
42.999687 -102.455472 0.0 0.4
42.999725999999995 -102.46557 0.0 0.4
42.999748 -102.475776 0.0 0.4
42.999685 -102.485859 0.0 0.4
42.999887 -102.497247 0.0 0.4
42.999719 -102.531376 0.0 0.4
42.999752 -102.543493 0.0 0.4
42.99979 -102.554466 0.0 0.4
42.999838 -102.568475 0.0 0.4
42.999789 -102.612614 0.0 0.4
42.999773 -102.625701 0.0 0.4
42.999905 -102.642753 0.0 0.4
42.999984 -102.657614 0.0 0.4
42.999981 -102.678878 0.0 0.4
42.999983 -102.692069 0.0 0.4
42.999981 -102.705858 0.0 0.4
42.999981999999996 -102.726712 0.0 0.4
42.999978999999996 -102.736815 0.0 0.4
42.999981 -102.750448 0.0 0.4
42.999984 -102.768309 0.0 0.4
42.999978999999996 -102.782245 0.0 0.4
42.99998 -102.792669 0.0 0.4
42.99998 -102.803895 0.0 0.4
42.99998 -102.822918 0.0 0.4
42.999981 -102.833347 0.0 0.4
42.999978999999996 -102.851169 0.0 0.4
42.99998 -102.866779 0.0 0.4
43.00024 -102.877335 0.0 0.4
43.000437999999995 -102.88918699999999 0.0 0.4
43.000527999999996 -102.908518 0.0 0.4
43.00054 -102.922121 0.0 0.4
43.00054 -102.949175 0.0 0.4
43.000585 -102.961687 0.0 0.4
43.000592999999995 -102.97527 0.0 0.4
43.000656 -102.987492 0.0 0.4
43.000755 -103.000465 0.0 0.4
43.000703 -103.01584 0.0 0.4
43.000715 -103.028875 0.0 0.4
43.00073 -103.041203 0.0 0.4
43.000741999999995 -103.051683 0.0 0.4
43.00076 -103.067042 0.0 0.4
43.000783999999996 -103.08428 0.0 0.4
43.000749 -103.094819 0.0 0.4
43.000808 -103.125673 0.0 0.4
43.000811 -103.145087 0.0 0.4
43.000814 -103.155298 0.0 0.4
43.000817 -103.170092 0.0 0.4
43.00084 -103.194967 0.0 0.4
43.000855 -103.22388 0.0 0.4
43.000865999999995 -103.24988 0.0 0.4
43.00083 -103.262522 0.0 0.4
43.00083 -103.274384 0.0 0.4
43.000882 -103.285369 0.0 0.4
43.000913 -103.304833 0.0 0.4
43.000906 -103.323798 0.0 0.4
43.000887999999996 -103.335086 0.0 0.4
43.000927999999995 -103.345699 0.0 0.4
43.000938999999995 -103.359396 0.0 0.4
43.000915 -103.372939 0.0 0.4
43.000904999999996 -103.384961 0.0 0.4
43.000912 -103.395348 0.0 0.4
43.000721 -103.409394 0.0 0.4
43.00074 -103.42492 0.0 0.4
43.000516 -103.450801 0.0 0.4
43.000501 -103.461391 0.0 0.4
43.000479999999996 -103.475547 0.0 0.4
43.000617999999996 -103.487201 0.0 0.4
43.000766 -103.500358 0.0 0.4
43.000797999999996 -103.523784 0.0 0.4
43.000896 -103.539333 0.0 0.4
43.000983999999995 -103.550189 0.0 0.4
43.000845999999996 -103.570586 0.0 0.4
43.000710999999995 -103.583944 0.0 0.4
43.000692 -103.595827 0.0 0.4
43.000645999999996 -103.610373 0.0 0.4
43.000976 -103.625437 0.0 0.4
43.001062 -103.638341 0.0 0.4
43.001402999999996 -103.65268 0.0 0.4
43.001234 -103.668427 0.0 0.4
43.001079 -103.682808 0.0 0.4
43.000996 -103.700665 0.0 0.4
43.000983 -103.715025 0.0 0.4
43.001069 -103.73376 0.0 0.4
43.001155999999995 -103.743983 0.0 0.4
43.00139 -103.757921 0.0 0.4
43.001191999999996 -103.774888 0.0 0.4
43.001328 -103.796615 0.0 0.4
43.001355 -103.811434 0.0 0.4
43.00123 -103.824004 0.0 0.4
43.00119 -103.835734 0.0 0.4
43.001118 -103.847411 0.0 0.4
43.001002 -103.858081 0.0 0.4
43.000927999999995 -103.869045 0.0 0.4
43.001042 -103.882313 0.0 0.4
43.000979 -103.911315 0.0 0.4
43.000918 -103.924865 0.0 0.4
43.001173 -103.936973 0.0 0.4
43.001253 -103.948749 0.0 0.4
43.001531 -103.95974 0.0 0.4
43.0017 -103.977543 0.0 0.4
43.001689999999996 -103.990999 0.0 0.4
43.001587 -104.001106 0.0 0.4
43.001377 -104.012994 0.0 0.4
43.001096 -104.026764 0.0 0.4
43.000586999999996 -104.049653 0.0 0.4
43.012083 -104.053128 0.0 0.4
43.022247 -104.053179 0.0 0.4
43.032463 -104.053261 0.0 0.4
43.043972 -104.053235 0.0 0.4
43.055572999999995 -104.053289 0.0 0.4
43.072928 -104.053252 0.0 0.4
43.083348 -104.053246 0.0 0.4
43.101723 -104.053269 0.0 0.4
43.113921999999995 -104.053318 0.0 0.4
43.124857 -104.053471 0.0 0.4
43.135098 -104.053513 0.0 0.4
43.150918999999995 -104.053573 0.0 0.4
43.162838 -104.05362 0.0 0.4
43.173026 -104.053653 0.0 0.4
43.186803999999995 -104.053719 0.0 0.4
43.197286 -104.053761 0.0 0.4
43.207341 -104.053843 0.0 0.4
43.217805 -104.053877 0.0 0.4
43.228721 -104.053912 0.0 0.4
43.238806 -104.053946 0.0 0.4
43.249814 -104.05391 0.0 0.4
43.260655 -104.0539 0.0 0.4
43.270891 -104.053891 0.0 0.4
43.283494999999995 -104.05387999999999 0.0 0.4
43.295426 -104.05392499999999 0.0 0.4
43.30556 -104.05423 0.0 0.4
43.317765 -104.05431 0.0 0.4
43.329732 -104.054417 0.0 0.4
43.340486999999996 -104.054463 0.0 0.4
43.352122 -104.0545 0.0 0.4
43.362338 -104.054533 0.0 0.4
43.373487 -104.054598 0.0 0.4
43.387840999999995 -104.054637 0.0 0.4
43.403605999999996 -104.054643 0.0 0.4
43.415777 -104.054773 0.0 0.4
43.427282 -104.054766 0.0 0.4
43.447874999999996 -104.054788 0.0 0.4
43.460373999999995 -104.05480299999999 0.0 0.4
43.472463 -104.054818 0.0 0.4
43.486722 -104.05482 0.0 0.4
43.497938999999995 -104.054834 0.0 0.4
43.507994 -104.054792 0.0 0.4
43.523601 -104.054812 0.0 0.4
43.537971 -104.054853 0.0 0.4
43.552043999999995 -104.054941 0.0 0.4
43.56246 -104.055058 0.0 0.4
43.573811 -104.055013 0.0 0.4
43.584134 -104.054883 0.0 0.4
43.607139 -104.054915 0.0 0.4
43.624975 -104.05493799999999 0.0 0.4
43.637147999999996 -104.054957 0.0 0.4
43.647563 -104.054974 0.0 0.4
43.658339 -104.054991 0.0 0.4
43.669654 -104.055009 0.0 0.4
43.683355999999996 -104.055032 0.0 0.4
43.695063999999995 -104.055049 0.0 0.4
43.707668999999996 -104.055069 0.0 0.4
43.734265 -104.055112 0.0 0.4
43.746992999999996 -104.055255 0.0 0.4
43.759763 -104.055196 0.0 0.4
43.771077999999996 -104.055208 0.0 0.4
43.793282 -104.055283 0.0 0.4
43.832733 -104.055417 0.0 0.4
43.845884 -104.055462 0.0 0.4
43.855976999999996 -104.055474 0.0 0.4
43.87462 -104.055372 0.0 0.4
43.884831 -104.055316 0.0 0.4
43.895517 -104.05526 0.0 0.4
43.909093 -104.055186 0.0 0.4
43.920457 -104.055125 0.0 0.4
43.935162999999996 -104.055046 0.0 0.4
43.946855 -104.054968 0.0 0.4
43.958954999999996 -104.054912 0.0 0.4
43.969462 -104.054855 0.0 0.4
43.979735 -104.054799 0.0 0.4
43.990249 -104.05474 0.0 0.4
44.002879 -104.054683 0.0 0.4
44.013414 -104.054666 0.0 0.4
44.026843 -104.054665 0.0 0.4
44.037634999999995 -104.054661 0.0 0.4
44.048556999999995 -104.054652 0.0 0.4
44.058822 -104.054645 0.0 0.4
44.070803 -104.054637 0.0 0.4
44.081064999999995 -104.05463 0.0 0.4
44.091328999999995 -104.05462299999999 0.0 0.4
44.103238999999995 -104.054613 0.0 0.4
44.113355 -104.054607 0.0 0.4
44.123715999999995 -104.05460000000001 0.0 0.4
44.137352 -104.05459 0.0 0.4
44.152789999999996 -104.054559 0.0 0.4
44.163632 -104.05453 0.0 0.4
44.174039 -104.054504 0.0 0.4
44.186901999999996 -104.054572 0.0 0.4
44.198108 -104.054717 0.0 0.4
44.208129 -104.05484799999999 0.0 0.4
44.223403 -104.055036 0.0 0.4
44.236657 -104.055217 0.0 0.4
44.249983 -104.055389 0.0 0.4
44.260084 -104.055412 0.0 0.4
44.27339 -104.055435 0.0 0.4
44.284642999999996 -104.055457 0.0 0.4
44.297683 -104.055484 0.0 0.4
44.308585 -104.055506 0.0 0.4
44.322886 -104.055535 0.0 0.4
44.333908 -104.055559 0.0 0.4
44.34453 -104.055586 0.0 0.4
44.35792 -104.05561900000001 0.0 0.4
44.374631 -104.05563599999999 0.0 0.4
44.3872 -104.055632 0.0 0.4
44.398632 -104.055648 0.0 0.4
44.410342 -104.05569 0.0 0.4
44.423550999999996 -104.055724 0.0 0.4
44.444821 -104.05577 0.0 0.4
44.460774 -104.05580499999999 0.0 0.4
44.471001 -104.055827 0.0 0.4
44.499984 -104.055889 0.0 0.4
44.510405 -104.055908 0.0 0.4
44.522734 -104.05591 0.0 0.4
44.53346 -104.05588 0.0 0.4
44.543475 -104.055904 0.0 0.4
44.553525 -104.055879 0.0 0.4
44.568886 -104.05595 0.0 0.4
44.578967 -104.055944 0.0 0.4
44.589932999999995 -104.056016 0.0 0.4
44.600269 -104.05584 0.0 0.4
44.620534 -104.055749 0.0 0.4
44.633392 -104.055755 0.0 0.4
44.645398 -104.055777 0.0 0.4
44.661223 -104.055806 0.0 0.4
44.672605999999995 -104.055904 0.0 0.4
44.685125 -104.055948 0.0 0.4
44.695313999999996 -104.05580499999999 0.0 0.4
44.708694 -104.055809 0.0 0.4
44.720658 -104.055858 0.0 0.4
44.735800999999995 -104.055892 0.0 0.4
44.746189 -104.055831 0.0 0.4
44.759482999999996 -104.055894 0.0 0.4
44.773194 -104.055948 0.0 0.4
44.783359 -104.055866 0.0 0.4
44.794474 -104.05616 0.0 0.4
44.806377 -104.056173 0.0 0.4
44.819524 -104.056238 0.0 0.4
44.830649 -104.056299 0.0 0.4
44.844764999999995 -104.056375 0.0 0.4
44.857645999999995 -104.056445 0.0 0.4
44.87153 -104.056165 0.0 0.4
44.882205 -104.056034 0.0 0.4
44.894445999999995 -104.056239 0.0 0.4
44.909689 -104.056494 0.0 0.4
44.925608 -104.056551 0.0 0.4
44.938708 -104.056841 0.0 0.4
44.951363 -104.057067 0.0 0.4
44.973811999999995 -104.057406 0.0 0.4
44.984553999999996 -104.057568 0.0 0.4
44.995618 -104.057736 0.0 0.4
44.99807 -104.039694 0.0 0.4
45.011219999999994 -104.03982 0.0 0.4
45.023447999999995 -104.039939 0.0 0.4
45.038035 -104.040074 0.0 0.4
45.051981 -104.040223 0.0 0.4
45.079724 -104.040123 0.0 0.4
45.090255 -104.040114 0.0 0.4
45.111875 -104.040076 0.0 0.4
45.124103999999996 -104.040046 0.0 0.4
45.137201999999995 -104.040035 0.0 0.4
45.154818 -104.040037 0.0 0.4
45.18149 -104.04 0.0 0.4
45.199628999999995 -104.039977 0.0 0.4
45.212891 -104.040004 0.0 0.4
45.224610999999996 -104.040001 0.0 0.4
45.249351 -104.04003 0.0 0.4
45.264596 -104.040061 0.0 0.4
45.279123999999996 -104.040103 0.0 0.4
45.295100000000005 -104.040145 0.0 0.4
45.322503 -104.040195 0.0 0.4
45.335958999999995 -104.040223 0.0 0.4
45.346855999999995 -104.040254 0.0 0.4
45.358526999999995 -104.040307 0.0 0.4
45.374238 -104.040355 0.0 0.4
45.393533 -104.040409 0.0 0.4
45.410981 -104.040501 0.0 0.4
45.421046 -104.040559 0.0 0.4
45.433265 -104.040594 0.0 0.4
45.44847 -104.040695 0.0 0.4
45.45936 -104.040786 0.0 0.4
45.469797 -104.04102 0.0 0.4
45.480094 -104.041324 0.0 0.4
45.490974 -104.041528 0.0 0.4
45.503605 -104.041192 0.0 0.4
45.513892 -104.041315 0.0 0.4
45.524484 -104.04140699999999 0.0 0.4
45.535944 -104.041477 0.0 0.4
45.547329 -104.041628 0.0 0.4
45.557786 -104.04162 0.0 0.4
45.567873999999996 -104.041762 0.0 0.4
45.579136 -104.041863 0.0 0.4
45.593123999999996 -104.041992 0.0 0.4
45.607771 -104.042096 0.0 0.4
45.619226999999995 -104.042315 0.0 0.4
45.631823999999995 -104.042354 0.0 0.4
45.646432 -104.042393 0.0 0.4
45.66158 -104.042439 0.0 0.4
45.678027 -104.042484 0.0 0.4
45.694392 -104.042521 0.0 0.4
45.706207 -104.042548 0.0 0.4
45.729858 -104.042603 0.0 0.4
45.741623 -104.042608 0.0 0.4
45.752659 -104.042623 0.0 0.4
45.764720999999994 -104.042746 0.0 0.4
45.775914 -104.04286 0.0 0.4
45.795832999999995 -104.043066 0.0 0.4
45.807781 -104.043188 0.0 0.4
45.821022 -104.043325 0.0 0.4
45.844424 -104.043565 0.0 0.4
45.85932 -104.04376 0.0 0.4
45.871966 -104.044008 0.0 0.4
45.881975 -104.044194 0.0 0.4
45.898596 -104.044539 0.0 0.4
45.911384999999996 -104.044814 0.0 0.4
45.92165 -104.04504 0.0 0.4
45.93261 -104.045254 0.0 0.4
45.943028 -104.045494 0.0 0.4
45.945281 -104.033706 0.0 0.4
45.94527 -104.023476 0.0 0.4
45.945235 -104.002928 0.0 0.4
45.945249 -103.990098 0.0 0.4
45.945274 -103.971478 0.0 0.4
45.945297 -103.953515 0.0 0.4
45.945333 -103.924006 0.0 0.4
45.945356 -103.907762 0.0 0.4
45.94524 -103.897062 0.0 0.4
45.945068 -103.875566 0.0 0.4
45.945257999999995 -103.853743 0.0 0.4
45.945218999999994 -103.842285 0.0 0.4
45.945204 -103.815867 0.0 0.4
45.945203 -103.795403 0.0 0.4
45.945195 -103.784961 0.0 0.4
45.945254999999996 -103.750347 0.0 0.4
45.945087 -103.733406 0.0 0.4
45.945115 -103.720951 0.0 0.4
45.945181999999996 -103.691102 0.0 0.4
45.945197 -103.678027 0.0 0.4
45.945205 -103.667811 0.0 0.4
45.945242 -103.654478 0.0 0.4
45.945302999999996 -103.625499 0.0 0.4
45.945297 -103.613517 0.0 0.4
45.945285999999996 -103.584927 0.0 0.4
45.945377 -103.573551 0.0 0.4
45.94537 -103.562014 0.0 0.4
45.945263999999995 -103.541445 0.0 0.4
45.945260999999995 -103.527499 0.0 0.4
45.945251999999996 -103.506269 0.0 0.4
45.944944 -103.493988 0.0 0.4
45.945088 -103.480235 0.0 0.4
45.945223999999996 -103.466603 0.0 0.4
45.945276 -103.445156 0.0 0.4
45.945291 -103.434851 0.0 0.4
45.945102 -103.42407299999999 0.0 0.4
45.945183 -103.411892 0.0 0.4
45.944978 -103.390552 0.0 0.4
45.945152 -103.369029 0.0 0.4
45.945153 -103.354276 0.0 0.4
45.945152 -103.340136 0.0 0.4
45.945150999999996 -103.32657 0.0 0.4
45.945152 -103.316003 0.0 0.4
45.945152 -103.297183 0.0 0.4
45.945152 -103.284405 0.0 0.4
45.945159 -103.269472 0.0 0.4
45.945170999999995 -103.252742 0.0 0.4
45.945209999999996 -103.218439 0.0 0.4
45.945226 -103.207377 0.0 0.4
45.945256 -103.193808 0.0 0.4
45.945192 -103.18236 0.0 0.4
45.945237 -103.172351 0.0 0.4
45.945111 -103.162117 0.0 0.4
45.945108 -103.151913 0.0 0.4
45.945121 -103.140881 0.0 0.4
45.945133 -103.128856 0.0 0.4
45.945116 -103.110705 0.0 0.4
45.945105999999996 -103.099711 0.0 0.4
45.945156999999995 -103.089263 0.0 0.4
45.945111 -103.078524 0.0 0.4
45.945139 -103.066431 0.0 0.4
45.94513 -103.056332 0.0 0.4
45.945178 -103.046248 0.0 0.4
45.945240999999996 -103.03607 0.0 0.4
45.945262 -103.024541 0.0 0.4
45.945211 -103.01398 0.0 0.4
45.945172 -103.00054 0.0 0.4
45.945211 -102.989913 0.0 0.4
45.945069 -102.97822 0.0 0.4
45.945045 -102.964912 0.0 0.4
45.945024 -102.95388 0.0 0.4
45.945006 -102.943594 0.0 0.4
45.945094 -102.930862 0.0 0.4
45.945105 -102.920533 0.0 0.4
45.94511 -102.910378 0.0 0.4
45.945122999999995 -102.900334 0.0 0.4
45.945108 -102.888594 0.0 0.4
45.945125 -102.877021 0.0 0.4
45.945125999999995 -102.863008 0.0 0.4
45.945178999999996 -102.828182 0.0 0.4
45.945130999999996 -102.817995 0.0 0.4
45.945083 -102.802032 0.0 0.4
45.945071 -102.78912 0.0 0.4
45.945206999999996 -102.750894 0.0 0.4
45.945234 -102.73637 0.0 0.4
45.945087 -102.706621 0.0 0.4
45.945181 -102.696621 0.0 0.4
45.945142999999995 -102.677074 0.0 0.4
45.945173 -102.666528 0.0 0.4
45.945253 -102.653997 0.0 0.4
45.945212 -102.642371 0.0 0.4
45.94491 -102.624763 0.0 0.4
45.944973999999995 -102.600838 0.0 0.4
45.945024 -102.581884 0.0 0.4
45.944990999999995 -102.569355 0.0 0.4
45.944956 -102.558549 0.0 0.4
45.944950999999996 -102.53896 0.0 0.4
45.944995999999996 -102.525332 0.0 0.4
45.945060999999995 -102.500314 0.0 0.4
45.94499 -102.477423 0.0 0.4
45.944998 -102.46730000000001 0.0 0.4
45.945045 -102.456724 0.0 0.4
45.945004 -102.446556 0.0 0.4
45.944942999999995 -102.42561 0.0 0.4
45.945032999999995 -102.410607 0.0 0.4
45.944849 -102.398789 0.0 0.4
45.944921 -102.383006 0.0 0.4
45.944899 -102.369479 0.0 0.4
45.944918 -102.355483 0.0 0.4
45.945038 -102.331951 0.0 0.4
45.944936 -102.321391 0.0 0.4
45.944903 -102.310326 0.0 0.4
45.944869999999995 -102.300316 0.0 0.4
45.944835 -102.289467 0.0 0.4
45.944843999999996 -102.279356 0.0 0.4
45.944866 -102.268622 0.0 0.4
45.944932 -102.250397 0.0 0.4
45.944827 -102.228513 0.0 0.4
45.944798999999996 -102.218342 0.0 0.4
45.944789 -102.203862 0.0 0.4
45.944736999999996 -102.187458 0.0 0.4
45.944738 -102.177417 0.0 0.4
45.944736999999996 -102.166565 0.0 0.4
45.944699 -102.156418 0.0 0.4
45.944694 -102.146064 0.0 0.4
45.944702 -102.135789 0.0 0.4
45.944725999999996 -102.12564 0.0 0.4
45.944685 -102.115536 0.0 0.4
45.944905 -102.096531 0.0 0.4
45.944834 -102.085152 0.0 0.4
45.9448 -102.07215 0.0 0.4
45.944722999999996 -102.061035 0.0 0.4
45.944589 -102.042908 0.0 0.4
45.94463 -102.031632 0.0 0.4
45.944548 -102.01956 0.0 0.4
45.94453 -102.006522 0.0 0.4
45.944614 -101.995889 0.0 0.4
45.944544 -101.977686 0.0 0.4
45.944528999999996 -101.963514 0.0 0.4
45.944545 -101.953413 0.0 0.4
45.944553 -101.943374 0.0 0.4
45.944576 -101.925598 0.0 0.4
45.944680999999996 -101.91311 0.0 0.4
45.944811 -101.89761 0.0 0.4
45.944843999999996 -101.88726 0.0 0.4
45.944804 -101.875185 0.0 0.4
45.944708999999996 -101.861848 0.0 0.4
45.944675 -101.845031 0.0 0.4
45.944643 -101.833017 0.0 0.4
45.944545999999995 -101.816218 0.0 0.4
45.944362 -101.791454 0.0 0.4
45.944395 -101.780936 0.0 0.4
45.944396 -101.770922 0.0 0.4
45.944416 -101.758828 0.0 0.4
45.944398 -101.747548 0.0 0.4
45.944364 -101.735277 0.0 0.4
45.944327 -101.72282 0.0 0.4
45.944320999999995 -101.708349 0.0 0.4
45.944306999999995 -101.693818 0.0 0.4
45.944331 -101.683677 0.0 0.4
45.944316 -101.666796 0.0 0.4
45.944264 -101.645869 0.0 0.4
45.944306 -101.632412 0.0 0.4
45.944297999999996 -101.619903 0.0 0.4
45.944347 -101.589531 0.0 0.4
45.94432 -101.575983 0.0 0.4
45.944193 -101.561666 0.0 0.4
45.944168 -101.540936 0.0 0.4
45.944175 -101.5305 0.0 0.4
45.944112 -101.51087 0.0 0.4
45.944117 -101.500469 0.0 0.4
45.944066 -101.482476 0.0 0.4
45.943912999999995 -101.462658 0.0 0.4
45.94387 -101.452368 0.0 0.4
45.943842 -101.440646 0.0 0.4
45.943813999999996 -101.429901 0.0 0.4
45.943867999999995 -101.412079 0.0 0.4
45.943940999999995 -101.401855 0.0 0.4
45.944218 -101.373605 0.0 0.4
45.9441 -101.363533 0.0 0.4
45.944103999999996 -101.349322 0.0 0.4
45.944097 -101.333889 0.0 0.4
45.944067 -101.317378 0.0 0.4
45.944030999999995 -101.301631 0.0 0.4
45.944008 -101.287197 0.0 0.4
45.944106999999995 -101.27491 0.0 0.4
45.944046 -101.263874 0.0 0.4
45.944185999999995 -101.250238 0.0 0.4
45.944055 -101.225205 0.0 0.4
45.944039 -101.213929 0.0 0.4
45.943937 -101.202908 0.0 0.4
45.943984 -101.188211 0.0 0.4
45.944005999999995 -101.175915 0.0 0.4
45.943943999999995 -101.162729 0.0 0.4
45.943937999999996 -101.146024 0.0 0.4
45.943895 -101.135343 0.0 0.4
45.944077 -101.117399 0.0 0.4
45.944068 -101.107237 0.0 0.4
45.943557 -101.080109 0.0 0.4
45.943481999999996 -101.069685 0.0 0.4
45.943450999999996 -101.059622 0.0 0.4
45.943456 -101.049258 0.0 0.4
45.943546 -101.022119 0.0 0.4
45.943608999999995 -101.006343 0.0 0.4
45.943818 -100.980373 0.0 0.4
45.943765 -100.964536 0.0 0.4
45.943883 -100.941232 0.0 0.4
45.943832 -100.914627 0.0 0.4
45.943853 -100.895053 0.0 0.4
45.943768 -100.882934 0.0 0.4
45.943692999999996 -100.861495 0.0 0.4
45.943695 -100.849441 0.0 0.4
45.943622 -100.83840000000001 0.0 0.4
45.943638 -100.825979 0.0 0.4
45.94368 -100.814463 0.0 0.4
45.943749 -100.800643 0.0 0.4
45.943804 -100.790401 0.0 0.4
45.943805999999995 -100.775439 0.0 0.4
45.943805999999995 -100.765346 0.0 0.4
45.943697 -100.751461 0.0 0.4
45.944021 -100.721831 0.0 0.4
45.943985 -100.708411 0.0 0.4
45.94392 -100.696799 0.0 0.4
45.943782 -100.672228 0.0 0.4
45.943694 -100.656591 0.0 0.4
45.943667 -100.646457 0.0 0.4
45.943692999999996 -100.628042 0.0 0.4
45.943588 -100.614926 0.0 0.4
45.943754999999996 -100.585886 0.0 0.4
45.943763999999994 -100.575418 0.0 0.4
45.943756 -100.565239 0.0 0.4
45.943768999999996 -100.552796 0.0 0.4
45.94367 -100.537437 0.0 0.4
45.943736 -100.527207 0.0 0.4
45.943712 -100.512079 0.0 0.4
45.943692999999996 -100.500668 0.0 0.4
