36.15696 -82.222064 0.0 0.4
36.148018 -82.22657099999999 0.0 0.4
36.141914 -82.234583 0.0 0.4
36.135932 -82.242627 0.0 0.4
36.133763 -82.25256499999999 0.0 0.4
36.130742 -82.262446 0.0 0.4
36.128924999999995 -82.272449 0.0 0.4
36.131006 -82.282335 0.0 0.4
36.135113 -82.29151999999999 0.0 0.4
36.131888 -82.301383 0.0 0.4
36.126090999999995 -82.309574 0.0 0.4
36.120810999999996 -82.31840299999999 0.0 0.4
36.117683 -82.328094 0.0 0.4
36.114987 -82.337757 0.0 0.4
36.115196 -82.34775599999999 0.0 0.4
36.113330999999995 -82.357682 0.0 0.4
36.107603 -82.366073 0.0 0.4
36.105323 -82.37595499999999 0.0 0.4
36.098898 -82.383989 0.0 0.4
36.094164 -82.393044 0.0 0.4
36.089363999999996 -82.402031 0.0 0.4
36.083019 -82.409798 0.0 0.4
36.074304999999995 -82.41574299999999 0.0 0.4
36.065728 -82.421471 0.0 0.4
36.056996999999996 -82.42736699999999 0.0 0.4
36.046853 -82.434246 0.0 0.4
36.036789 -82.440984 0.0 0.4
36.028261 -82.44679599999999 0.0 0.4
36.019464 -82.452641 0.0 0.4
36.010039 -82.45902699999999 0.0 0.4
36.004571999999996 -82.46741 0.0 0.4
35.998658999999996 -82.47551399999999 0.0 0.4
35.993300999999995 -82.48416999999999 0.0 0.4
35.98789 -82.492744 0.0 0.4
35.982054999999995 -82.501466 0.0 0.4
35.977292 -82.51029799999999 0.0 0.4
35.974745 -82.5201 0.0 0.4
35.972258 -82.52986299999999 0.0 0.4
35.969156999999996 -82.539436 0.0 0.4
35.964365 -82.548338 0.0 0.4
35.95706 -82.55556 0.0 0.4
35.955199 -82.565519 0.0 0.4
35.958504999999995 -82.57549 0.0 0.4
35.965239 -82.58315499999999 0.0 0.4
35.966021999999995 -82.593313 0.0 0.4
35.966122999999996 -82.60359299999999 0.0 0.4
35.972605 -82.611255 0.0 0.4
35.982109 -82.607569 0.0 0.4
35.992253 -82.607021 0.0 0.4
35.999072999999996 -82.614729 0.0 0.4
36.007774999999995 -82.60943499999999 0.0 0.4
36.016940999999996 -82.60521899999999 0.0 0.4
36.025597999999995 -82.599982 0.0 0.4
36.031414 -82.591428 0.0 0.4
36.03606 -82.60073899999999 0.0 0.4
36.043645 -82.607923 0.0 0.4
36.046866 -82.61765299999999 0.0 0.4
36.0569 -82.619163 0.0 0.4
36.061926 -82.62817199999999 0.0 0.4
36.065732 -82.63741999999999 0.0 0.4
36.060767999999996 -82.646524 0.0 0.4
36.056309 -82.655641 0.0 0.4
36.053615 -82.665453 0.0 0.4
36.049217999999996 -82.674472 0.0 0.4
36.045795 -82.684073 0.0 0.4
36.037872 -82.690479 0.0 0.4
36.034351 -82.699868 0.0 0.4
36.029675999999995 -82.708945 0.0 0.4
36.022509 -82.71632199999999 0.0 0.4
36.018161 -82.725464 0.0 0.4
36.015133999999996 -82.735079 0.0 0.4
36.010470999999995 -82.74410999999999 0.0 0.4
36.005818 -82.753069 0.0 0.4
36.004553 -82.763037 0.0 0.4
36.000644 -82.772283 0.0 0.4
35.993002 -82.779061 0.0 0.4
35.984936999999995 -82.785056 0.0 0.4
35.975100000000005 -82.782849 0.0 0.4
35.964898 -82.782928 0.0 0.4
35.955771 -82.787044 0.0 0.4
35.948260999999995 -82.793714 0.0 0.4
35.942003 -82.801523 0.0 0.4
35.932138 -82.804029 0.0 0.4
35.925942 -82.81205899999999 0.0 0.4
35.921828999999995 -82.821282 0.0 0.4
35.930445 -82.826775 0.0 0.4
35.936296 -82.834965 0.0 0.4
35.941939999999995 -82.84343199999999 0.0 0.4
35.948919 -82.85080599999999 0.0 0.4
35.947556999999996 -82.86097 0.0 0.4
35.951535 -82.870201 0.0 0.4
35.950012 -82.880479 0.0 0.4
35.946850999999995 -82.890102 0.0 0.4
35.942744999999995 -82.899412 0.0 0.4
35.93264 -82.899723 0.0 0.4
35.927225 -82.908416 0.0 0.4
35.928951999999995 -82.91834399999999 0.0 0.4
35.920387999999996 -82.91306999999999 0.0 0.4
35.910907 -82.909519 0.0 0.4
35.901413 -82.905631 0.0 0.4
35.892483 -82.901057 0.0 0.4
35.884297 -82.906837 0.0 0.4
35.880851 -82.897098 0.0 0.4
35.872316 -82.90278099999999 0.0 0.4
35.868552 -82.912054 0.0 0.4
35.864011 -82.921173 0.0 0.4
35.853972999999996 -82.919989 0.0 0.4
35.844229 -82.917315 0.0 0.4
35.838795 -82.925918 0.0 0.4
35.832606 -82.93379399999999 0.0 0.4
35.825786 -82.941474 0.0 0.4
35.818224 -82.948184 0.0 0.4
35.810738 -82.955078 0.0 0.4
35.802073 -82.960126 0.0 0.4
35.792186 -82.96188099999999 0.0 0.4
35.788671 -82.971316 0.0 0.4
35.782303999999996 -82.979112 0.0 0.4
35.776472 -82.987307 0.0 0.4
35.773154 -82.996877 0.0 0.4
35.778171 -83.005543 0.0 0.4
35.781383999999996 -83.015035 0.0 0.4
35.783628 -83.025065 0.0 0.4
35.787037 -83.03468 0.0 0.4
35.785655 -83.044654 0.0 0.4
35.789406 -83.05408299999999 0.0 0.4
35.786930999999996 -83.064058 0.0 0.4
35.789956 -83.073763 0.0 0.4
35.786761 -83.083528 0.0 0.4
35.78048 -83.091426 0.0 0.4
35.774967 -83.09989499999999 0.0 0.4
35.771578 -83.10936799999999 0.0 0.4
35.769053 -83.119113 0.0 0.4
35.767658 -83.12923699999999 0.0 0.4
35.765363 -83.13903499999999 0.0 0.4
35.763956 -83.149029 0.0 0.4
35.764787999999996 -83.159228 0.0 0.4
35.756737 -83.165334 0.0 0.4
35.747507999999996 -83.169658 0.0 0.4
35.742284 -83.178223 0.0 0.4
35.733768999999995 -83.183782 0.0 0.4
35.728263999999996 -83.192433 0.0 0.4
35.725494999999995 -83.20236299999999 0.0 0.4
35.724449 -83.212381 0.0 0.4
35.726132 -83.222394 0.0 0.4
35.725958 -83.23277499999999 0.0 0.4
35.723431999999995 -83.242543 0.0 0.4
35.719471999999996 -83.251864 0.0 0.4
35.709275999999996 -83.25153399999999 0.0 0.4
35.700082 -83.2555 0.0 0.4
35.690563 -83.259075 0.0 0.4
35.687886 -83.26876 0.0 0.4
35.679257 -83.274238 0.0 0.4
35.674754 -83.28345399999999 0.0 0.4
35.668102999999995 -83.291389 0.0 0.4
35.659078 -83.296036 0.0 0.4
35.655508 -83.305379 0.0 0.4
35.657018 -83.31534099999999 0.0 0.4
35.663038 -83.323568 0.0 0.4
35.665165 -83.333484 0.0 0.4
35.662583 -83.34317 0.0 0.4
35.658964999999995 -83.352599 0.0 0.4
35.649795 -83.356814 0.0 0.4
35.642693 -83.364122 0.0 0.4
35.638509 -83.373262 0.0 0.4
35.634449 -83.382628 0.0 0.4
35.628355 -83.39056599999999 0.0 0.4
35.62213 -83.398428 0.0 0.4
35.618947 -83.407929 0.0 0.4
35.614307 -83.416917 0.0 0.4
35.610814 -83.426504 0.0 0.4
35.610752999999995 -83.436911 0.0 0.4
35.608879 -83.44675199999999 0.0 0.4
35.602126999999996 -83.454573 0.0 0.4
35.594803 -83.46168 0.0 0.4
35.590395 -83.47085799999999 0.0 0.4
35.583591 -83.47840000000001 0.0 0.4
35.574251 -83.48209399999999 0.0 0.4
35.567112 -83.489901 0.0 0.4
35.562844 -83.498954 0.0 0.4
35.562253999999996 -83.508989 0.0 0.4
35.563984999999995 -83.519077 0.0 0.4
35.564858 -83.529288 0.0 0.4
35.5657 -83.539332 0.0 0.4
35.564091999999995 -83.549369 0.0 0.4
35.564685 -83.55971199999999 0.0 0.4
35.564557 -83.569834 0.0 0.4
35.563424999999995 -83.580112 0.0 0.4
35.568405999999996 -83.589496 0.0 0.4
35.575064999999995 -83.597078 0.0 0.4
35.579575999999996 -83.60616399999999 0.0 0.4
35.574695 -83.61492899999999 0.0 0.4
35.570878 -83.62422099999999 0.0 0.4
35.569925 -83.634199 0.0 0.4
35.566053 -83.643731 0.0 0.4
35.56858 -83.653487 0.0 0.4
35.56968 -83.663583 0.0 0.4
35.569598 -83.673761 0.0 0.4
35.568901 -83.683919 0.0 0.4
35.569581 -83.694057 0.0 0.4
35.568629 -83.70415299999999 0.0 0.4
35.564924999999995 -83.713523 0.0 0.4
35.562301999999995 -83.723175 0.0 0.4
35.563956 -83.733279 0.0 0.4
35.562951999999996 -83.743348 0.0 0.4
35.563736 -83.75352699999999 0.0 0.4
35.562762 -83.763724 0.0 0.4
35.557843 -83.772579 0.0 0.4
35.550832 -83.779924 0.0 0.4
35.54717 -83.78951099999999 0.0 0.4
35.542027999999995 -83.798238 0.0 0.4
35.537566 -83.807372 0.0 0.4
35.530381 -83.814542 0.0 0.4
35.525453999999996 -83.823363 0.0 0.4
35.524082 -83.83349 0.0 0.4
35.521346 -83.843402 0.0 0.4
35.520388 -83.85341799999999 0.0 0.4
35.520861 -83.863637 0.0 0.4
35.520680999999996 -83.87375999999999 0.0 0.4
35.516053 -83.882875 0.0 0.4
35.50747 -83.888341 0.0 0.4
35.501325 -83.896374 0.0 0.4
35.492229 -83.90087899999999 0.0 0.4
35.4846 -83.907912 0.0 0.4
35.475829 -83.912795 0.0 0.4
35.474308 -83.922772 0.0 0.4
35.472622 -83.932937 0.0 0.4
35.467461 -83.941774 0.0 0.4
35.460941 -83.949649 0.0 0.4
35.464245999999996 -83.959406 0.0 0.4
35.456238 -83.965693 0.0 0.4
35.44919 -83.973157 0.0 0.4
35.444745999999995 -83.982271 0.0 0.4
35.440709999999996 -83.99147099999999 0.0 0.4
35.434222999999996 -83.999124 0.0 0.4
35.424223999999995 -84.000885 0.0 0.4
35.417812999999995 -84.00868 0.0 0.4
35.411547999999996 -84.01656799999999 0.0 0.4
35.401964 -84.019731 0.0 0.4
35.394354 -84.013111 0.0 0.4
35.384378999999996 -84.011341 0.0 0.4
35.374573 -84.008819 0.0 0.4
35.365838 -84.014072 0.0 0.4
35.357586 -84.020123 0.0 0.4
35.353778999999996 -84.02939599999999 0.0 0.4
35.34968 -84.038618 0.0 0.4
35.339884999999995 -84.036141 0.0 0.4
35.332298 -84.029613 0.0 0.4
35.323215 -84.03383199999999 0.0 0.4
35.313215 -84.035884 0.0 0.4
35.308996 -84.026519 0.0 0.4
35.299704 -84.02266499999999 0.0 0.4
35.292080999999996 -84.029454 0.0 0.4
35.286311 -84.037635 0.0 0.4
35.277904 -84.04328 0.0 0.4
35.27218 -84.05202299999999 0.0 0.4
35.267159 -84.06089 0.0 0.4
35.264016999999996 -84.070404 0.0 0.4
35.261443 -84.08028 0.0 0.4
35.253938 -84.087222 0.0 0.4
35.24825 -84.095659 0.0 0.4
35.25053 -84.10548399999999 0.0 0.4
35.250681 -84.115607 0.0 0.4
35.249212 -84.12554399999999 0.0 0.4
35.241856 -84.132331 0.0 0.4
35.246247 -84.14145599999999 0.0 0.4
35.246117 -84.151729 0.0 0.4
35.243522999999996 -84.161461 0.0 0.4
35.244721999999996 -84.171401 0.0 0.4
35.240307 -84.180494 0.0 0.4
35.241537 -84.190561 0.0 0.4
35.244924 -84.200244 0.0 0.4
35.254757999999995 -84.202817 0.0 0.4
35.262389 -84.209313 0.0 0.4
35.268141 -84.217529 0.0 0.4
35.267824999999995 -84.22767999999999 0.0 0.4
35.261157 -84.235143 0.0 0.4
35.253885 -84.24208 0.0 0.4
35.250068999999996 -84.251555 0.0 0.4
35.243648 -84.25952199999999 0.0 0.4
35.238182 -84.267943 0.0 0.4
35.233222 -84.276817 0.0 0.4
35.226254 -84.28425 0.0 0.4
35.218576999999996 -84.291065 0.0 0.4
35.20859 -84.29215599999999 0.0 0.4
35.198302999999996 -84.293402 0.0 0.4
35.188083 -84.294602 0.0 0.4
35.177893999999995 -84.29621 0.0 0.4
35.167961 -84.298103 0.0 0.4
35.15759 -84.299729 0.0 0.4
35.146936 -84.301143 0.0 0.4
35.136555 -84.302521 0.0 0.4
35.126173 -84.303899 0.0 0.4
35.116045 -84.305218 0.0 0.4
35.105931999999996 -84.306533 0.0 0.4
35.09551 -84.307886 0.0 0.4
35.085378999999996 -84.309202 0.0 0.4
35.075249 -84.31051699999999 0.0 0.4
35.064844 -84.31186799999999 0.0 0.4
35.054432 -84.313255 0.0 0.4
35.043743 -84.31469 0.0 0.4
35.033826999999995 -84.31602199999999 0.0 0.4
35.023734999999995 -84.317375 0.0 0.4
35.012771 -84.318846 0.0 0.4
35.002772 -84.320174 0.0 0.4
34.992577 -84.32136 0.0 0.4
34.988386999999996 -84.331959 0.0 0.4
34.988324 -84.342748 0.0 0.4
34.988231999999996 -84.353599 0.0 0.4
34.988268999999995 -84.363687 0.0 0.4
34.98798 -84.374915 0.0 0.4
34.988009 -84.386062 0.0 0.4
34.988032 -84.396948 0.0 0.4
34.988047 -84.408569 0.0 0.4
34.988065999999996 -84.419831 0.0 0.4
34.988082999999996 -84.430392 0.0 0.4
34.988106 -84.44471899999999 0.0 0.4
34.988123 -84.454748 0.0 0.4
34.988113999999996 -84.46599599999999 0.0 0.4
34.988183 -84.487342 0.0 0.4
34.988046 -84.499928 0.0 0.4
34.988022 -84.51106 0.0 0.4
34.988091 -84.521384 0.0 0.4
34.988126 -84.53147299999999 0.0 0.4
34.98816 -84.54147999999999 0.0 0.4
34.988206 -84.555168 0.0 0.4
34.988289 -84.566239 0.0 0.4
34.988299 -84.580868 0.0 0.4
34.988319 -84.591932 0.0 0.4
34.98831 -84.60305799999999 0.0 0.4
34.988326 -84.617244 0.0 0.4
34.987998999999995 -84.63141999999999 0.0 0.4
34.988034 -84.642366 0.0 0.4
34.988092 -84.659858 0.0 0.4
34.988108 -84.671572 0.0 0.4
34.98818 -84.68217899999999 0.0 0.4
34.988153 -84.693145 0.0 0.4
34.988116 -84.706525 0.0 0.4
34.988068999999996 -84.716762 0.0 0.4
34.988201 -84.726858 0.0 0.4
34.987888 -84.736938 0.0 0.4
34.988122 -84.749939 0.0 0.4
34.98798 -84.76548799999999 0.0 0.4
34.987884 -84.775853 0.0 0.4
34.987747 -84.79064699999999 0.0 0.4
34.98764 -84.802373 0.0 0.4
34.987753 -84.817279 0.0 0.4
34.98777 -84.829944 0.0 0.4
34.987805 -84.847582 0.0 0.4
34.987752 -84.858031 0.0 0.4
34.987883 -84.874943 0.0 0.4
34.987871 -84.885217 0.0 0.4
34.987939 -84.902231 0.0 0.4
34.987882 -84.91529799999999 0.0 0.4
34.987897 -84.925854 0.0 0.4
34.987912 -84.937595 0.0 0.4
34.987865 -84.94762899999999 0.0 0.4
34.987767 -84.96038999999999 0.0 0.4
34.987680999999995 -84.97406 0.0 0.4
34.987623 -84.98437299999999 0.0 0.4
34.987561 -84.995121 0.0 0.4
34.987384999999996 -85.00628999999999 0.0 0.4
34.987193999999995 -85.019013 0.0 0.4
34.987044 -85.030513 0.0 0.4
34.986897 -85.042875 0.0 0.4
34.986731 -85.05295699999999 0.0 0.4
34.986683 -85.06318999999999 0.0 0.4
34.98666 -85.079624 0.0 0.4
34.986564 -85.093527 0.0 0.4
34.986582 -85.104379 0.0 0.4
34.986546 -85.114739 0.0 0.4
34.986456 -85.126166 0.0 0.4
34.986454 -85.138222 0.0 0.4
34.986275 -85.150082 0.0 0.4
34.986167 -85.16125199999999 0.0 0.4
34.986014 -85.17169 0.0 0.4
34.986075 -85.182071 0.0 0.4
34.985876 -85.19233 0.0 0.4
34.985797999999996 -85.202614 0.0 0.4
34.985675 -85.215513 0.0 0.4
34.985552 -85.226224 0.0 0.4
34.985772 -85.237352 0.0 0.4
34.985329 -85.247542 0.0 0.4
34.985136 -85.25843499999999 0.0 0.4
34.985075 -85.268956 0.0 0.4
34.984904 -85.280199 0.0 0.4
34.984649 -85.29449799999999 0.0 0.4
34.984474999999996 -85.30546199999999 0.0 0.4
34.984224 -85.315472 0.0 0.4
34.984051 -85.32549399999999 0.0 0.4
34.983813999999995 -85.339899 0.0 0.4
34.983577 -85.35010299999999 0.0 0.4
34.983554999999996 -85.36033599999999 0.0 0.4
34.983035 -85.37951199999999 0.0 0.4
34.982971 -85.389629 0.0 0.4
34.982960999999996 -85.40190299999999 0.0 0.4
34.982924 -85.412188 0.0 0.4
34.982957 -85.42224399999999 0.0 0.4
34.982957999999996 -85.432329 0.0 0.4
34.983005999999996 -85.453205 0.0 0.4
34.982972 -85.463439 0.0 0.4
34.983019999999996 -85.47407299999999 0.0 0.4
34.983115999999995 -85.484697 0.0 0.4
34.983199 -85.495561 0.0 0.4
34.983498 -85.514202 0.0 0.4
34.983624999999996 -85.524221 0.0 0.4
34.983762 -85.534729 0.0 0.4
34.983955 -85.549568 0.0 0.4
34.984187 -85.567486 0.0 0.4
34.984486 -85.59048899999999 0.0 0.4
34.984593 -85.60056999999999 0.0 0.4
34.984837 -85.611494 0.0 0.4
34.985104 -85.622034 0.0 0.4
34.98535 -85.636211 0.0 0.4
34.985628999999996 -85.65461599999999 0.0 0.4
34.985831 -85.667909 0.0 0.4
34.986183 -85.690979 0.0 0.4
34.986352 -85.702067 0.0 0.4
34.986531 -85.713842 0.0 0.4
34.98672 -85.726237 0.0 0.4
34.987004 -85.744933 0.0 0.4
34.987165999999995 -85.757948 0.0 0.4
34.987322999999996 -85.772677 0.0 0.4
34.987437 -85.783435 0.0 0.4
34.987576 -85.794201 0.0 0.4
34.987774 -85.807889 0.0 0.4
34.98809 -85.822546 0.0 0.4
34.988126 -85.83653 0.0 0.4
34.988203 -85.847865 0.0 0.4
34.988243 -85.860901 0.0 0.4
34.988282 -85.873076 0.0 0.4
34.988471 -85.88441499999999 0.0 0.4
34.98856 -85.894429 0.0 0.4
34.988682 -85.908203 0.0 0.4
34.988594 -85.923475 0.0 0.4
34.988672 -85.94086899999999 0.0 0.4
34.988749 -85.954377 0.0 0.4
34.988827 -85.96780299999999 0.0 0.4
34.988907 -85.980839 0.0 0.4
34.989034 -85.99998099999999 0.0 0.4
34.989056 -86.01180599999999 0.0 0.4
34.989154 -86.02373 0.0 0.4
34.989277 -86.038669 0.0 0.4
34.989385 -86.051727 0.0 0.4
34.989512999999995 -86.06706899999999 0.0 0.4
34.989594 -86.084648 0.0 0.4
34.989703999999996 -86.099415 0.0 0.4
34.989761 -86.11582899999999 0.0 0.4
34.989827999999996 -86.133386 0.0 0.4
34.989926 -86.15275299999999 0.0 0.4
34.989982 -86.163837 0.0 0.4
34.990057 -86.178541 0.0 0.4
34.990109 -86.18882699999999 0.0 0.4
34.990176999999996 -86.202428 0.0 0.4
34.99023 -86.21284399999999 0.0 0.4
34.99031 -86.225737 0.0 0.4
34.990387 -86.237023 0.0 0.4
34.990414 -86.247525 0.0 0.4
34.990631 -86.257593 0.0 0.4
34.9909 -86.28504099999999 0.0 0.4
34.990983 -86.297007 0.0 0.4
34.991076 -86.308987 0.0 0.4
34.991192 -86.321134 0.0 0.4
34.991310999999996 -86.33377 0.0 0.4
34.991484 -86.35208399999999 0.0 0.4
34.991628 -86.367576 0.0 0.4
34.991684 -86.38430699999999 0.0 0.4
34.991642 -86.397202 0.0 0.4
34.991392 -86.408014 0.0 0.4
34.991124 -86.41813499999999 0.0 0.4
34.990958 -86.42832399999999 0.0 0.4
34.991031 -86.43920299999999 0.0 0.4
34.990935 -86.450846 0.0 0.4
34.990744 -86.46415499999999 0.0 0.4
34.990539999999996 -86.476821 0.0 0.4
34.990608 -86.487038 0.0 0.4
34.990649999999995 -86.49722299999999 0.0 0.4
34.990673 -86.507826 0.0 0.4
34.990660999999996 -86.517832 0.0 0.4
34.990677 -86.528549 0.0 0.4
34.990805 -86.538686 0.0 0.4
34.990927 -86.549441 0.0 0.4
34.990778999999996 -86.559662 0.0 0.4
34.990932 -86.569931 0.0 0.4
34.99117 -86.588416 0.0 0.4
34.991192 -86.598944 0.0 0.4
34.991371 -86.62497599999999 0.0 0.4
34.991637 -86.63756599999999 0.0 0.4
34.991766999999996 -86.65085499999999 0.0 0.4
34.991732999999996 -86.661692 0.0 0.4
34.991759 -86.671905 0.0 0.4
34.991935 -86.682806 0.0 0.4
34.992018 -86.692866 0.0 0.4
34.992124 -86.70313399999999 0.0 0.4
34.992093 -86.713276 0.0 0.4
34.991955 -86.72891 0.0 0.4
34.991982 -86.739395 0.0 0.4
34.992065 -86.749907 0.0 0.4
34.992039999999996 -86.760802 0.0 0.4
34.991994999999996 -86.77090299999999 0.0 0.4
34.991945 -86.78202499999999 0.0 0.4
34.991926 -86.79258999999999 0.0 0.4
34.991904999999996 -86.8045 0.0 0.4
34.991882 -86.814799 0.0 0.4
34.991887999999996 -86.82728999999999 0.0 0.4
34.991926 -86.837678 0.0 0.4
34.991986 -86.84781699999999 0.0 0.4
34.992065 -86.85906899999999 0.0 0.4
34.992157 -86.87330299999999 0.0 0.4
34.992464999999996 -86.888083 0.0 0.4
34.992782 -86.898613 0.0 0.4
34.992926 -86.912792 0.0 0.4
34.993424 -86.92740099999999 0.0 0.4
34.993907 -86.937456 0.0 0.4
34.994093 -86.94964399999999 0.0 0.4
34.994369 -86.96548399999999 0.0 0.4
34.994505 -86.975596 0.0 0.4
34.994685 -86.98572899999999 0.0 0.4
34.994907 -86.997197 0.0 0.4
34.995075 -87.007492 0.0 0.4
34.995453 -87.029637 0.0 0.4
34.99576 -87.04054699999999 0.0 0.4
34.996184 -87.05539499999999 0.0 0.4
34.996355 -87.07283 0.0 0.4
34.996462 -87.084881 0.0 0.4
34.996866 -87.105115 0.0 0.4
34.997144 -87.120322 0.0 0.4
34.997439 -87.13054 0.0 0.4
34.997608 -87.14056 0.0 0.4
34.997898 -87.153988 0.0 0.4
34.998273 -87.173519 0.0 0.4
34.998498 -87.18502699999999 0.0 0.4
34.998866 -87.203278 0.0 0.4
34.999105 -87.214646 0.0 0.4
34.999378 -87.225008 0.0 0.4
34.99952 -87.235297 0.0 0.4
34.999761 -87.245414 0.0 0.4
35.00005 -87.259992 0.0 0.4
35.000146 -87.27001299999999 0.0 0.4
35.000433 -87.280137 0.0 0.4
35.000625 -87.290443 0.0 0.4
35.000932 -87.302483 0.0 0.4
35.001121 -87.312951 0.0 0.4
35.001287999999995 -87.323989 0.0 0.4
35.00147 -87.335922 0.0 0.4
35.001642 -87.348219 0.0 0.4
35.001740999999996 -87.358368 0.0 0.4
35.001874 -87.36971899999999 0.0 0.4
35.001962999999996 -87.37993399999999 0.0 0.4
35.002207 -87.39147799999999 0.0 0.4
35.002375 -87.40189699999999 0.0 0.4
35.002415 -87.412031 0.0 0.4
35.002402 -87.422084 0.0 0.4
35.002776 -87.437074 0.0 0.4
35.002752 -87.449803 0.0 0.4
35.002725999999996 -87.46080599999999 0.0 0.4
35.002797 -87.472478 0.0 0.4
35.002857999999996 -87.48272399999999 0.0 0.4
35.003054 -87.492829 0.0 0.4
35.003098 -87.50396099999999 0.0 0.4
35.00306 -87.51900599999999 0.0 0.4
35.003259 -87.543706 0.0 0.4
35.003374 -87.555799 0.0 0.4
35.003478 -87.565984 0.0 0.4
35.003541999999996 -87.577243 0.0 0.4
35.003499 -87.594743 0.0 0.4
35.003464 -87.60488699999999 0.0 0.4
35.003544 -87.615155 0.0 0.4
35.003737 -87.625194 0.0 0.4
35.003707 -87.639242 0.0 0.4
35.003585 -87.65471 0.0 0.4
35.003617 -87.66580499999999 0.0 0.4
35.00371 -87.68540399999999 0.0 0.4
35.003851 -87.69684099999999 0.0 0.4
35.004087 -87.709459 0.0 0.4
35.004208 -87.720248 0.0 0.4
35.004331 -87.733965 0.0 0.4
35.004414 -87.748723 0.0 0.4
35.004661999999996 -87.759012 0.0 0.4
35.004630999999996 -87.769589 0.0 0.4
35.004915 -87.780107 0.0 0.4
35.005055999999996 -87.791817 0.0 0.4
35.005179999999996 -87.81266699999999 0.0 0.4
35.005203 -87.830514 0.0 0.4
35.005416 -87.84057 0.0 0.4
35.005561 -87.851602 0.0 0.4
35.00564 -87.861978 0.0 0.4
35.005575 -87.872694 0.0 0.4
35.005672 -87.88300000000001 0.0 0.4
35.005722999999996 -87.89740599999999 0.0 0.4
35.005732 -87.90790799999999 0.0 0.4
35.005801999999996 -87.927065 0.0 0.4
35.005831 -87.938501 0.0 0.4
35.005873 -87.95561599999999 0.0 0.4
35.005901 -87.966563 0.0 0.4
35.00591 -87.97684 0.0 0.4
35.005936999999996 -87.987127 0.0 0.4
35.005942 -88.00003199999999 0.0 0.4
35.006036 -88.011591 0.0 0.4
35.006133 -88.02269199999999 0.0 0.4
35.006225 -88.032755 0.0 0.4
35.006418 -88.048193 0.0 0.4
35.006487 -88.05980799999999 0.0 0.4
35.006608 -88.07542 0.0 0.4
35.006698 -88.08663399999999 0.0 0.4
35.006814 -88.10212399999999 0.0 0.4
35.006972999999995 -88.116289 0.0 0.4
35.007163999999996 -88.140694 0.0 0.4
35.007290999999995 -88.156531 0.0 0.4
35.007497 -88.171702 0.0 0.4
35.007698 -88.181713 0.0 0.4
35.00787 -88.191954 0.0 0.4
35.008016 -88.202109 0.0 0.4
34.997955999999995 -88.20083699999999 0.0 0.4
34.99558 -88.212525 0.0 0.4
34.995545 -88.22339699999999 0.0 0.4
34.995492999999996 -88.234527 0.0 0.4
34.995473 -88.246971 0.0 0.4
34.995477 -88.257802 0.0 0.4
34.995587 -88.271075 0.0 0.4
34.995669 -88.282882 0.0 0.4
34.995627999999996 -88.292986 0.0 0.4
34.995611 -88.305055 0.0 0.4
34.995547 -88.324319 0.0 0.4
34.995553 -88.33473699999999 0.0 0.4
34.995517 -88.345361 0.0 0.4
34.995441 -88.356569 0.0 0.4
34.99547 -88.366676 0.0 0.4
34.995609 -88.37889 0.0 0.4
34.995613999999996 -88.391038 0.0 0.4
34.995666 -88.402535 0.0 0.4
34.995732 -88.41487 0.0 0.4
34.995798 -88.42703999999999 0.0 0.4
34.995891 -88.44076199999999 0.0 0.4
34.995996 -88.451627 0.0 0.4
34.996082 -88.462819 0.0 0.4
34.996033 -88.47287999999999 0.0 0.4
34.996061999999995 -88.48758099999999 0.0 0.4
34.995889 -88.49889 0.0 0.4
34.995863 -88.509253 0.0 0.4
34.995852 -88.519789 0.0 0.4
34.995823 -88.530536 0.0 0.4
34.995720999999996 -88.54590499999999 0.0 0.4
34.995732 -88.556026 0.0 0.4
34.995712999999995 -88.568129 0.0 0.4
34.995677 -88.578791 0.0 0.4
34.995673 -88.58932 0.0 0.4
34.995652 -88.602266 0.0 0.4
34.995503 -88.613038 0.0 0.4
34.995473 -88.624918 0.0 0.4
34.995467999999995 -88.635673 0.0 0.4
34.995453999999995 -88.646129 0.0 0.4
34.995377999999995 -88.658762 0.0 0.4
34.995393 -88.67163099999999 0.0 0.4
34.99539 -88.68318 0.0 0.4
34.995321 -88.694574 0.0 0.4
34.995246 -88.708463 0.0 0.4
34.995207 -88.71852 0.0 0.4
34.995163 -88.733344 0.0 0.4
34.995179 -88.745071 0.0 0.4
34.995292 -88.75508599999999 0.0 0.4
34.995277 -88.765655 0.0 0.4
34.995261 -88.77858499999999 0.0 0.4
34.99526 -88.791088 0.0 0.4
34.995186 -88.801284 0.0 0.4
34.99517 -88.81272 0.0 0.4
34.995221 -88.82305099999999 0.0 0.4
34.995205 -88.83403299999999 0.0 0.4
34.995159 -88.84545299999999 0.0 0.4
34.995135999999995 -88.857508 0.0 0.4
34.995444 -88.868023 0.0 0.4
34.995681999999995 -88.879773 0.0 0.4
34.995854 -88.891891 0.0 0.4
34.995312 -88.911108 0.0 0.4
34.994968 -88.92138899999999 0.0 0.4
34.994837 -88.93148 0.0 0.4
34.994942 -88.948591 0.0 0.4
34.994909 -88.962498 0.0 0.4
34.994904999999996 -88.97286299999999 0.0 0.4
34.994924999999995 -88.98287599999999 0.0 0.4
34.994887 -88.993645 0.0 0.4
34.994988 -89.006965 0.0 0.4
34.994971 -89.017127 0.0 0.4
34.994911 -89.03520999999999 0.0 0.4
34.994859999999996 -89.045643 0.0 0.4
34.994806 -89.057813 0.0 0.4
34.994783 -89.070106 0.0 0.4
34.994749999999996 -89.08092599999999 0.0 0.4
34.994738999999996 -89.09095599999999 0.0 0.4
34.994727 -89.103352 0.0 0.4
34.994712 -89.115842 0.0 0.4
34.994561 -89.130517 0.0 0.4
34.994285999999995 -89.140524 0.0 0.4
34.994091999999995 -89.15068 0.0 0.4
34.993988 -89.161014 0.0 0.4
34.99414 -89.171123 0.0 0.4
34.994287 -89.182711 0.0 0.4
34.994398 -89.192925 0.0 0.4
34.994600999999996 -89.203133 0.0 0.4
34.994707999999996 -89.214987 0.0 0.4
34.994648999999995 -89.22631299999999 0.0 0.4
34.994625 -89.236914 0.0 0.4
34.994566 -89.248086 0.0 0.4
34.994526 -89.261398 0.0 0.4
34.994504 -89.272576 0.0 0.4
34.99447 -89.28271699999999 0.0 0.4
34.994415 -89.293707 0.0 0.4
34.994332 -89.30398199999999 0.0 0.4
34.994185 -89.315871 0.0 0.4
34.994073 -89.32653599999999 0.0 0.4
34.993995999999996 -89.336591 0.0 0.4
34.99388 -89.35069 0.0 0.4
34.993911 -89.362482 0.0 0.4
34.993891999999995 -89.372569 0.0 0.4
34.993879 -89.386045 0.0 0.4
34.993915 -89.40078899999999 0.0 0.4
34.993922 -89.412043 0.0 0.4
34.993874999999996 -89.42412399999999 0.0 0.4
34.993753999999996 -89.43495399999999 0.0 0.4
34.993797 -89.446331 0.0 0.4
34.993867 -89.456497 0.0 0.4
34.993896 -89.469937 0.0 0.4
34.99395 -89.48083 0.0 0.4
34.994178 -89.492693 0.0 0.4
34.994488 -89.50447 0.0 0.4
34.994745 -89.51775599999999 0.0 0.4
34.994732 -89.528313 0.0 0.4
34.994811999999996 -89.541184 0.0 0.4
34.9949 -89.5528 0.0 0.4
34.994980999999996 -89.56309 0.0 0.4
34.995022 -89.573092 0.0 0.4
34.995073 -89.58541 0.0 0.4
34.995117 -89.595635 0.0 0.4
34.995186 -89.612014 0.0 0.4
34.995186 -89.62365899999999 0.0 0.4
34.995225999999995 -89.63471299999999 0.0 0.4
34.995293 -89.647268 0.0 0.4
34.995295 -89.661592 0.0 0.4
34.995146999999996 -89.68144799999999 0.0 0.4
34.995163999999995 -89.695197 0.0 0.4
34.995281 -89.705624 0.0 0.4
34.995293 -89.71839899999999 0.0 0.4
34.994802 -89.729519 0.0 0.4
34.994833 -89.741948 0.0 0.4
34.994743 -89.75203599999999 0.0 0.4
34.994665999999995 -89.768413 0.0 0.4
34.994468 -89.78305999999999 0.0 0.4
34.994569999999996 -89.795037 0.0 0.4
34.99455 -89.805435 0.0 0.4
34.994532 -89.815438 0.0 0.4
34.994504 -89.826207 0.0 0.4
34.994437 -89.836238 0.0 0.4
34.994392 -89.846829 0.0 0.4
34.994228 -89.85911399999999 0.0 0.4
34.994282999999996 -89.86995 0.0 0.4
34.994392 -89.88337299999999 0.0 0.4
34.994495 -89.89339199999999 0.0 0.4
34.994684 -89.904522 0.0 0.4
34.994759 -89.915229 0.0 0.4
34.994831 -89.926063 0.0 0.4
34.994876 -89.936754 0.0 0.4
34.994918999999996 -89.94716299999999 0.0 0.4
34.994960999999996 -89.95736699999999 0.0 0.4
34.995007 -89.968975 0.0 0.4
34.995052 -89.980516 0.0 0.4
34.995072 -89.992271 0.0 0.4
34.995000000000005 -90.002549 0.0 0.4
34.994915999999996 -90.015408 0.0 0.4
34.994861 -90.03034099999999 0.0 0.4
34.994949 -90.041158 0.0 0.4
34.994873999999996 -90.052748 0.0 0.4
34.994864 -90.06304399999999 0.0 0.4
34.994915999999996 -90.075391 0.0 0.4
34.994835 -90.086423 0.0 0.4
34.994758 -90.09772799999999 0.0 0.4
34.994733 -90.108102 0.0 0.4
34.994698 -90.12213 0.0 0.4
34.994702 -90.134917 0.0 0.4
34.994766999999996 -90.145522 0.0 0.4
34.994862999999995 -90.160141 0.0 0.4
34.995087999999996 -90.187073 0.0 0.4
34.995188 -90.19824299999999 0.0 0.4
34.995304 -90.211147 0.0 0.4
34.995394999999995 -90.221256 0.0 0.4
34.995488 -90.231712 0.0 0.4
34.995532 -90.244829 0.0 0.4
34.995509 -90.263601 0.0 0.4
34.995494 -90.28829499999999 0.0 0.4
34.995687 -90.302645 0.0 0.4
35.002314999999996 -90.310413 0.0 0.4
35.011998 -90.307268 0.0 0.4
35.021884 -90.30464599999999 0.0 0.4
35.030696999999996 -90.299292 0.0 0.4
35.039972999999996 -90.29518999999999 0.0 0.4
35.041485 -90.28523299999999 0.0 0.4
35.040799 -90.274729 0.0 0.4
35.0403 -90.26436 0.0 0.4
35.034542 -90.256024 0.0 0.4
35.032436 -90.24592 0.0 0.4
35.031862 -90.235289 0.0 0.4
35.02928 -90.22533899999999 0.0 0.4
35.026058 -90.21580499999999 0.0 0.4
35.027042 -90.205642 0.0 0.4
35.035063 -90.19679699999999 0.0 0.4
35.042432999999996 -90.18927699999999 0.0 0.4
35.050903 -90.182777 0.0 0.4
35.061707 -90.178223 0.0 0.4
35.073553 -90.17524399999999 0.0 0.4
35.084993 -90.180987 0.0 0.4
35.096482 -90.18077699999999 0.0 0.4
35.106147 -90.178152 0.0 0.4
35.115684 -90.174638 0.0 0.4
35.123267999999996 -90.16775 0.0 0.4
35.128997999999996 -90.157828 0.0 0.4
35.133054 -90.14714699999999 0.0 0.4
35.131389999999996 -90.13637899999999 0.0 0.4
35.127252999999996 -90.126182 0.0 0.4
35.12224 -90.114109 0.0 0.4
35.118729 -90.10375599999999 0.0 0.4
35.117599 -90.09311699999999 0.0 0.4
35.121325999999996 -90.082623 0.0 0.4
35.127865 -90.07440199999999 0.0 0.4
35.136843999999996 -90.066547 0.0 0.4
35.147359 -90.064167 0.0 0.4
35.156329 -90.069358 0.0 0.4
35.159411 -90.078875 0.0 0.4
35.16412 -90.088578 0.0 0.4
35.168786 -90.09762099999999 0.0 0.4
35.174921 -90.105899 0.0 0.4
35.182836 -90.112658 0.0 0.4
35.193521 -90.116973 0.0 0.4
35.199262999999995 -90.108707 0.0 0.4
35.195136999999995 -90.098064 0.0 0.4
35.203858 -90.092907 0.0 0.4
35.211738 -90.086618 0.0 0.4
35.212094 -90.07642299999999 0.0 0.4
35.223181 -90.07758899999999 0.0 0.4
35.231035 -90.084542 0.0 0.4
35.241096999999996 -90.088454 0.0 0.4
35.248982 -90.09496999999999 0.0 0.4
35.254087 -90.104278 0.0 0.4
35.255803 -90.114389 0.0 0.4
35.254602 -90.125151 0.0 0.4
35.252583 -90.135677 0.0 0.4
35.253426 -90.145741 0.0 0.4
35.258981 -90.155264 0.0 0.4
35.266824 -90.161735 0.0 0.4
35.275546999999996 -90.167075 0.0 0.4
35.286271 -90.167215 0.0 0.4
35.296074 -90.163732 0.0 0.4
35.302105 -90.155557 0.0 0.4
35.301639 -90.14521599999999 0.0 0.4
35.299617999999995 -90.135362 0.0 0.4
35.303514 -90.125992 0.0 0.4
35.303435 -90.115905 0.0 0.4
35.311968 -90.108555 0.0 0.4
35.322448 -90.104804 0.0 0.4
35.333833 -90.100577 0.0 0.4
35.345574 -90.097242 0.0 0.4
35.356283 -90.091437 0.0 0.4
35.365598999999996 -90.08386 0.0 0.4
35.37493 -90.07826299999999 0.0 0.4
35.384972 -90.080274 0.0 0.4
35.391168 -90.088734 0.0 0.4
35.395938 -90.09766599999999 0.0 0.4
35.402709 -90.105772 0.0 0.4
35.410298 -90.112691 0.0 0.4
35.412706 -90.122405 0.0 0.4
35.413582 -90.13273699999999 0.0 0.4
35.408563 -90.14174 0.0 0.4
35.399449 -90.14616099999999 0.0 0.4
35.389455999999996 -90.14428099999999 0.0 0.4
35.380933999999996 -90.138959 0.0 0.4
35.373991 -90.146542 0.0 0.4
35.374559 -90.15899499999999 0.0 0.4
35.377493 -90.17213799999999 0.0 0.4
35.385313 -90.17934199999999 0.0 0.4
35.395455 -90.175822 0.0 0.4
35.40999 -90.170777 0.0 0.4
35.421878 -90.16888 0.0 0.4
35.428554 -90.15598299999999 0.0 0.4
35.434143 -90.14518799999999 0.0 0.4
35.438862 -90.135961 0.0 0.4
35.451867 -90.126035 0.0 0.4
35.461552 -90.12258399999999 0.0 0.4
35.470242999999996 -90.116807 0.0 0.4
35.476175 -90.108564 0.0 0.4
35.478500000000004 -90.090137 0.0 0.4
35.477067 -90.080017 0.0 0.4
35.470708 -90.07225 0.0 0.4
35.460944999999995 -90.067239 0.0 0.4
35.450548 -90.071292 0.0 0.4
35.439566 -90.074128 0.0 0.4
35.423497 -90.070616 0.0 0.4
35.41518 -90.062018 0.0 0.4
35.408132 -90.06952799999999 0.0 0.4
35.397763 -90.061154 0.0 0.4
35.389416 -90.054434 0.0 0.4
35.393049999999995 -90.04463899999999 0.0 0.4
35.401225 -90.05207399999999 0.0 0.4
35.411736999999995 -90.048086 0.0 0.4
35.415295 -90.036104 0.0 0.4
35.418779 -90.025376 0.0 0.4
35.422689 -90.01527 0.0 0.4
35.428872999999996 -90.004708 0.0 0.4
35.439031 -90.00336 0.0 0.4
35.449214 -90.00559299999999 0.0 0.4
35.458597999999995 -90.00955499999999 0.0 0.4
35.467117 -90.01489199999999 0.0 0.4
35.47445 -90.02179799999999 0.0 0.4
35.479181 -90.03061699999999 0.0 0.4
35.486028999999995 -90.038141 0.0 0.4
35.494375999999995 -90.043984 0.0 0.4
35.503628 -90.048163 0.0 0.4
35.513557 -90.049927 0.0 0.4
35.523468 -90.048405 0.0 0.4
35.532588 -90.04419399999999 0.0 0.4
35.542134 -90.040629 0.0 0.4
35.551300000000005 -90.036369 0.0 0.4
35.55549 -90.02727499999999 0.0 0.4
35.556266 -90.017285 0.0 0.4
35.560100999999996 -90.008033 0.0 0.4
35.561029 -89.997766 0.0 0.4
35.559278 -89.987273 0.0 0.4
35.554679 -89.977841 0.0 0.4
35.549110999999996 -89.969427 0.0 0.4
35.543217999999996 -89.960984 0.0 0.4
35.534651 -89.955762 0.0 0.4
35.525085 -89.95867799999999 0.0 0.4
35.519011 -89.945945 0.0 0.4
35.515743 -89.935881 0.0 0.4
35.511607 -89.92653899999999 0.0 0.4
35.511842 -89.915497 0.0 0.4
35.519348 -89.90463799999999 0.0 0.4
35.530225 -89.90231 0.0 0.4
35.537955 -89.908659 0.0 0.4
35.547973 -89.91128499999999 0.0 0.4
35.550157999999996 -89.92107899999999 0.0 0.4
35.552479999999996 -89.93095799999999 0.0 0.4
35.556264 -89.941086 0.0 0.4
35.564335 -89.947262 0.0 0.4
35.573221 -89.952686 0.0 0.4
35.582523 -89.95704099999999 0.0 0.4
35.592476 -89.95532399999999 0.0 0.4
35.599917 -89.948213 0.0 0.4
35.60445 -89.939295 0.0 0.4
35.608896 -89.92990499999999 0.0 0.4
35.612074 -89.91998 0.0 0.4
35.617594 -89.91127499999999 0.0 0.4
35.615432999999996 -89.90117699999999 0.0 0.4
35.616040999999996 -89.891182 0.0 0.4
35.622102999999996 -89.881497 0.0 0.4
35.627755 -89.872849 0.0 0.4
35.63175 -89.86169699999999 0.0 0.4
35.639008 -89.853489 0.0 0.4
35.649243999999996 -89.850923 0.0 0.4
35.659269 -89.85176899999999 0.0 0.4
35.668312 -89.857942 0.0 0.4
35.669852999999996 -89.868284 0.0 0.4
35.665914 -89.877512 0.0 0.4
35.656805999999996 -89.88328 0.0 0.4
35.652032 -89.892263 0.0 0.4
35.650895999999996 -89.902605 0.0 0.4
35.655297 -89.919285 0.0 0.4
35.661352 -89.93020899999999 0.0 0.4
35.668493999999995 -89.937491 0.0 0.4
35.678517 -89.946135 0.0 0.4
35.685976 -89.95290299999999 0.0 0.4
35.695309 -89.956785 0.0 0.4
35.705348 -89.957002 0.0 0.4
35.715387 -89.957776 0.0 0.4
35.725356 -89.95880799999999 0.0 0.4
35.732009999999995 -89.951205 0.0 0.4
35.737196 -89.94247899999999 0.0 0.4
35.745238 -89.935844 0.0 0.4
35.749401999999996 -89.926692 0.0 0.4
35.753586 -89.917345 0.0 0.4
35.759094999999995 -89.908481 0.0 0.4
35.753096 -89.899526 0.0 0.4
35.750904 -89.889642 0.0 0.4
35.753814999999996 -89.879498 0.0 0.4
35.756586999999996 -89.868758 0.0 0.4
35.7561 -89.857547 0.0 0.4
35.747924999999995 -89.8508 0.0 0.4
35.742435 -89.841532 0.0 0.4
35.745188 -89.825451 0.0 0.4
35.750462999999996 -89.813177 0.0 0.4
35.757152 -89.80072799999999 0.0 0.4
35.770458 -89.799842 0.0 0.4
35.781372999999995 -89.796917 0.0 0.4
35.79284 -89.796236 0.0 0.4
35.799379 -89.788567 0.0 0.4
35.805785 -89.77961599999999 0.0 0.4
35.808681 -89.768962 0.0 0.4
35.810438 -89.758431 0.0 0.4
35.807621 -89.748779 0.0 0.4
35.806022999999996 -89.738537 0.0 0.4
35.802558 -89.72894099999999 0.0 0.4
35.807930999999996 -89.71615399999999 0.0 0.4
35.813936 -89.70580199999999 0.0 0.4
35.820583 -89.696497 0.0 0.4
35.830674 -89.69352699999999 0.0 0.4
35.839461 -89.703645 0.0 0.4
35.843357 -89.714598 0.0 0.4
35.847006 -89.727336 0.0 0.4
35.849674 -89.737875 0.0 0.4
35.852455 -89.74783599999999 0.0 0.4
35.856117 -89.75934 0.0 0.4
35.860533 -89.76852099999999 0.0 0.4
35.869209 -89.774149 0.0 0.4
35.879489 -89.772744 0.0 0.4
35.888824 -89.76867899999999 0.0 0.4
35.896502 -89.761147 0.0 0.4
35.904641 -89.751683 0.0 0.4
35.911176 -89.743132 0.0 0.4
35.9117 -89.730552 0.0 0.4
35.908311 -89.719416 0.0 0.4
35.902564 -89.710144 0.0 0.4
35.89577 -89.700887 0.0 0.4
35.888773 -89.691132 0.0 0.4
35.881248 -89.682277 0.0 0.4
35.875364999999995 -89.673103 0.0 0.4
35.875468999999995 -89.660686 0.0 0.4
35.880659 -89.651454 0.0 0.4
35.889742 -89.643585 0.0 0.4
35.900262999999995 -89.641572 0.0 0.4
35.911333 -89.641617 0.0 0.4
35.922022999999996 -89.645151 0.0 0.4
35.930183 -89.654027 0.0 0.4
35.934743 -89.664777 0.0 0.4
35.940166999999995 -89.67329099999999 0.0 0.4
35.945024 -89.682926 0.0 0.4
35.949613 -89.693517 0.0 0.4
35.954149 -89.702975 0.0 0.4
35.959813 -89.714007 0.0 0.4
35.967673 -89.721677 0.0 0.4
35.980803 -89.72402699999999 0.0 0.4
35.991246 -89.725595 0.0 0.4
35.999435999999996 -89.73241399999999 0.0 0.4
36.000793 -89.720815 0.0 0.4
36.000980999999996 -89.706932 0.0 0.4
36.011747 -89.70051699999999 0.0 0.4
36.020506999999995 -89.692437 0.0 0.4
36.034048 -89.687254 0.0 0.4
36.045897 -89.685395 0.0 0.4
36.060714 -89.68327 0.0 0.4
36.072336 -89.681946 0.0 0.4
36.082494 -89.68002899999999 0.0 0.4
36.091837 -89.672463 0.0 0.4
36.099128 -89.657709 0.0 0.4
36.10362 -89.64301999999999 0.0 0.4
36.106853 -89.628305 0.0 0.4
36.111397 -89.619338 0.0 0.4
36.116365 -89.608791 0.0 0.4
36.121303999999995 -89.59949399999999 0.0 0.4
36.129698999999995 -89.59307 0.0 0.4
36.139821 -89.591794 0.0 0.4
36.15012 -89.59220599999999 0.0 0.4
36.160878 -89.598039 0.0 0.4
36.169585 -89.605515 0.0 0.4
36.176679 -89.613919 0.0 0.4
36.182578 -89.622677 0.0 0.4
36.18685 -89.632573 0.0 0.4
36.193447 -89.64378699999999 0.0 0.4
36.199743999999995 -89.652407 0.0 0.4
36.204879 -89.661097 0.0 0.4
36.210224 -89.67022 0.0 0.4
36.215911 -89.679548 0.0 0.4
36.222100000000005 -89.688496 0.0 0.4
36.228215999999996 -89.696694 0.0 0.4
36.235468 -89.704459 0.0 0.4
36.246004 -89.701821 0.0 0.4
36.252734 -89.694048 0.0 0.4
36.249 -89.684159 0.0 0.4
36.24873 -89.67292499999999 0.0 0.4
36.250026 -89.66026099999999 0.0 0.4
36.250067 -89.645904 0.0 0.4
36.246684 -89.63364 0.0 0.4
36.242962999999996 -89.62314599999999 0.0 0.4
36.240041999999995 -89.61354299999999 0.0 0.4
36.238105999999995 -89.602374 0.0 0.4
36.239115999999996 -89.58956099999999 0.0 0.4
36.241797999999996 -89.579003 0.0 0.4
36.247142 -89.569363 0.0 0.4
36.251042 -89.559761 0.0 0.4
36.248636 -89.54992399999999 0.0 0.4
36.248821 -89.53922899999999 0.0 0.4
36.259284 -89.53456399999999 0.0 0.4
36.272827 -89.536441 0.0 0.4
36.280003 -89.543504 0.0 0.4
36.277753 -89.554296 0.0 0.4
36.284534 -89.569886 0.0 0.4
36.289311999999995 -89.57965 0.0 0.4
36.296814 -89.58981999999999 0.0 0.4
36.302611 -89.599837 0.0 0.4
36.30826 -89.610286 0.0 0.4
36.320726 -89.619242 0.0 0.4
36.331752 -89.618464 0.0 0.4
36.340441999999996 -89.610689 0.0 0.4
36.342985 -89.600544 0.0 0.4
36.342569 -89.589821 0.0 0.4
36.341696999999996 -89.57860199999999 0.0 0.4
36.338834999999996 -89.56544699999999 0.0 0.4
36.337337999999995 -89.55371 0.0 0.4
36.337496 -89.538079 0.0 0.4
36.341679 -89.527029 0.0 0.4
36.348600000000005 -89.519 0.0 0.4
36.359897 -89.513178 0.0 0.4
36.373626 -89.509722 0.0 0.4
36.384890999999996 -89.513956 0.0 0.4
36.400445999999995 -89.52529299999999 0.0 0.4
36.416422 -89.538905 0.0 0.4
36.427079 -89.545255 0.0 0.4
36.43877 -89.54340599999999 0.0 0.4
36.446270999999996 -89.534432 0.0 0.4
36.453990999999995 -89.52519 0.0 0.4
36.464470999999996 -89.520505 0.0 0.4
36.475418999999995 -89.51950099999999 0.0 0.4
36.484166 -89.52578799999999 0.0 0.4
36.491431999999996 -89.53452399999999 0.0 0.4
36.497769999999996 -89.518757 0.0 0.4
36.497682 -89.508511 0.0 0.4
36.497596 -89.498134 0.0 0.4
36.497491 -89.485427 0.0 0.4
36.486594 -89.49031 0.0 0.4
36.476268 -89.494119 0.0 0.4
36.465968 -89.490588 0.0 0.4
36.459869 -89.48120399999999 0.0 0.4
36.457741 -89.46467799999999 0.0 0.4
36.461788999999996 -89.453514 0.0 0.4
36.469161 -89.44373499999999 0.0 0.4
36.476464 -89.43566 0.0 0.4
36.485167 -89.42736 0.0 0.4
36.493959 -89.420664 0.0 0.4
36.499081 -89.408329 0.0 0.4
36.499216 -89.39105699999999 0.0 0.4
36.500139 -89.380389 0.0 0.4
36.502221 -89.357449 0.0 0.4
36.503181999999995 -89.34661899999999 0.0 0.4
36.504312 -89.33390399999999 0.0 0.4
36.505511999999996 -89.320392 0.0 0.4
36.507006 -89.30358 0.0 0.4
36.507054 -89.292276 0.0 0.4
36.506806999999995 -89.280284 0.0 0.4
36.506561999999995 -89.26831899999999 0.0 0.4
36.506316 -89.256345 0.0 0.4
36.506054999999996 -89.241303 0.0 0.4
36.505783 -89.22336299999999 0.0 0.4
36.505607 -89.211546 0.0 0.4
36.505393 -89.197318 0.0 0.4
36.505227 -89.186324 0.0 0.4
36.504805999999995 -89.170459 0.0 0.4
36.504543999999996 -89.160253 0.0 0.4
36.50421 -89.145786 0.0 0.4
36.503915 -89.135375 0.0 0.4
36.503782 -89.124162 0.0 0.4
36.50364 -89.105961 0.0 0.4
36.503493 -89.09535 0.0 0.4
36.503296999999996 -89.08165799999999 0.0 0.4
36.50307 -89.06705099999999 0.0 0.4
36.503132 -89.055002 0.0 0.4
36.503048 -89.043623 0.0 0.4
36.502911 -89.026922 0.0 0.4
36.502807 -89.014771 0.0 0.4
36.502673 -89.004228 0.0 0.4
36.502404 -88.991485 0.0 0.4
36.502296 -88.981021 0.0 0.4
36.502167 -88.968538 0.0 0.4
36.502165 -88.95467599999999 0.0 0.4
36.502184 -88.935328 0.0 0.4
36.502226 -88.925102 0.0 0.4
36.502268 -88.914326 0.0 0.4
36.502297999999996 -88.89934199999999 0.0 0.4
36.502333 -88.889253 0.0 0.4
36.502373 -88.87920799999999 0.0 0.4
36.502402 -88.868661 0.0 0.4
36.502586 -88.856282 0.0 0.4
36.502643 -88.845029 0.0 0.4
36.502611 -88.834588 0.0 0.4
36.502643 -88.823925 0.0 0.4
36.502672 -88.81379199999999 0.0 0.4
36.502694999999996 -88.799697 0.0 0.4
36.502708 -88.789024 0.0 0.4
36.502717 -88.777192 0.0 0.4
36.502700000000004 -88.765531 0.0 0.4
36.502662 -88.750149 0.0 0.4
36.502635 -88.73310099999999 0.0 0.4
36.502648 -88.721274 0.0 0.4
36.502642 -88.706896 0.0 0.4
36.502635999999995 -88.69604 0.0 0.4
36.502592 -88.68204899999999 0.0 0.4
36.502462 -88.670867 0.0 0.4
36.502324 -88.660303 0.0 0.4
36.502202 -88.647894 0.0 0.4
36.502064 -88.636787 0.0 0.4
36.502086999999996 -88.62502599999999 0.0 0.4
36.50214 -88.60851199999999 0.0 0.4
36.502159999999996 -88.59472799999999 0.0 0.4
36.502097 -88.583075 0.0 0.4
36.502103 -88.57083999999999 0.0 0.4
36.502117 -88.560591 0.0 0.4
36.50212 -88.54885399999999 0.0 0.4
36.502100999999996 -88.537527 0.0 0.4
36.501889 -88.527125 0.0 0.4
36.501583 -88.516403 0.0 0.4
36.501311 -88.500106 0.0 0.4
36.501157 -88.489075 0.0 0.4
36.501146 -88.472472 0.0 0.4
36.501137 -88.457065 0.0 0.4
36.501197 -88.44431399999999 0.0 0.4
36.501101 -88.434105 0.0 0.4
36.500842999999996 -88.416089 0.0 0.4
36.50069 -88.40267899999999 0.0 0.4
36.500594 -88.38792 0.0 0.4
36.500544 -88.375924 0.0 0.4
36.500515 -88.362571 0.0 0.4
36.500484 -88.3476 0.0 0.4
36.500467 -88.33742699999999 0.0 0.4
36.50045 -88.32728399999999 0.0 0.4
36.500417999999996 -88.30932299999999 0.0 0.4
36.500395 -88.29810599999999 0.0 0.4
36.500353 -88.284059 0.0 0.4
36.500194 -88.26973799999999 0.0 0.4
36.500063 -88.259186 0.0 0.4
36.499894 -88.24372199999999 0.0 0.4
36.499867 -88.231989 0.0 0.4
36.499831 -88.218024 0.0 0.4
36.499642 -88.200515 0.0 0.4
36.499522 -88.189527 0.0 0.4
36.499359 -88.178106 0.0 0.4
36.499068 -88.16179799999999 0.0 0.4
36.498878 -88.151262 0.0 0.4
36.498672 -88.13773599999999 0.0 0.4
36.498576 -88.126919 0.0 0.4
36.498394 -88.116376 0.0 0.4
36.498177999999996 -88.104613 0.0 0.4
36.498003 -88.094392 0.0 0.4
36.497875 -88.084226 0.0 0.4
36.49774 -88.073618 0.0 0.4
36.497319 -88.05868699999999 0.0 0.4
36.501152 -88.049115 0.0 0.4
36.508412 -88.040539 0.0 0.4
36.518072 -88.037371 0.0 0.4
36.527845 -88.034683 0.0 0.4
36.538095 -88.032541 0.0 0.4
36.548646 -88.033733 0.0 0.4
36.560189 -88.03509299999999 0.0 0.4
36.574861 -88.03995599999999 0.0 0.4
36.585161 -88.041444 0.0 0.4
36.595979 -88.043436 0.0 0.4
36.605779 -88.04565699999999 0.0 0.4
36.620809 -88.051582 0.0 0.4
36.63034 -88.05562499999999 0.0 0.4
36.640343 -88.05701599999999 0.0 0.4
36.649152 -88.063148 0.0 0.4
36.65959 -88.068057 0.0 0.4
36.671994 -88.069808 0.0 0.4
36.678104 -88.060589 0.0 0.4
36.677963999999996 -88.050174 0.0 0.4
36.67794 -88.036883 0.0 0.4
36.677667 -88.026716 0.0 0.4
36.677220999999996 -88.013139 0.0 0.4
36.676216 -88.00209 0.0 0.4
36.673957 -87.97874499999999 0.0 0.4
36.67299 -87.968761 0.0 0.4
36.671853 -87.95699499999999 0.0 0.4
36.670747 -87.94557499999999 0.0 0.4
36.669212 -87.929728 0.0 0.4
36.668144999999996 -87.91667799999999 0.0 0.4
36.667203 -87.904825 0.0 0.4
36.666491 -87.893531 0.0 0.4
36.665588 -87.8792 0.0 0.4
36.664789999999996 -87.866828 0.0 0.4
36.663908 -87.8529 0.0 0.4
36.649874 -87.851253 0.0 0.4
36.638099 -87.85270799999999 0.0 0.4
36.633575 -87.842451 0.0 0.4
36.634042 -87.830058 0.0 0.4
36.634398 -87.818528 0.0 0.4
36.634716 -87.804216 0.0 0.4
36.635155999999995 -87.783722 0.0 0.4
36.635442 -87.770601 0.0 0.4
36.635721 -87.757729 0.0 0.4
36.635968999999996 -87.74664299999999 0.0 0.4
36.636252999999996 -87.733775 0.0 0.4
36.636721 -87.713527 0.0 0.4
36.637025 -87.698842 0.0 0.4
36.637215 -87.688771 0.0 0.4
36.637462 -87.676121 0.0 0.4
36.637668999999995 -87.6656 0.0 0.4
36.637904 -87.654353 0.0 0.4
36.638109 -87.64115699999999 0.0 0.4
36.638241 -87.63063199999999 0.0 0.4
36.638374 -87.61710699999999 0.0 0.4
36.638481999999996 -87.603562 0.0 0.4
36.638625 -87.585653 0.0 0.4
36.638726 -87.57293 0.0 0.4
36.638811 -87.562241 0.0 0.4
36.638892 -87.552199 0.0 0.4
36.639151999999996 -87.54099 0.0 0.4
36.639489 -87.523062 0.0 0.4
36.639973999999995 -87.496248 0.0 0.4
36.640274 -87.481427 0.0 0.4
36.640502999999995 -87.467006 0.0 0.4
36.640617 -87.45676399999999 0.0 0.4
36.640741 -87.445568 0.0 0.4
36.640854 -87.435386 0.0 0.4
36.640949 -87.425277 0.0 0.4
36.641051999999995 -87.414296 0.0 0.4
36.64118 -87.400623 0.0 0.4
36.641315 -87.386316 0.0 0.4
36.641408999999996 -87.376159 0.0 0.4
36.641498999999996 -87.361977 0.0 0.4
36.641585 -87.34763799999999 0.0 0.4
36.641659 -87.33597999999999 0.0 0.4
36.641667999999996 -87.32392999999999 0.0 0.4
36.641725 -87.30090899999999 0.0 0.4
36.641762 -87.28840699999999 0.0 0.4
36.641765 -87.27836599999999 0.0 0.4
36.641740999999996 -87.264568 0.0 0.4
36.641718 -87.25004 0.0 0.4
36.641760999999995 -87.239954 0.0 0.4
36.641805 -87.22917199999999 0.0 0.4
36.641875 -87.21279299999999 0.0 0.4
36.641933 -87.198701 0.0 0.4
36.642035 -87.17427699999999 0.0 0.4
36.642084 -87.16269199999999 0.0 0.4
36.642134 -87.150838 0.0 0.4
36.642182 -87.139389 0.0 0.4
36.642303999999996 -87.121667 0.0 0.4
36.642466999999996 -87.106152 0.0 0.4
36.642579999999995 -87.095208 0.0 0.4
36.64273 -87.07049099999999 0.0 0.4
36.643056 -87.05618 0.0 0.4
36.643854999999995 -87.0198 0.0 0.4
36.644104999999996 -87.00859 0.0 0.4
36.644337 -86.987462 0.0 0.4
36.644511 -86.973984 0.0 0.4
36.644922 -86.957234 0.0 0.4
36.645179999999996 -86.945987 0.0 0.4
36.645514999999996 -86.930065 0.0 0.4
36.645917 -86.919986 0.0 0.4
36.646209 -86.90964 0.0 0.4
36.646611 -86.894064 0.0 0.4
36.646726 -86.88201099999999 0.0 0.4
36.646879 -86.868515 0.0 0.4
36.647006 -86.85404 0.0 0.4
36.647193 -86.843383 0.0 0.4
36.647400999999995 -86.83288999999999 0.0 0.4
36.647687 -86.818411 0.0 0.4
36.647968999999996 -86.80551 0.0 0.4
36.648368999999995 -86.788398 0.0 0.4
36.648674 -86.77533 0.0 0.4
36.648953999999996 -86.763296 0.0 0.4
36.648939 -86.749904 0.0 0.4
36.648897999999996 -86.734208 0.0 0.4
36.649173 -86.721249 0.0 0.4
36.649501 -86.708046 0.0 0.4
36.649771 -86.692534 0.0 0.4
36.650154 -86.679197 0.0 0.4
36.65057 -86.664726 0.0 0.4
36.650862 -86.653037 0.0 0.4
36.651153 -86.642066 0.0 0.4
36.651641999999995 -86.625986 0.0 0.4
36.652086 -86.605986 0.0 0.4
36.652347999999996 -86.59422699999999 0.0 0.4
36.647524 -86.583215 0.0 0.4
36.641051 -86.574399 0.0 0.4
36.63487 -86.56600399999999 0.0 0.4
36.636567 -86.555452 0.0 0.4
36.644177 -86.54570799999999 0.0 0.4
36.644416 -86.531778 0.0 0.4
36.647636999999996 -86.52208499999999 0.0 0.4
36.652378999999996 -86.507781 0.0 0.4
36.652235999999995 -86.497429 0.0 0.4
36.652117 -86.485832 0.0 0.4
36.651931 -86.474526 0.0 0.4
36.651762999999995 -86.464218 0.0 0.4
36.651537 -86.450319 0.0 0.4
36.651388 -86.439657 0.0 0.4
36.651215 -86.42773 0.0 0.4
36.650996 -86.415418 0.0 0.4
36.650735 -86.40314699999999 0.0 0.4
36.650197 -86.37959 0.0 0.4
36.649726 -86.358661 0.0 0.4
36.64922 -86.347433 0.0 0.4
36.648700999999996 -86.332126 0.0 0.4
36.647798 -86.321782 0.0 0.4
36.64648 -86.30667 0.0 0.4
36.645565 -86.29619699999999 0.0 0.4
36.644176 -86.273432 0.0 0.4
36.643589999999996 -86.263161 0.0 0.4
36.642893 -86.251936 0.0 0.4
36.641878 -86.236155 0.0 0.4
36.641315 -86.225856 0.0 0.4
36.6404 -86.209166 0.0 0.4
36.639739 -86.198037 0.0 0.4
36.639235 -86.186562 0.0 0.4
36.638442 -86.17517099999999 0.0 0.4
36.637747999999995 -86.16509099999999 0.0 0.4
36.63681 -86.14406 0.0 0.4
36.636103 -86.12820599999999 0.0 0.4
36.635491 -86.11450099999999 0.0 0.4
36.634997999999996 -86.103434 0.0 0.4
36.634049 -86.082109 0.0 0.4
36.633513 -86.07157199999999 0.0 0.4
36.63263 -86.059349 0.0 0.4
36.631555 -86.044521 0.0 0.4
36.630736 -86.032922 0.0 0.4
36.630159 -86.021654 0.0 0.4
36.629552 -86.006113 0.0 0.4
36.629021 -85.99114999999999 0.0 0.4
36.628644 -85.980662 0.0 0.4
36.628076 -85.966991 0.0 0.4
36.627589 -85.956216 0.0 0.4
36.626702 -85.936385 0.0 0.4
36.626058 -85.921962 0.0 0.4
36.625538999999996 -85.910365 0.0 0.4
36.623999 -85.875956 0.0 0.4
36.623518 -85.864943 0.0 0.4
36.623028 -85.85366599999999 0.0 0.4
36.6221 -85.832432 0.0 0.4
36.622153 -85.81107399999999 0.0 0.4
36.622186 -85.79742399999999 0.0 0.4
36.621899 -85.783519 0.0 0.4
36.621516 -85.771312 0.0 0.4
36.621097999999996 -85.758573 0.0 0.4
36.620624 -85.744513 0.0 0.4
36.620517 -85.733734 0.0 0.4
36.619991999999996 -85.721282 0.0 0.4
36.619318 -85.70505899999999 0.0 0.4
36.618912 -85.694203 0.0 0.4
36.618223 -85.67653 0.0 0.4
36.618307 -85.666437 0.0 0.4
36.617605 -85.645365 0.0 0.4
36.617405999999995 -85.63233 0.0 0.4
36.617135 -85.61876699999999 0.0 0.4
36.616799 -85.603847 0.0 0.4
36.616588 -85.593358 0.0 0.4
36.616355 -85.58130799999999 0.0 0.4
36.616113 -85.568803 0.0 0.4
36.615916999999996 -85.556483 0.0 0.4
36.615629 -85.538077 0.0 0.4
36.615247 -85.520376 0.0 0.4
36.614993999999996 -85.50859299999999 0.0 0.4
36.615199 -85.49228699999999 0.0 0.4
36.616226999999995 -85.475259 0.0 0.4
36.617515999999995 -85.454708 0.0 0.4
36.618139 -85.44471 0.0 0.4
36.618815 -85.43387299999999 0.0 0.4
36.619243 -85.421556 0.0 0.4
36.619907 -85.403796 0.0 0.4
36.620369 -85.392878 0.0 0.4
36.620826 -85.382476 0.0 0.4
36.621355 -85.372092 0.0 0.4
36.621919 -85.35862 0.0 0.4
36.622717 -85.34034899999999 0.0 0.4
36.624198 -85.32677199999999 0.0 0.4
36.624463999999996 -85.303687 0.0 0.4
36.626414 -85.29172899999999 0.0 0.4
36.626823 -85.276922 0.0 0.4
36.626622 -85.26562799999999 0.0 0.4
36.626337 -85.250661 0.0 0.4
36.626149 -85.240162 0.0 0.4
36.625949 -85.22894199999999 0.0 0.4
36.625682 -85.214038 0.0 0.4
36.625505 -85.20393299999999 0.0 0.4
36.625277 -85.190361 0.0 0.4
36.625008 -85.175692 0.0 0.4
36.624365 -85.154375 0.0 0.4
36.624034 -85.14338699999999 0.0 0.4
36.623652 -85.13105499999999 0.0 0.4
36.623215 -85.118389 0.0 0.4
36.622633 -85.10324299999999 0.0 0.4
36.622005 -85.088348 0.0 0.4
36.621547 -85.078176 0.0 0.4
36.620303 -85.049583 0.0 0.4
36.619323 -85.02741999999999 0.0 0.4
36.617627 -85.000779 0.0 0.4
36.615465 -84.974811 0.0 0.4
36.614270999999995 -84.961844 0.0 0.4
36.612237 -84.941513 0.0 0.4
36.611264 -84.92945499999999 0.0 0.4
36.610479 -84.917504 0.0 0.4
36.609622 -84.90513899999999 0.0 0.4
36.608647999999995 -84.8904 0.0 0.4
36.607985 -84.880229 0.0 0.4
36.606649999999995 -84.859853 0.0 0.4
36.605243 -84.83952699999999 0.0 0.4
36.604514 -84.829123 0.0 0.4
36.604259 -84.81898199999999 0.0 0.4
36.604012999999995 -84.808692 0.0 0.4
36.603719999999996 -84.79699099999999 0.0 0.4
36.603446 -84.785761 0.0 0.4
36.603072999999995 -84.77088499999999 0.0 0.4
36.60257 -84.749949 0.0 0.4
36.602194 -84.72934699999999 0.0 0.4
36.601707999999995 -84.702709 0.0 0.4
36.601363 -84.685446 0.0 0.4
36.600919999999995 -84.669651 0.0 0.4
36.600612 -84.658441 0.0 0.4
36.600294999999996 -84.64777699999999 0.0 0.4
36.599539 -84.62490199999999 0.0 0.4
36.598789 -84.60547199999999 0.0 0.4
36.598233 -84.591105 0.0 0.4
36.597657999999996 -84.576216 0.0 0.4
36.597133 -84.56259899999999 0.0 0.4
36.596384 -84.542599 0.0 0.4
36.596416999999995 -84.521745 0.0 0.4
36.596565 -84.501395 0.0 0.4
36.596582 -84.490822 0.0 0.4
36.5965 -84.48021 0.0 0.4
36.596385 -84.467382 0.0 0.4
36.596226 -84.450491 0.0 0.4
36.596015 -84.43910199999999 0.0 0.4
36.595762 -84.426448 0.0 0.4
36.595421 -84.409437 0.0 0.4
36.595152999999996 -84.398331 0.0 0.4
36.594691 -84.38018199999999 0.0 0.4
36.59418 -84.361215 0.0 0.4
36.593728999999996 -84.34454099999999 0.0 0.4
36.593123 -84.322265 0.0 0.4
36.592394 -84.29703099999999 0.0 0.4
36.591871 -84.277962 0.0 0.4
36.591784 -84.261337 0.0 0.4
36.592048999999996 -84.22785999999999 0.0 0.4
36.591977 -84.217458 0.0 0.4
36.591868999999996 -84.201258 0.0 0.4
36.591801 -84.191244 0.0 0.4
36.591623999999996 -84.165387 0.0 0.4
36.591507 -84.149869 0.0 0.4
36.591418 -84.137999 0.0 0.4
36.591361 -84.127448 0.0 0.4
36.591315 -84.106805 0.0 0.4
36.590962999999995 -84.087295 0.0 0.4
36.590661 -84.073326 0.0 0.4
36.590505 -84.059114 0.0 0.4
36.590339 -84.044011 0.0 0.4
36.590207 -84.03179899999999 0.0 0.4
36.590088 -84.020983 0.0 0.4
36.589971999999996 -84.010415 0.0 0.4
36.589856999999995 -83.999943 0.0 0.4
36.589529999999996 -83.98950099999999 0.0 0.4
36.589074 -83.974938 0.0 0.4
36.58853 -83.957537 0.0 0.4
36.588082 -83.943231 0.0 0.4
36.587697999999996 -83.93091299999999 0.0 0.4
36.587343 -83.91950899999999 0.0 0.4
36.586946 -83.906705 0.0 0.4
36.586631 -83.896531 0.0 0.4
36.586233 -83.88365499999999 0.0 0.4
36.585923 -83.873541 0.0 0.4
36.585625 -83.861002 0.0 0.4
36.585181999999996 -83.842282 0.0 0.4
36.584911999999996 -83.830912 0.0 0.4
36.584573999999996 -83.816681 0.0 0.4
36.584222 -83.801917 0.0 0.4
36.583977 -83.79070899999999 0.0 0.4
36.583769 -83.780033 0.0 0.4
36.58351 -83.76487 0.0 0.4
36.583376 -83.753974 0.0 0.4
36.583206 -83.739858 0.0 0.4
36.582997999999996 -83.723553 0.0 0.4
36.582845999999996 -83.710989 0.0 0.4
36.582665 -83.69633 0.0 0.4
36.588048 -83.686909 0.0 0.4
36.595742 -83.6786 0.0 0.4
36.60076 -83.66978499999999 0.0 0.4
36.600395999999996 -83.659413 0.0 0.4
36.600001999999996 -83.645586 0.0 0.4
36.59914 -83.63473499999999 0.0 0.4
36.598358 -83.62473299999999 0.0 0.4
36.597895 -83.609246 0.0 0.4
36.597797 -83.599085 0.0 0.4
36.597633 -83.583326 0.0 0.4
36.597535 -83.572435 0.0 0.4
36.597432 -83.56195 0.0 0.4
36.59737 -83.551795 0.0 0.4
36.597344 -83.54155999999999 0.0 0.4
36.597317 -83.531303 0.0 0.4
36.59729 -83.520831 0.0 0.4
36.59726 -83.509647 0.0 0.4
36.597241 -83.495571 0.0 0.4
36.597260999999996 -83.48492999999999 0.0 0.4
36.597280999999995 -83.47370599999999 0.0 0.4
36.597313 -83.455508 0.0 0.4
36.597332 -83.44532799999999 0.0 0.4
36.597364 -83.426611 0.0 0.4
36.597384999999996 -83.415105 0.0 0.4
36.597384999999996 -83.389938 0.0 0.4
36.597386 -83.377602 0.0 0.4
36.597552 -83.35656 0.0 0.4
36.597643999999995 -83.346457 0.0 0.4
36.59775 -83.33482699999999 0.0 0.4
36.597831 -83.32469499999999 0.0 0.4
36.597930999999996 -83.31118599999999 0.0 0.4
36.598015 -83.299756 0.0 0.4
36.598112 -83.286326 0.0 0.4
36.598186999999996 -83.2763 0.0 0.4
36.594739 -83.264112 0.0 0.4
36.593925 -83.252629 0.0 0.4
36.593885 -83.242381 0.0 0.4
36.593924 -83.228259 0.0 0.4
36.593914999999996 -83.21481 0.0 0.4
36.593899 -83.192562 0.0 0.4
36.593888 -83.178084 0.0 0.4
36.593931999999995 -83.165465 0.0 0.4
36.593983 -83.151951 0.0 0.4
36.594032 -83.139562 0.0 0.4
36.594089 -83.124893 0.0 0.4
36.594063 -83.113097 0.0 0.4
36.59404 -83.101957 0.0 0.4
36.593986 -83.076414 0.0 0.4
36.593968 -83.065513 0.0 0.4
36.593947 -83.055101 0.0 0.4
36.593917 -83.040615 0.0 0.4
36.593896 -83.030266 0.0 0.4
36.593883999999996 -83.018301 0.0 0.4
36.593851 -83.005327 0.0 0.4
36.593714 -82.994513 0.0 0.4
36.593745 -82.980706 0.0 0.4
36.59379 -82.968386 0.0 0.4
36.59377 -82.956794 0.0 0.4
36.593751 -82.946739 0.0 0.4
36.593685 -82.932926 0.0 0.4
36.593661 -82.91973399999999 0.0 0.4
36.59361 -82.909672 0.0 0.4
36.593542 -82.899368 0.0 0.4
36.593469 -82.889318 0.0 0.4
36.593489999999996 -82.877904 0.0 0.4
36.593652 -82.858133 0.0 0.4
36.593747 -82.84387199999999 0.0 0.4
36.593772 -82.832618 0.0 0.4
36.593720999999995 -82.822462 0.0 0.4
36.593702 -82.812161 0.0 0.4
36.593768 -82.80045799999999 0.0 0.4
36.593759 -82.79015199999999 0.0 0.4
36.593742 -82.779787 0.0 0.4
36.593744 -82.769764 0.0 0.4
36.593694 -82.75768099999999 0.0 0.4
36.593619 -82.745116 0.0 0.4
36.593609 -82.73337 0.0 0.4
36.593636 -82.723182 0.0 0.4
36.593661999999995 -82.712902 0.0 0.4
36.593689 -82.702364 0.0 0.4
36.593734999999995 -82.691803 0.0 0.4
36.593706 -82.681799 0.0 0.4
36.593717999999996 -82.671021 0.0 0.4
36.593768 -82.660572 0.0 0.4
36.593798 -82.649924 0.0 0.4
36.593784 -82.63627799999999 0.0 0.4
36.5938 -82.624877 0.0 0.4
36.59401 -82.614711 0.0 0.4
36.594162 -82.60050799999999 0.0 0.4
36.594336999999996 -82.58968399999999 0.0 0.4
36.594500000000004 -82.578175 0.0 0.4
36.594688 -82.56769 0.0 0.4
36.594809999999995 -82.55730899999999 0.0 0.4
36.594997 -82.545644 0.0 0.4
36.595165 -82.53483 0.0 0.4
36.595293999999996 -82.522483 0.0 0.4
36.595427 -82.509631 0.0 0.4
36.595569999999995 -82.497222 0.0 0.4
36.595822 -82.486994 0.0 0.4
36.595234999999995 -82.475445 0.0 0.4
36.594487 -82.465058 0.0 0.4
36.594764 -82.450763 0.0 0.4
36.595006999999995 -82.427954 0.0 0.4
36.595015 -82.416557 0.0 0.4
36.595012 -82.406058 0.0 0.4
36.594982 -82.387399 0.0 0.4
36.595000999999996 -82.374866 0.0 0.4
36.595169 -82.356394 0.0 0.4
36.595354 -82.338786 0.0 0.4
36.595475 -82.326477 0.0 0.4
36.595607 -82.31261099999999 0.0 0.4
36.595697 -82.294134 0.0 0.4
36.595676999999995 -82.278132 0.0 0.4
36.595638 -82.266966 0.0 0.4
36.595589 -82.255684 0.0 0.4
36.595645999999995 -82.24409 0.0 0.4
36.595673999999995 -82.233165 0.0 0.4
36.596008 -82.22303 0.0 0.4
36.595808999999996 -82.212847 0.0 0.4
36.595535999999996 -82.202844 0.0 0.4
36.595258 -82.19282 0.0 0.4
36.594983 -82.182496 0.0 0.4
36.594604 -82.172384 0.0 0.4
36.594608 -82.162116 0.0 0.4
36.594709 -82.151926 0.0 0.4
36.594742 -82.139917 0.0 0.4
36.594775 -82.128632 0.0 0.4
36.594563 -82.117837 0.0 0.4
36.594711 -82.107743 0.0 0.4
36.594739 -82.09764799999999 0.0 0.4
36.594685 -82.087375 0.0 0.4
36.594657999999995 -82.07732299999999 0.0 0.4
36.594589 -82.06454 0.0 0.4
36.594446 -82.054417 0.0 0.4
36.594412999999996 -82.040257 0.0 0.4
36.594443 -82.029095 0.0 0.4
36.594215 -82.01677099999999 0.0 0.4
36.594422 -82.006744 0.0 0.4
36.594445 -81.995871 0.0 0.4
36.594401 -81.984651 0.0 0.4
36.594358 -81.97349899999999 0.0 0.4
36.594322 -81.962858 0.0 0.4
36.594283 -81.95264399999999 0.0 0.4
36.594212999999996 -81.93414399999999 0.0 0.4
36.603108 -81.929496 0.0 0.4
36.6129 -81.924375 0.0 0.4
36.61607 -81.914509 0.0 0.4
36.615708999999995 -81.896616 0.0 0.4
36.615348999999995 -81.879041 0.0 0.4
36.615151 -81.867285 0.0 0.4
36.614992 -81.856742 0.0 0.4
36.614815 -81.844842 0.0 0.4
36.614543 -81.834443 0.0 0.4
36.614135 -81.823374 0.0 0.4
36.613859999999995 -81.81188999999999 0.0 0.4
36.613617999999995 -81.801716 0.0 0.4
36.613355999999996 -81.79007899999999 0.0 0.4
36.612942 -81.77141499999999 0.0 0.4
36.61278 -81.760994 0.0 0.4
36.612626 -81.750485 0.0 0.4
36.612379 -81.73693999999999 0.0 0.4
36.61232 -81.71582 0.0 0.4
36.612257 -81.70459699999999 0.0 0.4
36.612091 -81.69298599999999 0.0 0.4
36.612134 -81.682289 0.0 0.4
36.612071 -81.671246 0.0 0.4
36.611999 -81.658397 0.0 0.4
36.611917999999996 -81.6469 0.0 0.4
36.60574 -81.65484599999999 0.0 0.4
36.596351999999996 -81.666884 0.0 0.4
36.588136999999996 -81.67748999999999 0.0 0.4
36.578123999999995 -81.67911199999999 0.0 0.4
36.568551 -81.682249 0.0 0.4
36.563919 -81.691177 0.0 0.4
36.553747 -81.69090899999999 0.0 0.4
36.545415999999996 -81.696466 0.0 0.4
36.536452 -81.701027 0.0 0.4
36.52845 -81.707337 0.0 0.4
36.519726 -81.70241999999999 0.0 0.4
36.510069 -81.698515 0.0 0.4
36.500116999999996 -81.699942 0.0 0.4
36.490456 -81.697034 0.0 0.4
36.480438 -81.695949 0.0 0.4
36.470333 -81.696002 0.0 0.4
36.463425 -81.70336999999999 0.0 0.4
36.458807 -81.712308 0.0 0.4
36.448937 -81.714216 0.0 0.4
36.438984999999995 -81.71528699999999 0.0 0.4
36.429328999999996 -81.717895 0.0 0.4
36.42126 -81.723984 0.0 0.4
36.414817 -81.731636 0.0 0.4
36.412676 -81.741446 0.0 0.4
36.402608 -81.74112 0.0 0.4
36.39434 -81.735227 0.0 0.4
36.385867999999995 -81.729906 0.0 0.4
36.375952999999996 -81.731844 0.0 0.4
36.367436999999995 -81.72644 0.0 0.4
36.357579 -81.724351 0.0 0.4
36.349005 -81.719081 0.0 0.4
36.346531 -81.709215 0.0 0.4
36.336645 -81.707244 0.0 0.4
36.336238 -81.717306 0.0 0.4
36.340725 -81.72625699999999 0.0 0.4
36.342971999999996 -81.736029 0.0 0.4
36.337824 -81.74462199999999 0.0 0.4
36.337050999999995 -81.75461899999999 0.0 0.4
36.338778 -81.764703 0.0 0.4
36.343508 -81.77357599999999 0.0 0.4
36.347557 -81.782721 0.0 0.4
36.352911999999996 -81.791169 0.0 0.4
36.358295999999996 -81.7996 0.0 0.4
36.353795 -81.808684 0.0 0.4
36.35053 -81.818179 0.0 0.4
36.348382 -81.827951 0.0 0.4
36.345079999999996 -81.837396 0.0 0.4
36.340156 -81.846192 0.0 0.4
36.336394999999996 -81.85572499999999 0.0 0.4
36.329986999999996 -81.8635 0.0 0.4
36.322807999999995 -81.870482 0.0 0.4
36.315422 -81.877286 0.0 0.4
36.310144 -81.885792 0.0 0.4
36.307167 -81.895352 0.0 0.4
36.303638 -81.90482899999999 0.0 0.4
36.292626 -81.914419 0.0 0.4
36.284155999999996 -81.92012 0.0 0.4
36.275656999999995 -81.925823 0.0 0.4
36.267133 -81.931547 0.0 0.4
36.258784 -81.937151 0.0 0.4
36.250622 -81.943165 0.0 0.4
36.242712 -81.949287 0.0 0.4
36.234604999999995 -81.955253 0.0 0.4
36.226369999999996 -81.961169 0.0 0.4
36.217984 -81.966881 0.0 0.4
36.209668 -81.972517 0.0 0.4
36.201336 -81.97816 0.0 0.4
36.192858 -81.983862 0.0 0.4
36.184421 -81.989577 0.0 0.4
36.176111999999996 -81.995218 0.0 0.4
36.16765 -82.000964 0.0 0.4
36.159376 -82.006688 0.0 0.4
36.151146 -82.012394 0.0 0.4
36.142886 -82.018138 0.0 0.4
36.134583 -82.023876 0.0 0.4
36.125665999999995 -82.028471 0.0 0.4
36.121097999999996 -82.037633 0.0 0.4
36.125623999999995 -82.046886 0.0 0.4
36.123523 -82.05669499999999 0.0 0.4
36.114426 -82.061024 0.0 0.4
36.110341 -82.070201 0.0 0.4
36.106601999999995 -82.079681 0.0 0.4
36.106100000000005 -82.090004 0.0 0.4
36.105671 -82.10031 0.0 0.4
36.106814 -82.11024599999999 0.0 0.4
36.104666 -82.120198 0.0 0.4
36.104559 -82.130225 0.0 0.4
36.113847 -82.13456 0.0 0.4
36.123663 -82.136791 0.0 0.4
36.133311 -82.139455 0.0 0.4
36.142088 -82.144472 0.0 0.4
36.148641 -82.152084 0.0 0.4
36.146615 -82.162154 0.0 0.4
36.146533 -82.172568 0.0 0.4
36.143587 -82.182176 0.0 0.4
36.150368 -82.189691 0.0 0.4
36.152735 -82.19944199999999 0.0 0.4
36.157326999999995 -82.20834099999999 0.0 0.4
36.156994999999995 -82.218593 0.0 0.4
