39.906096999999995 -114.047026 0.0 0.4
39.923293 -114.046987 0.0 0.4
39.94151 -114.046981 0.0 0.4
39.963133 -114.046954 0.0 0.4
39.980588999999995 -114.046896 0.0 0.4
39.99379 -114.046843 0.0 0.4
40.004729999999995 -114.046802 0.0 0.4
40.020572 -114.046768 0.0 0.4
40.037394 -114.04673 0.0 0.4
40.048685 -114.046694 0.0 0.4
40.060511999999996 -114.04668 0.0 0.4
40.073203 -114.046695 0.0 0.4
40.087655999999996 -114.04670899999999 0.0 0.4
40.099672 -114.046685 0.0 0.4
40.110047 -114.046645 0.0 0.4
40.122456 -114.046585 0.0 0.4
40.135217999999995 -114.046496 0.0 0.4
40.154056 -114.046564 0.0 0.4
40.176511 -114.046409 0.0 0.4
40.200075999999996 -114.046584 0.0 0.4
40.211388 -114.046543 0.0 0.4
40.223231 -114.046492 0.0 0.4
40.234656 -114.046374 0.0 0.4
40.249933 -114.046334 0.0 0.4
40.26166 -114.046303 0.0 0.4
40.272631 -114.046274 0.0 0.4
40.282866 -114.046217 0.0 0.4
40.292974 -114.046193 0.0 0.4
40.303021 -114.04619 0.0 0.4
40.315483 -114.046182 0.0 0.4
40.329419 -114.046162 0.0 0.4
40.341009 -114.046136 0.0 0.4
40.351351 -114.046112 0.0 0.4
40.361599 -114.046082 0.0 0.4
40.372506 -114.046078 0.0 0.4
40.388453 -114.046035 0.0 0.4
40.398551 -114.046083 0.0 0.4
40.409955 -114.045922 0.0 0.4
40.420753999999995 -114.045723 0.0 0.4
40.43082 -114.04507 0.0 0.4
40.443228999999995 -114.045117 0.0 0.4
40.457386 -114.045327 0.0 0.4
40.484398 -114.045458 0.0 0.4
40.494744999999995 -114.045444 0.0 0.4
40.504982999999996 -114.045374 0.0 0.4
40.518228 -114.045283 0.0 0.4
40.578953 -114.04485 0.0 0.4
40.60742 -114.04467 0.0 0.4
40.624739999999996 -114.044529 0.0 0.4
40.635101999999996 -114.044441 0.0 0.4
40.668957999999996 -114.044161 0.0 0.4
40.682460999999996 -114.04405 0.0 0.4
40.693162 -114.043982 0.0 0.4
40.704236 -114.043907 0.0 0.4
40.714940999999996 -114.043834 0.0 0.4
40.726034 -114.043762 0.0 0.4
40.737989999999996 -114.043657 0.0 0.4
40.749823 -114.043484 0.0 0.4
40.762207 -114.043302 0.0 0.4
40.773089 -114.043147 0.0 0.4
40.795071 -114.042874 0.0 0.4
40.806129 -114.042886 0.0 0.4
40.816629999999996 -114.042821 0.0 0.4
40.826958 -114.042798 0.0 0.4
40.845903 -114.042674 0.0 0.4
40.867649 -114.042637 0.0 0.4
40.878084 -114.04254 0.0 0.4
40.888352 -114.042502 0.0 0.4
40.91693 -114.042379 0.0 0.4
40.928888 -114.042321 0.0 0.4
40.942091999999995 -114.042302 0.0 0.4
40.952297 -114.042276 0.0 0.4
40.963912 -114.042232 0.0 0.4
40.976977999999995 -114.042175 0.0 0.4
40.991312 -114.04209 0.0 0.4
41.001562 -114.042016 0.0 0.4
41.017874 -114.041829 0.0 0.4
41.030705 -114.041815 0.0 0.4
41.055588 -114.041695 0.0 0.4
41.103927999999996 -114.041521 0.0 0.4
41.114830999999995 -114.041547 0.0 0.4
41.125226 -114.04156 0.0 0.4
41.136396 -114.041499 0.0 0.4
41.146436 -114.04136199999999 0.0 0.4
41.157222999999995 -114.041229 0.0 0.4
41.170272 -114.041295 0.0 0.4
41.181574999999995 -114.041376 0.0 0.4
41.195401 -114.041355 0.0 0.4
41.206692 -114.04133 0.0 0.4
41.220116999999995 -114.041299 0.0 0.4
41.231601 -114.041242 0.0 0.4
41.244381 -114.041192 0.0 0.4
41.260205 -114.041102 0.0 0.4
41.270790999999996 -114.04099 0.0 0.4
41.28635 -114.04092299999999 0.0 0.4
41.29924 -114.040781 0.0 0.4
41.321329 -114.040616 0.0 0.4
41.334139 -114.040566 0.0 0.4
41.360009 -114.04057 0.0 0.4
41.375664 -114.040586 0.0 0.4
41.391346 -114.040546 0.0 0.4
41.405845 -114.040479 0.0 0.4
41.425014 -114.040467 0.0 0.4
41.446600000000004 -114.040442 0.0 0.4
41.457868999999995 -114.040454 0.0 0.4
41.471669999999996 -114.04039 0.0 0.4
41.484539 -114.0403 0.0 0.4
41.495436999999995 -114.040342 0.0 0.4
41.525020999999995 -114.040727 0.0 0.4
41.541329999999995 -114.040663 0.0 0.4
41.560562999999995 -114.04054 0.0 0.4
41.572147 -114.040492 0.0 0.4
41.591376 -114.040246 0.0 0.4
41.602387 -114.040168 0.0 0.4
41.614895 -114.040025 0.0 0.4
41.628068999999996 -114.039861 0.0 0.4
41.648917 -114.039753 0.0 0.4
41.660557999999995 -114.039804 0.0 0.4
41.691173 -114.039829 0.0 0.4
41.701192999999996 -114.039834 0.0 0.4
41.711839 -114.03972 0.0 0.4
41.722494999999995 -114.039623 0.0 0.4
41.733129 -114.039863 0.0 0.4
41.751619 -114.039854 0.0 0.4
41.763241 -114.03999 0.0 0.4
41.77411 -114.040119 0.0 0.4
41.829150999999996 -114.039897 0.0 0.4
41.845749999999995 -114.040298 0.0 0.4
41.857532 -114.040323 0.0 0.4
41.871700000000004 -114.040363 0.0 0.4
41.883092 -114.040227 0.0 0.4
41.895995 -114.039964 0.0 0.4
41.909303 -114.040036 0.0 0.4
41.919613 -114.040198 0.0 0.4
41.932634 -114.040387 0.0 0.4
41.942647 -114.040275 0.0 0.4
41.963913 -114.040805 0.0 0.4
41.974598 -114.041243 0.0 0.4
41.987913999999996 -114.04144 0.0 0.4
41.993148 -113.99668199999999 0.0 0.4
41.992720999999996 -113.983176 0.0 0.4
41.991844 -113.96748 0.0 0.4
41.990632 -113.945592 0.0 0.4
41.989965999999995 -113.932742 0.0 0.4
41.989123 -113.914477 0.0 0.4
41.988552 -113.901578 0.0 0.4
41.988319 -113.884412 0.0 0.4
41.988181999999995 -113.873349 0.0 0.4
41.988442 -113.843337 0.0 0.4
41.988606999999995 -113.830611 0.0 0.4
41.988637999999995 -113.819486 0.0 0.4
41.988858 -113.802407 0.0 0.4
41.98903 -113.791106 0.0 0.4
41.989233999999996 -113.77909 0.0 0.4
41.989422999999995 -113.766838 0.0 0.4
41.989627999999996 -113.75363 0.0 0.4
41.990508999999996 -113.694773 0.0 0.4
41.990787999999995 -113.676913 0.0 0.4
41.991029 -113.659932 0.0 0.4
41.991161 -113.649654 0.0 0.4
41.991287 -113.637916 0.0 0.4
41.99144 -113.62661299999999 0.0 0.4
41.991755 -113.603031 0.0 0.4
41.991971 -113.584135 0.0 0.4
41.992252 -113.565285 0.0 0.4
41.992393 -113.554423 0.0 0.4
41.992726999999995 -113.526112 0.0 0.4
41.992864999999995 -113.514938 0.0 0.4
41.993029 -113.50165 0.0 0.4
41.993161 -113.49084500000001 0.0 0.4
41.993463 -113.46657 0.0 0.4
41.99369 -113.456005 0.0 0.4
41.99388 -113.436603 0.0 0.4
41.993933999999996 -113.425847 0.0 0.4
41.994068999999996 -113.414581 0.0 0.4
41.994186 -113.402543 0.0 0.4
41.994572 -113.369109 0.0 0.4
41.994687 -113.358477 0.0 0.4
41.994853 -113.341712 0.0 0.4
41.995090999999995 -113.322679 0.0 0.4
41.995304999999995 -113.30724599999999 0.0 0.4
41.995497 -113.292824 0.0 0.4
41.99561 -113.282557 0.0 0.4
41.995733 -113.271334 0.0 0.4
41.99586 -113.259919 0.0 0.4
41.995968999999995 -113.249781 0.0 0.4
41.996089 -113.237405 0.0 0.4
41.996234 -113.220692 0.0 0.4
41.996323 -113.210196 0.0 0.4
41.996432 -113.197009 0.0 0.4
41.996525 -113.186978 0.0 0.4
41.996683999999995 -113.169721 0.0 0.4
41.99678 -113.158558 0.0 0.4
41.996946 -113.14282 0.0 0.4
41.99707 -113.12845 0.0 0.4
41.997166 -113.117903 0.0 0.4
41.997262 -113.107755 0.0 0.4
41.997375 -113.096008 0.0 0.4
41.997544 -113.078228 0.0 0.4
41.997796 -113.04927 0.0 0.4
41.998149 -113.006875 0.0 0.4
41.99832 -112.979408 0.0 0.4
41.998472 -112.96277 0.0 0.4
41.998557 -112.951211 0.0 0.4
41.998619999999995 -112.937572 0.0 0.4
41.998871 -112.909075 0.0 0.4
41.999007 -112.893403 0.0 0.4
41.999086999999996 -112.882635 0.0 0.4
41.999198 -112.861755 0.0 0.4
41.999327 -112.848243 0.0 0.4
41.999418 -112.833517 0.0 0.4
41.999537 -112.81074100000001 0.0 0.4
41.999708999999996 -112.788416 0.0 0.4
41.999806 -112.775055 0.0 0.4
41.999857 -112.753195 0.0 0.4
41.999972 -112.729113 0.0 0.4
42.000084 -112.709791 0.0 0.4
42.000167 -112.69904199999999 0.0 0.4
42.000189 -112.687469 0.0 0.4
42.000251999999996 -112.656728 0.0 0.4
42.000295 -112.637897 0.0 0.4
42.000467 -112.58932899999999 0.0 0.4
42.000543 -112.578299 0.0 0.4
42.000575999999995 -112.567251 0.0 0.4
42.000672 -112.540345 0.0 0.4
42.000769999999996 -112.509275 0.0 0.4
42.000748 -112.455113 0.0 0.4
42.000775999999995 -112.44068 0.0 0.4
42.000961 -112.3849 0.0 0.4
42.001053 -112.364813 0.0 0.4
42.001065 -112.313897 0.0 0.4
42.001045 -112.300788 0.0 0.4
42.001025 -112.286995 0.0 0.4
42.001132999999996 -112.26936 0.0 0.4
42.001200000000004 -112.258237 0.0 0.4
42.001177 -112.243916 0.0 0.4
42.001166999999995 -112.233839 0.0 0.4
42.001166999999995 -112.220936 0.0 0.4
42.001166999999995 -112.209194 0.0 0.4
42.001163999999996 -112.199018 0.0 0.4
42.001205999999996 -112.186029 0.0 0.4
42.001515 -112.173148 0.0 0.4
41.998934 -112.161737 0.0 0.4
41.997251 -112.151847 0.0 0.4
41.997409999999995 -112.138487 0.0 0.4
41.997567 -112.128389 0.0 0.4
41.997794 -112.10951299999999 0.0 0.4
41.997898 -112.086362 0.0 0.4
41.997965 -112.074226 0.0 0.4
41.997842 -112.062311 0.0 0.4
41.99807 -112.04100199999999 0.0 0.4
41.998191999999996 -112.03026 0.0 0.4
41.998349999999995 -112.01218 0.0 0.4
41.998352 -112.001921 0.0 0.4
41.998343 -111.990284 0.0 0.4
41.998317 -111.974251 0.0 0.4
41.998301999999995 -111.96256 0.0 0.4
41.998329999999996 -111.951305 0.0 0.4
41.998447 -111.941055 0.0 0.4
41.998613999999996 -111.931032 0.0 0.4
41.998611 -111.918612 0.0 0.4
41.998613999999996 -111.908315 0.0 0.4
41.998616999999996 -111.897902 0.0 0.4
41.998594999999995 -111.886545 0.0 0.4
41.998579 -111.876539 0.0 0.4
41.998624 -111.866406 0.0 0.4
41.998571999999996 -111.855907 0.0 0.4
41.998672 -111.844856 0.0 0.4
41.998793 -111.833642 0.0 0.4
41.998826 -111.819457 0.0 0.4
41.998959 -111.802929 0.0 0.4
41.999004 -111.787564 0.0 0.4
41.999213999999995 -111.767021 0.0 0.4
41.99933 -111.750764 0.0 0.4
41.999204 -111.740567 0.0 0.4
41.999344 -111.707994 0.0 0.4
41.999373999999996 -111.692311 0.0 0.4
41.999376 -111.671541 0.0 0.4
41.999376999999996 -111.661287 0.0 0.4
41.999379 -111.641922 0.0 0.4
41.999295 -111.629453 0.0 0.4
41.999331 -111.613375 0.0 0.4
41.999506 -111.59899300000001 0.0 0.4
41.999435999999996 -111.580817 0.0 0.4
41.999386 -111.542442 0.0 0.4
41.999511 -111.523584 0.0 0.4
41.999552 -111.507806 0.0 0.4
41.999544 -111.491101 0.0 0.4
41.9996 -111.478016 0.0 0.4
41.999705999999996 -111.467984 0.0 0.4
42.000076 -111.453806 0.0 0.4
42.000401 -111.439606 0.0 0.4
42.000578999999995 -111.42632 0.0 0.4
42.000659 -111.415877 0.0 0.4
42.00089 -111.375761 0.0 0.4
42.000955 -111.363171 0.0 0.4
42.001014999999995 -111.35144199999999 0.0 0.4
42.001193 -111.316717 0.0 0.4
42.001241 -111.30165099999999 0.0 0.4
42.001266 -111.288191 0.0 0.4
42.001292 -111.275016 0.0 0.4
42.001315999999996 -111.262076 0.0 0.4
42.001369 -111.247096 0.0 0.4
42.001346999999996 -111.236925 0.0 0.4
42.001365 -111.224329 0.0 0.4
42.001371 -111.207545 0.0 0.4
42.001439 -111.196732 0.0 0.4
42.001445 -111.186338 0.0 0.4
42.001442999999995 -111.17628500000001 0.0 0.4
42.001536 -111.148842 0.0 0.4
42.001531 -111.136209 0.0 0.4
42.001566 -111.098521 0.0 0.4
42.00159 -111.081248 0.0 0.4
42.001656 -111.063101 0.0 0.4
42.001688 -111.050444 0.0 0.4
41.975093 -111.046513 0.0 0.4
41.956233 -111.046496 0.0 0.4
41.938229 -111.04661 0.0 0.4
41.920992 -111.046617 0.0 0.4
41.906231999999996 -111.046679 0.0 0.4
41.895694999999996 -111.046491 0.0 0.4
41.876297 -111.046538 0.0 0.4
41.864975 -111.04668 0.0 0.4
41.842552 -111.046589 0.0 0.4
41.831737 -111.046544 0.0 0.4
41.817724 -111.04648 0.0 0.4
41.788706 -111.046511 0.0 0.4
41.777809999999995 -111.046514 0.0 0.4
41.767387 -111.046469 0.0 0.4
41.756276 -111.046427 0.0 0.4
41.746156 -111.046397 0.0 0.4
41.735295 -111.046493 0.0 0.4
41.72446 -111.046504 0.0 0.4
41.713639 -111.046443 0.0 0.4
41.702808999999995 -111.046395 0.0 0.4
41.691973 -111.046065 0.0 0.4
41.681318999999995 -111.046009 0.0 0.4
41.670275 -111.046025 0.0 0.4
41.658173999999995 -111.04604499999999 0.0 0.4
41.647009 -111.045916 0.0 0.4
41.630272999999995 -111.04598899999999 0.0 0.4
41.619161999999996 -111.045939 0.0 0.4
41.607335 -111.045907 0.0 0.4
41.592649 -111.045858 0.0 0.4
41.579845 -111.045837 0.0 0.4
41.565757999999995 -111.04579 0.0 0.4
41.553342 -111.045794 0.0 0.4
41.543133999999995 -111.045792 0.0 0.4
41.532802 -111.045803 0.0 0.4
41.522546999999996 -111.045804 0.0 0.4
41.506066 -111.045796 0.0 0.4
41.495515 -111.045867 0.0 0.4
41.484766 -111.045935 0.0 0.4
41.473672 -111.046022 0.0 0.4
41.463028 -111.046128 0.0 0.4
41.45222 -111.046216 0.0 0.4
41.442215999999995 -111.046264 0.0 0.4
41.431343999999996 -111.046256 0.0 0.4
41.420473 -111.046247 0.0 0.4
41.409611999999996 -111.046269 0.0 0.4
41.398841 -111.046321 0.0 0.4
41.388552 -111.046326 0.0 0.4
41.378115 -111.046333 0.0 0.4
41.365998 -111.046346 0.0 0.4
41.350856 -111.04638299999999 0.0 0.4
41.33576 -111.046422 0.0 0.4
41.315850999999995 -111.046409 0.0 0.4
41.303706999999996 -111.046512 0.0 0.4
41.292874999999995 -111.04657 0.0 0.4
41.282592 -111.046607 0.0 0.4
41.271828 -111.046646 0.0 0.4
41.260988 -111.04670899999999 0.0 0.4
41.250609999999995 -111.046775 0.0 0.4
41.240265 -111.046799 0.0 0.4
41.229924 -111.046716 0.0 0.4
41.218365999999996 -111.046717 0.0 0.4
41.200919 -111.046759 0.0 0.4
41.17818 -111.046809 0.0 0.4
41.167362999999995 -111.046809 0.0 0.4
41.156718 -111.046818 0.0 0.4
41.146119 -111.046769 0.0 0.4
41.135796 -111.046746 0.0 0.4
41.124227999999995 -111.046772 0.0 0.4
41.110931 -111.046767 0.0 0.4
41.100249 -111.046728 0.0 0.4
41.082468999999996 -111.046697 0.0 0.4
41.07047 -111.046679 0.0 0.4
41.057624 -111.046707 0.0 0.4
41.037541 -111.046728 0.0 0.4
41.025093 -111.046739 0.0 0.4
41.01499 -111.046756 0.0 0.4
41.002559 -111.046795 0.0 0.4
40.997916 -111.03383 0.0 0.4
40.997937 -111.023621 0.0 0.4
40.997965 -111.006826 0.0 0.4
40.997906 -110.996703 0.0 0.4
40.997836 -110.986658 0.0 0.4
40.997555999999996 -110.973629 0.0 0.4
40.997505 -110.960668 0.0 0.4
40.997462 -110.950594 0.0 0.4
40.997417 -110.940474 0.0 0.4
40.997364 -110.929141 0.0 0.4
40.997276 -110.915376 0.0 0.4
40.997187 -110.898155 0.0 0.4
40.997203 -110.88649 0.0 0.4
40.997209 -110.872057 0.0 0.4
40.997178 -110.86132 0.0 0.4
40.997122999999995 -110.850526 0.0 0.4
40.997063999999995 -110.840025 0.0 0.4
40.996919 -110.81622 0.0 0.4
40.996854 -110.805623 0.0 0.4
40.996784999999996 -110.788967 0.0 0.4
40.996725 -110.778078 0.0 0.4
40.996683999999995 -110.765269 0.0 0.4
40.996656 -110.753571 0.0 0.4
40.996593 -110.739499 0.0 0.4
40.996531999999995 -110.729279 0.0 0.4
40.996438 -110.718374 0.0 0.4
40.99637 -110.706778 0.0 0.4
40.996302 -110.696028 0.0 0.4
40.996262 -110.685766 0.0 0.4
40.996238 -110.67547 0.0 0.4
40.996221 -110.662708 0.0 0.4
40.996204999999996 -110.649415 0.0 0.4
40.996182999999995 -110.6387 0.0 0.4
40.996216 -110.626763 0.0 0.4
40.996241999999995 -110.616237 0.0 0.4
40.996258 -110.605459 0.0 0.4
40.996275 -110.593622 0.0 0.4
40.996292 -110.583598 0.0 0.4
40.996314999999996 -110.570997 0.0 0.4
40.996317999999995 -110.560841 0.0 0.4
40.996333 -110.550312 0.0 0.4
40.996106999999995 -110.539767 0.0 0.4
40.995657 -110.527853 0.0 0.4
40.995104999999995 -110.513118 0.0 0.4
40.994803999999995 -110.503081 0.0 0.4
40.994803 -110.489694 0.0 0.4
40.994802 -110.479268 0.0 0.4
40.994800999999995 -110.469017 0.0 0.4
40.994814999999996 -110.457862 0.0 0.4
40.994799 -110.446691 0.0 0.4
40.994803 -110.436382 0.0 0.4
40.994793 -110.421774 0.0 0.4
40.994772999999995 -110.410974 0.0 0.4
40.994788 -110.395208 0.0 0.4
40.994803 -110.384995 0.0 0.4
40.99485 -110.372903 0.0 0.4
40.994828999999996 -110.362261 0.0 0.4
40.994823 -110.350976 0.0 0.4
40.994825999999996 -110.340418 0.0 0.4
40.994845999999995 -110.330311 0.0 0.4
40.994802 -110.31898699999999 0.0 0.4
40.994803 -110.307083 0.0 0.4
40.994817 -110.295125 0.0 0.4
40.994817999999995 -110.283233 0.0 0.4
40.994881 -110.271305 0.0 0.4
40.995109 -110.261054 0.0 0.4
40.995256 -110.24998 0.0 0.4
40.995408 -110.237908 0.0 0.4
40.995596 -110.227242 0.0 0.4
40.995722 -110.215042 0.0 0.4
40.995759 -110.204917 0.0 0.4
40.995762 -110.19484800000001 0.0 0.4
40.995763 -110.18346 0.0 0.4
40.995971 -110.173417 0.0 0.4
40.996173 -110.162817 0.0 0.4
40.996266 -110.152743 0.0 0.4
40.996396 -110.14228299999999 0.0 0.4
40.996643999999996 -110.129189 0.0 0.4
40.996843999999996 -110.114076 0.0 0.4
40.997032 -110.100781 0.0 0.4
40.997128 -110.086964 0.0 0.4
40.997143 -110.075513 0.0 0.4
40.997223999999996 -110.06466 0.0 0.4
40.997299 -110.051091 0.0 0.4
40.99731 -110.039764 0.0 0.4
40.997347999999995 -110.029588 0.0 0.4
40.997395 -110.018718 0.0 0.4
40.997414 -110.008532 0.0 0.4
40.997375999999996 -109.994977 0.0 0.4
40.997388 -109.981792 0.0 0.4
40.99755 -109.967496 0.0 0.4
40.997468999999995 -109.954145 0.0 0.4
40.997487 -109.937676 0.0 0.4
40.997571 -109.924448 0.0 0.4
40.997662 -109.913663 0.0 0.4
40.99767 -109.903258 0.0 0.4
40.997695 -109.893072 0.0 0.4
40.997721 -109.882795 0.0 0.4
40.997541999999996 -109.871131 0.0 0.4
40.99765 -109.857022 0.0 0.4
40.997662999999996 -109.844031 0.0 0.4
40.997692 -109.813916 0.0 0.4
40.997814 -109.797549 0.0 0.4
40.997926 -109.776621 0.0 0.4
40.998000000000005 -109.751191 0.0 0.4
40.998152 -109.732457 0.0 0.4
40.998214999999995 -109.71488 0.0 0.4
40.99828 -109.69682399999999 0.0 0.4
40.998318 -109.686396 0.0 0.4
40.998408 -109.673483 0.0 0.4
40.99847 -109.660876 0.0 0.4
40.998411 -109.648968 0.0 0.4
40.998329999999996 -109.63895099999999 0.0 0.4
40.998261 -109.62570000000001 0.0 0.4
40.998357999999996 -109.614743 0.0 0.4
40.998366999999995 -109.604015 0.0 0.4
40.998374999999996 -109.589851 0.0 0.4
40.998388 -109.572666 0.0 0.4
40.998396 -109.543697 0.0 0.4
40.998995 -109.514201 0.0 0.4
40.999064 -109.50420000000001 0.0 0.4
40.999230999999995 -109.493729 0.0 0.4
40.999266 -109.481422 0.0 0.4
40.999362999999995 -109.469847 0.0 0.4
40.999476 -109.457519 0.0 0.4
40.999589 -109.445975 0.0 0.4
40.999686 -109.43360799999999 0.0 0.4
40.999753999999996 -109.422025 0.0 0.4
40.999823 -109.409734 0.0 0.4
40.999896 -109.398081 0.0 0.4
40.999984 -109.385907 0.0 0.4
41.000073 -109.37442 0.0 0.4
41.000172 -109.361068 0.0 0.4
41.000229 -109.350595 0.0 0.4
41.000321 -109.337288 0.0 0.4
41.000403 -109.32688999999999 0.0 0.4
41.000465 -109.316873 0.0 0.4
41.000557 -109.303482 0.0 0.4
41.000657 -109.292896 0.0 0.4
41.000751 -109.281609 0.0 0.4
41.001042 -109.250724 0.0 0.4
41.001768999999996 -109.237979 0.0 0.4
41.002071 -109.222144 0.0 0.4
41.001948 -109.212109 0.0 0.4
41.001185 -109.197811 0.0 0.4
41.000966 -109.183471 0.0 0.4
41.000906 -109.167238 0.0 0.4
41.000923 -109.146995 0.0 0.4
41.000848999999995 -109.115117 0.0 0.4
41.000673 -109.088529 0.0 0.4
41.000628 -109.063438 0.0 0.4
41.000690999999996 -109.050026 0.0 0.4
40.984558 -109.04986099999999 0.0 0.4
40.972892 -109.04977 0.0 0.4
40.959156 -109.049664 0.0 0.4
40.947525 -109.049576 0.0 0.4
40.920639 -109.04936000000001 0.0 0.4
40.908646 -109.049277 0.0 0.4
40.893665999999996 -109.049041 0.0 0.4
40.883644 -109.048891 0.0 0.4
40.873008 -109.048969 0.0 0.4
40.862762 -109.048846 0.0 0.4
40.842647 -109.048809 0.0 0.4
40.832507 -109.04854 0.0 0.4
40.821075 -109.048479 0.0 0.4
40.810865 -109.048546 0.0 0.4
40.798032 -109.048632 0.0 0.4
40.783989 -109.048725 0.0 0.4
40.771538 -109.04870700000001 0.0 0.4
40.751433 -109.048786 0.0 0.4
40.714503 -109.049088 0.0 0.4
40.699014999999996 -109.049025 0.0 0.4
40.684993999999996 -109.04897 0.0 0.4
40.67055 -109.048618 0.0 0.4
40.655985 -109.048701 0.0 0.4
40.639731999999995 -109.04828 0.0 0.4
40.629689 -109.048095 0.0 0.4
40.619454999999995 -109.047922 0.0 0.4
40.606679 -109.047813 0.0 0.4
40.595109 -109.048085 0.0 0.4
40.585066999999995 -109.048042 0.0 0.4
40.568553 -109.048657 0.0 0.4
40.545786 -109.049534 0.0 0.4
40.534227 -109.049921 0.0 0.4
40.524206 -109.050155 0.0 0.4
40.514188999999995 -109.050291 0.0 0.4
40.503081 -109.050435 0.0 0.4
40.488462 -109.050622 0.0 0.4
40.477759999999996 -109.05076 0.0 0.4
40.458345 -109.051035 0.0 0.4
40.446583 -109.051177 0.0 0.4
40.436417 -109.051128 0.0 0.4
40.418881999999996 -109.05089100000001 0.0 0.4
40.408105 -109.05087 0.0 0.4
40.395858 -109.050845 0.0 0.4
40.384775999999995 -109.050823 0.0 0.4
40.371995999999996 -109.050832 0.0 0.4
40.358053999999996 -109.050872 0.0 0.4
40.342968 -109.050885 0.0 0.4
40.329927999999995 -109.050895 0.0 0.4
40.319628 -109.050909 0.0 0.4
40.309228 -109.050921 0.0 0.4
40.297854 -109.050947 0.0 0.4
40.287535 -109.05098100000001 0.0 0.4
40.273832999999996 -109.051013 0.0 0.4
40.262592999999995 -109.051001 0.0 0.4
40.2524 -109.050943 0.0 0.4
40.241903 -109.050979 0.0 0.4
40.231111 -109.050969 0.0 0.4
40.21917 -109.050956 0.0 0.4
40.208008 -109.050969 0.0 0.4
40.197745999999995 -109.050906 0.0 0.4
40.187497 -109.050909 0.0 0.4
40.177476 -109.050939 0.0 0.4
40.159242 -109.05097 0.0 0.4
40.148019999999995 -109.050983 0.0 0.4
40.137136 -109.050958 0.0 0.4
40.124385 -109.050939 0.0 0.4
40.114194999999995 -109.050925 0.0 0.4
40.103769 -109.050883 0.0 0.4
40.092604 -109.050763 0.0 0.4
40.080577999999996 -109.050786 0.0 0.4
40.069002 -109.050836 0.0 0.4
40.058780999999996 -109.050921 0.0 0.4
40.047298 -109.050999 0.0 0.4
40.035678 -109.05089100000001 0.0 0.4
40.025161 -109.050989 0.0 0.4
40.008238 -109.051157 0.0 0.4
39.995633999999995 -109.051031 0.0 0.4
39.985534 -109.050931 0.0 0.4
39.975406 -109.050839 0.0 0.4
39.964645 -109.050749 0.0 0.4
39.948594 -109.050664 0.0 0.4
39.93199 -109.05058 0.0 0.4
39.917373 -109.05054200000001 0.0 0.4
39.906019 -109.050515 0.0 0.4
39.890848999999996 -109.050453 0.0 0.4
39.869144999999996 -109.050385 0.0 0.4
39.85826 -109.050353 0.0 0.4
39.847857 -109.050374 0.0 0.4
39.836556 -109.050623 0.0 0.4
39.821031 -109.050956 0.0 0.4
39.809143 -109.050997 0.0 0.4
39.798883 -109.051028 0.0 0.4
39.787842999999995 -109.051053 0.0 0.4
39.767146 -109.051039 0.0 0.4
39.755603 -109.05104299999999 0.0 0.4
39.737460999999996 -109.051097 0.0 0.4
39.726444 -109.051099 0.0 0.4
39.711515999999996 -109.051172 0.0 0.4
39.686583 -109.051269 0.0 0.4
39.676029 -109.051316 0.0 0.4
39.664004999999996 -109.051254 0.0 0.4
39.653481 -109.051198 0.0 0.4
39.640521 -109.05122 0.0 0.4
39.629647 -109.051251 0.0 0.4
39.616741999999995 -109.051274 0.0 0.4
39.606736 -109.051282 0.0 0.4
39.592200999999996 -109.051382 0.0 0.4
39.575994 -109.051438 0.0 0.4
39.565149999999996 -109.051397 0.0 0.4
39.550554999999996 -109.051452 0.0 0.4
39.539125999999996 -109.051446 0.0 0.4
39.524688999999995 -109.051432 0.0 0.4
39.512412999999995 -109.051358 0.0 0.4
39.499995999999996 -109.051249 0.0 0.4
39.485710999999995 -109.051178 0.0 0.4
39.461954999999996 -109.051153 0.0 0.4
39.450466999999996 -109.051172 0.0 0.4
39.43249 -109.051098 0.0 0.4
39.421761 -109.051055 0.0 0.4
39.400867 -109.05097 0.0 0.4
39.390108999999995 -109.050925 0.0 0.4
39.374976 -109.050864 0.0 0.4
39.364608 -109.050748 0.0 0.4
39.353812999999995 -109.050912 0.0 0.4
39.330962 -109.051029 0.0 0.4
39.307325999999996 -109.051099 0.0 0.4
39.28662 -109.051098 0.0 0.4
39.241378999999995 -109.051035 0.0 0.4
39.230112 -109.051027 0.0 0.4
39.206665 -109.051157 0.0 0.4
39.195502999999995 -109.051256 0.0 0.4
39.163683999999996 -109.051245 0.0 0.4
39.15331 -109.051223 0.0 0.4
39.142603 -109.051166 0.0 0.4
39.126096 -109.051373 0.0 0.4
39.115949 -109.051483 0.0 0.4
39.105097 -109.051666 0.0 0.4
39.094339 -109.051748 0.0 0.4
39.082814 -109.051836 0.0 0.4
39.069424999999995 -109.051937 0.0 0.4
39.033556999999995 -109.052315 0.0 0.4
39.02233 -109.052416 0.0 0.4
39.007984 -109.052561 0.0 0.4
38.990717 -109.052748 0.0 0.4
38.97624 -109.052937 0.0 0.4
38.953773 -109.053197 0.0 0.4
38.934605 -109.05344099999999 0.0 0.4
38.922877 -109.053568 0.0 0.4
38.908353999999996 -109.053724 0.0 0.4
38.898123999999996 -109.053827 0.0 0.4
38.888034999999995 -109.053921 0.0 0.4
38.877161 -109.054022 0.0 0.4
38.866288 -109.054429 0.0 0.4
38.855292 -109.054899 0.0 0.4
38.844387999999995 -109.055365 0.0 0.4
38.833704999999995 -109.055822 0.0 0.4
38.822849 -109.056286 0.0 0.4
38.812000000000005 -109.056748 0.0 0.4
38.801161 -109.057211 0.0 0.4
38.790274 -109.057619 0.0 0.4
38.776758 -109.05808999999999 0.0 0.4
38.765783 -109.058478 0.0 0.4
38.7548 -109.05890000000001 0.0 0.4
38.7367 -109.059318 0.0 0.4
38.725615999999995 -109.059578 0.0 0.4
38.714746 -109.05982399999999 0.0 0.4
38.703083 -109.059804 0.0 0.4
38.692212 -109.059772 0.0 0.4
38.68134 -109.059749 0.0 0.4
38.666844999999995 -109.05968899999999 0.0 0.4
38.652282 -109.059688 0.0 0.4
38.641518999999995 -109.059705 0.0 0.4
38.630651 -109.059728 0.0 0.4
38.619164999999995 -109.059696 0.0 0.4
38.606386 -109.059744 0.0 0.4
38.593903999999995 -109.059795 0.0 0.4
38.583389 -109.05984 0.0 0.4
38.572479 -109.059912 0.0 0.4
38.561659999999996 -109.059977 0.0 0.4
38.550385 -109.060025 0.0 0.4
38.539527 -109.060001 0.0 0.4
38.528679 -109.060039 0.0 0.4
38.514109 -109.060041 0.0 0.4
38.503155 -109.060152 0.0 0.4
38.492849 -109.06004 0.0 0.4
38.481528 -109.059999 0.0 0.4
38.468993999999995 -109.060055 0.0 0.4
38.458155999999995 -109.06015 0.0 0.4
38.446591999999995 -109.060076 0.0 0.4
38.435584 -109.06003 0.0 0.4
38.425478999999996 -109.060059 0.0 0.4
38.413244 -109.060102 0.0 0.4
38.402401 -109.060134 0.0 0.4
38.391321999999995 -109.060165 0.0 0.4
38.378484 -109.060156 0.0 0.4
38.36356 -109.06013899999999 0.0 0.4
38.352835999999996 -109.060158 0.0 0.4
38.340869 -109.06017 0.0 0.4
38.327594999999995 -109.060168 0.0 0.4
38.314312 -109.060148 0.0 0.4
38.299141999999996 -109.060153 0.0 0.4
38.278238 -109.060204 0.0 0.4
38.25325 -109.056597 0.0 0.4
38.241068999999996 -109.054672 0.0 0.4
38.228573999999995 -109.052715 0.0 0.4
38.215013 -109.050554 0.0 0.4
38.198786999999996 -109.048003 0.0 0.4
38.187017 -109.04615 0.0 0.4
38.166267999999995 -109.042835 0.0 0.4
38.156183 -109.042574 0.0 0.4
38.136744 -109.042628 0.0 0.4
38.126571 -109.04265 0.0 0.4
38.109519 -109.04260000000001 0.0 0.4
38.093799 -109.04258 0.0 0.4
38.083377999999996 -109.042149 0.0 0.4
38.072986 -109.042033 0.0 0.4
38.058651 -109.042183 0.0 0.4
38.047698 -109.04238 0.0 0.4
38.036809999999996 -109.042849 0.0 0.4
38.025907 -109.042867 0.0 0.4
38.015890999999996 -109.04285 0.0 0.4
38.0036 -109.042877 0.0 0.4
37.982859 -109.042946 0.0 0.4
37.96604 -109.042775 0.0 0.4
37.954918 -109.042504 0.0 0.4
37.943812 -109.04204 0.0 0.4
37.923409 -109.042046 0.0 0.4
37.907691 -109.042027 0.0 0.4
37.881083 -109.041992 0.0 0.4
37.865286 -109.042023 0.0 0.4
37.84271 -109.041996 0.0 0.4
37.829478 -109.04196999999999 0.0 0.4
37.816483 -109.041973 0.0 0.4
37.804345 -109.041966 0.0 0.4
37.787583 -109.04195 0.0 0.4
37.774997 -109.042017 0.0 0.4
37.755700999999995 -109.042024 0.0 0.4
37.740254 -109.042029 0.0 0.4
37.725699 -109.041986 0.0 0.4
37.713201999999995 -109.041943 0.0 0.4
37.68779 -109.041844 0.0 0.4
37.670159 -109.041899 0.0 0.4
37.65412 -109.04192 0.0 0.4
37.635627 -109.041874 0.0 0.4
37.624548 -109.041886 0.0 0.4
37.609573 -109.041907 0.0 0.4
37.58701 -109.041982 0.0 0.4
37.576253 -109.041932 0.0 0.4
37.565293 -109.041653 0.0 0.4
37.552206 -109.041722 0.0 0.4
37.541342 -109.041957 0.0 0.4
37.53011 -109.04223999999999 0.0 0.4
37.514018 -109.042577 0.0 0.4
37.501505 -109.042895 0.0 0.4
37.490417 -109.043212 0.0 0.4
37.478207999999995 -109.043532 0.0 0.4
37.458345 -109.044043 0.0 0.4
37.446113 -109.044308 0.0 0.4
37.434107 -109.044565 0.0 0.4
37.422442 -109.044861 0.0 0.4
37.408975999999996 -109.04513 0.0 0.4
37.397424 -109.045269 0.0 0.4
37.359722999999995 -109.04563999999999 0.0 0.4
37.331129 -109.045773 0.0 0.4
37.320781 -109.04579 0.0 0.4
37.301995 -109.045844 0.0 0.4
37.291224 -109.045788 0.0 0.4
37.268246999999995 -109.045639 0.0 0.4
37.249342999999996 -109.045539 0.0 0.4
37.236943 -109.045469 0.0 0.4
37.224861 -109.045418 0.0 0.4
37.21394 -109.045335 0.0 0.4
37.202746 -109.045821 0.0 0.4
37.187304999999995 -109.045885 0.0 0.4
37.156901 -109.045463 0.0 0.4
37.139628 -109.045315 0.0 0.4
37.120377 -109.045086 0.0 0.4
37.096903 -109.045109 0.0 0.4
37.086521 -109.04502 0.0 0.4
37.074661 -109.045058 0.0 0.4
37.053779 -109.045189 0.0 0.4
37.042913999999996 -109.045203 0.0 0.4
37.024141 -109.045187 0.0 0.4
37.012091999999996 -109.045173 0.0 0.4
36.999145999999996 -109.045173 0.0 0.4
36.999016 -109.05693600000001 0.0 0.4
36.999066 -109.070506 0.0 0.4
36.999114999999996 -109.081202 0.0 0.4
36.999203 -109.093106 0.0 0.4
36.999286999999995 -109.104462 0.0 0.4
36.999338 -109.119876 0.0 0.4
36.999369 -109.141795 0.0 0.4
36.999347 -109.15913 0.0 0.4
36.999331999999995 -109.169959 0.0 0.4
36.999327 -109.180565 0.0 0.4
36.999325 -109.191076 0.0 0.4
36.999324 -109.20277 0.0 0.4
36.999317999999995 -109.215177 0.0 0.4
36.999314999999996 -109.22669 0.0 0.4
36.999308 -109.237441 0.0 0.4
36.999331 -109.250663 0.0 0.4
36.999295 -109.263397 0.0 0.4
36.999293 -109.282515 0.0 0.4
36.999317 -109.294338 0.0 0.4
36.999314 -109.304916 0.0 0.4
36.999311 -109.316421 0.0 0.4
36.99931 -109.327545 0.0 0.4
36.999307 -109.33911499999999 0.0 0.4
36.999305 -109.351687 0.0 0.4
36.999303999999995 -109.362093 0.0 0.4
36.999216 -109.373025 0.0 0.4
36.999204 -109.387616 0.0 0.4
36.999190999999996 -109.40064699999999 0.0 0.4
36.999179999999996 -109.41364300000001 0.0 0.4
36.999165999999995 -109.42695499999999 0.0 0.4
36.999151999999995 -109.445696 0.0 0.4
36.999155 -109.458898 0.0 0.4
36.999158 -109.471587 0.0 0.4
36.999159999999996 -109.490548 0.0 0.4
36.999165 -109.504116 0.0 0.4
36.999173 -109.515837 0.0 0.4
36.999189 -109.530695 0.0 0.4
36.998937999999995 -109.558435 0.0 0.4
36.998763 -109.575225 0.0 0.4
36.998653999999995 -109.585481 0.0 0.4
36.998526 -109.59764 0.0 0.4
36.998412 -109.608535 0.0 0.4
36.998273999999995 -109.621644 0.0 0.4
36.998249 -109.633469 0.0 0.4
36.998261 -109.66031 0.0 0.4
36.998264 -109.671361 0.0 0.4
36.998269 -109.682778 0.0 0.4
36.99828 -109.698318 0.0 0.4
36.998287 -109.709749 0.0 0.4
36.998298 -109.7419 0.0 0.4
36.998307 -109.75301400000001 0.0 0.4
36.998337 -109.764195 0.0 0.4
36.998227 -109.779264 0.0 0.4
36.998235 -109.79404 0.0 0.4
36.998253 -109.80423 0.0 0.4
36.998306 -109.834915 0.0 0.4
36.998329 -109.847759 0.0 0.4
36.998354 -109.861442 0.0 0.4
36.998501999999995 -109.875399 0.0 0.4
36.998359 -109.891211 0.0 0.4
36.998371999999996 -109.904748 0.0 0.4
36.99839 -109.91769 0.0 0.4
36.998405999999996 -109.92806 0.0 0.4
36.998414 -109.940279 0.0 0.4
36.998416 -109.950479 0.0 0.4
36.998414 -109.96215 0.0 0.4
36.99837 -109.976467 0.0 0.4
36.998354 -109.990723 0.0 0.4
36.998349 -110.000819 0.0 0.4
36.998337 -110.016369 0.0 0.4
36.998328 -110.026957 0.0 0.4
36.9983 -110.057961 0.0 0.4
36.998295 -110.072158 0.0 0.4
36.998294 -110.082726 0.0 0.4
36.998326999999996 -110.094072 0.0 0.4
36.998306 -110.106919 0.0 0.4
36.998292 -110.124124 0.0 0.4
36.998286 -110.134355 0.0 0.4
36.998284 -110.145436 0.0 0.4
36.998270999999995 -110.155461 0.0 0.4
36.998253999999996 -110.165616 0.0 0.4
36.998250999999996 -110.175761 0.0 0.4
36.998219999999996 -110.191907 0.0 0.4
36.998146999999996 -110.202369 0.0 0.4
36.998143999999996 -110.216229 0.0 0.4
36.998114 -110.22805 0.0 0.4
36.998059 -110.247376 0.0 0.4
36.998038 -110.257689 0.0 0.4
36.998013 -110.270334 0.0 0.4
36.997991 -110.284541 0.0 0.4
36.997977 -110.29585900000001 0.0 0.4
36.997955 -110.306335 0.0 0.4
36.997989 -110.317565 0.0 0.4
36.997985 -110.328217 0.0 0.4
36.997948 -110.346355 0.0 0.4
36.997828 -110.365629 0.0 0.4
36.997793 -110.375812 0.0 0.4
36.997771 -110.387696 0.0 0.4
36.997755 -110.401585 0.0 0.4
36.997731 -110.420717 0.0 0.4
36.997724999999996 -110.435994 0.0 0.4
36.997668999999995 -110.467308 0.0 0.4
36.999997 -110.477818 0.0 0.4
37.002806 -110.487497 0.0 0.4
37.003589 -110.509524 0.0 0.4
37.003582 -110.530333 0.0 0.4
37.003585 -110.543717 0.0 0.4
37.003613 -110.554213 0.0 0.4
37.003631 -110.567789 0.0 0.4
37.003626 -110.580111 0.0 0.4
37.003589 -110.60338899999999 0.0 0.4
37.003541999999996 -110.619996 0.0 0.4
37.003696 -110.631829 0.0 0.4
37.003609 -110.652446 0.0 0.4
37.003515 -110.672818 0.0 0.4
37.003316 -110.701535 0.0 0.4
37.003206999999996 -110.716555 0.0 0.4
37.003121 -110.73068 0.0 0.4
37.003083 -110.741926 0.0 0.4
37.002972 -110.75485499999999 0.0 0.4
37.002877999999995 -110.76592099999999 0.0 0.4
37.002763 -110.779481 0.0 0.4
37.002677 -110.79025 0.0 0.4
37.003087 -110.801224 0.0 0.4
37.002486999999995 -110.835322 0.0 0.4
37.002452999999996 -110.847554 0.0 0.4
37.002449999999996 -110.860389 0.0 0.4
37.002446 -110.881181 0.0 0.4
37.002438 -110.894334 0.0 0.4
37.002438999999995 -110.916892 0.0 0.4
37.002423 -110.949935 0.0 0.4
37.002531 -110.986416 0.0 0.4
37.002379 -111.004564 0.0 0.4
37.002365999999995 -111.019224 0.0 0.4
37.002353 -111.043493 0.0 0.4
37.002344 -111.056865 0.0 0.4
37.002173 -111.073954 0.0 0.4
37.0018 -111.097217 0.0 0.4
37.001228999999995 -111.13568 0.0 0.4
37.000949999999996 -111.150576 0.0 0.4
37.00094 -111.168143 0.0 0.4
37.000955999999995 -111.183241 0.0 0.4
37.001031 -111.213905 0.0 0.4
37.001093999999995 -111.235023 0.0 0.4
37.00105 -111.245205 0.0 0.4
37.001041 -111.257355 0.0 0.4
37.001067 -111.267702 0.0 0.4
37.001087999999996 -111.278939 0.0 0.4
37.001191 -111.290503 0.0 0.4
37.001377 -111.30413 0.0 0.4
37.001477 -111.31512599999999 0.0 0.4
37.001478999999996 -111.32669 0.0 0.4
37.001486 -111.355398 0.0 0.4
37.001487999999995 -111.367658 0.0 0.4
37.001492 -111.380802 0.0 0.4
37.001509 -111.391133 0.0 0.4
37.001498 -111.401383 0.0 0.4
37.001501 -111.411385 0.0 0.4
37.001531 -111.421598 0.0 0.4
37.001576 -111.446228 0.0 0.4
37.001573 -111.457478 0.0 0.4
37.001577 -111.469636 0.0 0.4
37.001581 -111.486592 0.0 0.4
37.001585 -111.496607 0.0 0.4
37.001563999999995 -111.506849 0.0 0.4
37.001554 -111.52287 0.0 0.4
37.001559 -111.535278 0.0 0.4
37.001554999999996 -111.547538 0.0 0.4
37.001501 -111.565618 0.0 0.4
37.001438 -111.5862 0.0 0.4
37.00147 -111.598078 0.0 0.4
37.001444 -111.609743 0.0 0.4
37.001461 -111.621967 0.0 0.4
37.001391999999996 -111.633736 0.0 0.4
37.001382 -111.647473 0.0 0.4
37.001371999999996 -111.657532 0.0 0.4
37.001357999999996 -111.674899 0.0 0.4
37.001343999999996 -111.692279 0.0 0.4
37.001303 -111.714293 0.0 0.4
37.001281 -111.725672 0.0 0.4
37.00125 -111.742677 0.0 0.4
37.001232 -111.755853 0.0 0.4
37.001225999999996 -111.771018 0.0 0.4
37.001219999999996 -111.787454 0.0 0.4
37.001214 -111.802901 0.0 0.4
37.001207 -111.820086 0.0 0.4
37.001123 -111.833031 0.0 0.4
37.001087 -111.852557 0.0 0.4
37.001172 -111.865325 0.0 0.4
37.001176 -111.875729 0.0 0.4
37.001126 -111.904261 0.0 0.4
37.00102 -111.965405 0.0 0.4
37.000985 -111.985787 0.0 0.4
37.000961 -111.999154 0.0 0.4
37.001002 -112.010062 0.0 0.4
37.001070999999996 -112.024521 0.0 0.4
37.001097 -112.034938 0.0 0.4
37.001098 -112.047957 0.0 0.4
37.0011 -112.064206 0.0 0.4
37.001098999999996 -112.077175 0.0 0.4
37.001095 -112.097719 0.0 0.4
37.001098 -112.118335 0.0 0.4
37.001141 -112.171402 0.0 0.4
37.001126 -112.190046 0.0 0.4
37.001126 -112.207305 0.0 0.4
37.001124 -112.225344 0.0 0.4
37.001228999999995 -112.245032 0.0 0.4
37.001183 -112.257603 0.0 0.4
37.001211 -112.272165 0.0 0.4
37.001227 -112.287176 0.0 0.4
37.001228999999995 -112.298158 0.0 0.4
37.001049 -112.310376 0.0 0.4
37.001044 -112.321502 0.0 0.4
37.001048 -112.33263 0.0 0.4
37.001033 -112.343009 0.0 0.4
37.001024 -112.355625 0.0 0.4
37.001106 -112.365677 0.0 0.4
37.00101 -112.375752 0.0 0.4
37.000994 -112.389862 0.0 0.4
37.00098 -112.416793 0.0 0.4
37.000974 -112.430409 0.0 0.4
37.000962 -112.448457 0.0 0.4
37.000949999999996 -112.470733 0.0 0.4
37.000945 -112.482431 0.0 0.4
37.000831 -112.493506 0.0 0.4
37.000869 -112.504442 0.0 0.4
37.000808 -112.516148 0.0 0.4
37.000775 -112.527239 0.0 0.4
37.00076 -112.538445 0.0 0.4
37.000710999999995 -112.557292 0.0 0.4
37.000684 -112.568067 0.0 0.4
37.000676 -112.578437 0.0 0.4
37.000662 -112.590075 0.0 0.4
37.000688 -112.607607 0.0 0.4
37.000626 -112.62576 0.0 0.4
37.000608 -112.636019 0.0 0.4
37.000599 -112.653724 0.0 0.4
37.000596 -112.685859 0.0 0.4
37.000594 -112.706842 0.0 0.4
37.000592999999995 -112.723545 0.0 0.4
37.000547999999995 -112.735821 0.0 0.4
37.000482999999996 -112.750761 0.0 0.4
37.000491 -112.769576 0.0 0.4
37.000507999999996 -112.808862 0.0 0.4
37.000515 -112.82371499999999 0.0 0.4
37.000524999999996 -112.85242 0.0 0.4
37.00053 -112.868545 0.0 0.4
37.000479999999996 -112.884306 0.0 0.4
37.000416 -112.894412 0.0 0.4
37.000324 -112.908682 0.0 0.4
37.000285 -112.92107899999999 0.0 0.4
37.00026 -112.934375 0.0 0.4
37.000242 -112.945132 0.0 0.4
37.000223999999996 -112.955574 0.0 0.4
37.000206 -112.966581 0.0 0.4
37.000186 -112.979451 0.0 0.4
37.000171 -112.989749 0.0 0.4
37.000147 -113.002837 0.0 0.4
37.000130999999996 -113.014667 0.0 0.4
37.000124 -113.024674 0.0 0.4
37.000113999999996 -113.035627 0.0 0.4
37.000081 -113.046114 0.0 0.4
37.000057 -113.059258 0.0 0.4
37.000046999999995 -113.07506599999999 0.0 0.4
37.000085999999996 -113.08910399999999 0.0 0.4
37.000064 -113.117751 0.0 0.4
37.00006 -113.136709 0.0 0.4
37.000059 -113.146828 0.0 0.4
37.000049 -113.157272 0.0 0.4
37.000031 -113.17656099999999 0.0 0.4
37.000015999999995 -113.188146 0.0 0.4
37.000001999999995 -113.201236 0.0 0.4
36.999995 -113.225195 0.0 0.4
36.999995999999996 -113.236406 0.0 0.4
37.0 -113.247776 0.0 0.4
37.0 -113.257889 0.0 0.4
36.999998 -113.267964 0.0 0.4
36.999995999999996 -113.277994 0.0 0.4
36.999994 -113.288958 0.0 0.4
36.999992 -113.299046 0.0 0.4
36.999991 -113.309084 0.0 0.4
36.999992 -113.320966 0.0 0.4
36.99999 -113.331072 0.0 0.4
36.999981999999996 -113.341679 0.0 0.4
36.999983 -113.356715 0.0 0.4
36.999981999999996 -113.367205 0.0 0.4
36.999978999999996 -113.380141 0.0 0.4
36.999981999999996 -113.391136 0.0 0.4
36.999978999999996 -113.402138 0.0 0.4
36.999984999999995 -113.412535 0.0 0.4
36.999981999999996 -113.427586 0.0 0.4
36.999981999999996 -113.439085 0.0 0.4
36.999981999999996 -113.449186 0.0 0.4
36.999981999999996 -113.460266 0.0 0.4
36.999981 -113.47118 0.0 0.4
36.99999 -113.483895 0.0 0.4
36.999981999999996 -113.494604 0.0 0.4
37.000009999999996 -113.507565 0.0 0.4
37.000012999999996 -113.521298 0.0 0.4
37.000015 -113.531514 0.0 0.4
37.000009999999996 -113.542651 0.0 0.4
37.000012999999996 -113.554435 0.0 0.4
37.000021 -113.567041 0.0 0.4
37.000015 -113.580824 0.0 0.4
37.000015 -113.592129 0.0 0.4
37.000021 -113.603354 0.0 0.4
37.000014 -113.614834 0.0 0.4
37.000014 -113.62521699999999 0.0 0.4
37.00002 -113.638247 0.0 0.4
37.000035 -113.650548 0.0 0.4
37.000046 -113.666556 0.0 0.4
37.000057 -113.67812 0.0 0.4
37.000066 -113.702206 0.0 0.4
37.000091 -113.730678 0.0 0.4
37.000108999999995 -113.756092 0.0 0.4
37.000113999999996 -113.768883 0.0 0.4
37.000122999999995 -113.779498 0.0 0.4
37.000144 -113.844505 0.0 0.4
37.000153999999995 -113.871951 0.0 0.4
37.000167 -113.89751 0.0 0.4
37.000175 -113.913284 0.0 0.4
37.000187 -113.92396600000001 0.0 0.4
37.000192 -113.935096 0.0 0.4
37.000195999999995 -113.945232 0.0 0.4
37.000186 -113.961219 0.0 0.4
37.000178 -113.971657 0.0 0.4
37.000175 -113.981669 0.0 0.4
37.000175999999996 -113.993207 0.0 0.4
37.000172 -114.004345 0.0 0.4
37.000174 -114.01757 0.0 0.4
37.000183 -114.038021 0.0 0.4
37.000191 -114.050052 0.0 0.4
37.014095 -114.050072 0.0 0.4
37.030302 -114.050262 0.0 0.4
37.046246 -114.050485 0.0 0.4
37.060035 -114.050674 0.0 0.4
37.071577 -114.050834 0.0 0.4
37.084106 -114.051344 0.0 0.4
37.097166 -114.0522 0.0 0.4
37.112881 -114.052541 0.0 0.4
37.124947 -114.051895 0.0 0.4
37.136925 -114.051895 0.0 0.4
37.14776 -114.051908 0.0 0.4
37.160556 -114.051922 0.0 0.4
37.171963999999996 -114.051655 0.0 0.4
37.184152 -114.051615 0.0 0.4
37.208151 -114.051712 0.0 0.4
37.229756 -114.051705 0.0 0.4
37.250035 -114.05174099999999 0.0 0.4
37.272055 -114.051783 0.0 0.4
37.284143 -114.051953 0.0 0.4
37.296336 -114.051868 0.0 0.4
37.307289 -114.05168 0.0 0.4
37.31995 -114.05189 0.0 0.4
37.331284 -114.051754 0.0 0.4
37.343517999999996 -114.051811 0.0 0.4
37.354248999999996 -114.051835 0.0 0.4
37.365455 -114.051848 0.0 0.4
37.376548 -114.051849 0.0 0.4
37.38772 -114.051876 0.0 0.4
37.399187999999995 -114.051891 0.0 0.4
37.411544 -114.051909 0.0 0.4
37.422905 -114.0522 0.0 0.4
37.434149 -114.052807 0.0 0.4
37.447593 -114.052753 0.0 0.4
37.458042999999996 -114.052675 0.0 0.4
37.469463999999995 -114.05275 0.0 0.4
37.479921999999995 -114.052756 0.0 0.4
37.492014 -114.052701 0.0 0.4
37.502513 -114.052685 0.0 0.4
37.51584 -114.052685 0.0 0.4
37.531031 -114.052818 0.0 0.4
37.541767 -114.052855 0.0 0.4
37.553137 -114.052885 0.0 0.4
37.565238 -114.05287799999999 0.0 0.4
37.585238 -114.052831 0.0 0.4
37.603263 -114.052414 0.0 0.4
37.618877999999995 -114.05230399999999 0.0 0.4
37.631782 -114.052243 0.0 0.4
37.644255 -114.05216300000001 0.0 0.4
37.656037999999995 -114.052009 0.0 0.4
37.670884 -114.051907 0.0 0.4
37.681408 -114.052003 0.0 0.4
37.697205 -114.051926 0.0 0.4
37.707425 -114.051863 0.0 0.4
37.718809 -114.051793 0.0 0.4
37.728864 -114.051736 0.0 0.4
37.738928 -114.051684 0.0 0.4
37.751053 -114.051655 0.0 0.4
37.76423 -114.050092 0.0 0.4
37.774817 -114.049498 0.0 0.4
37.78736 -114.049206 0.0 0.4
37.797692 -114.048985 0.0 0.4
37.808681 -114.048345 0.0 0.4
37.818981 -114.049192 0.0 0.4
37.829502999999995 -114.049553 0.0 0.4
37.840537 -114.049543 0.0 0.4
37.850823999999996 -114.04984400000001 0.0 0.4
37.867470999999995 -114.049945 0.0 0.4
37.879245 -114.04971 0.0 0.4
37.890995 -114.050007 0.0 0.4
37.901210999999996 -114.050182 0.0 0.4
37.911465 -114.05025499999999 0.0 0.4
37.923694999999995 -114.050273 0.0 0.4
37.941393999999995 -114.050443 0.0 0.4
37.953341 -114.0505 0.0 0.4
37.967549 -114.05037 0.0 0.4
37.977736 -114.050283 0.0 0.4
37.992202 -114.050272 0.0 0.4
38.003924999999995 -114.050294 0.0 0.4
38.015357 -114.050316 0.0 0.4
38.02939 -114.050304 0.0 0.4
38.03962 -114.050291 0.0 0.4
38.049833 -114.050398 0.0 0.4
38.059982 -114.050419 0.0 0.4
38.070448999999996 -114.05035 0.0 0.4
38.081413999999995 -114.050229 0.0 0.4
38.092554 -114.050091 0.0 0.4
38.103111999999996 -114.05008 0.0 0.4
38.114278999999996 -114.050111 0.0 0.4
38.124936999999996 -114.0501 0.0 0.4
38.136569 -114.050036 0.0 0.4
38.148598 -114.049979 0.0 0.4
38.159400000000005 -114.049988 0.0 0.4
38.170542 -114.050022 0.0 0.4
38.183831 -114.05005 0.0 0.4
38.195088999999996 -114.050076 0.0 0.4
38.212789 -114.050149 0.0 0.4
38.226416 -114.050275 0.0 0.4
38.237103999999995 -114.050346 0.0 0.4
38.248429 -114.050131 0.0 0.4
38.258939 -114.04968099999999 0.0 0.4
38.271715 -114.04942199999999 0.0 0.4
38.281774 -114.049474 0.0 0.4
38.303435 -114.049574 0.0 0.4
38.315597 -114.049562 0.0 0.4
38.326267 -114.049559 0.0 0.4
38.337073 -114.049629 0.0 0.4
38.348015 -114.049695 0.0 0.4
38.358897 -114.049764 0.0 0.4
38.369761 -114.049836 0.0 0.4
38.380607999999995 -114.049917 0.0 0.4
38.392855999999995 -114.049982 0.0 0.4
38.403577999999996 -114.050069 0.0 0.4
38.414955 -114.050178 0.0 0.4
38.426066 -114.050301 0.0 0.4
38.437892 -114.050279 0.0 0.4
38.454575 -114.050284 0.0 0.4
38.4698 -114.050153 0.0 0.4
38.489357 -114.050366 0.0 0.4
38.499658 -114.050472 0.0 0.4
38.514896 -114.050269 0.0 0.4
38.525945 -114.050119 0.0 0.4
38.536871999999995 -114.05009 0.0 0.4
38.547132 -114.05006399999999 0.0 0.4
38.561585 -114.050014 0.0 0.4
38.572973999999995 -114.049977 0.0 0.4
38.583275 -114.049948 0.0 0.4
38.598377 -114.049912 0.0 0.4
38.608891 -114.049908 0.0 0.4
38.621466 -114.049906 0.0 0.4
38.632497 -114.049921 0.0 0.4
38.64382 -114.04990000000001 0.0 0.4
38.659217999999996 -114.049826 0.0 0.4
38.670581999999996 -114.049798 0.0 0.4
38.682779 -114.049832 0.0 0.4
38.697835 -114.0498 0.0 0.4
38.708261 -114.049751 0.0 0.4
38.720189999999995 -114.049721 0.0 0.4
38.731162 -114.049692 0.0 0.4
38.767117 -114.049626 0.0 0.4
38.777364999999996 -114.04962 0.0 0.4
38.78767 -114.049613 0.0 0.4
38.799973 -114.049593 0.0 0.4
38.820017 -114.049628 0.0 0.4
38.831224 -114.049629 0.0 0.4
38.842255 -114.049653 0.0 0.4
38.854002 -114.049655 0.0 0.4
38.866561999999995 -114.04962 0.0 0.4
38.877776 -114.049587 0.0 0.4
38.90043 -114.049493 0.0 0.4
38.916007 -114.049402 0.0 0.4
38.929334 -114.04934 0.0 0.4
38.93936 -114.049317 0.0 0.4
38.949597 -114.049254 0.0 0.4
38.970483 -114.04914099999999 0.0 0.4
38.986258 -114.049094 0.0 0.4
38.997156 -114.04906 0.0 0.4
39.012521 -114.048997 0.0 0.4
39.023463 -114.04895 0.0 0.4
39.042389 -114.048903 0.0 0.4
39.057112 -114.048891 0.0 0.4
39.072841 -114.048864 0.0 0.4
39.08777 -114.048811 0.0 0.4
39.098447 -114.048813 0.0 0.4
39.112373999999996 -114.048764 0.0 0.4
39.124443 -114.048751 0.0 0.4
39.135115 -114.048719 0.0 0.4
39.145416 -114.048693 0.0 0.4
39.155484 -114.048658 0.0 0.4
39.166643 -114.048625 0.0 0.4
39.182206 -114.04857799999999 0.0 0.4
39.194539 -114.048538 0.0 0.4
39.206378 -114.048547 0.0 0.4
39.216660999999995 -114.04853 0.0 0.4
39.229825999999996 -114.048511 0.0 0.4
39.241932 -114.0485 0.0 0.4
39.253236 -114.048496 0.0 0.4
39.267226 -114.048481 0.0 0.4
39.281006 -114.04844 0.0 0.4
39.292272 -114.048417 0.0 0.4
39.30547 -114.048385 0.0 0.4
39.318427 -114.048361 0.0 0.4
39.329585 -114.048344 0.0 0.4
39.340243 -114.048325 0.0 0.4
39.351895 -114.048287 0.0 0.4
39.363699 -114.048253 0.0 0.4
39.3753 -114.048221 0.0 0.4
39.386005999999995 -114.048174 0.0 0.4
39.396639 -114.048119 0.0 0.4
39.406717 -114.048073 0.0 0.4
39.422267 -114.047989 0.0 0.4
39.444928999999995 -114.04795 0.0 0.4
39.455766 -114.047923 0.0 0.4
39.484024 -114.047836 0.0 0.4
39.502266 -114.047783 0.0 0.4
39.528476999999995 -114.047696 0.0 0.4
39.540223 -114.047654 0.0 0.4
39.551459 -114.047629 0.0 0.4
39.563575 -114.047606 0.0 0.4
39.574207 -114.047587 0.0 0.4
39.590821999999996 -114.047553 0.0 0.4
39.604405 -114.047549 0.0 0.4
39.617052 -114.047556 0.0 0.4
39.638332 -114.04748000000001 0.0 0.4
39.648816 -114.047392 0.0 0.4
39.659504 -114.047338 0.0 0.4
39.672215 -114.047273 0.0 0.4
39.683243999999995 -114.047198 0.0 0.4
39.693562 -114.047055 0.0 0.4
39.709111 -114.046839 0.0 0.4
39.724798 -114.047005 0.0 0.4
39.737494 -114.04714799999999 0.0 0.4
39.759521 -114.047633 0.0 0.4
39.7699 -114.047792 0.0 0.4
39.785374999999995 -114.047839 0.0 0.4
39.808439 -114.047766 0.0 0.4
39.821013 -114.047598 0.0 0.4
39.831285 -114.04744 0.0 0.4
39.846973 -114.047217 0.0 0.4
39.866749999999996 -114.04717 0.0 0.4
39.881093 -114.04712 0.0 0.4
39.89552 -114.047114 0.0 0.4
39.905923 -114.047026 0.0 0.4
