38.76298 -78.869261 0.0 0.4
38.7718 -78.86368399999999 0.0 0.4
38.781355 -78.857236 0.0 0.4
38.790177 -78.851418 0.0 0.4
38.798468 -78.84566199999999 0.0 0.4
38.807089 -78.83876599999999 0.0 0.4
38.814895 -78.831659 0.0 0.4
38.823662 -78.826661 0.0 0.4
38.831877999999996 -78.820746 0.0 0.4
38.840786 -78.815484 0.0 0.4
38.850015 -78.810728 0.0 0.4
38.858619999999995 -78.805159 0.0 0.4
38.86801 -78.80048099999999 0.0 0.4
38.876432 -78.794221 0.0 0.4
38.885123 -78.78803099999999 0.0 0.4
38.892298 -78.779198 0.0 0.4
38.897064 -78.769358 0.0 0.4
38.900529 -78.759085 0.0 0.4
38.909563999999996 -78.75368999999999 0.0 0.4
38.918012999999995 -78.74750399999999 0.0 0.4
38.926214 -78.740251 0.0 0.4
38.929659 -78.73071499999999 0.0 0.4
38.933316 -78.719786 0.0 0.4
38.923201 -78.719876 0.0 0.4
38.913219 -78.720799 0.0 0.4
38.911063999999996 -78.708941 0.0 0.4
38.915059 -78.699682 0.0 0.4
38.921413 -78.691895 0.0 0.4
38.92584 -78.681617 0.0 0.4
38.932545 -78.672495 0.0 0.4
38.941579 -78.665886 0.0 0.4
38.949148 -78.658138 0.0 0.4
38.95854 -78.65305 0.0 0.4
38.968137999999996 -78.64658899999999 0.0 0.4
38.970411999999996 -78.63537099999999 0.0 0.4
38.979586 -78.63084599999999 0.0 0.4
38.982504 -78.621145 0.0 0.4
38.976287 -78.612588 0.0 0.4
38.964603 -78.601655 0.0 0.4
38.971917999999995 -78.593261 0.0 0.4
38.980714 -78.587653 0.0 0.4
38.990567 -78.58046499999999 0.0 0.4
38.998477 -78.573388 0.0 0.4
39.007197999999995 -78.56262799999999 0.0 0.4
39.015124 -78.554919 0.0 0.4
39.024456 -78.55964 0.0 0.4
39.029475 -78.569046 0.0 0.4
39.038557999999995 -78.564604 0.0 0.4
39.045924 -78.555962 0.0 0.4
39.053284999999995 -78.548307 0.0 0.4
39.060631 -78.540216 0.0 0.4
39.066519 -78.531695 0.0 0.4
39.071062 -78.522714 0.0 0.4
39.07882 -78.516342 0.0 0.4
39.086757 -78.509371 0.0 0.4
39.094549 -78.501728 0.0 0.4
39.10159 -78.493734 0.0 0.4
39.107372 -78.48428299999999 0.0 0.4
39.107957999999996 -78.473754 0.0 0.4
39.113285999999995 -78.463813 0.0 0.4
39.118443 -78.454787 0.0 0.4
39.125105 -78.44717899999999 0.0 0.4
39.132146 -78.43942899999999 0.0 0.4
39.143046999999996 -78.434811 0.0 0.4
39.151312999999995 -78.42875 0.0 0.4
39.156656 -78.41837699999999 0.0 0.4
39.162171 -78.40969799999999 0.0 0.4
39.172734 -78.41197199999999 0.0 0.4
39.178927 -78.420637 0.0 0.4
39.186105 -78.427857 0.0 0.4
39.196227 -78.430846 0.0 0.4
39.206389 -78.430818 0.0 0.4
39.213273 -78.422161 0.0 0.4
39.221118 -78.415279 0.0 0.4
39.228623 -78.408243 0.0 0.4
39.238351 -78.404865 0.0 0.4
39.248425999999995 -78.404957 0.0 0.4
39.254914 -78.41314799999999 0.0 0.4
39.265287 -78.412883 0.0 0.4
39.273454 -78.404926 0.0 0.4
39.281332 -78.398682 0.0 0.4
39.287042 -78.389984 0.0 0.4
39.296575 -78.38379499999999 0.0 0.4
39.303830999999995 -78.375945 0.0 0.4
39.310148 -78.36724199999999 0.0 0.4
39.317547 -78.360249 0.0 0.4
39.326418 -78.35555699999999 0.0 0.4
39.335335 -78.34951199999999 0.0 0.4
39.34482 -78.346164 0.0 0.4
39.351949 -78.339151 0.0 0.4
39.354713 -78.348927 0.0 0.4
39.357268 -78.358964 0.0 0.4
39.367613999999996 -78.35878699999999 0.0 0.4
39.375098 -78.352097 0.0 0.4
39.385154 -78.345593 0.0 0.4
39.39657 -78.34929799999999 0.0 0.4
39.403725 -78.357196 0.0 0.4
39.414681 -78.3572 0.0 0.4
39.422562 -78.350111 0.0 0.4
39.433323 -78.350388 0.0 0.4
39.442616 -78.34654599999999 0.0 0.4
39.453499 -78.345823 0.0 0.4
39.463063999999996 -78.34891499999999 0.0 0.4
39.460369 -78.338222 0.0 0.4
39.450325 -78.322442 0.0 0.4
39.444296 -78.31296999999999 0.0 0.4
39.438444 -78.30362099999999 0.0 0.4
39.431636999999995 -78.29262 0.0 0.4
39.420952 -78.27436399999999 0.0 0.4
39.414339999999996 -78.262815 0.0 0.4
39.406366999999996 -78.251457 0.0 0.4
39.398624999999996 -78.239453 0.0 0.4
39.391233 -78.228766 0.0 0.4
39.385318 -78.220214 0.0 0.4
39.377065 -78.208283 0.0 0.4
39.370453999999995 -78.197885 0.0 0.4
39.364650999999995 -78.188458 0.0 0.4
39.356429 -78.176461 0.0 0.4
39.350715 -78.168245 0.0 0.4
39.344153999999996 -78.15924299999999 0.0 0.4
39.337762999999995 -78.14811999999999 0.0 0.4
39.332395999999996 -78.138837 0.0 0.4
39.323208 -78.124723 0.0 0.4
39.31538 -78.11304 0.0 0.4
39.309701 -78.104277 0.0 0.4
39.303394 -78.094079 0.0 0.4
39.29597 -78.082495 0.0 0.4
39.290348 -78.073748 0.0 0.4
39.282098999999995 -78.06105 0.0 0.4
39.275957999999996 -78.05139799999999 0.0 0.4
39.269495 -78.04103099999999 0.0 0.4
39.264116 -78.03236299999999 0.0 0.4
39.257836999999995 -78.02274 0.0 0.4
39.250015999999995 -78.010609 0.0 0.4
39.243992999999996 -78.001103 0.0 0.4
39.237662 -77.991269 0.0 0.4
39.231215999999996 -77.98126599999999 0.0 0.4
39.224753 -77.97124 0.0 0.4
39.218354999999995 -77.96131299999999 0.0 0.4
39.20907 -77.94697699999999 0.0 0.4
39.202633 -77.93705299999999 0.0 0.4
39.19685 -77.928145 0.0 0.4
39.191221999999996 -77.91946999999999 0.0 0.4
39.185648 -77.91078999999999 0.0 0.4
39.176806 -77.89713499999999 0.0 0.4
39.170415 -77.887254 0.0 0.4
39.164063999999996 -77.877423 0.0 0.4
39.155656 -77.864368 0.0 0.4
39.149364999999996 -77.854595 0.0 0.4
39.143952 -77.84617999999999 0.0 0.4
39.137878 -77.836739 0.0 0.4
39.132425999999995 -77.828299 0.0 0.4
39.141127999999995 -77.821918 0.0 0.4
39.151868 -77.821625 0.0 0.4
39.160765999999995 -77.81549199999999 0.0 0.4
39.168918 -77.809292 0.0 0.4
39.177713 -77.80447 0.0 0.4
39.187152 -77.801101 0.0 0.4
39.197480999999996 -77.798643 0.0 0.4
39.206565 -77.79428899999999 0.0 0.4
39.215478999999995 -77.788594 0.0 0.4
39.224188999999996 -77.783535 0.0 0.4
39.232141 -77.775868 0.0 0.4
39.240552 -77.77024399999999 0.0 0.4
39.250764 -77.770674 0.0 0.4
39.257978 -77.763665 0.0 0.4
39.266673999999995 -77.758376 0.0 0.4
39.27603 -77.754049 0.0 0.4
39.286833 -77.751257 0.0 0.4
39.296003 -77.746591 0.0 0.4
39.304668 -77.740622 0.0 0.4
39.313054 -77.734219 0.0 0.4
39.317547999999995 -77.72498999999999 0.0 0.4
39.320918999999996 -77.715567 0.0 0.4
39.320768 -77.704832 0.0 0.4
39.318497 -77.69462 0.0 0.4
39.321428 -77.684894 0.0 0.4
39.324234 -77.675185 0.0 0.4
39.318118 -77.667249 0.0 0.4
39.313942999999995 -77.656691 0.0 0.4
39.309895999999995 -77.647494 0.0 0.4
39.308036 -77.637577 0.0 0.4
39.305924 -77.62732199999999 0.0 0.4
39.30298 -77.61723099999999 0.0 0.4
39.303562 -77.60717 0.0 0.4
39.301643999999996 -77.597242 0.0 0.4
39.302481 -77.586332 0.0 0.4
39.305398 -77.57563499999999 0.0 0.4
39.305548 -77.565602 0.0 0.4
39.295572 -77.562786 0.0 0.4
39.285741 -77.560549 0.0 0.4
39.279157999999995 -77.55296299999999 0.0 0.4
39.271482999999996 -77.545757 0.0 0.4
39.264528999999996 -77.53844099999999 0.0 0.4
39.260616 -77.52917099999999 0.0 0.4
39.257376 -77.519553 0.0 0.4
39.253203 -77.510449 0.0 0.4
39.251719 -77.500146 0.0 0.4
39.248909 -77.490128 0.0 0.4
39.243010999999996 -77.481912 0.0 0.4
39.236641 -77.474079 0.0 0.4
39.231181 -77.465251 0.0 0.4
39.224595 -77.457639 0.0 0.4
39.216377 -77.463424 0.0 0.4
39.210464 -77.471655 0.0 0.4
39.201312 -77.47595799999999 0.0 0.4
39.191314999999996 -77.477065 0.0 0.4
39.186025 -77.485795 0.0 0.4
39.184155 -77.495775 0.0 0.4
39.182061999999995 -77.505637 0.0 0.4
39.175393 -77.51350099999999 0.0 0.4
39.166933 -77.51887099999999 0.0 0.4
39.157512 -77.522296 0.0 0.4
39.148016 -77.52568099999999 0.0 0.4
39.138096 -77.527198 0.0 0.4
39.128353 -77.524872 0.0 0.4
39.120163 -77.51908999999999 0.0 0.4
39.117084 -77.509558 0.0 0.4
39.113960999999996 -77.50005 0.0 0.4
39.111549 -77.49028899999999 0.0 0.4
39.106125 -77.481653 0.0 0.4
39.09802 -77.475459 0.0 0.4
39.089844 -77.469186 0.0 0.4
39.080721 -77.464899 0.0 0.4
39.073662999999996 -77.457718 0.0 0.4
39.071869 -77.447582 0.0 0.4
39.070648999999996 -77.43733999999999 0.0 0.4
39.067904999999996 -77.427661 0.0 0.4
39.066454 -77.417463 0.0 0.4
39.064789999999995 -77.407422 0.0 0.4
39.064391 -77.396903 0.0 0.4
39.062241 -77.38681799999999 0.0 0.4
39.062179 -77.376606 0.0 0.4
39.062025 -77.36634699999999 0.0 0.4
39.062539 -77.35611899999999 0.0 0.4
39.062754 -77.34579599999999 0.0 0.4
39.061797 -77.335664 0.0 0.4
39.057297 -77.326728 0.0 0.4
39.053137 -77.317593 0.0 0.4
39.05214 -77.30745999999999 0.0 0.4
39.04833 -77.29817 0.0 0.4
39.044041 -77.289108 0.0 0.4
39.038193 -77.28087 0.0 0.4
39.033493 -77.271971 0.0 0.4
39.031388 -77.262131 0.0 0.4
39.028441 -77.252419 0.0 0.4
39.021726 -77.24499 0.0 0.4
39.01274 -77.249904 0.0 0.4
39.004275 -77.255234 0.0 0.4
38.994848 -77.25066 0.0 0.4
38.985876 -77.246212 0.0 0.4
38.979352999999996 -77.23848199999999 0.0 0.4
38.978328999999995 -77.22849599999999 0.0 0.4
38.971343999999995 -77.221166 0.0 0.4
38.969367999999996 -77.211327 0.0 0.4
38.967407 -77.201326 0.0 0.4
38.968059 -77.19122 0.0 0.4
38.968765 -77.1812 0.0 0.4
38.96666 -77.17134399999999 0.0 0.4
38.966426999999996 -77.16120699999999 0.0 0.4
38.965658999999995 -77.151119 0.0 0.4
38.96046 -77.142517 0.0 0.4
38.953513 -77.13525299999999 0.0 0.4
38.94473 -77.130386 0.0 0.4
38.937421 -77.12351799999999 0.0 0.4
38.930046 -77.116756 0.0 0.4
38.922658 -77.109996 0.0 0.4
38.914885 -77.103695 0.0 0.4
38.90801 -77.096432 0.0 0.4
38.903413 -77.087375 0.0 0.4
38.902164 -77.077449 0.0 0.4
38.899535 -77.067742 0.0 0.4
38.890316 -77.063816 0.0 0.4
38.881263 -77.059359 0.0 0.4
38.874857 -77.051679 0.0 0.4
38.872678 -77.041877 0.0 0.4
38.862708 -77.040977 0.0 0.4
38.856102 -77.03344 0.0 0.4
38.846122 -77.03271699999999 0.0 0.4
38.839293 -77.040127 0.0 0.4
38.829542 -77.037713 0.0 0.4
38.819606 -77.039132 0.0 0.4
38.808574 -77.03764199999999 0.0 0.4
38.798169 -77.039114 0.0 0.4
38.785216 -77.04025 0.0 0.4
38.768554 -77.041364 0.0 0.4
38.751811 -77.041848 0.0 0.4
38.741285 -77.042282 0.0 0.4
38.731061 -77.04169399999999 0.0 0.4
38.721058 -77.042678 0.0 0.4
38.712796999999995 -77.048335 0.0 0.4
38.709896 -77.057948 0.0 0.4
38.709944 -77.067982 0.0 0.4
38.71337 -77.07737999999999 0.0 0.4
38.706485 -77.085753 0.0 0.4
38.701761999999995 -77.094701 0.0 0.4
38.697671 -77.103864 0.0 0.4
38.68926 -77.116603 0.0 0.4
38.682704 -77.124391 0.0 0.4
38.675294 -77.131163 0.0 0.4
38.665461 -77.133855 0.0 0.4
38.652774 -77.135898 0.0 0.4
38.643035999999995 -77.13339599999999 0.0 0.4
38.632985999999995 -77.136251 0.0 0.4
38.630085 -77.147346 0.0 0.4
38.626792 -77.159927 0.0 0.4
38.624247 -77.173149 0.0 0.4
38.62173 -77.18305 0.0 0.4
38.619324999999996 -77.192819 0.0 0.4
38.617678999999995 -77.202714 0.0 0.4
38.610974999999996 -77.216195 0.0 0.4
38.605616999999995 -77.225503 0.0 0.4
38.598417 -77.238103 0.0 0.4
38.590962999999995 -77.246596 0.0 0.4
38.578432 -77.250607 0.0 0.4
38.567251 -77.25437699999999 0.0 0.4
38.559357999999996 -77.26124899999999 0.0 0.4
38.553104 -77.26934899999999 0.0 0.4
38.544833 -77.276397 0.0 0.4
38.534715 -77.279204 0.0 0.4
38.525451 -77.283037 0.0 0.4
38.515716 -77.29072 0.0 0.4
38.506308 -77.29693 0.0 0.4
38.498633 -77.303855 0.0 0.4
38.491149 -77.310538 0.0 0.4
38.481409 -77.31518899999999 0.0 0.4
38.470349 -77.318826 0.0 0.4
38.460245 -77.319306 0.0 0.4
38.448707 -77.31976 0.0 0.4
38.436904999999996 -77.320296 0.0 0.4
38.426857999999996 -77.321129 0.0 0.4
38.413747 -77.316563 0.0 0.4
38.401758 -77.312077 0.0 0.4
38.390983999999996 -77.30922699999999 0.0 0.4
38.378268999999996 -77.305756 0.0 0.4
38.371597 -77.298278 0.0 0.4
38.36367 -77.292146 0.0 0.4
38.354535 -77.287658 0.0 0.4
38.343419 -77.284123 0.0 0.4
38.335915 -77.271407 0.0 0.4
38.332378999999996 -77.25800699999999 0.0 0.4
38.331558 -77.24803299999999 0.0 0.4
38.332299 -77.23643299999999 0.0 0.4
38.335352 -77.226227 0.0 0.4
38.338282 -77.215948 0.0 0.4
38.341096 -77.204694 0.0 0.4
38.341141 -77.194495 0.0 0.4
38.342005 -77.182727 0.0 0.4
38.344795 -77.170447 0.0 0.4
38.34841 -77.15851599999999 0.0 0.4
38.356856 -77.149261 0.0 0.4
38.366614999999996 -77.140323 0.0 0.4
38.367398 -77.130147 0.0 0.4
38.367587 -77.119203 0.0 0.4
38.369541 -77.10887 0.0 0.4
38.368826 -77.098122 0.0 0.4
38.367928 -77.08667799999999 0.0 0.4
38.372763 -77.07688999999999 0.0 0.4
38.379763 -77.069177 0.0 0.4
38.388861 -77.061229 0.0 0.4
38.398813 -77.05342 0.0 0.4
38.400996 -77.04326999999999 0.0 0.4
38.394881999999996 -77.034549 0.0 0.4
38.388625999999995 -77.026471 0.0 0.4
38.381941 -77.018498 0.0 0.4
38.374561 -77.011506 0.0 0.4
38.365021999999996 -77.01483 0.0 0.4
38.354461 -77.014692 0.0 0.4
38.344606999999996 -77.016451 0.0 0.4
38.334384 -77.01507 0.0 0.4
38.323350999999995 -77.021689 0.0 0.4
38.314353 -77.028588 0.0 0.4
38.303067999999996 -77.025592 0.0 0.4
38.298837 -77.016449 0.0 0.4
38.290856 -77.009503 0.0 0.4
38.282444999999996 -77.00278 0.0 0.4
38.275718 -76.994078 0.0 0.4
38.274519 -76.98400699999999 0.0 0.4
38.269020999999995 -76.975224 0.0 0.4
38.262035 -76.96791499999999 0.0 0.4
38.253887 -76.961488 0.0 0.4
38.244324999999996 -76.958103 0.0 0.4
38.234058 -76.95809899999999 0.0 0.4
38.221427999999996 -76.95703999999999 0.0 0.4
38.211884 -76.951157 0.0 0.4
38.205912 -76.9431 0.0 0.4
38.201857 -76.933859 0.0 0.4
38.200883 -76.92357899999999 0.0 0.4
38.197978 -76.91381899999999 0.0 0.4
38.192921 -76.904889 0.0 0.4
38.186707999999996 -76.896709 0.0 0.4
38.181314 -76.888162 0.0 0.4
38.174904 -76.880471 0.0 0.4
38.171444 -76.870718 0.0 0.4
38.170975999999996 -76.86027299999999 0.0 0.4
38.166990999999996 -76.850655 0.0 0.4
38.164035999999996 -76.840881 0.0 0.4
38.163274 -76.830884 0.0 0.4
38.164311 -76.820759 0.0 0.4
38.166509 -76.810738 0.0 0.4
38.168728 -76.800794 0.0 0.4
38.169058 -76.790684 0.0 0.4
38.168126 -76.780495 0.0 0.4
38.167820999999996 -76.770194 0.0 0.4
38.166858999999995 -76.759481 0.0 0.4
38.164698 -76.749686 0.0 0.4
38.16309 -76.72652 0.0 0.4
38.161986999999996 -76.710194 0.0 0.4
38.161014 -76.697453 0.0 0.4
38.157892 -76.673945 0.0 0.4
38.156237999999995 -76.66215799999999 0.0 0.4
38.154224 -76.647797 0.0 0.4
38.15266 -76.636654 0.0 0.4
38.151877 -76.62603399999999 0.0 0.4
38.149605 -76.61543 0.0 0.4
38.148933 -76.60543 0.0 0.4
38.134226999999996 -76.60489 0.0 0.4
38.124716 -76.601761 0.0 0.4
38.114754 -76.599958 0.0 0.4
38.10601 -76.595024 0.0 0.4
38.100688 -76.586084 0.0 0.4
38.094505 -76.577889 0.0 0.4
38.090089 -76.56798599999999 0.0 0.4
38.086275 -76.558208 0.0 0.4
38.080543999999996 -76.548704 0.0 0.4
38.075945 -76.53916199999999 0.0 0.4
38.065962999999996 -76.535311 0.0 0.4
38.057336 -76.52953099999999 0.0 0.4
38.046512 -76.517528 0.0 0.4
38.035644 -76.51634899999999 0.0 0.4
38.025859 -76.514062 0.0 0.4
38.021806999999995 -76.504499 0.0 0.4
38.018415 -76.49462199999999 0.0 0.4
38.015988 -76.484719 0.0 0.4
38.015606 -76.474539 0.0 0.4
38.000143 -76.45228 0.0 0.4
37.992714 -76.445137 0.0 0.4
37.986059 -76.436988 0.0 0.4
37.977376 -76.426317 0.0 0.4
37.968140999999996 -76.41529299999999 0.0 0.4
37.959444999999995 -76.392443 0.0 0.4
37.956998999999996 -76.382728 0.0 0.4
37.954544999999996 -76.371459 0.0 0.4
37.952583 -76.361148 0.0 0.4
37.949481 -76.35074999999999 0.0 0.4
37.945947 -76.34046099999999 0.0 0.4
37.941843 -76.331201 0.0 0.4
37.937307 -76.32185 0.0 0.4
37.932676 -76.312752 0.0 0.4
37.928267999999996 -76.303641 0.0 0.4
37.923747999999996 -76.293632 0.0 0.4
37.919129 -76.284408 0.0 0.4
37.914953 -76.274059 0.0 0.4
37.910331 -76.264776 0.0 0.4
37.904551999999995 -76.256495 0.0 0.4
37.897090999999996 -76.249802 0.0 0.4
37.890626 -76.240777 0.0 0.4
37.928708 -76.124661 0.0 0.4
37.953578 -76.052021 0.0 0.4
37.953997 -76.041691 0.0 0.4
37.953652999999996 -76.030121 0.0 0.4
37.953617 -76.017562 0.0 0.4
37.953599 -76.005872 0.0 0.4
37.953451 -75.995209 0.0 0.4
37.951996 -75.983272 0.0 0.4
37.946132999999996 -75.943693 0.0 0.4
37.906827 -75.95267199999999 0.0 0.4
37.908465 -75.927353 0.0 0.4
37.91006 -75.902676 0.0 0.4
37.911335 -75.882939 0.0 0.4
37.912039 -75.813907 0.0 0.4
37.912174 -75.80123999999999 0.0 0.4
37.92491 -75.783963 0.0 0.4
37.941365999999995 -75.761642 0.0 0.4
37.944126 -75.749652 0.0 0.4
37.94737 -75.735384 0.0 0.4
37.95057 -75.721837 0.0 0.4
37.953463 -75.709943 0.0 0.4
37.955038 -75.699 0.0 0.4
37.954525 -75.686976 0.0 0.4
37.951339999999995 -75.67305999999999 0.0 0.4
37.948412999999995 -75.662954 0.0 0.4
37.946090999999996 -75.652169 0.0 0.4
37.957421 -75.64792 0.0 0.4
37.967465 -75.64741599999999 0.0 0.4
37.975974 -75.64181599999999 0.0 0.4
37.975873 -75.631669 0.0 0.4
37.986691 -75.632532 0.0 0.4
37.993005 -75.624589 0.0 0.4
37.995196 -75.614626 0.0 0.4
37.996148 -75.602897 0.0 0.4
37.997405 -75.588385 0.0 0.4
37.998585999999996 -75.575107 0.0 0.4
37.999424999999995 -75.565097 0.0 0.4
38.000439 -75.55275999999999 0.0 0.4
38.001357999999996 -75.541951 0.0 0.4
38.002371 -75.53076399999999 0.0 0.4
38.003333 -75.519401 0.0 0.4
38.004162 -75.509401 0.0 0.4
38.005328 -75.495643 0.0 0.4
38.006419 -75.482986 0.0 0.4
38.007577999999995 -75.469818 0.0 0.4
38.008429 -75.459648 0.0 0.4
38.009268999999996 -75.44940799999999 0.0 0.4
38.010024 -75.43932699999999 0.0 0.4
38.010889 -75.429076 0.0 0.4
38.011846999999996 -75.416488 0.0 0.4
38.012701 -75.406082 0.0 0.4
38.013525 -75.396057 0.0 0.4
38.01464 -75.383624 0.0 0.4
38.019957 -75.325362 0.0 0.4
38.023655999999995 -75.284622 0.0 0.4
38.024592 -75.27436 0.0 0.4
38.025496 -75.263846 0.0 0.4
38.026461 -75.25271099999999 0.0 0.4
38.027028 -75.242469 0.0 0.4
38.02735 -75.223762 0.0 0.4
38.027933999999995 -75.16834899999999 0.0 0.4
38.013419999999996 -75.177078 0.0 0.4
38.000121 -75.188003 0.0 0.4
37.93539 -75.238073 0.0 0.4
37.918628 -75.249636 0.0 0.4
37.907871 -75.256812 0.0 0.4
37.897088 -75.26305599999999 0.0 0.4
37.882602 -75.270444 0.0 0.4
37.869668 -75.278735 0.0 0.4
37.861582 -75.285056 0.0 0.4
37.852619 -75.29124 0.0 0.4
37.838169 -75.30313199999999 0.0 0.4
37.830611999999995 -75.312209 0.0 0.4
37.824979 -75.320964 0.0 0.4
37.815232 -75.33797899999999 0.0 0.4
37.811982 -75.349468 0.0 0.4
37.810186 -75.360125 0.0 0.4
37.81032 -75.37464299999999 0.0 0.4
37.811724 -75.386951 0.0 0.4
37.815725 -75.399286 0.0 0.4
37.820918999999996 -75.409285 0.0 0.4
37.789517 -75.444904 0.0 0.4
37.771356 -75.460933 0.0 0.4
37.759662999999996 -75.464766 0.0 0.4
37.750125 -75.470066 0.0 0.4
37.740438 -75.473739 0.0 0.4
37.731311999999996 -75.480194 0.0 0.4
37.723459 -75.487849 0.0 0.4
37.714242999999996 -75.492092 0.0 0.4
37.704792 -75.497901 0.0 0.4
37.694317999999996 -75.503248 0.0 0.4
37.685159 -75.509226 0.0 0.4
37.674673 -75.514307 0.0 0.4
37.664358 -75.515545 0.0 0.4
37.65333 -75.517195 0.0 0.4
37.641878 -75.52242799999999 0.0 0.4
37.633945 -75.528543 0.0 0.4
37.625132 -75.53464699999999 0.0 0.4
37.606145 -75.54177899999999 0.0 0.4
37.598053 -75.535052 0.0 0.4
37.588367 -75.529749 0.0 0.4
37.57832 -75.52727999999999 0.0 0.4
37.568152 -75.527222 0.0 0.4
37.557660999999996 -75.529698 0.0 0.4
37.548603 -75.53396599999999 0.0 0.4
37.539899 -75.540054 0.0 0.4
37.532226 -75.54771699999999 0.0 0.4
37.500135 -75.574651 0.0 0.4
37.486503 -75.583236 0.0 0.4
37.477857 -75.58910999999999 0.0 0.4
37.465584 -75.595642 0.0 0.4
37.453133 -75.596046 0.0 0.4
37.43259 -75.603959 0.0 0.4
37.422024 -75.60402599999999 0.0 0.4
37.402263 -75.618253 0.0 0.4
37.372864 -75.643456 0.0 0.4
37.34227 -75.644386 0.0 0.4
37.323913999999995 -75.65659 0.0 0.4
37.312577 -75.678964 0.0 0.4
37.300159 -75.691846 0.0 0.4
37.275687 -75.715515 0.0 0.4
37.265167 -75.718392 0.0 0.4
37.25147 -75.726985 0.0 0.4
37.235617 -75.72836699999999 0.0 0.4
37.216901 -75.729271 0.0 0.4
37.196985999999995 -75.74011899999999 0.0 0.4
37.182348999999995 -75.74463899999999 0.0 0.4
37.154931999999995 -75.766049 0.0 0.4
37.137116 -75.781587 0.0 0.4
37.125144999999996 -75.797035 0.0 0.4
37.116060999999995 -75.80590699999999 0.0 0.4
37.110122 -75.824147 0.0 0.4
37.095006 -75.83563099999999 0.0 0.4
37.079349 -75.854547 0.0 0.4
37.073951 -75.86940899999999 0.0 0.4
37.054514999999995 -75.889676 0.0 0.4
37.000144 -75.905749 0.0 0.4
36.990708 -75.909491 0.0 0.4
36.938179 -75.92830699999999 0.0 0.4
36.88922 -75.914017 0.0 0.4
36.87197 -75.90933 0.0 0.4
36.856998 -75.90526299999999 0.0 0.4
36.841451 -75.901039 0.0 0.4
36.791148 -75.887373 0.0 0.4
36.76099 -75.87917999999999 0.0 0.4
36.744305 -75.874647 0.0 0.4
36.734207 -75.870465 0.0 0.4
36.716026 -75.862937 0.0 0.4
36.690784 -75.849814 0.0 0.4
36.679773 -75.843991 0.0 0.4
36.654572 -75.83403799999999 0.0 0.4
36.644632 -75.829758 0.0 0.4
36.632295 -75.823618 0.0 0.4
36.56274 -75.800435 0.0 0.4
36.550916 -75.79749699999999 0.0 0.4
36.550283 -75.854355 0.0 0.4
36.550396 -75.866002 0.0 0.4
36.550443 -75.876043 0.0 0.4
36.550481 -75.886301 0.0 0.4
36.550534 -75.901005 0.0 0.4
36.55057 -75.91152199999999 0.0 0.4
36.550604 -75.921522 0.0 0.4
36.550616999999995 -75.932557 0.0 0.4
36.550588 -75.945043 0.0 0.4
36.550553 -75.95611199999999 0.0 0.4
36.550511 -75.975138 0.0 0.4
36.550452 -75.996943 0.0 0.4
36.550422999999995 -76.00704499999999 0.0 0.4
36.55047 -76.026721 0.0 0.4
36.550502 -76.03741099999999 0.0 0.4
36.55054 -76.051479 0.0 0.4
36.550598 -76.071704 0.0 0.4
36.550565999999996 -76.08195599999999 0.0 0.4
36.550539 -76.092343 0.0 0.4
36.550534 -76.10309099999999 0.0 0.4
36.550523999999996 -76.113581 0.0 0.4
36.550520999999996 -76.125282 0.0 0.4
36.550512999999995 -76.137231 0.0 0.4
36.550504 -76.148155 0.0 0.4
36.550495999999995 -76.158273 0.0 0.4
36.550481999999995 -76.178157 0.0 0.4
36.550473 -76.190221 0.0 0.4
36.550461999999996 -76.200852 0.0 0.4
36.550443 -76.211501 0.0 0.4
36.550442 -76.222883 0.0 0.4
36.550488 -76.233486 0.0 0.4
36.550433 -76.24421199999999 0.0 0.4
36.550467999999995 -76.258838 0.0 0.4
36.550520999999996 -76.272454 0.0 0.4
36.550522 -76.288586 0.0 0.4
36.55052 -76.31330299999999 0.0 0.4
36.550534999999996 -76.323865 0.0 0.4
36.550548 -76.334087 0.0 0.4
36.550561 -76.344308 0.0 0.4
36.550573 -76.35453 0.0 0.4
36.550582999999996 -76.364751 0.0 0.4
36.550594 -76.37531299999999 0.0 0.4
36.550619999999995 -76.40827999999999 0.0 0.4
36.550630999999996 -76.426272 0.0 0.4
36.55064 -76.44653799999999 0.0 0.4
36.550644 -76.45913 0.0 0.4
36.550646 -76.47241799999999 0.0 0.4
36.550647999999995 -76.48264 0.0 0.4
36.550647999999995 -76.493881 0.0 0.4
36.55065 -76.515366 0.0 0.4
36.550652 -76.52841599999999 0.0 0.4
36.550658 -76.53849799999999 0.0 0.4
36.550664 -76.548801 0.0 0.4
36.550683 -76.561103 0.0 0.4
36.550698 -76.571356 0.0 0.4
36.550712 -76.581608 0.0 0.4
36.550731999999996 -76.59767 0.0 0.4
36.550747 -76.609972 0.0 0.4
36.550759 -76.622275 0.0 0.4
36.550762999999996 -76.632873 0.0 0.4
36.550785999999995 -76.64334199999999 0.0 0.4
36.550761 -76.653427 0.0 0.4
36.550754999999995 -76.665544 0.0 0.4
36.550751 -76.678045 0.0 0.4
36.55075 -76.688424 0.0 0.4
36.550747 -76.698781 0.0 0.4
36.550774 -76.711372 0.0 0.4
36.550764 -76.722157 0.0 0.4
36.550776 -76.732368 0.0 0.4
36.550767 -76.74243299999999 0.0 0.4
36.550762999999996 -76.753078 0.0 0.4
36.550843 -76.767127 0.0 0.4
36.550888 -76.777255 0.0 0.4
36.550945 -76.788833 0.0 0.4
36.550996 -76.799049 0.0 0.4
36.551046 -76.80960499999999 0.0 0.4
36.551117 -76.819611 0.0 0.4
36.551228 -76.83005299999999 0.0 0.4
36.551338 -76.840282 0.0 0.4
36.551456 -76.850509 0.0 0.4
36.551595999999996 -76.862848 0.0 0.4
36.551694 -76.873694 0.0 0.4
36.551808 -76.884604 0.0 0.4
36.551922 -76.895515 0.0 0.4
36.55204 -76.906202 0.0 0.4
36.551812999999996 -76.916204 0.0 0.4
36.543889 -76.92246899999999 0.0 0.4
36.543904999999995 -76.932723 0.0 0.4
36.543952 -76.942973 0.0 0.4
36.543997999999995 -76.95322399999999 0.0 0.4
36.544042 -76.96330999999999 0.0 0.4
36.544084999999995 -76.973384 0.0 0.4
36.544129 -76.98363499999999 0.0 0.4
36.544171 -76.993886 0.0 0.4
36.544212 -77.003935 0.0 0.4
36.544298 -77.01978799999999 0.0 0.4
36.544354999999996 -77.034644 0.0 0.4
36.544408 -77.047072 0.0 0.4
36.544457 -77.058697 0.0 0.4
36.544488 -77.06870099999999 0.0 0.4
36.544523999999996 -77.07901 0.0 0.4
36.544571999999995 -77.089371 0.0 0.4
36.54461 -77.09940999999999 0.0 0.4
36.544443 -77.10955799999999 0.0 0.4
36.544169 -77.119817 0.0 0.4
36.544053999999996 -77.129849 0.0 0.4
36.544087999999995 -77.14018 0.0 0.4
36.544122 -77.15051 0.0 0.4
36.545618 -77.160671 0.0 0.4
36.54728 -77.17054499999999 0.0 0.4
36.546822999999996 -77.18081699999999 0.0 0.4
36.546282999999995 -77.191091 0.0 0.4
36.545048 -77.201037 0.0 0.4
36.544401 -77.211293 0.0 0.4
36.544472999999996 -77.221538 0.0 0.4
36.544543999999995 -77.23173 0.0 0.4
36.544613999999996 -77.24194899999999 0.0 0.4
36.544683 -77.252167 0.0 0.4
36.544744 -77.262395 0.0 0.4
36.544778 -77.272661 0.0 0.4
36.544810999999996 -77.282927 0.0 0.4
36.544851 -77.29490299999999 0.0 0.4
36.54488 -77.30516899999999 0.0 0.4
36.544902 -77.31544 0.0 0.4
36.544903999999995 -77.32588899999999 0.0 0.4
36.544897999999996 -77.33636899999999 0.0 0.4
36.544896 -77.34662999999999 0.0 0.4
36.544864 -77.356903 0.0 0.4
36.544802 -77.367164 0.0 0.4
36.544761 -77.377504 0.0 0.4
36.54476 -77.3878 0.0 0.4
36.544774 -77.39790599999999 0.0 0.4
36.544789 -77.407986 0.0 0.4
36.544796999999996 -77.418246 0.0 0.4
36.544798 -77.428524 0.0 0.4
36.544821999999996 -77.438828 0.0 0.4
36.544858 -77.449145 0.0 0.4
36.544875 -77.459189 0.0 0.4
36.544899 -77.469501 0.0 0.4
36.544926 -77.479627 0.0 0.4
36.544992 -77.48969799999999 0.0 0.4
36.545114999999996 -77.500001 0.0 0.4
36.545185 -77.51009599999999 0.0 0.4
36.545195 -77.527588 0.0 0.4
36.545182 -77.544097 0.0 0.4
36.54517 -77.554341 0.0 0.4
36.545168 -77.564385 0.0 0.4
36.545182 -77.574818 0.0 0.4
36.545156999999996 -77.585066 0.0 0.4
36.545185 -77.59527299999999 0.0 0.4
36.545198 -77.605554 0.0 0.4
36.545196 -77.615808 0.0 0.4
36.545237 -77.640331 0.0 0.4
36.545283 -77.656007 0.0 0.4
36.545319 -77.666045 0.0 0.4
36.545325999999996 -77.676135 0.0 0.4
36.545379 -77.68617499999999 0.0 0.4
36.545384 -77.69618799999999 0.0 0.4
36.545404 -77.70625799999999 0.0 0.4
36.545424 -77.71626499999999 0.0 0.4
36.545432 -77.729289 0.0 0.4
36.545432 -77.739538 0.0 0.4
36.545452 -77.749687 0.0 0.4
36.545407 -77.759928 0.0 0.4
36.545352 -77.770163 0.0 0.4
36.545276 -77.780386 0.0 0.4
36.545199 -77.790609 0.0 0.4
36.545122 -77.800832 0.0 0.4
36.545074 -77.811072 0.0 0.4
36.545031 -77.821315 0.0 0.4
36.544986 -77.831558 0.0 0.4
36.544934999999995 -77.841822 0.0 0.4
36.544872 -77.852109 0.0 0.4
36.544809 -77.86241299999999 0.0 0.4
36.544743 -77.872669 0.0 0.4
36.544644999999996 -77.882761 0.0 0.4
36.544633 -77.892898 0.0 0.4
36.544641999999996 -77.903396 0.0 0.4
36.544630999999995 -77.91340199999999 0.0 0.4
36.544602999999995 -77.923481 0.0 0.4
36.544668 -77.937378 0.0 0.4
36.544567 -77.94761 0.0 0.4
36.544503999999996 -77.959685 0.0 0.4
36.544475 -77.970968 0.0 0.4
36.544452 -77.981026 0.0 0.4
36.54441 -77.99409899999999 0.0 0.4
36.5443 -78.004161 0.0 0.4
36.544107 -78.01417099999999 0.0 0.4
36.543895 -78.02465 0.0 0.4
36.543673999999996 -78.035011 0.0 0.4
36.543549 -78.04537499999999 0.0 0.4
36.543562 -78.056187 0.0 0.4
36.54359 -78.066735 0.0 0.4
36.543597 -78.07677699999999 0.0 0.4
36.543623 -78.086946 0.0 0.4
36.543645999999995 -78.09716 0.0 0.4
36.543687999999996 -78.107208 0.0 0.4
36.543800000000005 -78.11751199999999 0.0 0.4
36.543903 -78.12784099999999 0.0 0.4
36.543955 -78.13825899999999 0.0 0.4
36.544029 -78.148353 0.0 0.4
36.544252 -78.158517 0.0 0.4
36.544269 -78.16875999999999 0.0 0.4
36.544277 -78.17900399999999 0.0 0.4
36.544302 -78.189246 0.0 0.4
36.544317 -78.199248 0.0 0.4
36.544331 -78.20939 0.0 0.4
36.544343999999995 -78.219633 0.0 0.4
36.544385 -78.229886 0.0 0.4
36.544436999999995 -78.240143 0.0 0.4
36.544477 -78.250413 0.0 0.4
36.544359 -78.260508 0.0 0.4
36.54427 -78.27058 0.0 0.4
36.544181 -78.28090499999999 0.0 0.4
36.544091 -78.291231 0.0 0.4
36.544008 -78.301276 0.0 0.4
36.543926 -78.311447 0.0 0.4
36.543822 -78.32399099999999 0.0 0.4
36.543721 -78.334587 0.0 0.4
36.543628999999996 -78.344898 0.0 0.4
36.543541999999995 -78.355209 0.0 0.4
36.543428999999996 -78.367172 0.0 0.4
36.543271 -78.37937 0.0 0.4
36.543105 -78.395395 0.0 0.4
36.543012999999995 -78.406183 0.0 0.4
36.542925 -78.416293 0.0 0.4
36.542826999999996 -78.42699499999999 0.0 0.4
36.542726 -78.437045 0.0 0.4
36.542628 -78.447226 0.0 0.4
36.542508999999995 -78.45972499999999 0.0 0.4
36.542304 -78.46986299999999 0.0 0.4
36.541986 -78.480926 0.0 0.4
36.5417 -78.491119 0.0 0.4
36.541405999999995 -78.501143 0.0 0.4
36.541049 -78.511291 0.0 0.4
36.541067 -78.522368 0.0 0.4
36.541087999999995 -78.532662 0.0 0.4
36.541109999999996 -78.542923 0.0 0.4
36.541131 -78.55318299999999 0.0 0.4
36.541166 -78.564602 0.0 0.4
36.541196 -78.57473499999999 0.0 0.4
36.541227 -78.585117 0.0 0.4
36.541257 -78.596053 0.0 0.4
36.541288 -78.607694 0.0 0.4
36.541320999999996 -78.620632 0.0 0.4
36.541449 -78.630647 0.0 0.4
36.541824 -78.649644 0.0 0.4
36.541990999999996 -78.660134 0.0 0.4
36.542100999999995 -78.67036399999999 0.0 0.4
36.542128 -78.6804 0.0 0.4
36.54208 -78.69127 0.0 0.4
36.542052 -78.703347 0.0 0.4
36.542037 -78.713674 0.0 0.4
36.541973999999996 -78.723753 0.0 0.4
36.541939 -78.734087 0.0 0.4
36.541892 -78.744219 0.0 0.4
36.54183 -78.754556 0.0 0.4
36.541767 -78.76514499999999 0.0 0.4
36.541754999999995 -78.77583299999999 0.0 0.4
36.541784 -78.786051 0.0 0.4
36.541741 -78.796274 0.0 0.4
36.541830999999995 -78.806585 0.0 0.4
36.541919 -78.816896 0.0 0.4
36.541967 -78.827207 0.0 0.4
36.542007 -78.837519 0.0 0.4
36.542045 -78.847831 0.0 0.4
36.542034 -78.858047 0.0 0.4
36.54202 -78.868259 0.0 0.4
36.542018999999996 -78.87849299999999 0.0 0.4
36.542041 -78.888764 0.0 0.4
36.542061 -78.899035 0.0 0.4
36.542080999999996 -78.909306 0.0 0.4
36.542117 -78.919557 0.0 0.4
36.542170999999996 -78.92978699999999 0.0 0.4
36.542189 -78.940079 0.0 0.4
36.542184999999996 -78.950408 0.0 0.4
36.542181 -78.96070999999999 0.0 0.4
36.542176 -78.97099299999999 0.0 0.4
36.542165 -78.981327 0.0 0.4
36.542139999999996 -78.991462 0.0 0.4
36.542124 -79.00175999999999 0.0 0.4
36.542108 -79.01205999999999 0.0 0.4
36.542097999999996 -79.022323 0.0 0.4
36.542089 -79.032568 0.0 0.4
36.542079 -79.042812 0.0 0.4
36.542069 -79.053057 0.0 0.4
36.542057 -79.063301 0.0 0.4
36.542045 -79.073546 0.0 0.4
36.541984 -79.08378499999999 0.0 0.4
36.541903999999995 -79.09402299999999 0.0 0.4
36.541823 -79.10426 0.0 0.4
36.541742 -79.114497 0.0 0.4
36.541658999999996 -79.124735 0.0 0.4
36.541894 -79.13483699999999 0.0 0.4
36.541863 -79.146773 0.0 0.4
36.541883 -79.158457 0.0 0.4
36.541874 -79.169767 0.0 0.4
36.541844999999995 -79.18045099999999 0.0 0.4
36.541804 -79.190929 0.0 0.4
36.541759 -79.202276 0.0 0.4
36.541705 -79.213003 0.0 0.4
36.541581 -79.22430399999999 0.0 0.4
36.541416 -79.23481799999999 0.0 0.4
36.541241 -79.24497699999999 0.0 0.4
36.541235 -79.25750699999999 0.0 0.4
36.541357 -79.269063 0.0 0.4
36.541471 -79.279258 0.0 0.4
36.541468 -79.294024 0.0 0.4
36.541484 -79.30693 0.0 0.4
36.541498 -79.319073 0.0 0.4
36.541554999999995 -79.330536 0.0 0.4
36.54159 -79.342738 0.0 0.4
36.54148 -79.35315399999999 0.0 0.4
36.541295 -79.36425 0.0 0.4
36.541367 -79.37467099999999 0.0 0.4
36.541457 -79.386372 0.0 0.4
36.54155 -79.397155 0.0 0.4
36.541562 -79.407336 0.0 0.4
36.541534999999996 -79.418035 0.0 0.4
36.541537 -79.428041 0.0 0.4
36.541489 -79.438115 0.0 0.4
36.541317 -79.448255 0.0 0.4
36.54098 -79.459683 0.0 0.4
36.540971 -79.470057 0.0 0.4
36.540959 -79.482377 0.0 0.4
36.540938 -79.494055 0.0 0.4
36.54091 -79.507716 0.0 0.4
36.540901 -79.517825 0.0 0.4
36.540875 -79.528161 0.0 0.4
36.540852 -79.53841299999999 0.0 0.4
36.540903 -79.548548 0.0 0.4
36.541002 -79.55882 0.0 0.4
36.541092 -79.56917399999999 0.0 0.4
36.541201 -79.579497 0.0 0.4
36.541335 -79.589618 0.0 0.4
36.541478 -79.599795 0.0 0.4
36.541564 -79.610045 0.0 0.4
36.541584 -79.620136 0.0 0.4
36.541624 -79.630488 0.0 0.4
36.541663 -79.64070799999999 0.0 0.4
36.541697 -79.650753 0.0 0.4
36.541744 -79.660849 0.0 0.4
36.54181 -79.67253099999999 0.0 0.4
36.541837 -79.68269099999999 0.0 0.4
36.541869 -79.692722 0.0 0.4
36.541908 -79.703064 0.0 0.4
36.541953 -79.713303 0.0 0.4
36.541987 -79.723568 0.0 0.4
36.54204 -79.73387699999999 0.0 0.4
36.542107 -79.744041 0.0 0.4
36.542153 -79.754128 0.0 0.4
36.5422 -79.764191 0.0 0.4
36.542238999999995 -79.774298 0.0 0.4
36.542283999999995 -79.78443 0.0 0.4
36.542328 -79.79445199999999 0.0 0.4
36.542364 -79.804568 0.0 0.4
36.542401 -79.814898 0.0 0.4
36.542452 -79.825138 0.0 0.4
36.542501 -79.835424 0.0 0.4
36.542538 -79.84554299999999 0.0 0.4
36.542567999999996 -79.855603 0.0 0.4
36.542615999999995 -79.86571699999999 0.0 0.4
36.542629 -79.87578599999999 0.0 0.4
36.542656 -79.886012 0.0 0.4
36.542682 -79.89630199999999 0.0 0.4
36.542691999999995 -79.90641 0.0 0.4
36.542694999999995 -79.916665 0.0 0.4
36.542676 -79.926909 0.0 0.4
36.542654 -79.937164 0.0 0.4
36.542611 -79.947225 0.0 0.4
36.542564999999996 -79.957559 0.0 0.4
36.542519 -79.967777 0.0 0.4
36.542474999999996 -79.97783299999999 0.0 0.4
36.542441 -79.98802599999999 0.0 0.4
36.542406 -79.99806799999999 0.0 0.4
36.542425 -80.008394 0.0 0.4
36.542456 -80.018728 0.0 0.4
36.542484 -80.03018 0.0 0.4
36.542500000000004 -80.040442 0.0 0.4
36.542519 -80.05225899999999 0.0 0.4
36.542536999999996 -80.06244699999999 0.0 0.4
36.542556999999995 -80.072718 0.0 0.4
36.542577 -80.083332 0.0 0.4
36.5426 -80.09607799999999 0.0 0.4
36.542617 -80.10642299999999 0.0 0.4
36.542632 -80.117069 0.0 0.4
36.542708 -80.129466 0.0 0.4
36.542829999999995 -80.140952 0.0 0.4
36.542949 -80.151195 0.0 0.4
36.543075 -80.16218099999999 0.0 0.4
36.543182 -80.172967 0.0 0.4
36.543301 -80.18382199999999 0.0 0.4
36.543422 -80.194808 0.0 0.4
36.543538 -80.205422 0.0 0.4
36.543686 -80.218948 0.0 0.4
36.543794 -80.229225 0.0 0.4
36.543898999999996 -80.239431 0.0 0.4
36.543957999999996 -80.249568 0.0 0.4
36.54399 -80.259964 0.0 0.4
36.544008999999996 -80.270991 0.0 0.4
36.544008 -80.281927 0.0 0.4
36.544033999999996 -80.29234699999999 0.0 0.4
36.544368 -80.30247299999999 0.0 0.4
36.544810999999996 -80.312654 0.0 0.4
36.545302 -80.32279199999999 0.0 0.4
36.54576 -80.332793 0.0 0.4
36.546223 -80.342928 0.0 0.4
36.546723 -80.354114 0.0 0.4
36.547360999999995 -80.367815 0.0 0.4
36.547844 -80.377984 0.0 0.4
36.548448 -80.391172 0.0 0.4
36.548902 -80.40130099999999 0.0 0.4
36.549375999999995 -80.41176999999999 0.0 0.4
36.549923 -80.42388799999999 0.0 0.4
36.550388 -80.434192 0.0 0.4
36.550841 -80.44420000000001 0.0 0.4
36.551317 -80.454307 0.0 0.4
36.551882 -80.466697 0.0 0.4
36.552425 -80.478478 0.0 0.4
36.552887 -80.488529 0.0 0.4
36.553356 -80.49875999999999 0.0 0.4
36.553836 -80.509016 0.0 0.4
36.554348999999995 -80.52008599999999 0.0 0.4
36.554927 -80.53246399999999 0.0 0.4
36.555484 -80.544394 0.0 0.4
36.556194999999995 -80.559913 0.0 0.4
36.556602 -80.570707 0.0 0.4
36.556923999999995 -80.58111699999999 0.0 0.4
36.557249999999996 -80.591293 0.0 0.4
36.557756 -80.607432 0.0 0.4
36.558097 -80.618101 0.0 0.4
36.558428 -80.628833 0.0 0.4
36.558707999999996 -80.638893 0.0 0.4
36.559183 -80.653387 0.0 0.4
36.559812 -80.66371099999999 0.0 0.4
36.560657 -80.67666 0.0 0.4
36.561417 -80.688143 0.0 0.4
36.562037 -80.69827 0.0 0.4
36.562293 -80.70836 0.0 0.4
36.562318 -80.71899599999999 0.0 0.4
36.562349 -80.729953 0.0 0.4
36.561836 -80.741013 0.0 0.4
36.561383 -80.751021 0.0 0.4
36.560932 -80.761113 0.0 0.4
36.560468 -80.771507 0.0 0.4
36.560514 -80.78696099999999 0.0 0.4
36.560908999999995 -80.797117 0.0 0.4
36.560427 -80.812429 0.0 0.4
36.559861 -80.823013 0.0 0.4
36.559377 -80.833162 0.0 0.4
36.559366 -80.843218 0.0 0.4
36.559767 -80.85324899999999 0.0 0.4
36.56044 -80.869839 0.0 0.4
36.56129 -80.88915399999999 0.0 0.4
36.561724999999996 -80.89949299999999 0.0 0.4
36.562017999999995 -80.912374 0.0 0.4
36.562349 -80.928254 0.0 0.4
36.563041 -80.93898999999999 0.0 0.4
36.563293 -80.949289 0.0 0.4
36.563568 -80.95947699999999 0.0 0.4
36.563476 -80.97314 0.0 0.4
36.563488 -80.984219 0.0 0.4
36.563637 -80.99869799999999 0.0 0.4
36.564273 -81.009712 0.0 0.4
36.565062 -81.023726 0.0 0.4
36.565792 -81.035668 0.0 0.4
36.566559 -81.045791 0.0 0.4
36.567014 -81.058601 0.0 0.4
36.567167999999995 -81.06906099999999 0.0 0.4
36.567243999999995 -81.079555 0.0 0.4
36.567777 -81.09751899999999 0.0 0.4
36.568433999999996 -81.108082 0.0 0.4
36.569041 -81.11928499999999 0.0 0.4
36.569233 -81.129545 0.0 0.4
36.56942 -81.139552 0.0 0.4
36.569891 -81.149935 0.0 0.4
36.570516999999995 -81.16277099999999 0.0 0.4
36.571885 -81.17693299999999 0.0 0.4
36.572086999999996 -81.189937 0.0 0.4
36.572266 -81.201381 0.0 0.4
36.572434 -81.212322 0.0 0.4
36.572635 -81.22567099999999 0.0 0.4
36.57295 -81.241889 0.0 0.4
36.573389999999996 -81.25268799999999 0.0 0.4
36.573935999999996 -81.262759 0.0 0.4
36.574157 -81.274616 0.0 0.4
36.574616999999996 -81.295812 0.0 0.4
36.574934 -81.305872 0.0 0.4
36.574931 -81.317431 0.0 0.4
36.574884 -81.32802 0.0 0.4
36.574807 -81.338236 0.0 0.4
36.574729 -81.348353 0.0 0.4
36.574551 -81.359409 0.0 0.4
36.574709999999996 -81.372835 0.0 0.4
36.574909999999996 -81.383686 0.0 0.4
36.575283999999996 -81.394785 0.0 0.4
36.575738 -81.407528 0.0 0.4
36.576361999999996 -81.427537 0.0 0.4
36.576753 -81.44043099999999 0.0 0.4
36.577707 -81.454227 0.0 0.4
36.578393999999996 -81.469543 0.0 0.4
36.578914 -81.485091 0.0 0.4
36.579302 -81.49562999999999 0.0 0.4
36.579982 -81.506287 0.0 0.4
36.580394 -81.516938 0.0 0.4
36.581512 -81.532837 0.0 0.4
36.582333999999996 -81.543072 0.0 0.4
36.583191 -81.55366599999999 0.0 0.4
36.584009 -81.56383699999999 0.0 0.4
36.584908 -81.575026 0.0 0.4
36.585815 -81.586317 0.0 0.4
36.586622 -81.596386 0.0 0.4
36.587067999999995 -81.60673299999999 0.0 0.4
36.587261999999996 -81.616832 0.0 0.4
36.58741 -81.627596 0.0 0.4
36.587666999999996 -81.64529399999999 0.0 0.4
36.5878 -81.655306 0.0 0.4
36.587939 -81.66554599999999 0.0 0.4
36.588136999999996 -81.67748999999999 0.0 0.4
36.594546 -81.66919899999999 0.0 0.4
36.601046 -81.660866 0.0 0.4
36.608343 -81.65150899999999 0.0 0.4
36.612015 -81.66127399999999 0.0 0.4
36.612089999999995 -81.67457 0.0 0.4
36.612162 -81.68717199999999 0.0 0.4
36.612221 -81.70173 0.0 0.4
36.612311 -81.713781 0.0 0.4
36.612352 -81.727741 0.0 0.4
36.612487 -81.742796 0.0 0.4
36.612666 -81.753176 0.0 0.4
36.612835 -81.764712 0.0 0.4
36.613254 -81.785557 0.0 0.4
36.613493 -81.796196 0.0 0.4
36.613724999999995 -81.80628 0.0 0.4
36.614135 -81.823374 0.0 0.4
36.614543 -81.834443 0.0 0.4
36.614715 -81.844842 0.0 0.4
36.614992 -81.856742 0.0 0.4
36.615145 -81.86686399999999 0.0 0.4
36.615305 -81.876893 0.0 0.4
36.615609 -81.89138899999999 0.0 0.4
36.615966 -81.909909 0.0 0.4
36.616168 -81.920098 0.0 0.4
36.607887999999996 -81.92699499999999 0.0 0.4
36.598583999999995 -81.931866 0.0 0.4
36.594248 -81.943304 0.0 0.4
36.594311 -81.95974 0.0 0.4
36.594342999999995 -81.96996 0.0 0.4
36.594398999999996 -81.983791 0.0 0.4
36.594445 -81.995871 0.0 0.4
36.594417 -82.005928 0.0 0.4
36.594277 -82.01601099999999 0.0 0.4
36.594449 -82.026034 0.0 0.4
36.594415 -82.038957 0.0 0.4
36.594395 -82.05085 0.0 0.4
36.594589 -82.06454 0.0 0.4
36.594654999999996 -82.076735 0.0 0.4
36.594685 -82.087375 0.0 0.4
36.594739 -82.09764799999999 0.0 0.4
36.594711 -82.107743 0.0 0.4
36.594563 -82.117837 0.0 0.4
36.594775 -82.128632 0.0 0.4
36.594744 -82.13895099999999 0.0 0.4
36.594754 -82.14931299999999 0.0 0.4
36.594646999999995 -82.15940499999999 0.0 0.4
36.594592999999996 -82.169449 0.0 0.4
36.594888999999995 -82.179543 0.0 0.4
36.595172999999996 -82.18974 0.0 0.4
36.595453 -82.19977399999999 0.0 0.4
36.595738 -82.209851 0.0 0.4
36.595819 -82.220191 0.0 0.4
36.595679 -82.230383 0.0 0.4
36.595659999999995 -82.240707 0.0 0.4
36.595587 -82.251618 0.0 0.4
36.595645 -82.26213899999999 0.0 0.4
36.59565 -82.272534 0.0 0.4
36.595687 -82.286003 0.0 0.4
36.595667 -82.303056 0.0 0.4
36.595493 -82.324541 0.0 0.4
36.595354 -82.338786 0.0 0.4
36.595241 -82.349707 0.0 0.4
36.595015 -82.368468 0.0 0.4
36.595020999999996 -82.38350899999999 0.0 0.4
36.595 -82.39908299999999 0.0 0.4
36.595019 -82.41024999999999 0.0 0.4
36.595011 -82.421989 0.0 0.4
36.594892 -82.44187 0.0 0.4
36.594635 -82.457822 0.0 0.4
36.59464 -82.46933299999999 0.0 0.4
36.595757 -82.481524 0.0 0.4
36.595631 -82.491646 0.0 0.4
36.595468 -82.501824 0.0 0.4
36.595393 -82.512914 0.0 0.4
36.59527 -82.527823 0.0 0.4
36.595096999999996 -82.539632 0.0 0.4
36.594778999999996 -82.554001 0.0 0.4
36.594755 -82.56428 0.0 0.4
36.594529 -82.57638399999999 0.0 0.4
36.594398999999996 -82.587176 0.0 0.4
36.594162 -82.60050799999999 0.0 0.4
36.59404 -82.61092599999999 0.0 0.4
36.593849999999996 -82.621245 0.0 0.4
36.593798 -82.63226 0.0 0.4
36.593799 -82.64317799999999 0.0 0.4
36.593798 -82.653806 0.0 0.4
36.593655 -82.664667 0.0 0.4
36.593702 -82.67490699999999 0.0 0.4
36.593731 -82.688143 0.0 0.4
36.593697999999996 -82.699232 0.0 0.4
36.593671 -82.709876 0.0 0.4
36.593644 -82.719915 0.0 0.4
36.593615 -82.73142899999999 0.0 0.4
36.593607999999996 -82.742769 0.0 0.4
36.593658999999995 -82.753076 0.0 0.4
36.593748 -82.76451899999999 0.0 0.4
36.593742 -82.77819699999999 0.0 0.4
36.593757 -82.789338 0.0 0.4
36.59375 -82.799364 0.0 0.4
36.593714 -82.810051 0.0 0.4
36.593713 -82.820735 0.0 0.4
36.593772 -82.832618 0.0 0.4
36.593748 -82.843369 0.0 0.4
36.593679 -82.854733 0.0 0.4
36.593497 -82.874899 0.0 0.4
36.593469 -82.88503999999999 0.0 0.4
36.593514 -82.895532 0.0 0.4
36.593589 -82.905579 0.0 0.4
36.593661 -82.91973399999999 0.0 0.4
36.593669999999996 -82.92976999999999 0.0 0.4
36.593751 -82.946739 0.0 0.4
36.59377 -82.956794 0.0 0.4
36.59379 -82.968386 0.0 0.4
36.593745 -82.980706 0.0 0.4
36.593716 -82.99083399999999 0.0 0.4
36.593852 -83.005301 0.0 0.4
36.593874 -83.016072 0.0 0.4
36.593893 -83.026286 0.0 0.4
36.593909 -83.036372 0.0 0.4
36.593934 -83.048748 0.0 0.4
36.593956 -83.059347 0.0 0.4
36.593976 -83.069479 0.0 0.4
36.594038999999995 -83.101486 0.0 0.4
36.594060999999996 -83.111977 0.0 0.4
36.594089 -83.124893 0.0 0.4
36.594049 -83.13510699999999 0.0 0.4
36.594004 -83.14635799999999 0.0 0.4
36.593965 -83.15688899999999 0.0 0.4
36.593903999999995 -83.172266 0.0 0.4
36.593893 -83.18482 0.0 0.4
36.593911 -83.21051299999999 0.0 0.4
36.593919 -83.22088699999999 0.0 0.4
36.593928999999996 -83.236442 0.0 0.4
36.593844 -83.246974 0.0 0.4
36.593886999999995 -83.260999 0.0 0.4
36.59695 -83.271929 0.0 0.4
36.598141999999996 -83.282214 0.0 0.4
36.598064 -83.292997 0.0 0.4
36.597982 -83.304181 0.0 0.4
36.597831 -83.32469499999999 0.0 0.4
36.59775 -83.33482699999999 0.0 0.4
36.597648 -83.34601599999999 0.0 0.4
36.597555 -83.35628799999999 0.0 0.4
36.597428 -83.37031999999999 0.0 0.4
36.597386 -83.382305 0.0 0.4
36.597384999999996 -83.405138 0.0 0.4
36.597367 -83.424903 0.0 0.4
36.597339999999996 -83.440575 0.0 0.4
36.597313 -83.455508 0.0 0.4
36.597283999999995 -83.47210799999999 0.0 0.4
36.597263999999996 -83.482822 0.0 0.4
36.597246 -83.493059 0.0 0.4
36.597242 -83.503107 0.0 0.4
36.597280999999995 -83.51770499999999 0.0 0.4
36.597317 -83.531303 0.0 0.4
36.597344 -83.54144 0.0 0.4
36.59737 -83.551664 0.0 0.4
36.597429 -83.561674 0.0 0.4
36.59753 -83.571967 0.0 0.4
36.597631 -83.58314299999999 0.0 0.4
36.597756 -83.595098 0.0 0.4
36.597881 -83.607235 0.0 0.4
36.59795 -83.61762399999999 0.0 0.4
36.598606 -83.62840299999999 0.0 0.4
36.599485 -83.639276 0.0 0.4
36.600119 -83.649722 0.0 0.4
36.600401999999995 -83.66037 0.0 0.4
36.600795999999995 -83.67081999999999 0.0 0.4
36.6073 -83.663159 0.0 0.4
36.613016 -83.654918 0.0 0.4
36.620989 -83.64823799999999 0.0 0.4
36.624094 -83.638442 0.0 0.4
36.624604 -83.62832999999999 0.0 0.4
36.628352 -83.61856499999999 0.0 0.4
36.635152 -83.611068 0.0 0.4
36.637848999999996 -83.600432 0.0 0.4
36.641385 -83.590938 0.0 0.4
36.641653999999996 -83.580615 0.0 0.4
36.644812 -83.57059199999999 0.0 0.4
36.651016 -83.562721 0.0 0.4
36.653804 -83.552861 0.0 0.4
36.656273 -83.54283699999999 0.0 0.4
36.661389 -83.533813 0.0 0.4
36.666157999999996 -83.525016 0.0 0.4
36.668194 -83.514657 0.0 0.4
36.669442 -83.504243 0.0 0.4
36.670058 -83.494248 0.0 0.4
36.666778 -83.48406899999999 0.0 0.4
36.665445999999996 -83.47401099999999 0.0 0.4
36.664946 -83.463516 0.0 0.4
36.664978999999995 -83.452912 0.0 0.4
36.667100000000005 -83.442482 0.0 0.4
36.666657 -83.431969 0.0 0.4
36.668171 -83.42154699999999 0.0 0.4
36.671172 -83.41192199999999 0.0 0.4
36.674973 -83.402109 0.0 0.4
36.680839999999996 -83.39338699999999 0.0 0.4
36.686777 -83.384982 0.0 0.4
36.690728 -83.375266 0.0 0.4
36.693706 -83.36570499999999 0.0 0.4
36.695571 -83.35538199999999 0.0 0.4
36.700416 -83.345899 0.0 0.4
36.702625 -83.33550199999999 0.0 0.4
36.705646 -83.32507 0.0 0.4
36.708287 -83.314624 0.0 0.4
36.710989999999995 -83.304536 0.0 0.4
36.712897999999996 -83.293916 0.0 0.4
36.715854 -83.283256 0.0 0.4
36.718171 -83.272572 0.0 0.4
36.721284 -83.262472 0.0 0.4
36.723673999999995 -83.252729 0.0 0.4
36.725772 -83.24243799999999 0.0 0.4
36.728418 -83.232438 0.0 0.4
36.730821 -83.221729 0.0 0.4
36.734352 -83.21168 0.0 0.4
36.73693 -83.201602 0.0 0.4
36.739208 -83.19156 0.0 0.4
36.739326 -83.18141299999999 0.0 0.4
36.739990999999996 -83.171376 0.0 0.4
36.73968 -83.161245 0.0 0.4
36.742153 -83.151473 0.0 0.4
36.742357 -83.141015 0.0 0.4
36.749604999999995 -83.13368299999999 0.0 0.4
36.75842 -83.12854 0.0 0.4
36.768148 -83.131256 0.0 0.4
36.778146 -83.130622 0.0 0.4
36.786471999999996 -83.12458099999999 0.0 0.4
36.793405 -83.11658899999999 0.0 0.4
36.801066 -83.109747 0.0 0.4
36.809014999999995 -83.10345699999999 0.0 0.4
36.818253 -83.099023 0.0 0.4
36.827791999999995 -83.102085 0.0 0.4
36.833726999999996 -83.093105 0.0 0.4
36.839006 -83.08407 0.0 0.4
36.842715 -83.074441 0.0 0.4
36.854457 -83.072836 0.0 0.4
36.85197 -83.063041 0.0 0.4
36.852109999999996 -83.052256 0.0 0.4
36.854717 -83.04199899999999 0.0 0.4
36.854839999999996 -83.031741 0.0 0.4
36.850063 -83.02233199999999 0.0 0.4
36.84693 -83.012771 0.0 0.4
36.85163 -83.003811 0.0 0.4
36.857400999999996 -82.994807 0.0 0.4
36.858703 -82.984595 0.0 0.4
36.859235999999996 -82.974586 0.0 0.4
36.860564 -82.964486 0.0 0.4
36.864157999999996 -82.95468699999999 0.0 0.4
36.866589 -82.94453899999999 0.0 0.4
36.869976 -82.93477399999999 0.0 0.4
36.872616 -82.92487 0.0 0.4
36.873944 -82.9145 0.0 0.4
36.879757 -82.90608499999999 0.0 0.4
36.882081 -82.895865 0.0 0.4
36.887161 -82.887024 0.0 0.4
36.891560999999996 -82.877892 0.0 0.4
36.898478 -82.869765 0.0 0.4
36.906976 -82.875547 0.0 0.4
36.916495999999995 -82.869753 0.0 0.4
36.923868 -82.862798 0.0 0.4
36.933198 -82.858637 0.0 0.4
36.942955 -82.861584 0.0 0.4
36.952196 -82.856791 0.0 0.4
36.958154 -82.865521 0.0 0.4
36.967082999999995 -82.87055699999999 0.0 0.4
36.976999 -82.86810799999999 0.0 0.4
36.97832 -82.858127 0.0 0.4
36.983564 -82.849081 0.0 0.4
36.987204 -82.83948 0.0 0.4
36.993556 -82.83084199999999 0.0 0.4
37.003693 -82.830086 0.0 0.4
37.006172 -82.819966 0.0 0.4
37.007098 -82.809772 0.0 0.4
37.008221 -82.799461 0.0 0.4
37.008218 -82.789265 0.0 0.4
37.011527 -82.779546 0.0 0.4
37.017099 -82.77109899999999 0.0 0.4
37.02456 -82.76388999999999 0.0 0.4
37.026694 -82.754008 0.0 0.4
37.031811 -82.745288 0.0 0.4
37.041758 -82.743236 0.0 0.4
37.044517 -82.73359599999999 0.0 0.4
37.044492 -82.723373 0.0 0.4
37.054749 -82.723102 0.0 0.4
37.064623999999995 -82.72507 0.0 0.4
37.074711 -82.724458 0.0 0.4
37.084494 -82.721896 0.0 0.4
37.094805 -82.722056 0.0 0.4
37.10509 -82.722094 0.0 0.4
37.114107 -82.726497 0.0 0.4
37.121399 -82.71940000000001 0.0 0.4
37.125112 -82.710067 0.0 0.4
37.128788 -82.700713 0.0 0.4
37.133244999999995 -82.691379 0.0 0.4
37.137164 -82.68211 0.0 0.4
37.13804 -82.67213699999999 0.0 0.4
37.143792 -82.663395 0.0 0.4
37.15031 -82.65477 0.0 0.4
37.151120999999996 -82.64479299999999 0.0 0.4
37.154167 -82.634638 0.0 0.4
37.160914999999996 -82.62709 0.0 0.4
37.167027999999995 -82.618997 0.0 0.4
37.171883 -82.609869 0.0 0.4
37.176322 -82.60042299999999 0.0 0.4
37.182627 -82.59257199999999 0.0 0.4
37.187095 -82.58272099999999 0.0 0.4
37.191322 -82.573566 0.0 0.4
37.196219 -82.564775 0.0 0.4
37.201285 -82.555953 0.0 0.4
37.20307 -82.546106 0.0 0.4
37.206931999999995 -82.536881 0.0 0.4
37.213522999999995 -82.529338 0.0 0.4
37.213637999999996 -82.518951 0.0 0.4
37.218823 -82.510106 0.0 0.4
37.225243 -82.50242 0.0 0.4
37.22499 -82.492362 0.0 0.4
37.231674 -82.48491299999999 0.0 0.4
37.234634 -82.475274 0.0 0.4
37.235709 -82.46531 0.0 0.4
37.239391999999995 -82.455924 0.0 0.4
37.243922999999995 -82.446967 0.0 0.4
37.247209 -82.437489 0.0 0.4
37.248084999999996 -82.42744499999999 0.0 0.4
37.251531 -82.418053 0.0 0.4
37.25337 -82.408198 0.0 0.4
37.255542999999996 -82.398429 0.0 0.4
37.258891 -82.388891 0.0 0.4
37.260024 -82.37889799999999 0.0 0.4
37.262439 -82.36917199999999 0.0 0.4
37.264869999999995 -82.359331 0.0 0.4
37.267762 -82.34971399999999 0.0 0.4
37.274249999999995 -82.342075 0.0 0.4
37.281314 -82.33487199999999 0.0 0.4
37.283042 -82.324725 0.0 0.4
37.290423 -82.31778 0.0 0.4
37.299482999999995 -82.30928999999999 0.0 0.4
37.305229 -82.30101499999999 0.0 0.4
37.311403999999996 -82.29218999999999 0.0 0.4
37.31776 -82.283107 0.0 0.4
37.323533999999995 -82.274737 0.0 0.4
37.329861 -82.265682 0.0 0.4
37.337741 -82.254513 0.0 0.4
37.343565 -82.24619299999999 0.0 0.4
37.352041 -82.23410899999999 0.0 0.4
37.358315 -82.225231 0.0 0.4
37.364196 -82.216925 0.0 0.4
37.373084999999996 -82.20414199999999 0.0 0.4
37.38028 -82.193683 0.0 0.4
37.386261 -82.184905 0.0 0.4
37.394071 -82.173413 0.0 0.4
37.400659999999995 -82.163855 0.0 0.4
37.406454 -82.155338 0.0 0.4
37.413607999999996 -82.144801 0.0 0.4
37.427991999999996 -82.124045 0.0 0.4
37.436409999999995 -82.112115 0.0 0.4
37.444195 -82.101036 0.0 0.4
37.450446 -82.09226 0.0 0.4
37.459136 -82.07986199999999 0.0 0.4
37.470816 -82.063195 0.0 0.4
37.480337 -82.051069 0.0 0.4
37.486267 -82.04240399999999 0.0 0.4
37.493849999999995 -82.031322 0.0 0.4
37.499978 -82.022367 0.0 0.4
37.509346 -82.009011 0.0 0.4
37.518415999999995 -81.996055 0.0 0.4
37.526 -81.985171 0.0 0.4
37.538035 -81.968012 0.0 0.4
37.535537999999995 -81.958308 0.0 0.4
37.530314 -81.949773 0.0 0.4
37.521941999999996 -81.94417 0.0 0.4
37.512513999999996 -81.94063799999999 0.0 0.4
37.519436 -81.933354 0.0 0.4
37.510107 -81.938143 0.0 0.4
37.502265 -81.945349 0.0 0.4
37.497529 -81.954273 0.0 0.4
37.493358 -81.96351 0.0 0.4
37.488492 -81.972518 0.0 0.4
37.485107 -81.98227399999999 0.0 0.4
37.483174 -81.992397 0.0 0.4
37.473642999999996 -81.99562399999999 0.0 0.4
37.463871999999995 -81.99342299999999 0.0 0.4
37.455335999999996 -81.987534 0.0 0.4
37.45718 -81.977499 0.0 0.4
37.451623999999995 -81.969078 0.0 0.4
37.447936999999996 -81.95942 0.0 0.4
37.445687 -81.949367 0.0 0.4
37.440487 -81.94064 0.0 0.4
37.430574 -81.93882699999999 0.0 0.4
37.420086 -81.93787999999999 0.0 0.4
37.414462 -81.929547 0.0 0.4
37.40379 -81.930093 0.0 0.4
37.393845 -81.928778 0.0 0.4
37.384682999999995 -81.93324799999999 0.0 0.4
37.374551 -81.931765 0.0 0.4
37.365761 -81.926676 0.0 0.4
37.356697 -81.921621 0.0 0.4
37.349553 -81.91440899999999 0.0 0.4
37.342636 -81.907161 0.0 0.4
37.337005 -81.897196 0.0 0.4
37.331645 -81.88874299999999 0.0 0.4
37.331905 -81.878717 0.0 0.4
37.324112 -81.872419 0.0 0.4
37.318463 -81.864043 0.0 0.4
37.308498 -81.864941 0.0 0.4
37.306748999999996 -81.85501099999999 0.0 0.4
37.296687 -81.85231499999999 0.0 0.4
37.28688 -81.849795 0.0 0.4
37.28599 -81.83968999999999 0.0 0.4
37.280966 -81.83082499999999 0.0 0.4
37.27939 -81.820922 0.0 0.4
37.282689999999995 -81.811387 0.0 0.4
37.285122 -81.801644 0.0 0.4
37.281512 -81.79212299999999 0.0 0.4
37.281942 -81.782124 0.0 0.4
37.274727 -81.774647 0.0 0.4
37.27498 -81.76443599999999 0.0 0.4
37.268226999999996 -81.756892 0.0 0.4
37.263940999999996 -81.747779 0.0 0.4
37.255159 -81.742815 0.0 0.4
37.244735999999996 -81.744019 0.0 0.4
37.23871 -81.735964 0.0 0.4
37.240527 -81.725859 0.0 0.4
37.234865 -81.716644 0.0 0.4
37.226524999999995 -81.71086799999999 0.0 0.4
37.220692 -81.70249299999999 0.0 0.4
37.213845 -81.69516 0.0 0.4
37.211608 -81.685228 0.0 0.4
37.202740999999996 -81.67906099999999 0.0 0.4
37.201958 -81.667458 0.0 0.4
37.203179999999996 -81.639859 0.0 0.4
37.203799 -81.624831 0.0 0.4
37.205494 -81.586485 0.0 0.4
37.205960999999995 -81.57616399999999 0.0 0.4
37.20657 -81.562676 0.0 0.4
37.210083999999995 -81.553235 0.0 0.4
37.217996 -81.54653499999999 0.0 0.4
37.221872999999995 -81.537306 0.0 0.4
37.225716999999996 -81.52793899999999 0.0 0.4
37.228815 -81.51805 0.0 0.4
37.23314 -81.508577 0.0 0.4
37.242987 -81.506714 0.0 0.4
37.252476 -81.503193 0.0 0.4
37.251659 -81.493045 0.0 0.4
37.250654 -81.48305599999999 0.0 0.4
37.255888999999996 -81.47443799999999 0.0 0.4
37.259515 -81.464585 0.0 0.4
37.266849 -81.457022 0.0 0.4
37.272002 -81.44832 0.0 0.4
37.273168999999996 -81.438053 0.0 0.4
37.271015 -81.42794599999999 0.0 0.4
37.273210999999996 -81.417822 0.0 0.4
37.281555 -81.41137499999999 0.0 0.4
37.290676 -81.406882 0.0 0.4
37.300231 -81.403481 0.0 0.4
37.309322 -81.39805 0.0 0.4
37.316874999999996 -81.390984 0.0 0.4
37.318111 -81.381022 0.0 0.4
37.322604 -81.37168 0.0 0.4
37.332402 -81.369238 0.0 0.4
37.334486999999996 -81.358638 0.0 0.4
37.325604999999996 -81.348824 0.0 0.4
37.315838 -81.338264 0.0 0.4
37.309059999999995 -81.330828 0.0 0.4
37.301175 -81.32206099999999 0.0 0.4
37.294626 -81.313149 0.0 0.4
37.285606 -81.29993999999999 0.0 0.4
37.278155999999996 -81.288915 0.0 0.4
37.271564 -81.279139 0.0 0.4
37.263382 -81.266986 0.0 0.4
37.257689 -81.258592 0.0 0.4
37.251804 -81.24982 0.0 0.4
37.246 -81.24136 0.0 0.4
37.240075999999995 -81.232711 0.0 0.4
37.235737 -81.22283499999999 0.0 0.4
37.240035999999996 -81.21264599999999 0.0 0.4
37.243879 -81.202998 0.0 0.4
37.249034 -81.19415699999999 0.0 0.4
37.253876999999996 -81.185047 0.0 0.4
37.259097 -81.175839 0.0 0.4
37.263282 -81.165611 0.0 0.4
37.265966999999996 -81.155683 0.0 0.4
37.268435 -81.14560399999999 0.0 0.4
37.271488999999995 -81.13592799999999 0.0 0.4
37.275023 -81.124813 0.0 0.4
37.277738 -81.11506299999999 0.0 0.4
37.280266 -81.10498299999999 0.0 0.4
37.28264 -81.09482 0.0 0.4
37.284400999999995 -81.084012 0.0 0.4
37.285315 -81.07312399999999 0.0 0.4
37.286896999999996 -81.06224399999999 0.0 0.4
37.288565999999996 -81.051909 0.0 0.4
37.289622 -81.041583 0.0 0.4
37.291855 -81.030673 0.0 0.4
37.294295 -81.020365 0.0 0.4
37.295776 -81.01021 0.0 0.4
37.297928999999996 -80.99980699999999 0.0 0.4
37.300931 -80.98876899999999 0.0 0.4
37.293465 -80.98132199999999 0.0 0.4
37.291886999999996 -80.96995799999999 0.0 0.4
37.293732999999996 -80.957595 0.0 0.4
37.296903 -80.945488 0.0 0.4
37.301669 -80.934004 0.0 0.4
37.306163 -80.919259 0.0 0.4
37.311236 -80.910389 0.0 0.4
37.315000000000005 -80.90053499999999 0.0 0.4
37.321365 -80.89120299999999 0.0 0.4
37.327152999999996 -80.882952 0.0 0.4
37.333427 -80.87480099999999 0.0 0.4
37.339756 -80.867042 0.0 0.4
37.343607 -80.857601 0.0 0.4
37.353755 -80.855679 0.0 0.4
37.364334 -80.8653 0.0 0.4
37.371739 -80.872034 0.0 0.4
37.379232 -80.87895999999999 0.0 0.4
37.394436999999996 -80.875467 0.0 0.4
37.402809 -80.869519 0.0 0.4
37.410983 -80.863415 0.0 0.4
37.420871999999996 -80.86493 0.0 0.4
37.429452 -80.859527 0.0 0.4
37.425658 -80.84968599999999 0.0 0.4
37.426004999999996 -80.839547 0.0 0.4
37.420507 -80.830851 0.0 0.4
37.413288 -80.820228 0.0 0.4
37.407838999999996 -80.811769 0.0 0.4
37.399491999999995 -80.806259 0.0 0.4
37.395578 -80.79700299999999 0.0 0.4
37.394812 -80.786982 0.0 0.4
37.387195 -80.780461 0.0 0.4
37.375121 -80.771671 0.0 0.4
37.374888 -80.76021999999999 0.0 0.4
37.378658 -80.75061199999999 0.0 0.4
37.381713 -80.740973 0.0 0.4
37.386379 -80.72780399999999 0.0 0.4
37.388822 -80.71769499999999 0.0 0.4
37.393637999999996 -80.708399 0.0 0.4
37.398395 -80.699435 0.0 0.4
37.402704 -80.68981699999999 0.0 0.4
37.407154 -80.679249 0.0 0.4
37.411863 -80.669997 0.0 0.4
37.416095999999996 -80.66049699999999 0.0 0.4
37.421501 -80.650188 0.0 0.4
37.427471 -80.63694699999999 0.0 0.4
37.433049 -80.627273 0.0 0.4
37.439443 -80.61680199999999 0.0 0.4
37.443977 -80.606588 0.0 0.4
37.448367 -80.596882 0.0 0.4
37.455306 -80.587632 0.0 0.4
37.460586 -80.578025 0.0 0.4
37.465576999999996 -80.56818299999999 0.0 0.4
37.470711 -80.558982 0.0 0.4
37.473697 -80.548805 0.0 0.4
37.474152 -80.537939 0.0 0.4
37.477368 -80.52834899999999 0.0 0.4
37.47877 -80.51759899999999 0.0 0.4
37.474807999999996 -80.50606499999999 0.0 0.4
37.466916999999995 -80.49978399999999 0.0 0.4
37.457749 -80.492981 0.0 0.4
37.446228999999995 -80.49680000000001 0.0 0.4
37.435072 -80.49486 0.0 0.4
37.424412 -80.477946 0.0 0.4
37.426145 -80.464816 0.0 0.4
37.434042999999996 -80.45135499999999 0.0 0.4
37.446903 -80.430038 0.0 0.4
37.451935999999996 -80.421144 0.0 0.4
37.458124999999995 -80.407607 0.0 0.4
37.464513 -80.39514299999999 0.0 0.4
37.470376 -80.382508 0.0 0.4
37.474069 -80.371951 0.0 0.4
37.480001 -80.363171 0.0 0.4
37.488555999999996 -80.354824 0.0 0.4
37.492151 -80.34378 0.0 0.4
37.493745 -80.332034 0.0 0.4
37.498185 -80.322249 0.0 0.4
37.502883 -80.309333 0.0 0.4
37.508271 -80.29978899999999 0.0 0.4
37.516782 -80.293922 0.0 0.4
37.526024 -80.28755 0.0 0.4
37.536496 -80.291625 0.0 0.4
37.52738 -80.309347 0.0 0.4
37.531653 -80.31942599999999 0.0 0.4
37.536243 -80.330311 0.0 0.4
37.541349 -80.321488 0.0 0.4
37.546026999999995 -80.31250299999999 0.0 0.4
37.554834 -80.320038 0.0 0.4
37.562937999999995 -80.327277 0.0 0.4
37.568577 -80.318007 0.0 0.4
37.572848 -80.308842 0.0 0.4
37.577182 -80.299707 0.0 0.4
37.58144 -80.28965099999999 0.0 0.4
37.585437 -80.280036 0.0 0.4
37.591149 -80.270342 0.0 0.4
37.594864 -80.260379 0.0 0.4
37.600964999999995 -80.251453 0.0 0.4
37.606283 -80.242245 0.0 0.4
37.61389 -80.23313 0.0 0.4
37.621967999999995 -80.22428099999999 0.0 0.4
37.631549 -80.227927 0.0 0.4
37.636348 -80.237028 0.0 0.4
37.642372 -80.254504 0.0 0.4
37.645447 -80.264541 0.0 0.4
37.651556 -80.27328899999999 0.0 0.4
37.664347 -80.282952 0.0 0.4
37.678595 -80.289901 0.0 0.4
37.69173 -80.296077 0.0 0.4
37.696404 -80.28710699999999 0.0 0.4
37.705549 -80.276577 0.0 0.4
37.712392 -80.26898899999999 0.0 0.4
37.719766 -80.261488 0.0 0.4
37.725899 -80.25307699999999 0.0 0.4
37.733517 -80.260313 0.0 0.4
37.744538 -80.259693 0.0 0.4
37.754736 -80.25760199999999 0.0 0.4
37.762149 -80.25030799999999 0.0 0.4
37.767748 -80.241991 0.0 0.4
37.77446 -80.23445799999999 0.0 0.4
37.776936 -80.224657 0.0 0.4
37.781596 -80.215727 0.0 0.4
37.787431999999995 -80.224268 0.0 0.4
37.797118999999995 -80.22802399999999 0.0 0.4
37.806602 -80.221042 0.0 0.4
37.811871 -80.212436 0.0 0.4
37.820555 -80.20482299999999 0.0 0.4
37.829091 -80.197521 0.0 0.4
37.835474 -80.189438 0.0 0.4
37.839231999999996 -80.18003499999999 0.0 0.4
37.848891 -80.183047 0.0 0.4
37.855743 -80.175714 0.0 0.4
37.864691 -80.170344 0.0 0.4
37.872979 -80.163781 0.0 0.4
37.880548 -80.155321 0.0 0.4
37.884358999999996 -80.145978 0.0 0.4
37.887386 -80.135424 0.0 0.4
37.894441 -80.127961 0.0 0.4
37.897495 -80.11806299999999 0.0 0.4
37.907092 -80.114192 0.0 0.4
37.914238999999995 -80.107146 0.0 0.4
37.917986 -80.097355 0.0 0.4
37.926905999999995 -80.09105799999999 0.0 0.4
37.934546999999995 -80.0823 0.0 0.4
37.941556999999996 -80.07471 0.0 0.4
37.947458999999995 -80.065908 0.0 0.4
37.951833 -80.056839 0.0 0.4
37.957481 -80.04840999999999 0.0 0.4
37.964442999999996 -80.04043999999999 0.0 0.4
37.970953 -80.032156 0.0 0.4
37.977075 -80.0237 0.0 0.4
37.983917999999996 -80.014335 0.0 0.4
37.991403 -80.006732 0.0 0.4
37.997608 -79.998657 0.0 0.4
38.007124999999995 -79.995488 0.0 0.4
38.013982 -79.98695099999999 0.0 0.4
38.023441 -79.98284699999999 0.0 0.4
38.030075 -79.975269 0.0 0.4
38.040003999999996 -79.973895 0.0 0.4
38.048192 -79.968139 0.0 0.4
38.057381 -79.963128 0.0 0.4
38.067415 -79.961647 0.0 0.4
38.075725 -79.955916 0.0 0.4
38.083812 -79.949928 0.0 0.4
38.091293 -79.942656 0.0 0.4
38.097317 -79.93461099999999 0.0 0.4
38.104870999999996 -79.927615 0.0 0.4
38.111153 -79.935664 0.0 0.4
38.119665 -79.941009 0.0 0.4
38.129175 -79.944333 0.0 0.4
38.134901 -79.93562899999999 0.0 0.4
38.142688 -79.928693 0.0 0.4
38.150954 -79.92303299999999 0.0 0.4
38.160529 -79.919097 0.0 0.4
38.170778 -79.918881 0.0 0.4
38.180775 -79.921182 0.0 0.4
38.188418 -79.91440999999999 0.0 0.4
38.190411999999995 -79.90361999999999 0.0 0.4
38.197537 -79.895799 0.0 0.4
38.205891 -79.890267 0.0 0.4
38.209271 -79.88084599999999 0.0 0.4
38.215908999999996 -79.87320799999999 0.0 0.4
38.223503 -79.864302 0.0 0.4
38.231066999999996 -79.856972 0.0 0.4
38.236402999999996 -79.848373 0.0 0.4
38.241232 -79.83829 0.0 0.4
38.249004 -79.83151699999999 0.0 0.4
38.248279 -79.82101 0.0 0.4
38.256661 -79.81463699999999 0.0 0.4
38.260006 -79.805075 0.0 0.4
38.266154 -79.79717 0.0 0.4
38.271389 -79.788426 0.0 0.4
38.281475 -79.78997199999999 0.0 0.4
38.290228 -79.795448 0.0 0.4
38.296682 -79.80334599999999 0.0 0.4
38.304680999999995 -79.809934 0.0 0.4
38.313922 -79.804093 0.0 0.4
38.321642 -79.797045 0.0 0.4
38.32799 -79.788226 0.0 0.4
38.331936999999996 -79.778553 0.0 0.4
38.339146 -79.771576 0.0 0.4
38.349202999999996 -79.76822899999999 0.0 0.4
38.356856 -79.761502 0.0 0.4
38.35594 -79.751057 0.0 0.4
38.354101 -79.74061499999999 0.0 0.4
38.360168 -79.73205899999999 0.0 0.4
38.368669 -79.726748 0.0 0.4
38.379162 -79.730271 0.0 0.4
38.388588 -79.723822 0.0 0.4
38.398438 -79.718825 0.0 0.4
38.406349999999996 -79.712394 0.0 0.4
38.415729999999996 -79.706634 0.0 0.4
38.422548 -79.69842299999999 0.0 0.4
38.430139 -79.691722 0.0 0.4
38.440124999999995 -79.691028 0.0 0.4
38.450084 -79.68839899999999 0.0 0.4
38.461906 -79.69065599999999 0.0 0.4
38.469726 -79.698365 0.0 0.4
38.478753 -79.694054 0.0 0.4
38.489413 -79.696044 0.0 0.4
38.496182999999995 -79.688345 0.0 0.4
38.504317 -79.682074 0.0 0.4
38.510417 -79.67407399999999 0.0 0.4
38.514016999999996 -79.664174 0.0 0.4
38.523917 -79.666574 0.0 0.4
38.533615999999995 -79.669573 0.0 0.4
38.543715999999996 -79.669675 0.0 0.4
38.553551999999996 -79.667086 0.0 0.4
38.561316 -79.660775 0.0 0.4
38.571515999999995 -79.661575 0.0 0.4
38.579494 -79.65540399999999 0.0 0.4
38.588381999999996 -79.650627 0.0 0.4
38.587565999999995 -79.638289 0.0 0.4
38.582616 -79.624774 0.0 0.4
38.57915 -79.615335 0.0 0.4
38.573209999999996 -79.59916 0.0 0.4
38.569534999999995 -79.589185 0.0 0.4
38.564648999999996 -79.575932 0.0 0.4
38.562317 -79.56557099999999 0.0 0.4
38.560217 -79.555471 0.0 0.4
38.555316999999995 -79.54666999999999 0.0 0.4
38.551217 -79.53737 0.0 0.4
38.542817 -79.53187 0.0 0.4
38.535917999999995 -79.524369 0.0 0.4
38.527898 -79.517854 0.0 0.4
38.518719 -79.51234099999999 0.0 0.4
38.509004 -79.50650499999999 0.0 0.4
38.499837 -79.501251 0.0 0.4
38.489592 -79.49511 0.0 0.4
38.479296 -79.489232 0.0 0.4
38.469936 -79.48389 0.0 0.4
38.460242 -79.478358 0.0 0.4
38.451733 -79.457284 0.0 0.4
38.448989999999995 -79.447617 0.0 0.4
38.445986999999995 -79.437032 0.0 0.4
38.443172 -79.427114 0.0 0.4
38.439251 -79.413141 0.0 0.4
38.436429 -79.40306 0.0 0.4
38.433369 -79.392123 0.0 0.4
38.430318 -79.38121199999999 0.0 0.4
38.427197 -79.370132 0.0 0.4
38.423808 -79.35734699999999 0.0 0.4
38.420134999999995 -79.343485 0.0 0.4
38.417364 -79.33303599999999 0.0 0.4
38.413475999999996 -79.318438 0.0 0.4
38.413294 -79.307891 0.0 0.4
38.416421 -79.297725 0.0 0.4
38.420966 -79.28845 0.0 0.4
38.428846 -79.282225 0.0 0.4
38.436011 -79.274909 0.0 0.4
38.44048 -79.265947 0.0 0.4
38.448817999999996 -79.260156 0.0 0.4
38.455324999999995 -79.252428 0.0 0.4
38.454485999999996 -79.24238799999999 0.0 0.4
38.464622999999996 -79.242188 0.0 0.4
38.472409999999996 -79.23570699999999 0.0 0.4
38.47636 -79.225915 0.0 0.4
38.486215 -79.22014399999999 0.0 0.4
38.492913 -79.210591 0.0 0.4
38.502522 -79.207459 0.0 0.4
38.512822 -79.209159 0.0 0.4
38.522621 -79.206459 0.0 0.4
38.530521 -79.200259 0.0 0.4
38.539321 -79.195359 0.0 0.4
38.547419999999995 -79.188958 0.0 0.4
38.555119999999995 -79.182558 0.0 0.4
38.56362 -79.17715799999999 0.0 0.4
38.572019 -79.17155 0.0 0.4
38.580524 -79.166262 0.0 0.4
38.589219 -79.16085799999999 0.0 0.4
38.599219 -79.158857 0.0 0.4
38.608717999999996 -79.155157 0.0 0.4
38.618418 -79.151957 0.0 0.4
38.626718 -79.146057 0.0 0.4
38.635616999999996 -79.141257 0.0 0.4
38.643954 -79.135643 0.0 0.4
38.653217999999995 -79.131056 0.0 0.4
38.659317 -79.122856 0.0 0.4
38.659817 -79.11276 0.0 0.4
38.657216999999996 -79.102756 0.0 0.4
38.659517 -79.092955 0.0 0.4
38.669716 -79.090655 0.0 0.4
38.679116 -79.086655 0.0 0.4
38.689215999999995 -79.08615499999999 0.0 0.4
38.698015 -79.091355 0.0 0.4
38.708315 -79.089955 0.0 0.4
38.718121 -79.08685799999999 0.0 0.4
38.727714 -79.08315499999999 0.0 0.4
38.736881 -79.079155 0.0 0.4
38.744614 -79.072755 0.0 0.4
38.753212999999995 -79.066454 0.0 0.4
38.759713 -79.05825399999999 0.0 0.4
38.769512999999996 -79.055754 0.0 0.4
38.779188999999995 -79.052435 0.0 0.4
38.789612999999996 -79.050254 0.0 0.4
38.791813 -79.039653 0.0 0.4
38.791013 -79.029253 0.0 0.4
38.798913 -79.02305299999999 0.0 0.4
38.809211999999995 -79.024053 0.0 0.4
38.818157 -79.01923 0.0 0.4
38.821612 -79.009745 0.0 0.4
38.830712 -79.004852 0.0 0.4
38.839506 -78.999315 0.0 0.4
38.848918 -78.995543 0.0 0.4
38.838409999999996 -78.97728 0.0 0.4
38.823755 -78.95626899999999 0.0 0.4
38.817377 -78.947154 0.0 0.4
38.806501999999995 -78.93156499999999 0.0 0.4
38.800008999999996 -78.92226699999999 0.0 0.4
38.785343999999995 -78.901273 0.0 0.4
38.778447 -78.891402 0.0 0.4
38.768696 -78.87744599999999 0.0 0.4
