44.26413 -73.313283 0.0 0.4
44.274297999999995 -73.310914 0.0 0.4
44.283739 -73.314394 0.0 0.4
44.295836 -73.320094 0.0 0.4
44.310033 -73.324195 0.0 0.4
44.325165 -73.32382799999999 0.0 0.4
44.338528 -73.32515 0.0 0.4
44.349824 -73.330255 0.0 0.4
44.360147 -73.33478 0.0 0.4
44.3723 -73.333613 0.0 0.4
44.379531 -73.32538199999999 0.0 0.4
44.385991 -73.317066 0.0 0.4
44.397867 -73.31179 0.0 0.4
44.409164 -73.307051 0.0 0.4
44.419698 -73.301164 0.0 0.4
44.428334 -73.296052 0.0 0.4
44.438162999999996 -73.293751 0.0 0.4
44.448040999999996 -73.296415 0.0 0.4
44.462952 -73.298919 0.0 0.4
44.473316999999994 -73.29931599999999 0.0 0.4
44.483335 -73.30341899999999 0.0 0.4
44.493345999999995 -73.30511 0.0 0.4
44.502767 -73.30860299999999 0.0 0.4
44.509715 -73.315957 0.0 0.4
44.5193 -73.321091 0.0 0.4
44.527874 -73.326331 0.0 0.4
44.536300999999995 -73.33188299999999 0.0 0.4
44.543568 -73.339125 0.0 0.4
44.552509 -73.34400099999999 0.0 0.4
44.556377999999995 -73.353353 0.0 0.4
44.563232 -73.36091499999999 0.0 0.4
44.570201 -73.369068 0.0 0.4
44.580203999999995 -73.37523 0.0 0.4
44.589095 -73.381648 0.0 0.4
44.599125 -73.37675399999999 0.0 0.4
44.610163 -73.382083 0.0 0.4
44.617211 -73.38982 0.0 0.4
44.626925 -73.38649699999999 0.0 0.4
44.637201999999995 -73.38581099999999 0.0 0.4
44.647605 -73.383974 0.0 0.4
44.656772 -73.37907299999999 0.0 0.4
44.662518 -73.370589 0.0 0.4
44.672762999999996 -73.37101 0.0 0.4
44.682475 -73.368233 0.0 0.4
44.691395 -73.363135 0.0 0.4
44.701682999999996 -73.365409 0.0 0.4
44.712613999999995 -73.36529 0.0 0.4
44.723414999999996 -73.365205 0.0 0.4
44.73383 -73.365084 0.0 0.4
44.744544 -73.364252 0.0 0.4
44.752322 -73.35676099999999 0.0 0.4
44.763358 -73.351209 0.0 0.4
44.77298 -73.34708499999999 0.0 0.4
44.779506 -73.339159 0.0 0.4
44.787988 -73.333334 0.0 0.4
44.798029 -73.33377999999999 0.0 0.4
44.806852 -73.33891899999999 0.0 0.4
44.813773 -73.346333 0.0 0.4
44.820719 -73.35392999999999 0.0 0.4
44.825376 -73.362951 0.0 0.4
44.831623 -73.371859 0.0 0.4
44.839644 -73.37981599999999 0.0 0.4
44.849861 -73.38129599999999 0.0 0.4
44.860237999999995 -73.376331 0.0 0.4
44.871545999999995 -73.367565 0.0 0.4
44.883233999999995 -73.36448 0.0 0.4
44.897236 -73.360328 0.0 0.4
44.907346 -73.353657 0.0 0.4
44.912724999999995 -73.344516 0.0 0.4
44.923798999999995 -73.338492 0.0 0.4
44.934003 -73.339229 0.0 0.4
44.947568 -73.33930099999999 0.0 0.4
44.960542 -73.337907 0.0 0.4
44.969212999999996 -73.342942 0.0 0.4
44.976222 -73.350218 0.0 0.4
44.987352 -73.35463299999999 0.0 0.4
44.997101 -73.34919099999999 0.0 0.4
45.006335 -73.345047 0.0 0.4
45.010835 -73.335366 0.0 0.4
45.011131 -73.320257 0.0 0.4
45.011368999999995 -73.308111 0.0 0.4
45.011589 -73.29683399999999 0.0 0.4
45.011873 -73.282207 0.0 0.4
45.012094999999995 -73.270186 0.0 0.4
45.012248 -73.260077 0.0 0.4
45.0124 -73.249969 0.0 0.4
45.012574 -73.23841999999999 0.0 0.4
45.012754 -73.226316 0.0 0.4
45.013005 -73.213505 0.0 0.4
45.013436999999996 -73.19211299999999 0.0 0.4
45.013937999999996 -73.173895 0.0 0.4
45.014387 -73.148842 0.0 0.4
45.014662 -73.133571 0.0 0.4
45.015332 -73.09081499999999 0.0 0.4
45.015606999999996 -73.079533 0.0 0.4
45.015923 -73.06672499999999 0.0 0.4
45.015747999999995 -73.05247899999999 0.0 0.4
45.015536999999995 -73.039472 0.0 0.4
45.015342 -73.027599 0.0 0.4
45.015146 -73.016244 0.0 0.4
45.014784 -72.99666599999999 0.0 0.4
45.014465 -72.981775 0.0 0.4
45.014142 -72.966867 0.0 0.4
45.014444 -72.954799 0.0 0.4
45.014745 -72.94273199999999 0.0 0.4
45.015046 -72.93064 0.0 0.4
45.015316 -72.919727 0.0 0.4
45.015589 -72.908672 0.0 0.4
45.015744 -72.898573 0.0 0.4
45.015923 -72.886303 0.0 0.4
45.016191 -72.869072 0.0 0.4
45.016515999999996 -72.854844 0.0 0.4
45.016588 -72.842287 0.0 0.4
45.016360999999996 -72.826835 0.0 0.4
45.016186 -72.810446 0.0 0.4
45.016086 -72.798931 0.0 0.4
45.015989 -72.788159 0.0 0.4
45.01589 -72.77730199999999 0.0 0.4
45.015738 -72.760834 0.0 0.4
45.01562 -72.74816899999999 0.0 0.4
45.01583 -72.733897 0.0 0.4
45.01575 -72.72216 0.0 0.4
45.015625 -72.70345 0.0 0.4
45.015364999999996 -72.683984 0.0 0.4
45.015222 -72.67342599999999 0.0 0.4
45.015076 -72.66255199999999 0.0 0.4
45.014829 -72.644612 0.0 0.4
45.014480999999996 -72.630599 0.0 0.4
45.013881999999995 -72.619046 0.0 0.4
45.013113 -72.604298 0.0 0.4
45.011961 -72.589709 0.0 0.4
45.010267 -72.573936 0.0 0.4
45.008852 -72.562231 0.0 0.4
45.007937999999996 -72.54713199999999 0.0 0.4
45.007798 -72.53346599999999 0.0 0.4
45.007968999999996 -72.521524 0.0 0.4
45.008345999999996 -72.50388099999999 0.0 0.4
45.008671 -72.488314 0.0 0.4
45.008742 -72.469461 0.0 0.4
45.008646999999996 -72.45928599999999 0.0 0.4
45.008288 -72.442894 0.0 0.4
45.007463 -72.42046599999999 0.0 0.4
45.006951 -72.406578 0.0 0.4
45.006484 -72.393939 0.0 0.4
45.006378 -72.37903899999999 0.0 0.4
45.006218999999994 -72.368627 0.0 0.4
45.00588 -72.358418 0.0 0.4
45.005539999999996 -72.348209 0.0 0.4
45.005068 -72.334013 0.0 0.4
45.004166999999995 -72.318591 0.0 0.4
45.004076 -72.304521 0.0 0.4
45.004352999999995 -72.293367 0.0 0.4
45.004248 -72.28329099999999 0.0 0.4
45.004200000000004 -72.270214 0.0 0.4
45.004377999999996 -72.258578 0.0 0.4
45.004642 -72.24674 0.0 0.4
45.005289999999995 -72.21110399999999 0.0 0.4
45.005499 -72.196685 0.0 0.4
45.005671 -72.18477399999999 0.0 0.4
45.005829999999996 -72.173744 0.0 0.4
45.005945 -72.159942 0.0 0.4
45.005928 -72.14706 0.0 0.4
45.005812 -72.13645199999999 0.0 0.4
45.005717 -72.125559 0.0 0.4
45.00564 -72.11174 0.0 0.4
45.005733 -72.099972 0.0 0.4
45.005863 -72.088267 0.0 0.4
45.005998 -72.075408 0.0 0.4
45.006128 -72.062259 0.0 0.4
45.006271 -72.05132499999999 0.0 0.4
45.006476 -72.040026 0.0 0.4
45.006676 -72.02909 0.0 0.4
45.006957 -72.016977 0.0 0.4
45.007342 -71.997038 0.0 0.4
45.007521 -71.987019 0.0 0.4
45.0077 -71.97699899999999 0.0 0.4
45.007878 -71.96697999999999 0.0 0.4
45.008084 -71.95511599999999 0.0 0.4
45.00817 -71.937522 0.0 0.4
45.007812 -71.920857 0.0 0.4
45.007782999999996 -71.904856 0.0 0.4
45.008226 -71.887877 0.0 0.4
45.008491 -71.87765499999999 0.0 0.4
45.008756 -71.867432 0.0 0.4
45.009018999999995 -71.857209 0.0 0.4
45.009282 -71.846986 0.0 0.4
45.00974 -71.829034 0.0 0.4
45.01011 -71.81660000000001 0.0 0.4
45.010424 -71.805992 0.0 0.4
45.010641 -71.79534799999999 0.0 0.4
45.010937 -71.78025199999999 0.0 0.4
45.011198 -71.763153 0.0 0.4
45.011362999999996 -71.744018 0.0 0.4
45.011390999999996 -71.733924 0.0 0.4
45.011416999999994 -71.723829 0.0 0.4
45.011368999999995 -71.709909 0.0 0.4
45.011306 -71.69820399999999 0.0 0.4
45.011434 -71.686795 0.0 0.4
45.011565999999995 -71.67676999999999 0.0 0.4
45.011697999999996 -71.666744 0.0 0.4
45.012065 -71.65360199999999 0.0 0.4
45.012324 -71.640255 0.0 0.4
45.012701 -71.613649 0.0 0.4
45.012653 -71.597835 0.0 0.4
45.012609 -71.587443 0.0 0.4
45.012498 -71.57251699999999 0.0 0.4
45.012653 -71.56101 0.0 0.4
45.012826 -71.548029 0.0 0.4
45.013053 -71.53039199999999 0.0 0.4
45.013239 -71.518802 0.0 0.4
45.013388 -71.506433 0.0 0.4
45.013639 -71.466527 0.0 0.4
45.009662 -71.47593599999999 0.0 0.4
45.002134999999996 -71.482705 0.0 0.4
45.002655 -71.492722 0.0 0.4
45.007206 -71.501949 0.0 0.4
45.005755 -71.511967 0.0 0.4
45.002016999999995 -71.521564 0.0 0.4
44.997609 -71.531564 0.0 0.4
44.98985 -71.53814299999999 0.0 0.4
44.980328 -71.53381 0.0 0.4
44.972401 -71.526928 0.0 0.4
44.967655 -71.517955 0.0 0.4
44.957754 -71.515132 0.0 0.4
44.947863999999996 -71.516663 0.0 0.4
44.939915 -71.522838 0.0 0.4
44.932452999999995 -71.51614599999999 0.0 0.4
44.924305 -71.509931 0.0 0.4
44.917083999999996 -71.502647 0.0 0.4
44.911874999999995 -71.494095 0.0 0.4
44.903923999999996 -71.50109499999999 0.0 0.4
44.896519999999995 -71.508273 0.0 0.4
44.888056999999996 -71.513606 0.0 0.4
44.881519 -71.521545 0.0 0.4
44.873922 -71.528558 0.0 0.4
44.868598 -71.537391 0.0 0.4
44.864988 -71.546753 0.0 0.4
44.854938999999995 -71.547901 0.0 0.4
44.848566999999996 -71.55579399999999 0.0 0.4
44.839293 -71.550704 0.0 0.4
44.831517999999996 -71.558431 0.0 0.4
44.822945999999995 -71.56377599999999 0.0 0.4
44.820464 -71.573668 0.0 0.4
44.810311 -71.571809 0.0 0.4
44.799206 -71.5728 0.0 0.4
44.789258 -71.575862 0.0 0.4
44.784161 -71.58565 0.0 0.4
44.780152 -71.595164 0.0 0.4
44.771587 -71.601705 0.0 0.4
44.765584 -71.610179 0.0 0.4
44.756856 -71.615999 0.0 0.4
44.753676 -71.626085 0.0 0.4
44.743361 -71.625092 0.0 0.4
44.732752 -71.626111 0.0 0.4
44.728249999999996 -71.617038 0.0 0.4
44.719186 -71.61254799999999 0.0 0.4
44.710862999999996 -71.606414 0.0 0.4
44.703869999999995 -71.598626 0.0 0.4
44.693531 -71.597186 0.0 0.4
44.683931 -71.594055 0.0 0.4
44.675191 -71.589011 0.0 0.4
44.665561 -71.585188 0.0 0.4
44.655449999999995 -71.581315 0.0 0.4
44.649896999999996 -71.571626 0.0 0.4
44.647189 -71.561962 0.0 0.4
44.637246999999995 -71.563721 0.0 0.4
44.631094999999995 -71.554718 0.0 0.4
44.624289999999995 -71.546978 0.0 0.4
44.620726999999995 -71.55646999999999 0.0 0.4
44.609718 -71.55398199999999 0.0 0.4
44.603134 -71.561764 0.0 0.4
44.601119999999995 -71.551769 0.0 0.4
44.591865999999996 -71.54749699999999 0.0 0.4
44.587478999999995 -71.538449 0.0 0.4
44.578865 -71.54395699999999 0.0 0.4
44.584393 -71.552365 0.0 0.4
44.574158 -71.55028999999999 0.0 0.4
44.568932 -71.55895699999999 0.0 0.4
44.562782999999996 -71.567426 0.0 0.4
44.565132999999996 -71.577685 0.0 0.4
44.565798 -71.587664 0.0 0.4
44.559982999999995 -71.596693 0.0 0.4
44.550864999999995 -71.59248199999999 0.0 0.4
44.545929 -71.58335699999999 0.0 0.4
44.540634999999995 -71.574445 0.0 0.4
44.530541 -71.575498 0.0 0.4
44.523461 -71.582685 0.0 0.4
44.523188999999995 -71.59288 0.0 0.4
44.515007999999995 -71.586668 0.0 0.4
44.506768 -71.58093099999999 0.0 0.4
44.498467 -71.586973 0.0 0.4
44.49263 -71.595564 0.0 0.4
44.485397999999996 -71.603132 0.0 0.4
44.4851 -71.613237 0.0 0.4
44.479745 -71.62226799999999 0.0 0.4
44.473878 -71.63063 0.0 0.4
44.482019 -71.624617 0.0 0.4
44.480532 -71.63453799999999 0.0 0.4
44.475375 -71.644357 0.0 0.4
44.466350999999996 -71.63962699999999 0.0 0.4
44.460314 -71.64849099999999 0.0 0.4
44.453466999999996 -71.656765 0.0 0.4
44.442721999999996 -71.658872 0.0 0.4
44.436391 -71.66689 0.0 0.4
44.435499 -71.677382 0.0 0.4
44.427174 -71.682937 0.0 0.4
44.420406 -71.69102099999999 0.0 0.4
44.41509 -71.700266 0.0 0.4
44.410700999999996 -71.710408 0.0 0.4
44.410739 -71.721452 0.0 0.4
44.410481 -71.73149 0.0 0.4
44.405048 -71.739959 0.0 0.4
44.401925 -71.74956 0.0 0.4
44.40671 -71.759158 0.0 0.4
44.404899 -71.769069 0.0 0.4
44.399972999999996 -71.777942 0.0 0.4
44.400072 -71.788135 0.0 0.4
44.396082 -71.798313 0.0 0.4
44.386072 -71.799885 0.0 0.4
44.383669 -71.80962 0.0 0.4
44.375284 -71.815709 0.0 0.4
44.364466 -71.815449 0.0 0.4
44.354006 -71.815846 0.0 0.4
44.352183 -71.825841 0.0 0.4
44.348727 -71.836278 0.0 0.4
44.344007 -71.845176 0.0 0.4
44.340638999999996 -71.855001 0.0 0.4
44.339037 -71.865561 0.0 0.4
44.33774 -71.875479 0.0 0.4
44.342248999999995 -71.885825 0.0 0.4
44.345003999999996 -71.895774 0.0 0.4
44.348223 -71.905357 0.0 0.4
44.347254 -71.915626 0.0 0.4
44.342379 -71.9244 0.0 0.4
44.336382 -71.932518 0.0 0.4
44.336909 -71.94277199999999 0.0 0.4
44.337610999999995 -71.953362 0.0 0.4
44.336512 -71.96409 0.0 0.4
44.336892999999996 -71.974481 0.0 0.4
44.336130999999995 -71.984552 0.0 0.4
44.329004999999995 -71.991785 0.0 0.4
44.325419 -72.00122999999999 0.0 0.4
44.321535999999995 -72.011515 0.0 0.4
44.321017 -72.021678 0.0 0.4
44.320628 -72.032054 0.0 0.4
44.310305 -72.032558 0.0 0.4
44.300415 -72.034662 0.0 0.4
44.295451 -72.04363599999999 0.0 0.4
44.290507 -72.052578 0.0 0.4
44.284129 -72.060482 0.0 0.4
44.275233 -72.06623499999999 0.0 0.4
44.267717999999995 -72.059551 0.0 0.4
44.257526 -72.059765 0.0 0.4
44.248157 -72.05482099999999 0.0 0.4
44.240459 -72.048046 0.0 0.4
44.230861 -72.05144899999999 0.0 0.4
44.220813 -72.053234 0.0 0.4
44.211811 -72.057949 0.0 0.4
44.201732 -72.059017 0.0 0.4
44.19334 -72.064999 0.0 0.4
44.184214999999995 -72.06052799999999 0.0 0.4
44.173809 -72.055142 0.0 0.4
44.16547 -72.049602 0.0 0.4
44.157315 -72.04378799999999 0.0 0.4
44.147137 -72.041866 0.0 0.4
44.136998 -72.041957 0.0 0.4
44.131862999999996 -72.033321 0.0 0.4
44.125347999999995 -72.04125599999999 0.0 0.4
44.120594999999994 -72.050304 0.0 0.4
44.111722 -72.055095 0.0 0.4
44.101849 -72.052807 0.0 0.4
44.096517 -72.044078 0.0 0.4
44.102948 -72.036205 0.0 0.4
44.092801 -72.03184 0.0 0.4
44.088826 -72.041134 0.0 0.4
44.08151 -72.033245 0.0 0.4
44.079266 -72.04305599999999 0.0 0.4
44.076305999999995 -72.052868 0.0 0.4
44.066336 -72.051768 0.0 0.4
44.058149 -72.05767399999999 0.0 0.4
44.057553 -72.067959 0.0 0.4
44.049596 -72.06190099999999 0.0 0.4
44.046476 -72.072278 0.0 0.4
44.038900000000005 -72.078915 0.0 0.4
44.0287 -72.081036 0.0 0.4
44.024029999999996 -72.090283 0.0 0.4
44.014897999999995 -72.094419 0.0 0.4
44.013258 -72.104856 0.0 0.4
44.002966 -72.103803 0.0 0.4
43.997091 -72.11218 0.0 0.4
43.986844999999995 -72.11218 0.0 0.4
43.976805 -72.112684 0.0 0.4
43.969885 -72.10514599999999 0.0 0.4
43.967726 -72.095319 0.0 0.4
43.957907 -72.09895 0.0 0.4
43.949829 -72.10574 0.0 0.4
43.947607 -72.115736 0.0 0.4
43.93627 -72.11723099999999 0.0 0.4
43.926245 -72.117918 0.0 0.4
43.917547 -72.12302 0.0 0.4
43.91341 -72.13219699999999 0.0 0.4
43.907317 -72.140273 0.0 0.4
43.902761999999996 -72.149611 0.0 0.4
43.89495 -72.157164 0.0 0.4
43.886451 -72.163009 0.0 0.4
43.883781 -72.172988 0.0 0.4
43.873939 -72.170394 0.0 0.4
43.866363 -72.177032 0.0 0.4
43.860519 -72.185333 0.0 0.4
43.85012 -72.185806 0.0 0.4
43.840408 -72.183273 0.0 0.4
43.830223 -72.183853 0.0 0.4
43.821318999999995 -72.188949 0.0 0.4
43.812103 -72.184051 0.0 0.4
43.802627 -72.188171 0.0 0.4
43.794228 -72.193756 0.0 0.4
43.787766 -72.20163 0.0 0.4
43.778107 -72.204407 0.0 0.4
43.768685 -72.208863 0.0 0.4
43.765465 -72.218537 0.0 0.4
43.757317 -72.224381 0.0 0.4
43.749351999999995 -72.23043899999999 0.0 0.4
43.744332 -72.239381 0.0 0.4
43.741043999999995 -72.248949 0.0 0.4
43.73668 -72.258623 0.0 0.4
43.734291999999996 -72.268389 0.0 0.4
43.727104999999995 -72.275683 0.0 0.4
43.721032 -72.284442 0.0 0.4
43.713159 -72.291034 0.0 0.4
43.706643 -72.299167 0.0 0.4
43.697381 -72.30363799999999 0.0 0.4
43.686433 -72.305453 0.0 0.4
43.676393 -72.302707 0.0 0.4
43.666849 -72.305728 0.0 0.4
43.658601 -72.312519 0.0 0.4
43.648675999999995 -72.31488399999999 0.0 0.4
43.639643 -72.3194 0.0 0.4
43.635895999999995 -72.328754 0.0 0.4
43.625887 -72.330601 0.0 0.4
43.616158999999996 -72.335148 0.0 0.4
43.608049 -72.329289 0.0 0.4
43.598029 -72.334777 0.0 0.4
43.591896999999996 -72.342969 0.0 0.4
43.587213999999996 -72.35225 0.0 0.4
43.584131 -72.361961 0.0 0.4
43.58034 -72.371663 0.0 0.4
43.574168 -72.37982699999999 0.0 0.4
43.564366 -72.38243899999999 0.0 0.4
43.554415 -72.381292 0.0 0.4
43.544253 -72.380968 0.0 0.4
43.533949 -72.38425099999999 0.0 0.4
43.527643999999995 -72.39218699999999 0.0 0.4
43.51813 -72.39687099999999 0.0 0.4
43.508067 -72.395819 0.0 0.4
43.502658 -72.38738 0.0 0.4
43.494037 -72.381063 0.0 0.4
43.483888 -72.38134699999999 0.0 0.4
43.474132 -72.384084 0.0 0.4
43.467807 -72.391851 0.0 0.4
43.457386 -72.391256 0.0 0.4
43.447306999999995 -72.391973 0.0 0.4
43.437777 -72.395732 0.0 0.4
43.427459 -72.396213 0.0 0.4
43.417629999999996 -72.399069 0.0 0.4
43.40736 -72.400442 0.0 0.4
43.397244 -72.40267 0.0 0.4
43.388211 -72.40769 0.0 0.4
43.380765 -72.41498399999999 0.0 0.4
43.370084 -72.41474 0.0 0.4
43.361464999999995 -72.40966499999999 0.0 0.4
43.357442 -72.400396 0.0 0.4
43.356835 -72.390106 0.0 0.4
43.349126 -72.397024 0.0 0.4
43.341176 -72.403936 0.0 0.4
43.332333 -72.410114 0.0 0.4
43.322385 -72.403937 0.0 0.4
43.315250999999996 -72.39614499999999 0.0 0.4
43.30545 -72.40014 0.0 0.4
43.296034 -72.403875 0.0 0.4
43.284135 -72.408018 0.0 0.4
43.275129 -72.41272599999999 0.0 0.4
43.267302 -72.41937899999999 0.0 0.4
43.26095 -72.427579 0.0 0.4
43.256667 -72.436668 0.0 0.4
43.246779 -72.439246 0.0 0.4
43.236891 -72.436988 0.0 0.4
43.226737 -72.436866 0.0 0.4
43.217299 -72.441154 0.0 0.4
43.206336 -72.43827 0.0 0.4
43.19771 -72.443535 0.0 0.4
43.189788 -72.449882 0.0 0.4
43.181658999999996 -72.443956 0.0 0.4
43.174490999999996 -72.451515 0.0 0.4
43.164459 -72.451916 0.0 0.4
43.154342 -72.45210999999999 0.0 0.4
43.145171999999995 -72.45648899999999 0.0 0.4
43.137564999999995 -72.44910399999999 0.0 0.4
43.130286999999996 -72.442039 0.0 0.4
43.122658 -72.43511099999999 0.0 0.4
43.112663 -72.43268499999999 0.0 0.4
43.106224 -72.44103199999999 0.0 0.4
43.096253 -72.43975 0.0 0.4
43.087165999999996 -72.434882 0.0 0.4
43.077797 -72.438529 0.0 0.4
43.070336 -72.44599099999999 0.0 0.4
43.064164 -72.45391 0.0 0.4
43.058594 -72.462273 0.0 0.4
43.04947 -72.46714 0.0 0.4
43.041917 -72.460487 0.0 0.4
43.030572 -72.462394 0.0 0.4
43.020799 -72.459526 0.0 0.4
43.014900999999995 -72.45131599999999 0.0 0.4
43.009057 -72.44319899999999 0.0 0.4
43.000734 -72.448753 0.0 0.4
43.000679999999996 -72.459098 0.0 0.4
42.992427 -72.46494299999999 0.0 0.4
42.982870999999996 -72.46170000000001 0.0 0.4
42.975763 -72.469917 0.0 0.4
42.973687999999996 -72.479882 0.0 0.4
42.969781999999995 -72.489266 0.0 0.4
42.966676 -72.499337 0.0 0.4
42.964113 -72.50923999999999 0.0 0.4
42.962641 -72.51925 0.0 0.4
42.957018 -72.527811 0.0 0.4
42.949358 -72.53443299999999 0.0 0.4
42.942194 -72.527216 0.0 0.4
42.931658 -72.526697 0.0 0.4
42.921389 -72.525018 0.0 0.4
42.912196 -72.529566 0.0 0.4
42.901109999999996 -72.53125899999999 0.0 0.4
42.892427999999995 -72.536631 0.0 0.4
42.887347 -72.545664 0.0 0.4
42.879886 -72.553446 0.0 0.4
42.869983 -72.55544499999999 0.0 0.4
42.860034 -72.554377 0.0 0.4
42.84988 -72.554881 0.0 0.4
42.841998 -72.548594 0.0 0.4
42.831562 -72.546763 0.0 0.4
42.821490999999995 -72.545298 0.0 0.4
42.811091999999995 -72.542337 0.0 0.4
42.802799 -72.535806 0.0 0.4
42.796391 -72.527368 0.0 0.4
42.789494 -72.518228 0.0 0.4
42.782696 -72.510842 0.0 0.4
42.772602 -72.51245999999999 0.0 0.4
42.766048999999995 -72.504739 0.0 0.4
42.773365 -72.497704 0.0 0.4
42.770064999999995 -72.48798699999999 0.0 0.4
42.763484999999996 -72.47971299999999 0.0 0.4
42.754360999999996 -72.475044 0.0 0.4
42.744443 -72.471794 0.0 0.4
42.737438999999995 -72.464485 0.0 0.4
42.728992999999996 -72.458732 0.0 0.4
42.727844 -72.49222999999999 0.0 0.4
42.728384999999996 -72.511505 0.0 0.4
42.728905 -72.52933399999999 0.0 0.4
42.729656 -72.554597 0.0 0.4
42.729977 -72.56535199999999 0.0 0.4
42.730253999999995 -72.575862 0.0 0.4
42.730641 -72.590563 0.0 0.4
42.730982999999995 -72.601565 0.0 0.4
42.731204999999996 -72.61244099999999 0.0 0.4
42.731584 -72.623376 0.0 0.4
42.732043999999995 -72.641836 0.0 0.4
42.73247 -72.658339 0.0 0.4
42.732878 -72.674155 0.0 0.4
42.733165 -72.68529699999999 0.0 0.4
42.733582 -72.701357 0.0 0.4
42.733886 -72.713045 0.0 0.4
42.73419 -72.723263 0.0 0.4
42.734981 -72.749538 0.0 0.4
42.735316 -72.762248 0.0 0.4
42.735731 -72.777778 0.0 0.4
42.736022 -72.791012 0.0 0.4
42.736581 -72.809113 0.0 0.4
42.73724 -72.83748299999999 0.0 0.4
42.737635 -72.854422 0.0 0.4
42.737915 -72.867159 0.0 0.4
42.738144999999996 -72.877336 0.0 0.4
42.738457 -72.89147899999999 0.0 0.4
42.739013 -72.916584 0.0 0.4
42.739224 -72.926703 0.0 0.4
42.739639 -72.94798 0.0 0.4
42.739933 -72.96297899999999 0.0 0.4
42.740218999999996 -72.979548 0.0 0.4
42.740586 -72.99895599999999 0.0 0.4
42.740814 -73.009451 0.0 0.4
42.741074999999995 -73.01956799999999 0.0 0.4
42.741347999999995 -73.032816 0.0 0.4
42.741642999999996 -73.047994 0.0 0.4
42.741934 -73.06215999999999 0.0 0.4
42.742135999999995 -73.072279 0.0 0.4
42.742463 -73.088814 0.0 0.4
42.742697 -73.100151 0.0 0.4
42.743016 -73.11659 0.0 0.4
42.743573999999995 -73.1416 0.0 0.4
42.743739999999995 -73.153065 0.0 0.4
42.743943 -73.163569 0.0 0.4
42.744142 -73.17411 0.0 0.4
42.744333999999995 -73.184317 0.0 0.4
42.744611 -73.198954 0.0 0.4
42.744827 -73.210473 0.0 0.4
42.745301 -73.235389 0.0 0.4
42.745777 -73.260834 0.0 0.4
42.746019 -73.276421 0.0 0.4
42.76614 -73.28155699999999 0.0 0.4
42.782548999999996 -73.285859 0.0 0.4
42.796337 -73.289479 0.0 0.4
42.808063 -73.286343 0.0 0.4
42.818262 -73.286051 0.0 0.4
42.834092999999996 -73.285388 0.0 0.4
42.853209 -73.27764499999999 0.0 0.4
42.866825999999996 -73.27707 0.0 0.4
42.892697 -73.27599699999999 0.0 0.4
42.906493999999995 -73.275701 0.0 0.4
42.92308 -73.27514099999999 0.0 0.4
42.933858 -73.274772 0.0 0.4
42.945783 -73.274244 0.0 0.4
42.956782 -73.27364 0.0 0.4
42.975494999999995 -73.272759 0.0 0.4
42.994361 -73.27189299999999 0.0 0.4
43.015147 -73.270825 0.0 0.4
43.030716 -73.27004099999999 0.0 0.4
43.046808 -73.269027 0.0 0.4
43.060764 -73.268051 0.0 0.4
43.079485 -73.266774 0.0 0.4
43.095926 -73.26559499999999 0.0 0.4
43.106100000000005 -73.265044 0.0 0.4
43.11653 -73.264449 0.0 0.4
43.137387 -73.263307 0.0 0.4
43.153988 -73.262439 0.0 0.4
43.169498999999995 -73.261631 0.0 0.4
43.189307 -73.26059599999999 0.0 0.4
43.199328 -73.26007 0.0 0.4
43.216848 -73.259159 0.0 0.4
43.227424 -73.258802 0.0 0.4
43.245188 -73.25761299999999 0.0 0.4
43.260093 -73.256475 0.0 0.4
43.270213 -73.25612799999999 0.0 0.4
43.280296 -73.25571699999999 0.0 0.4
43.292745 -73.255395 0.0 0.4
43.308144999999996 -73.254877 0.0 0.4
43.321771999999996 -73.25434299999999 0.0 0.4
43.332332 -73.254018 0.0 0.4
43.350868999999996 -73.25339799999999 0.0 0.4
43.361208 -73.253303 0.0 0.4
43.372994 -73.252353 0.0 0.4
43.389921 -73.25166899999999 0.0 0.4
43.399964999999995 -73.251222 0.0 0.4
43.419011 -73.250422 0.0 0.4
43.429561 -73.25001 0.0 0.4
43.439918999999996 -73.249614 0.0 0.4
43.455425 -73.249042 0.0 0.4
43.46888 -73.248466 0.0 0.4
43.491872 -73.247793 0.0 0.4
43.504982999999996 -73.247253 0.0 0.4
43.515332 -73.24671599999999 0.0 0.4
43.525392 -73.246915 0.0 0.4
43.534397999999996 -73.242238 0.0 0.4
43.542814 -73.247813 0.0 0.4
43.552875 -73.248451 0.0 0.4
43.560947 -73.255585 0.0 0.4
43.567674 -73.263097 0.0 0.4
43.572569 -73.272297 0.0 0.4
43.577579 -73.281296 0.0 0.4
43.578519 -73.291738 0.0 0.4
43.587314 -73.296944 0.0 0.4
43.596602999999995 -73.292762 0.0 0.4
43.606849 -73.295283 0.0 0.4
43.615082 -73.301197 0.0 0.4
43.625066 -73.302347 0.0 0.4
43.624603 -73.31281 0.0 0.4
43.627629999999996 -73.323894 0.0 0.4
43.627994 -73.334187 0.0 0.4
43.626368 -73.344101 0.0 0.4
43.62619 -73.35427 0.0 0.4
43.623441 -73.365563 0.0 0.4
43.616006 -73.372952 0.0 0.4
43.606013999999995 -73.37237499999999 0.0 0.4
43.598152 -73.378777 0.0 0.4
43.591252 -73.386282 0.0 0.4
43.580549999999995 -73.383414 0.0 0.4
43.573609999999995 -73.391427 0.0 0.4
43.568889 -73.400296 0.0 0.4
43.574864999999996 -73.41157299999999 0.0 0.4
43.581486 -73.42037499999999 0.0 0.4
43.585274 -73.429779 0.0 0.4
43.595214999999996 -73.42688199999999 0.0 0.4
43.604481 -73.421718 0.0 0.4
43.616741999999995 -73.42052799999999 0.0 0.4
43.628226 -73.42254199999999 0.0 0.4
43.636379 -73.428595 0.0 0.4
43.645402999999995 -73.424027 0.0 0.4
43.651697 -73.415982 0.0 0.4
43.661659 -73.412108 0.0 0.4
43.671713 -73.407946 0.0 0.4
43.68111 -73.404226 0.0 0.4
43.691407 -73.403914 0.0 0.4
43.697331 -73.39506 0.0 0.4
43.705914 -73.389507 0.0 0.4
43.713929 -73.383119 0.0 0.4
43.720518 -73.375008 0.0 0.4
43.729766 -73.370091 0.0 0.4
43.740894 -73.37040999999999 0.0 0.4
43.750004 -73.365259 0.0 0.4
43.761126 -73.357254 0.0 0.4
43.769822999999995 -73.351265 0.0 0.4
43.778886 -73.35569 0.0 0.4
43.788388 -73.360298 0.0 0.4
43.794036 -73.369198 0.0 0.4
43.800405999999995 -73.37719 0.0 0.4
43.810725 -73.380657 0.0 0.4
43.81704 -73.38956499999999 0.0 0.4
43.82738 -73.39111299999999 0.0 0.4
43.835342999999995 -73.385002 0.0 0.4
43.840544 -73.37557199999999 0.0 0.4
43.850432999999995 -73.378024 0.0 0.4
43.860018 -73.381248 0.0 0.4
43.869606999999995 -73.376554 0.0 0.4
43.882082 -73.37777299999999 0.0 0.4
43.890608 -73.38325999999999 0.0 0.4
43.899111999999995 -73.391851 0.0 0.4
43.908508 -73.397956 0.0 0.4
43.918431999999996 -73.40177299999999 0.0 0.4
43.928186 -73.407134 0.0 0.4
43.93884 -73.40824099999999 0.0 0.4
43.948749 -73.40558899999999 0.0 0.4
43.959514 -73.40643399999999 0.0 0.4
43.970158999999995 -73.408164 0.0 0.4
43.980014 -73.412466 0.0 0.4
43.990387 -73.41066 0.0 0.4
44.000679 -73.408805 0.0 0.4
44.011416999999994 -73.406009 0.0 0.4
44.021314 -73.407747 0.0 0.4
44.029309 -73.414059 0.0 0.4
44.033224999999995 -73.423785 0.0 0.4
44.039946 -73.432532 0.0 0.4
44.050774 -73.436196 0.0 0.4
44.062329 -73.432541 0.0 0.4
44.07295 -73.430137 0.0 0.4
44.083582 -73.42667399999999 0.0 0.4
44.093001 -73.420784 0.0 0.4
44.101344 -73.415215 0.0 0.4
44.111126 -73.41184799999999 0.0 0.4
44.121275 -73.41249599999999 0.0 0.4
44.131006 -73.415596 0.0 0.4
44.139317 -73.409157 0.0 0.4
44.146944 -73.402214 0.0 0.4
44.157123999999996 -73.399739 0.0 0.4
44.167237 -73.395782 0.0 0.4
44.177377 -73.39465299999999 0.0 0.4
44.187017999999995 -73.39067899999999 0.0 0.4
44.194384 -73.383682 0.0 0.4
44.200230999999995 -73.374853 0.0 0.4
44.20657 -73.366052 0.0 0.4
44.214694 -73.359741 0.0 0.4
44.223873 -73.354446 0.0 0.4
44.231964 -73.347374 0.0 0.4
44.238893 -73.339119 0.0 0.4
44.244264 -73.330494 0.0 0.4
44.249275999999995 -73.321404 0.0 0.4
44.261489999999995 -73.31454699999999 0.0 0.4
