48.284558 -123.247919 0.0 0.4
48.298635999999995 -123.234438 0.0 0.4
48.305945 -123.227437 0.0 0.4
48.313252999999996 -123.220433 0.0 0.4
48.320561999999995 -123.213428 0.0 0.4
48.327869 -123.20642 0.0 0.4
48.335176999999995 -123.199411 0.0 0.4
48.342484 -123.192399 0.0 0.4
48.34979 -123.185386 0.0 0.4
48.357096 -123.17837 0.0 0.4
48.364402 -123.171353 0.0 0.4
48.371707 -123.164333 0.0 0.4
48.379011 -123.15731199999999 0.0 0.4
48.392665 -123.14418 0.0 0.4
48.400923 -123.136235 0.0 0.4
48.408226 -123.129205 0.0 0.4
48.415527999999995 -123.122174 0.0 0.4
48.42283 -123.115138 0.0 0.4
48.428591999999995 -123.123541 0.0 0.4
48.435109999999995 -123.133045 0.0 0.4
48.446208999999996 -123.149231 0.0 0.4
48.453506999999995 -123.159874 0.0 0.4
48.462700000000005 -123.16557 0.0 0.4
48.477312 -123.174617 0.0 0.4
48.489287999999995 -123.182041 0.0 0.4
48.49897 -123.188045 0.0 0.4
48.509046 -123.194295 0.0 0.4
48.524912 -123.204144 0.0 0.4
48.540774 -123.214005 0.0 0.4
48.560233 -123.222802 0.0 0.4
48.573937 -123.227412 0.0 0.4
48.58819 -123.232201 0.0 0.4
48.599989 -123.236172 0.0 0.4
48.617081999999996 -123.241928 0.0 0.4
48.631197 -123.246685 0.0 0.4
48.642686 -123.250552 0.0 0.4
48.654793999999995 -123.254642 0.0 0.4
48.686167999999995 -123.265233 0.0 0.4
48.696196 -123.260077 0.0 0.4
48.699467 -123.248554 0.0 0.4
48.704473 -123.230868 0.0 0.4
48.707963 -123.21852799999999 0.0 0.4
48.711452 -123.206186 0.0 0.4
48.71494 -123.193842 0.0 0.4
48.718427 -123.18149700000001 0.0 0.4
48.721911999999996 -123.16915 0.0 0.4
48.725395999999996 -123.156802 0.0 0.4
48.728877999999995 -123.144451 0.0 0.4
48.731626999999996 -123.134697 0.0 0.4
48.735707 -123.120214 0.0 0.4
48.739318 -123.10739 0.0 0.4
48.742795 -123.095033 0.0 0.4
48.746271 -123.082674 0.0 0.4
48.749745 -123.070314 0.0 0.4
48.753068999999996 -123.058483 0.0 0.4
48.75669 -123.045587 0.0 0.4
48.760161 -123.033222 0.0 0.4
48.76363 -123.020854 0.0 0.4
48.767098999999995 -123.008486 0.0 0.4
48.805226999999995 -123.008482 0.0 0.4
48.820769 -123.008481 0.0 0.4
48.831219 -123.00848500000001 0.0 0.4
48.836928 -123.01890900000001 0.0 0.4
48.858168 -123.057729 0.0 0.4
48.865458 -123.071065 0.0 0.4
48.871161 -123.081503 0.0 0.4
48.876864 -123.091944 0.0 0.4
48.882565 -123.102387 0.0 0.4
48.888265 -123.112833 0.0 0.4
48.893964999999994 -123.12328 0.0 0.4
48.899663 -123.13373 0.0 0.4
48.905361 -123.144183 0.0 0.4
48.911057 -123.154638 0.0 0.4
48.916753 -123.165095 0.0 0.4
48.922447999999996 -123.175555 0.0 0.4
48.928141 -123.18601699999999 0.0 0.4
48.933834 -123.196481 0.0 0.4
48.939526 -123.206948 0.0 0.4
48.945217 -123.217417 0.0 0.4
48.950907 -123.227889 0.0 0.4
48.956595 -123.23836299999999 0.0 0.4
48.962283 -123.248839 0.0 0.4
48.96797 -123.25931800000001 0.0 0.4
48.973656 -123.269799 0.0 0.4
48.979341999999995 -123.280282 0.0 0.4
48.985026 -123.290768 0.0 0.4
48.990708999999995 -123.301256 0.0 0.4
48.996390999999996 -123.311747 0.0 0.4
49.002072 -123.32224 0.0 0.4
49.002078999999995 -123.308669 0.0 0.4
49.002095 -123.295 0.0 0.4
49.002103999999996 -123.28138 0.0 0.4
49.002111 -123.26776 0.0 0.4
49.002116 -123.25414 0.0 0.4
49.00212 -123.24052 0.0 0.4
49.002123 -123.2269 0.0 0.4
49.002123999999995 -123.21328 0.0 0.4
49.002123 -123.19966 0.0 0.4
49.00212 -123.18603999999999 0.0 0.4
49.002116 -123.17242 0.0 0.4
49.002111 -123.1588 0.0 0.4
49.002103 -123.14518 0.0 0.4
49.002094 -123.13156000000001 0.0 0.4
49.002083999999996 -123.11794 0.0 0.4
49.002072 -123.10432 0.0 0.4
49.002058 -123.09060000000001 0.0 0.4
49.002064999999995 -123.078797 0.0 0.4
49.002071 -123.068039 0.0 0.4
49.002075 -123.049739 0.0 0.4
49.00208 -123.038157 0.0 0.4
49.002102 -123.02006399999999 0.0 0.4
49.002112999999994 -123.005389 0.0 0.4
49.002134 -122.983103 0.0 0.4
49.002143 -122.969818 0.0 0.4
49.002151 -122.95653300000001 0.0 0.4
49.002157999999994 -122.943248 0.0 0.4
49.002162999999996 -122.929964 0.0 0.4
49.002165 -122.867153 0.0 0.4
49.002161 -122.85468900000001 0.0 0.4
49.002151 -122.831827 0.0 0.4
49.002139 -122.81196299999999 0.0 0.4
49.00213 -122.799023 0.0 0.4
49.002117999999996 -122.787701 0.0 0.4
49.002106 -122.77297899999999 0.0 0.4
49.002092 -122.759706 0.0 0.4
49.002092 -122.749057 0.0 0.4
49.002092999999995 -122.738466 0.0 0.4
49.002097 -122.725952 0.0 0.4
49.002103999999996 -122.713991 0.0 0.4
49.002117 -122.691124 0.0 0.4
49.002126999999994 -122.67338 0.0 0.4
49.002134999999996 -122.661303 0.0 0.4
49.002145999999996 -122.647196 0.0 0.4
49.002159999999996 -122.627419 0.0 0.4
49.002162999999996 -122.615711 0.0 0.4
49.002165999999995 -122.605578 0.0 0.4
49.002184 -122.591064 0.0 0.4
49.002196 -122.579985 0.0 0.4
49.002202999999994 -122.569545 0.0 0.4
49.00221 -122.55910399999999 0.0 0.4
49.002221 -122.539866 0.0 0.4
49.002235999999996 -122.529162 0.0 0.4
49.002247 -122.515116 0.0 0.4
49.002258 -122.49696399999999 0.0 0.4
49.002269999999996 -122.484994 0.0 0.4
49.002277 -122.473884 0.0 0.4
49.002286999999995 -122.46301199999999 0.0 0.4
49.002297 -122.450865 0.0 0.4
49.002306 -122.438165 0.0 0.4
49.002313 -122.426569 0.0 0.4
49.002314999999996 -122.415738 0.0 0.4
49.002316 -122.404907 0.0 0.4
49.002320999999995 -122.392175 0.0 0.4
49.002336 -122.371876 0.0 0.4
49.002344 -122.360855 0.0 0.4
49.002356 -122.34469899999999 0.0 0.4
49.002365999999995 -122.328829 0.0 0.4
49.002381 -122.306361 0.0 0.4
49.00239 -122.29350600000001 0.0 0.4
49.002392 -122.272628 0.0 0.4
49.002418999999996 -122.251808 0.0 0.4
49.002430999999994 -122.232552 0.0 0.4
49.002438999999995 -122.215746 0.0 0.4
49.002437 -122.201211 0.0 0.4
49.002434 -122.185814 0.0 0.4
49.002429 -122.172355 0.0 0.4
49.002427 -122.16062600000001 0.0 0.4
49.002424 -122.150553 0.0 0.4
49.002424999999995 -122.136247 0.0 0.4
49.002424 -122.116664 0.0 0.4
49.002418 -122.09805 0.0 0.4
49.002244 -122.085296 0.0 0.4
49.001912 -122.061798 0.0 0.4
49.001746 -122.04950099999999 0.0 0.4
49.001594999999995 -122.03891 0.0 0.4
49.001445999999994 -122.028471 0.0 0.4
49.001172 -122.009162 0.0 0.4
49.000974 -121.995554 0.0 0.4
49.000800000000005 -121.983562 0.0 0.4
49.000625 -121.971571 0.0 0.4
49.000447 -121.95953 0.0 0.4
49.000304 -121.949461 0.0 0.4
49.000088 -121.935451 0.0 0.4
48.999840999999996 -121.919099 0.0 0.4
48.999534 -121.899098 0.0 0.4
48.999347 -121.88698099999999 0.0 0.4
48.999159 -121.874864 0.0 0.4
48.99897 -121.862746 0.0 0.4
48.998779 -121.850629 0.0 0.4
48.998563999999995 -121.837129 0.0 0.4
48.998242999999995 -121.817183 0.0 0.4
48.997921 -121.797492 0.0 0.4
48.997743 -121.786482 0.0 0.4
48.997538999999996 -121.774073 0.0 0.4
48.997299 -121.75957199999999 0.0 0.4
48.997305 -121.743196 0.0 0.4
48.997530999999995 -121.723735 0.0 0.4
48.997755999999995 -121.706879 0.0 0.4
48.997982 -121.689614 0.0 0.4
48.998270999999995 -121.667778 0.0 0.4
48.99841 -121.657062 0.0 0.4
48.998625999999994 -121.641433 0.0 0.4
48.998776 -121.630151 0.0 0.4
48.998971999999995 -121.613671 0.0 0.4
48.999055 -121.601466 0.0 0.4
48.999128 -121.589954 0.0 0.4
48.999233 -121.572119 0.0 0.4
48.999342999999996 -121.555206 0.0 0.4
48.999434 -121.540305 0.0 0.4
48.999511999999996 -121.526992 0.0 0.4
48.999572 -121.511451 0.0 0.4
48.999731 -121.47349299999999 0.0 0.4
48.999790999999995 -121.458114 0.0 0.4
48.999835999999995 -121.446454 0.0 0.4
48.999880999999995 -121.43387 0.0 0.4
48.999945 -121.415764 0.0 0.4
48.999950999999996 -121.405109 0.0 0.4
49.000321 -121.378952 0.0 0.4
49.000724999999996 -121.34914599999999 0.0 0.4
49.000856 -121.338855 0.0 0.4
49.00091 -121.323797 0.0 0.4
49.000903 -121.312747 0.0 0.4
49.0009 -121.29759 0.0 0.4
49.000871 -121.28599299999999 0.0 0.4
49.000841 -121.274397 0.0 0.4
49.00081 -121.262801 0.0 0.4
49.000778 -121.251205 0.0 0.4
49.000716 -121.232787 0.0 0.4
49.000661 -121.217033 0.0 0.4
49.00062 -121.205643 0.0 0.4
49.000546 -121.184994 0.0 0.4
49.000415 -121.146948 0.0 0.4
49.000333999999995 -121.12496 0.0 0.4
49.000265999999996 -121.106956 0.0 0.4
49.000219 -121.094951 0.0 0.4
49.000219 -121.083882 0.0 0.4
49.000219 -121.073253 0.0 0.4
49.000217 -121.063128 0.0 0.4
49.000246999999995 -121.037009 0.0 0.4
49.000263999999994 -121.020776 0.0 0.4
49.000281 -121.001207 0.0 0.4
49.00029 -120.98913 0.0 0.4
49.000296 -120.979017 0.0 0.4
49.000308 -120.954417 0.0 0.4
49.000310999999996 -120.921479 0.0 0.4
49.000316 -120.910553 0.0 0.4
49.000315 -120.898111 0.0 0.4
49.000313 -120.885668 0.0 0.4
49.000308999999994 -120.871515 0.0 0.4
49.000301 -120.852107 0.0 0.4
49.000295 -120.841631 0.0 0.4
49.000274999999995 -120.812893 0.0 0.4
49.000267 -120.802654 0.0 0.4
49.000245 -120.781419 0.0 0.4
49.000225 -120.764405 0.0 0.4
49.000208 -120.75125299999999 0.0 0.4
49.000189999999996 -120.737694 0.0 0.4
49.000156999999994 -120.716639 0.0 0.4
49.00013 -120.699877 0.0 0.4
49.000108 -120.68884299999999 0.0 0.4
49.000101 -120.67128199999999 0.0 0.4
49.000187999999994 -120.65023 0.0 0.4
49.00027 -120.632502 0.0 0.4
49.000326 -120.619511 0.0 0.4
49.000381 -120.606523 0.0 0.4
49.00047 -120.584312 0.0 0.4
49.000519999999995 -120.571921 0.0 0.4
49.000568 -120.559481 0.0 0.4
49.000568 -120.54751 0.0 0.4
49.000567 -120.536731 0.0 0.4
49.000566 -120.524911 0.0 0.4
49.000558999999996 -120.514205 0.0 0.4
49.000555 -120.501373 0.0 0.4
49.000550999999994 -120.491016 0.0 0.4
49.000544 -120.473024 0.0 0.4
49.000536999999994 -120.462988 0.0 0.4
49.000529 -120.452815 0.0 0.4
49.000513 -120.433772 0.0 0.4
49.000493999999996 -120.41640699999999 0.0 0.4
49.000479999999996 -120.404296 0.0 0.4
49.000453 -120.383827 0.0 0.4
49.000436 -120.372665 0.0 0.4
49.000419 -120.361837 0.0 0.4
49.000395999999995 -120.347589 0.0 0.4
49.00037 -120.333515 0.0 0.4
49.000349 -120.322549 0.0 0.4
49.000322 -120.309019 0.0 0.4
49.000295 -120.295873 0.0 0.4
49.000268 -120.28349299999999 0.0 0.4
49.000215999999995 -120.261867 0.0 0.4
49.000183 -120.24893900000001 0.0 0.4
49.000133999999996 -120.230835 0.0 0.4
49.000082 -120.212567 0.0 0.4
49.000004999999994 -120.186859 0.0 0.4
48.999958 -120.17293599999999 0.0 0.4
48.999902 -120.156206 0.0 0.4
48.999866999999995 -120.145264 0.0 0.4
48.999832999999995 -120.13493199999999 0.0 0.4
48.999790999999995 -120.123467 0.0 0.4
48.999753999999996 -120.113446 0.0 0.4
48.999708999999996 -120.101479 0.0 0.4
48.999641999999994 -120.084564 0.0 0.4
48.999604 -120.074377 0.0 0.4
48.999542 -120.059711 0.0 0.4
48.999493 -120.048121 0.0 0.4
48.999446999999996 -120.03728699999999 0.0 0.4
48.999455 -120.024377 0.0 0.4
48.999472999999995 -120.013441 0.0 0.4
48.999486 -120.002506 0.0 0.4
48.999559999999995 -119.980428 0.0 0.4
48.999607999999995 -119.96547100000001 0.0 0.4
48.999657 -119.949708 0.0 0.4
48.999691999999996 -119.937322 0.0 0.4
48.999734 -119.922413 0.0 0.4
48.999779 -119.905694 0.0 0.4
48.999812999999996 -119.892064 0.0 0.4
48.999837 -119.88200499999999 0.0 0.4
48.999860999999996 -119.871871 0.0 0.4
48.999885 -119.861149 0.0 0.4
48.999925 -119.8438 0.0 0.4
48.999970999999995 -119.821504 0.0 0.4
49.000008 -119.801453 0.0 0.4
49.000032 -119.789261 0.0 0.4
49.000048 -119.77860000000001 0.0 0.4
49.000063999999995 -119.767939 0.0 0.4
49.000077999999995 -119.757278 0.0 0.4
49.000094999999995 -119.744179 0.0 0.4
49.000108999999995 -119.731081 0.0 0.4
49.000108 -119.72102100000001 0.0 0.4
49.000107 -119.703975 0.0 0.4
49.000107 -119.690725 0.0 0.4
49.000107 -119.677632 0.0 0.4
49.000105999999995 -119.667146 0.0 0.4
49.000104 -119.65419 0.0 0.4
49.000099 -119.635807 0.0 0.4
49.000101 -119.624467 0.0 0.4
49.000102 -119.61417 0.0 0.4
49.000102999999996 -119.595246 0.0 0.4
49.000102999999996 -119.580766 0.0 0.4
49.000105999999995 -119.569305 0.0 0.4
49.000108 -119.557844 0.0 0.4
49.000105999999995 -119.547158 0.0 0.4
49.000107 -119.537127 0.0 0.4
49.000105 -119.52665999999999 0.0 0.4
49.000099 -119.51625899999999 0.0 0.4
49.000088 -119.50549699999999 0.0 0.4
49.000091 -119.478918 0.0 0.4
49.00009 -119.467553 0.0 0.4
49.000085999999996 -119.451419 0.0 0.4
49.000088 -119.439974 0.0 0.4
49.000087 -119.429645 0.0 0.4
49.00009 -119.407385 0.0 0.4
49.000088 -119.396639 0.0 0.4
49.000091999999995 -119.3854 0.0 0.4
49.000091 -119.363241 0.0 0.4
49.000085999999996 -119.342465 0.0 0.4
49.000085 -119.331399 0.0 0.4
49.000085 -119.32009099999999 0.0 0.4
49.000083 -119.303504 0.0 0.4
49.000088999999996 -119.288486 0.0 0.4
49.000087 -119.277037 0.0 0.4
49.000083 -119.265588 0.0 0.4
49.000084 -119.255223 0.0 0.4
49.000084 -119.244858 0.0 0.4
49.000082 -119.231694 0.0 0.4
49.000080999999994 -119.214765 0.0 0.4
49.000080999999994 -119.196037 0.0 0.4
49.000139 -119.183197 0.0 0.4
49.000111999999994 -119.170367 0.0 0.4
49.000084 -119.157536 0.0 0.4
49.000088 -119.13808 0.0 0.4
49.000091 -119.119642 0.0 0.4
49.000091999999995 -119.101313 0.0 0.4
49.000088 -119.087805 0.0 0.4
49.000083 -119.074297 0.0 0.4
49.00008 -119.060704 0.0 0.4
49.000074999999995 -119.047112 0.0 0.4
49.000077 -119.037036 0.0 0.4
49.000077999999995 -119.02696 0.0 0.4
49.000077999999995 -119.016884 0.0 0.4
49.000082 -119.006626 0.0 0.4
49.000085 -118.99547 0.0 0.4
49.000085999999996 -118.984763 0.0 0.4
49.000087 -118.97405599999999 0.0 0.4
49.000091999999995 -118.95715 0.0 0.4
49.000088 -118.942638 0.0 0.4
49.00009 -118.93184099999999 0.0 0.4
49.00009 -118.921044 0.0 0.4
49.000088999999996 -118.910247 0.0 0.4
49.0001 -118.899298 0.0 0.4
49.000077999999995 -118.88002 0.0 0.4
49.000080999999994 -118.868602 0.0 0.4
49.000077999999995 -118.857243 0.0 0.4
49.000084 -118.845767 0.0 0.4
49.000083 -118.83435 0.0 0.4
49.000083 -118.823969 0.0 0.4
49.000082 -118.813588 0.0 0.4
49.00008 -118.803208 0.0 0.4
49.000091999999995 -118.787492 0.0 0.4
49.000082 -118.77703 0.0 0.4
49.000080999999994 -118.761129 0.0 0.4
49.000077999999995 -118.750108 0.0 0.4
49.000079 -118.734824 0.0 0.4
49.000080999999994 -118.721801 0.0 0.4
49.000074 -118.707179 0.0 0.4
49.000065 -118.696927 0.0 0.4
49.000066 -118.682545 0.0 0.4
49.000074 -118.66585599999999 0.0 0.4
49.00007 -118.637806 0.0 0.4
49.000071999999996 -118.625672 0.0 0.4
49.000073 -118.611428 0.0 0.4
49.000073 -118.600772 0.0 0.4
49.000071 -118.57932 0.0 0.4
49.000068999999996 -118.549565 0.0 0.4
49.000071 -118.536433 0.0 0.4
49.000074999999995 -118.505421 0.0 0.4
49.000071 -118.49499 0.0 0.4
49.00008 -118.480444 0.0 0.4
49.000083 -118.466979 0.0 0.4
49.000093 -118.452873 0.0 0.4
49.000085999999996 -118.44287 0.0 0.4
49.000079 -118.432867 0.0 0.4
49.00007 -118.422864 0.0 0.4
49.000063 -118.411812 0.0 0.4
49.000054 -118.40075999999999 0.0 0.4
49.000043 -118.389708 0.0 0.4
49.000066999999994 -118.37726599999999 0.0 0.4
49.00007 -118.367005 0.0 0.4
49.000071999999996 -118.351234 0.0 0.4
49.000071999999996 -118.338218 0.0 0.4
49.000071 -118.325202 0.0 0.4
49.000066999999994 -118.312409 0.0 0.4
49.00006 -118.300025 0.0 0.4
49.000054 -118.286823 0.0 0.4
49.000059 -118.273818 0.0 0.4
49.000063 -118.260813 0.0 0.4
49.000065 -118.247807 0.0 0.4
49.000073 -118.230396 0.0 0.4
49.000068999999996 -118.217803 0.0 0.4
49.000068 -118.20759100000001 0.0 0.4
49.000068 -118.197375 0.0 0.4
49.000071 -118.175245 0.0 0.4
49.000101 -118.14484 0.0 0.4
49.000119999999995 -118.127099 0.0 0.4
49.000144999999996 -118.105509 0.0 0.4
49.00017 -118.08574300000001 0.0 0.4
49.000194 -118.070184 0.0 0.4
49.000219 -118.046714 0.0 0.4
49.000246999999995 -118.027281 0.0 0.4
49.000263999999994 -118.015558 0.0 0.4
49.000281 -118.003836 0.0 0.4
49.000296 -117.992113 0.0 0.4
49.000322999999995 -117.978826 0.0 0.4
49.000332 -117.968556 0.0 0.4
49.000349 -117.956778 0.0 0.4
49.000364999999995 -117.944493 0.0 0.4
49.000378 -117.933221 0.0 0.4
49.000391 -117.920191 0.0 0.4
49.0004 -117.909127 0.0 0.4
49.000412 -117.894133 0.0 0.4
49.000429999999994 -117.88166 0.0 0.4
49.000447 -117.869186 0.0 0.4
49.000462 -117.856713 0.0 0.4
49.000476 -117.84424 0.0 0.4
49.000491 -117.833771 0.0 0.4
49.000499 -117.819623 0.0 0.4
49.000507 -117.808075 0.0 0.4
49.000515 -117.796527 0.0 0.4
49.000521 -117.78498 0.0 0.4
49.000527 -117.773432 0.0 0.4
49.000550999999994 -117.761515 0.0 0.4
49.000575 -117.749147 0.0 0.4
49.000595999999994 -117.737681 0.0 0.4
49.000620999999995 -117.724276 0.0 0.4
49.000643 -117.71087 0.0 0.4
49.000665 -117.697465 0.0 0.4
49.000678 -117.684032 0.0 0.4
49.000685 -117.67381 0.0 0.4
49.000696999999995 -117.657158 0.0 0.4
49.000726 -117.642731 0.0 0.4
49.000737 -117.630906 0.0 0.4
49.00073 -117.615753 0.0 0.4
49.000721999999996 -117.603921 0.0 0.4
49.000704999999996 -117.586614 0.0 0.4
49.000684 -117.562988 0.0 0.4
49.000671999999994 -117.551808 0.0 0.4
49.000659 -117.541435 0.0 0.4
49.000644 -117.530235 0.0 0.4
49.000623999999995 -117.515929 0.0 0.4
49.000600999999996 -117.501093 0.0 0.4
49.000583999999996 -117.490554 0.0 0.4
49.000564999999995 -117.479061 0.0 0.4
49.000546 -117.468426 0.0 0.4
49.000526 -117.458178 0.0 0.4
49.000492 -117.44092 0.0 0.4
49.000467 -117.430286 0.0 0.4
49.000433 -117.416443 0.0 0.4
49.000402 -117.403697 0.0 0.4
49.00037 -117.39095 0.0 0.4
49.000333999999995 -117.37758600000001 0.0 0.4
49.000313999999996 -117.36185499999999 0.0 0.4
49.000313999999996 -117.351719 0.0 0.4
49.000248 -117.341194 0.0 0.4
49.000149 -117.326047 0.0 0.4
49.000063 -117.313069 0.0 0.4
48.999981999999996 -117.300862 0.0 0.4
48.99991 -117.290109 0.0 0.4
48.999838 -117.27885599999999 0.0 0.4
48.999772 -117.268778 0.0 0.4
48.99969 -117.256349 0.0 0.4
48.999614 -117.245096 0.0 0.4
48.999538 -117.233904 0.0 0.4
48.99946 -117.222711 0.0 0.4
48.999382 -117.211519 0.0 0.4
48.99931 -117.201477 0.0 0.4
48.999213 -117.188053 0.0 0.4
48.999122 -117.175779 0.0 0.4
48.999004 -117.159806 0.0 0.4
48.998871 -117.143064 0.0 0.4
48.998857 -117.122455 0.0 0.4
48.998908 -117.110012 0.0 0.4
48.998957999999995 -117.09756999999999 0.0 0.4
48.999095 -117.061706 0.0 0.4
48.99915 -117.046693 0.0 0.4
48.99919 -117.035214 0.0 0.4
48.979979 -117.03231 0.0 0.4
48.959734 -117.032262 0.0 0.4
48.936077 -117.03222 0.0 0.4
48.926038999999996 -117.032201 0.0 0.4
48.914922 -117.032181 0.0 0.4
48.902587999999994 -117.032158 0.0 0.4
48.889976 -117.032134 0.0 0.4
48.878648999999996 -117.032114 0.0 0.4
48.860628999999996 -117.032297 0.0 0.4
48.84856 -117.032421 0.0 0.4
48.836591999999996 -117.032534 0.0 0.4
48.821518999999995 -117.032673 0.0 0.4
48.81115 -117.032753 0.0 0.4
48.800408 -117.032851 0.0 0.4
48.78985 -117.032946 0.0 0.4
48.772306 -117.033106 0.0 0.4
48.76175 -117.033203 0.0 0.4
48.751745 -117.03336 0.0 0.4
48.735603 -117.033316 0.0 0.4
48.714104 -117.033287 0.0 0.4
48.703841999999995 -117.033282 0.0 0.4
48.693757999999995 -117.033363 0.0 0.4
48.68369 -117.033446 0.0 0.4
48.669626 -117.033564 0.0 0.4
48.658525999999995 -117.033657 0.0 0.4
48.633922 -117.034227 0.0 0.4
48.621598 -117.034515 0.0 0.4
48.609998999999995 -117.03457900000001 0.0 0.4
48.59901 -117.034599 0.0 0.4
48.588519 -117.034685 0.0 0.4
48.575255999999996 -117.034792 0.0 0.4
48.564243999999995 -117.03488 0.0 0.4
48.550162 -117.034992 0.0 0.4
48.537707 -117.03509 0.0 0.4
48.527460999999995 -117.035173 0.0 0.4
48.517292999999995 -117.03526099999999 0.0 0.4
48.504258 -117.035383 0.0 0.4
48.493354 -117.035413 0.0 0.4
48.480301 -117.035376 0.0 0.4
48.469854 -117.035361 0.0 0.4
48.448285 -117.035353 0.0 0.4
48.438224999999996 -117.035335 0.0 0.4
48.428039999999996 -117.035244 0.0 0.4
48.416846 -117.035255 0.0 0.4
48.40571 -117.035195 0.0 0.4
48.393952 -117.03513 0.0 0.4
48.382883 -117.03512599999999 0.0 0.4
48.371221 -117.035178 0.0 0.4
48.35697 -117.035514 0.0 0.4
48.346070999999995 -117.035744 0.0 0.4
48.335574 -117.035962 0.0 0.4
48.325474 -117.036175 0.0 0.4
48.314634999999996 -117.036366 0.0 0.4
48.304092 -117.036586 0.0 0.4
48.293259 -117.036821 0.0 0.4
48.282159 -117.037061 0.0 0.4
48.267249 -117.037357 0.0 0.4
48.256367999999995 -117.037608 0.0 0.4
48.243156 -117.03786 0.0 0.4
48.222328999999995 -117.03828 0.0 0.4
48.211814999999994 -117.038513 0.0 0.4
48.201671999999995 -117.038803 0.0 0.4
48.188587999999996 -117.039244 0.0 0.4
48.178402999999996 -117.039641 0.0 0.4
48.166917 -117.03979 0.0 0.4
48.151965999999994 -117.04025899999999 0.0 0.4
48.138881 -117.04067 0.0 0.4
48.127210999999996 -117.041035 0.0 0.4
48.114664999999995 -117.041195 0.0 0.4
48.101026999999995 -117.041281 0.0 0.4
48.090395 -117.041343 0.0 0.4
48.072987999999995 -117.041462 0.0 0.4
48.062912999999995 -117.041811 0.0 0.4
48.052766999999996 -117.041832 0.0 0.4
48.040699 -117.041917 0.0 0.4
48.029664 -117.042118 0.0 0.4
48.018749 -117.042096 0.0 0.4
48.006763 -117.041995 0.0 0.4
47.996719 -117.042024 0.0 0.4
47.986715 -117.042136 0.0 0.4
47.976419 -117.042102 0.0 0.4
47.965376 -117.042268 0.0 0.4
47.955185 -117.042267 0.0 0.4
47.945021 -117.04218 0.0 0.4
47.93438 -117.042091 0.0 0.4
47.924240999999995 -117.042082 0.0 0.4
47.912865 -117.042088 0.0 0.4
47.900785 -117.042199 0.0 0.4
47.890685 -117.042301 0.0 0.4
47.88008 -117.042242 0.0 0.4
47.870022 -117.042272 0.0 0.4
47.858401 -117.042225 0.0 0.4
47.846691 -117.042138 0.0 0.4
47.834544 -117.042125 0.0 0.4
47.823965 -117.042031 0.0 0.4
47.813823 -117.042072 0.0 0.4
47.803004 -117.042126 0.0 0.4
47.792541 -117.042171 0.0 0.4
47.781648 -117.04212799999999 0.0 0.4
47.769721999999994 -117.042078 0.0 0.4
47.759704 -117.04210499999999 0.0 0.4
47.748826 -117.042006 0.0 0.4
47.738527999999995 -117.041865 0.0 0.4
47.727329999999995 -117.041776 0.0 0.4
47.716983 -117.041743 0.0 0.4
47.706765999999995 -117.041784 0.0 0.4
47.696701 -117.041678 0.0 0.4
47.686648999999996 -117.04165 0.0 0.4
47.675672999999996 -117.041293 0.0 0.4
47.665541999999995 -117.041246 0.0 0.4
47.655487 -117.041314 0.0 0.4
47.644711 -117.041204 0.0 0.4
47.632791999999995 -117.041098 0.0 0.4
47.622609 -117.040982 0.0 0.4
47.612379999999995 -117.040875 0.0 0.4
47.601445 -117.041009 0.0 0.4
47.590851 -117.041034 0.0 0.4
47.580788 -117.041078 0.0 0.4
47.570675 -117.041003 0.0 0.4
47.56064 -117.040942 0.0 0.4
47.550542 -117.040821 0.0 0.4
47.540447 -117.040544 0.0 0.4
47.529564 -117.04047 0.0 0.4
47.519456999999996 -117.040175 0.0 0.4
47.508427 -117.040118 0.0 0.4
47.497654 -117.040069 0.0 0.4
47.487398999999996 -117.040006 0.0 0.4
47.476986 -117.039979 0.0 0.4
47.466349 -117.03989 0.0 0.4
47.456347 -117.039811 0.0 0.4
47.445673 -117.039818 0.0 0.4
47.434895999999995 -117.039856 0.0 0.4
47.419874 -117.039771 0.0 0.4
47.409656999999996 -117.039835 0.0 0.4
47.399556999999994 -117.039844 0.0 0.4
47.388433 -117.039836 0.0 0.4
47.377596999999994 -117.039797 0.0 0.4
47.366101 -117.039806 0.0 0.4
47.353595999999996 -117.0398 0.0 0.4
47.342341999999995 -117.039818 0.0 0.4
47.331781 -117.039908 0.0 0.4
47.320847 -117.039932 0.0 0.4
47.310542 -117.039911 0.0 0.4
47.300352 -117.039898 0.0 0.4
47.290278 -117.03993299999999 0.0 0.4
47.280063 -117.039918 0.0 0.4
47.269872 -117.039896 0.0 0.4
47.259271999999996 -117.039878 0.0 0.4
47.249258 -117.039692 0.0 0.4
47.238693999999995 -117.03971899999999 0.0 0.4
47.228514 -117.03970100000001 0.0 0.4
47.211647 -117.039734 0.0 0.4
47.194784999999996 -117.039708 0.0 0.4
47.182972 -117.03971 0.0 0.4
47.172914999999996 -117.039774 0.0 0.4
47.15461 -117.03975 0.0 0.4
47.139962999999995 -117.039787 0.0 0.4
47.127269 -117.039752 0.0 0.4
47.117129 -117.039687 0.0 0.4
47.105667999999994 -117.039697 0.0 0.4
47.09543 -117.039783 0.0 0.4
47.083479 -117.039754 0.0 0.4
47.068521999999994 -117.039805 0.0 0.4
47.056791999999994 -117.039782 0.0 0.4
47.044004 -117.039784 0.0 0.4
47.033598 -117.03995499999999 0.0 0.4
47.01965 -117.039945 0.0 0.4
47.008945 -117.039819 0.0 0.4
46.996981999999996 -117.039853 0.0 0.4
46.986419999999995 -117.039676 0.0 0.4
46.975575 -117.03963999999999 0.0 0.4
46.963395999999996 -117.039631 0.0 0.4
46.953077 -117.039625 0.0 0.4
46.938812 -117.039549 0.0 0.4
46.925095999999996 -117.039512 0.0 0.4
46.913636 -117.039455 0.0 0.4
46.902639 -117.039567 0.0 0.4
46.891576 -117.03959 0.0 0.4
46.880362 -117.039769 0.0 0.4
46.870360999999995 -117.039664 0.0 0.4
46.860178999999995 -117.039795 0.0 0.4
46.844862 -117.039778 0.0 0.4
46.833701 -117.039686 0.0 0.4
46.822661 -117.039755 0.0 0.4
46.80834 -117.039766 0.0 0.4
46.794194 -117.039767 0.0 0.4
46.778504999999996 -117.039715 0.0 0.4
46.767728 -117.03973500000001 0.0 0.4
46.756299 -117.039898 0.0 0.4
46.742459 -117.03987000000001 0.0 0.4
46.732400000000005 -117.039832 0.0 0.4
46.721936 -117.03987599999999 0.0 0.4
46.708321999999995 -117.039837 0.0 0.4
46.69414 -117.039822 0.0 0.4
46.683138 -117.039834 0.0 0.4
46.671654 -117.039812 0.0 0.4
46.660418 -117.0398 0.0 0.4
46.647141 -117.039713 0.0 0.4
46.635597999999995 -117.039704 0.0 0.4
46.621092 -117.03974600000001 0.0 0.4
46.604074 -117.039739 0.0 0.4
46.591726 -117.039714 0.0 0.4
46.580945 -117.039722 0.0 0.4
46.570724999999996 -117.039661 0.0 0.4
46.558468999999995 -117.039688 0.0 0.4
46.54764 -117.039702 0.0 0.4
46.535995 -117.039765 0.0 0.4
46.524325 -117.039725 0.0 0.4
46.507543999999996 -117.039693 0.0 0.4
46.496764999999996 -117.039767 0.0 0.4
46.48498 -117.03974 0.0 0.4
46.474208999999995 -117.03983099999999 0.0 0.4
46.462889999999994 -117.03974 0.0 0.4
46.448549 -117.039756 0.0 0.4
46.437078 -117.039739 0.0 0.4
46.426831 -117.039766 0.0 0.4
46.418152 -117.034701 0.0 0.4
46.407792 -117.036455 0.0 0.4
46.398548999999996 -117.040527 0.0 0.4
46.388552 -117.043209 0.0 0.4
46.37846 -117.047716 0.0 0.4
46.372434999999996 -117.056141 0.0 0.4
46.364943 -117.062802 0.0 0.4
46.354589999999995 -117.062703 0.0 0.4
46.345811 -117.056647 0.0 0.4
46.342653999999996 -117.047138 0.0 0.4
46.34171 -117.036415 0.0 0.4
46.338296 -117.027001 0.0 0.4
46.329077999999996 -117.022993 0.0 0.4
46.31899 -117.02275399999999 0.0 0.4
46.310922 -117.01587599999999 0.0 0.4
46.305243999999995 -117.00738 0.0 0.4
46.302493999999996 -116.996161 0.0 0.4
46.297467999999995 -116.987453 0.0 0.4
46.287182 -116.986778 0.0 0.4
46.277975 -116.99135 0.0 0.4
46.270835 -116.983999 0.0 0.4
46.265499 -116.974809 0.0 0.4
46.257287 -116.966943 0.0 0.4
46.247817999999995 -116.962369 0.0 0.4
46.237932 -116.957671 0.0 0.4
46.226673 -116.956067 0.0 0.4
46.217552 -116.96074300000001 0.0 0.4
46.209195 -116.966306 0.0 0.4
46.199335999999995 -116.9623 0.0 0.4
46.193757999999995 -116.952771 0.0 0.4
46.187112 -116.945234 0.0 0.4
46.178844999999995 -116.939071 0.0 0.4
46.173151999999995 -116.930653 0.0 0.4
46.166593 -116.921708 0.0 0.4
46.158052999999995 -116.92830000000001 0.0 0.4
46.150391 -116.935163 0.0 0.4
46.139759 -116.934219 0.0 0.4
46.131260999999995 -116.941504 0.0 0.4
46.12487 -116.949405 0.0 0.4
46.114367 -116.95133200000001 0.0 0.4
46.104271 -116.95486700000001 0.0 0.4
46.09856 -116.964563 0.0 0.4
46.097471 -116.974746 0.0 0.4
46.09111 -116.982601 0.0 0.4
46.081348 -116.979935 0.0 0.4
46.076876999999996 -116.970311 0.0 0.4
46.075876 -116.958995 0.0 0.4
46.069505 -116.951167 0.0 0.4
46.06236 -116.943955 0.0 0.4
46.051381 -116.942424 0.0 0.4
46.043206999999995 -116.935254 0.0 0.4
46.034175999999995 -116.92958899999999 0.0 0.4
46.023648 -116.929944 0.0 0.4
46.017241999999996 -116.922262 0.0 0.4
46.007262 -116.920123 0.0 0.4
45.997101 -116.917737 0.0 0.4
45.995875 -116.92828 0.0 0.4
45.996114 -116.94068899999999 0.0 0.4
45.99639 -116.954703 0.0 0.4
45.996531 -116.965443 0.0 0.4
45.996674 -116.976809 0.0 0.4
45.99679 -116.987107 0.0 0.4
45.996899 -116.999995 0.0 0.4
45.996975 -117.010383 0.0 0.4
45.997043 -117.020521 0.0 0.4
45.997108 -117.031114 0.0 0.4
45.997082999999996 -117.041484 0.0 0.4
45.997192999999996 -117.059193 0.0 0.4
45.997519999999994 -117.080005 0.0 0.4
45.997634 -117.090177 0.0 0.4
45.997729 -117.102296 0.0 0.4
45.997869 -117.122316 0.0 0.4
45.997934 -117.134025 0.0 0.4
45.998003999999995 -117.14765299999999 0.0 0.4
45.998079 -117.162986 0.0 0.4
45.998123 -117.174043 0.0 0.4
45.998177 -117.187648 0.0 0.4
45.998218 -117.19813500000001 0.0 0.4
45.998259999999995 -117.208665 0.0 0.4
45.998304999999995 -117.219103 0.0 0.4
45.998352 -117.229973 0.0 0.4
45.998419 -117.245858 0.0 0.4
45.998481 -117.259466 0.0 0.4
45.998281999999996 -117.273265 0.0 0.4
45.998326 -117.283901 0.0 0.4
45.998385 -117.295046 0.0 0.4
45.998467 -117.313332 0.0 0.4
45.998573 -117.33741599999999 0.0 0.4
45.996915 -117.351212 0.0 0.4
45.996852999999994 -117.361246 0.0 0.4
45.997425 -117.371567 0.0 0.4
45.99801 -117.382135 0.0 0.4
45.998321999999995 -117.394963 0.0 0.4
45.998483 -117.4058 0.0 0.4
45.998458 -117.41756699999999 0.0 0.4
45.998446 -117.427832 0.0 0.4
45.998405 -117.44127399999999 0.0 0.4
45.998159 -117.458042 0.0 0.4
45.997910999999995 -117.468345 0.0 0.4
45.997783 -117.479751 0.0 0.4
45.997963999999996 -117.48979299999999 0.0 0.4
45.998129999999996 -117.499937 0.0 0.4
45.998185 -117.510065 0.0 0.4
45.998362 -117.529033 0.0 0.4
45.998419999999996 -117.545045 0.0 0.4
45.998467 -117.55675 0.0 0.4
45.998508 -117.56710000000001 0.0 0.4
45.998549 -117.577451 0.0 0.4
45.99859 -117.587875 0.0 0.4
45.998843 -117.59897 0.0 0.4
45.999204 -117.613782 0.0 0.4
45.999337 -117.624139 0.0 0.4
45.999295 -117.63453200000001 0.0 0.4
45.999387 -117.644925 0.0 0.4
45.999494 -117.65532 0.0 0.4
45.999604999999995 -117.665715 0.0 0.4
45.999719999999996 -117.676109 0.0 0.4
45.99979 -117.686503 0.0 0.4
45.999795999999996 -117.696893 0.0 0.4
45.999803 -117.709363 0.0 0.4
45.999807999999994 -117.72020599999999 0.0 0.4
45.999838999999994 -117.740639 0.0 0.4
45.99989 -117.75358299999999 0.0 0.4
45.999928999999995 -117.766091 0.0 0.4
45.999953 -117.776229 0.0 0.4
46.000004999999994 -117.79525 0.0 0.4
46.000037999999996 -117.808277 0.0 0.4
46.000063999999995 -117.821034 0.0 0.4
46.000085999999996 -117.831423 0.0 0.4
46.000125999999995 -117.849829 0.0 0.4
46.000139 -117.86491 0.0 0.4
46.00015 -117.883295 0.0 0.4
46.000204 -117.90171 0.0 0.4
46.000302999999995 -117.912009 0.0 0.4
46.000384 -117.924278 0.0 0.4
46.000419 -117.935645 0.0 0.4
46.000439 -117.945672 0.0 0.4
46.000513999999995 -117.967651 0.0 0.4
46.000522 -117.977664 0.0 0.4
46.000546 -117.989531 0.0 0.4
46.000575999999995 -118.006598 0.0 0.4
46.00056 -118.023336 0.0 0.4
46.000583999999996 -118.035454 0.0 0.4
46.000578999999995 -118.049239 0.0 0.4
46.000631 -118.074713 0.0 0.4
46.000585 -118.08533800000001 0.0 0.4
46.000595999999994 -118.096259 0.0 0.4
46.000617 -118.114436 0.0 0.4
46.000616 -118.125259 0.0 0.4
46.000608 -118.137469 0.0 0.4
46.000554 -118.151491 0.0 0.4
46.000527999999996 -118.162921 0.0 0.4
46.000566 -118.17741699999999 0.0 0.4
46.000599 -118.189577 0.0 0.4
46.000625 -118.210964 0.0 0.4
46.000623999999995 -118.229029 0.0 0.4
46.000625 -118.241976 0.0 0.4
46.000623999999995 -118.253525 0.0 0.4
46.000623999999995 -118.267113 0.0 0.4
46.000614 -118.277799 0.0 0.4
46.000603 -118.287948 0.0 0.4
46.000586 -118.304525 0.0 0.4
46.000643 -118.314863 0.0 0.4
46.000637 -118.326808 0.0 0.4
46.000647 -118.337523 0.0 0.4
46.000665 -118.349374 0.0 0.4
46.000665 -118.36059900000001 0.0 0.4
46.000609999999995 -118.371596 0.0 0.4
46.000674 -118.382651 0.0 0.4
46.000746 -118.39268200000001 0.0 0.4
46.000761 -118.403233 0.0 0.4
46.000755999999996 -118.414667 0.0 0.4
46.000785 -118.427693 0.0 0.4
46.000833 -118.439021 0.0 0.4
46.000856999999996 -118.449817 0.0 0.4
46.00091 -118.459819 0.0 0.4
46.000958 -118.470687 0.0 0.4
46.000937 -118.481495 0.0 0.4
46.000921999999996 -118.492759 0.0 0.4
46.00096 -118.505475 0.0 0.4
46.000976 -118.517514 0.0 0.4
46.000994 -118.53252499999999 0.0 0.4
46.001059999999995 -118.54394500000001 0.0 0.4
46.001132999999996 -118.554326 0.0 0.4
46.001020999999994 -118.569087 0.0 0.4
46.001017999999995 -118.57935 0.0 0.4
46.000941 -118.590056 0.0 0.4
46.000997 -118.601005 0.0 0.4
46.001045 -118.611404 0.0 0.4
46.001051 -118.62230199999999 0.0 0.4
46.001042 -118.63485299999999 0.0 0.4
46.001042999999996 -118.649095 0.0 0.4
46.000988 -118.659803 0.0 0.4
46.000966 -118.671303 0.0 0.4
46.001073 -118.68355 0.0 0.4
46.001070999999996 -118.700489 0.0 0.4
46.001146 -118.71995 0.0 0.4
46.001141999999994 -118.732674 0.0 0.4
46.001118 -118.74457100000001 0.0 0.4
46.001083 -118.761897 0.0 0.4
46.001096 -118.772953 0.0 0.4
46.001022999999996 -118.783787 0.0 0.4
46.000839 -118.81208 0.0 0.4
46.000786999999995 -118.825313 0.0 0.4
46.000755999999996 -118.838114 0.0 0.4
46.00073 -118.84871 0.0 0.4
46.000702 -118.860772 0.0 0.4
46.000685999999995 -118.8889 0.0 0.4
46.000617999999996 -118.909818 0.0 0.4
46.000563 -118.921396 0.0 0.4
46.000524999999996 -118.932154 0.0 0.4
46.000493 -118.94529 0.0 0.4
46.000468 -118.955427 0.0 0.4
46.000420999999996 -118.971841 0.0 0.4
45.999860999999996 -118.987122 0.0 0.4
45.992171 -118.995229 0.0 0.4
45.982842 -119.004901 0.0 0.4
45.970166 -119.02528 0.0 0.4
45.965111 -119.040196 0.0 0.4
45.959616999999994 -119.058014 0.0 0.4
45.95082 -119.07702499999999 0.0 0.4
45.942848999999995 -119.09304399999999 0.0 0.4
45.936617999999996 -119.113576 0.0 0.4
45.932852 -119.126096 0.0 0.4
45.930999 -119.141389 0.0 0.4
45.927703 -119.169191 0.0 0.4
45.927808999999996 -119.183224 0.0 0.4
45.9279 -119.19552 0.0 0.4
45.930143 -119.209303 0.0 0.4
45.932772 -119.225476 0.0 0.4
45.934979999999996 -119.235333 0.0 0.4
45.937432 -119.246238 0.0 0.4
45.939867 -119.257072 0.0 0.4
45.938131999999996 -119.277539 0.0 0.4
45.937208 -119.287849 0.0 0.4
45.935986 -119.29810499999999 0.0 0.4
45.934236999999996 -119.312797 0.0 0.4
45.932598999999996 -119.32462 0.0 0.4
45.926569 -119.347086 0.0 0.4
45.923722 -119.35695799999999 0.0 0.4
45.921361 -119.368365 0.0 0.4
45.918276999999996 -119.432034 0.0 0.4
45.917381 -119.450398 0.0 0.4
45.906361 -119.488083 0.0 0.4
45.907153 -119.50113400000001 0.0 0.4
45.907776 -119.511434 0.0 0.4
45.908567 -119.524519 0.0 0.4
45.912836 -119.53639799999999 0.0 0.4
45.916947 -119.547875 0.0 0.4
45.925478 -119.571602 0.0 0.4
45.923224 -119.58261 0.0 0.4
45.920395 -119.596416 0.0 0.4
45.916441999999996 -119.605748 0.0 0.4
45.906559 -119.622051 0.0 0.4
45.874855 -119.652904 0.0 0.4
45.863564 -119.663644 0.0 0.4
45.856651 -119.672348 0.0 0.4
45.854386999999996 -119.693249 0.0 0.4
45.851639 -119.718566 0.0 0.4
45.850403 -119.729939 0.0 0.4
45.84749 -119.756692 0.0 0.4
45.845727 -119.772854 0.0 0.4
45.846477 -119.784596 0.0 0.4
45.847629999999995 -119.802705 0.0 0.4
45.843843 -119.82643 0.0 0.4
45.840526 -119.847175 0.0 0.4
45.836377999999996 -119.867455 0.0 0.4
45.832021999999995 -119.88859 0.0 0.4
45.828176 -119.907245 0.0 0.4
45.82666 -119.930654 0.0 0.4
45.825292 -119.951714 0.0 0.4
45.824376 -119.965772 0.0 0.4
45.820629 -119.976434 0.0 0.4
45.814386999999996 -119.994187 0.0 0.4
45.807929 -120.012538 0.0 0.4
45.800018 -120.032763 0.0 0.4
45.793518999999996 -120.049156 0.0 0.4
45.785156 -120.070236 0.0 0.4
45.780713 -120.096765 0.0 0.4
45.776229 -120.123589 0.0 0.4
45.773790999999996 -120.138007 0.0 0.4
45.766427 -120.159072 0.0 0.4
45.76198 -120.170603 0.0 0.4
45.753578999999995 -120.179967 0.0 0.4
45.743851 -120.190804 0.0 0.4
45.736661 -120.198812 0.0 0.4
45.725915 -120.210774 0.0 0.4
45.725138 -120.222713 0.0 0.4
45.723799 -120.243228 0.0 0.4
45.722449999999995 -120.263853 0.0 0.4
45.721165 -120.28343100000001 0.0 0.4
45.718627 -120.294611 0.0 0.4
45.716197 -120.305312 0.0 0.4
45.712277 -120.322562 0.0 0.4
45.710134 -120.334651 0.0 0.4
45.708228999999996 -120.34697299999999 0.0 0.4
45.705915999999995 -120.361913 0.0 0.4
45.703708 -120.376159 0.0 0.4
45.701808 -120.38842 0.0 0.4
45.699444 -120.403651 0.0 0.4
45.697745999999995 -120.43037799999999 0.0 0.4
45.696559 -120.448984 0.0 0.4
45.695803999999995 -120.460792 0.0 0.4
45.694407 -120.482615 0.0 0.4
45.698851999999995 -120.50116299999999 0.0 0.4
45.703388 -120.511395 0.0 0.4
45.710287 -120.522735 0.0 0.4
45.717358999999995 -120.531952 0.0 0.4
45.733247 -120.552674 0.0 0.4
45.742079 -120.573917 0.0 0.4
45.746508999999996 -120.591144 0.0 0.4
45.74623 -120.62289 0.0 0.4
45.745711 -120.635051 0.0 0.4
45.737181 -120.653503 0.0 0.4
45.729883 -120.66928 0.0 0.4
45.723365 -120.678608 0.0 0.4
45.715727 -120.689535 0.0 0.4
45.712939 -120.69958 0.0 0.4
45.707594 -120.71986 0.0 0.4
45.701527999999996 -120.740664 0.0 0.4
45.695105 -120.76105 0.0 0.4
45.688643 -120.781541 0.0 0.4
45.683386 -120.80241 0.0 0.4
45.679339999999996 -120.82082 0.0 0.4
45.675964 -120.836168 0.0 0.4
45.671729 -120.855415 0.0 0.4
45.665020999999996 -120.864828 0.0 0.4
45.65079 -120.88479 0.0 0.4
45.642922999999996 -120.895822 0.0 0.4
45.641185 -120.90641600000001 0.0 0.4
45.647027 -120.926633 0.0 0.4
45.656392 -120.944018 0.0 0.4
45.652055 -120.9689 0.0 0.4
45.648719 -120.981527 0.0 0.4
45.650287 -120.993009 0.0 0.4
45.653197 -121.00737 0.0 0.4
45.651219 -121.03079199999999 0.0 0.4
45.651837 -121.051339 0.0 0.4
45.652491 -121.06446 0.0 0.4
45.649702 -121.076944 0.0 0.4
45.646667 -121.086675 0.0 0.4
45.640100000000004 -121.096015 0.0 0.4
45.634338 -121.104215 0.0 0.4
45.627497999999996 -121.113946 0.0 0.4
45.616989 -121.120159 0.0 0.4
45.611506 -121.129217 0.0 0.4
45.612044999999995 -121.139386 0.0 0.4
45.607032 -121.156545 0.0 0.4
45.606097999999996 -121.167852 0.0 0.4
45.606353 -121.179426 0.0 0.4
45.614343999999996 -121.193646 0.0 0.4
45.626813 -121.195454 0.0 0.4
45.647931 -121.199865 0.0 0.4
45.665852 -121.211891 0.0 0.4
45.675903999999996 -121.239537 0.0 0.4
45.68011 -121.258862 0.0 0.4
45.685198 -121.280271 0.0 0.4
45.690621 -121.29453 0.0 0.4
45.69591 -121.304722 0.0 0.4
45.701637999999996 -121.321435 0.0 0.4
45.704839 -121.337712 0.0 0.4
45.704138 -121.35126199999999 0.0 0.4
45.703551 -121.362596 0.0 0.4
45.699624 -121.382383 0.0 0.4
45.692893 -121.40174 0.0 0.4
45.694074 -121.423962 0.0 0.4
45.69728 -121.44122899999999 0.0 0.4
45.70037 -121.457882 0.0 0.4
45.711315 -121.481489 0.0 0.4
45.717634 -121.493117 0.0 0.4
45.722139 -121.507274 0.0 0.4
45.724402 -121.520569 0.0 0.4
45.726197 -121.531127 0.0 0.4
45.724405999999995 -121.542418 0.0 0.4
45.719912 -121.562723 0.0 0.4
45.713958999999996 -121.58959300000001 0.0 0.4
45.710667 -121.604434 0.0 0.4
45.707308999999995 -121.619561 0.0 0.4
45.704876 -121.630518 0.0 0.4
45.704905 -121.649767 0.0 0.4
45.705113999999995 -121.668406 0.0 0.4
45.699177 -121.690877 0.0 0.4
45.694835999999995 -121.707295 0.0 0.4
45.694483 -121.719093 0.0 0.4
45.694103 -121.731748 0.0 0.4
45.695851 -121.746122 0.0 0.4
45.700412 -121.77341799999999 0.0 0.4
45.702223 -121.78426999999999 0.0 0.4
45.706714999999996 -121.811184 0.0 0.4
45.703877999999996 -121.823075 0.0 0.4
45.701049999999995 -121.834933 0.0 0.4
45.696011999999996 -121.85604599999999 0.0 0.4
45.693391 -121.867021 0.0 0.4
45.687722 -121.875676 0.0 0.4
45.673746 -121.89704499999999 0.0 0.4
45.663235 -121.900687 0.0 0.4
45.654579 -121.908114 0.0 0.4
45.649933999999995 -121.920136 0.0 0.4
45.64543 -121.93186 0.0 0.4
45.644377999999996 -121.944908 0.0 0.4
45.643853 -121.954902 0.0 0.4
45.635584 -121.96124 0.0 0.4
45.626014 -121.976778 0.0 0.4
45.619748 -121.992304 0.0 0.4
45.616475 -122.001988 0.0 0.4
45.614779999999996 -122.02105399999999 0.0 0.4
45.610465 -122.040221 0.0 0.4
45.600798 -122.06335 0.0 0.4
45.593323999999996 -122.079638 0.0 0.4
45.583994999999994 -122.099952 0.0 0.4
45.581337 -122.11231699999999 0.0 0.4
45.582487 -122.124944 0.0 0.4
45.584002999999996 -122.141613 0.0 0.4
45.579594 -122.166808 0.0 0.4
45.577743 -122.177374 0.0 0.4
45.573364999999995 -122.188112 0.0 0.4
45.567236 -122.19752199999999 0.0 0.4
45.562604 -122.20786799999999 0.0 0.4
45.555256 -122.22860299999999 0.0 0.4
45.550737 -122.241349 0.0 0.4
45.546422 -122.254262 0.0 0.4
45.543841 -122.266701 0.0 0.4
45.543541999999995 -122.29482 0.0 0.4
45.545497999999995 -122.310689 0.0 0.4
45.546991999999996 -122.322025 0.0 0.4
45.552527999999995 -122.335809 0.0 0.4
45.559815 -122.343131 0.0 0.4
45.567274999999995 -122.350625 0.0 0.4
45.573904999999996 -122.372226 0.0 0.4
45.575559 -122.383436 0.0 0.4
45.573749 -122.393875 0.0 0.4
45.569680999999996 -122.404996 0.0 0.4
45.566697 -122.416929 0.0 0.4
45.564188 -122.434684 0.0 0.4
45.567312 -122.453891 0.0 0.4
45.572737 -122.463939 0.0 0.4
45.577712999999996 -122.473491 0.0 0.4
45.580881999999995 -122.48347799999999 0.0 0.4
45.583690999999995 -122.494208 0.0 0.4
45.585797 -122.504212 0.0 0.4
45.589631999999995 -122.523668 0.0 0.4
45.594415 -122.539859 0.0 0.4
45.597128 -122.54972000000001 0.0 0.4
45.59944 -122.561005 0.0 0.4
45.60394 -122.581406 0.0 0.4
45.606539999999995 -122.596906 0.0 0.4
45.608139 -122.60770600000001 0.0 0.4
45.608619 -122.618573 0.0 0.4
45.609344 -122.634962 0.0 0.4
45.615714999999994 -122.666302 0.0 0.4
45.619491 -122.67847499999999 0.0 0.4
45.623565 -122.688206 0.0 0.4
45.631422 -122.702745 0.0 0.4
45.637437999999996 -122.713309 0.0 0.4
45.641985999999996 -122.730144 0.0 0.4
45.64686 -122.74355299999999 0.0 0.4
45.654958 -122.75949800000001 0.0 0.4
45.680437 -122.774511 0.0 0.4
45.694624 -122.773033 0.0 0.4
45.707623999999996 -122.769746 0.0 0.4
45.728237 -122.76261099999999 0.0 0.4
45.746759 -122.760763 0.0 0.4
45.759163 -122.761451 0.0 0.4
45.773753 -122.76696799999999 0.0 0.4
45.783864 -122.77244 0.0 0.4
45.791962 -122.779617 0.0 0.4
45.80178 -122.788319 0.0 0.4
45.809515999999995 -122.795176 0.0 0.4
45.822793 -122.795909 0.0 0.4
45.843106999999996 -122.786289 0.0 0.4
45.858097 -122.785299 0.0 0.4
45.874835999999995 -122.79049 0.0 0.4
45.88266 -122.796752 0.0 0.4
45.891695 -122.801569 0.0 0.4
45.903037999999995 -122.80693099999999 0.0 0.4
45.912724 -122.81150000000001 0.0 0.4
45.932415999999996 -122.806187 0.0 0.4
45.953091 -122.81184 0.0 0.4
45.976746999999996 -122.832792 0.0 0.4
45.988748 -122.841983 0.0 0.4
45.999837 -122.848066 0.0 0.4
46.00922 -122.85325499999999 0.0 0.4
46.017872999999994 -122.860526 0.0 0.4
46.024356 -122.868821 0.0 0.4
46.030851 -122.87737899999999 0.0 0.4
46.040973 -122.880226 0.0 0.4
46.050776 -122.882385 0.0 0.4
46.061952 -122.886012 0.0 0.4
46.071653999999995 -122.894038 0.0 0.4
46.080714 -122.901599 0.0 0.4
46.087500999999996 -122.91444 0.0 0.4
46.092166 -122.927223 0.0 0.4
46.095811999999995 -122.937388 0.0 0.4
46.104433 -122.961621 0.0 0.4
46.111249 -122.972173 0.0 0.4
46.117267 -122.980794 0.0 0.4
46.123284999999996 -122.989415 0.0 0.4
46.13187 -123.001364 0.0 0.4
46.136654 -123.012152 0.0 0.4
46.139109999999995 -123.022147 0.0 0.4
46.143543 -123.03231 0.0 0.4
46.147555999999994 -123.043418 0.0 0.4
46.153971999999996 -123.05189899999999 0.0 0.4
46.163368 -123.07295500000001 0.0 0.4
46.174814 -123.098607 0.0 0.4
46.179324 -123.108242 0.0 0.4
46.18533 -123.116668 0.0 0.4
46.188755 -123.163275 0.0 0.4
46.172540999999995 -123.213054 0.0 0.4
46.167443999999996 -123.22292999999999 0.0 0.4
46.163801 -123.232326 0.0 0.4
46.160968 -123.242026 0.0 0.4
46.156562 -123.251233 0.0 0.4
46.152961999999995 -123.26093 0.0 0.4
46.148979999999995 -123.270136 0.0 0.4
46.145087 -123.279448 0.0 0.4
46.144532 -123.290534 0.0 0.4
46.144632 -123.301034 0.0 0.4
46.145232 -123.311635 0.0 0.4
46.145632 -123.321635 0.0 0.4
46.145953 -123.33168 0.0 0.4
46.145331999999996 -123.344376 0.0 0.4
46.146319999999996 -123.361459 0.0 0.4
46.146567999999995 -123.371758 0.0 0.4
46.154427999999996 -123.390404 0.0 0.4
46.164068 -123.404935 0.0 0.4
46.172066 -123.417078 0.0 0.4
46.177851 -123.425678 0.0 0.4
46.191872 -123.430167 0.0 0.4
46.202388 -123.42945399999999 0.0 0.4
46.214127999999995 -123.428659 0.0 0.4
46.224505 -123.427956 0.0 0.4
46.236053 -123.434331 0.0 0.4
46.249832 -123.447592 0.0 0.4
46.257031 -123.458743 0.0 0.4
46.264531 -123.468743 0.0 0.4
46.269130999999994 -123.47964400000001 0.0 0.4
46.269999 -123.489828 0.0 0.4
46.270956 -123.500855 0.0 0.4
46.268007999999995 -123.510464 0.0 0.4
46.263404 -123.526391 0.0 0.4
46.26061 -123.538092 0.0 0.4
46.258765 -123.55048 0.0 0.4
46.257711 -123.563833 0.0 0.4
46.25589 -123.58695399999999 0.0 0.4
46.257166999999995 -123.615133 0.0 0.4
46.257670999999995 -123.626248 0.0 0.4
46.258376 -123.640281 0.0 0.4
46.251996 -123.679547 0.0 0.4
46.251118999999996 -123.69089199999999 0.0 0.4
46.258145999999996 -123.71015299999999 0.0 0.4
46.262602 -123.722809 0.0 0.4
46.269155 -123.741449 0.0 0.4
46.265037 -123.75125299999999 0.0 0.4
46.25425 -123.77812399999999 0.0 0.4
46.25246 -123.793423 0.0 0.4
46.250668999999995 -123.80651 0.0 0.4
46.247471999999995 -123.824111 0.0 0.4
46.243635 -123.838735 0.0 0.4
46.240629999999996 -123.85013599999999 0.0 0.4
46.237576999999995 -123.861845 0.0 0.4
46.234949 -123.871869 0.0 0.4
46.235821 -123.885339 0.0 0.4
46.237212 -123.906383 0.0 0.4
46.238603 -123.927427 0.0 0.4
46.249824 -123.946409 0.0 0.4
46.260155 -123.957619 0.0 0.4
46.265189 -123.966965 0.0 0.4
46.269906999999996 -123.976275 0.0 0.4
46.272755 -123.985992 0.0 0.4
46.273754 -123.996462 0.0 0.4
46.280214 -124.007067 0.0 0.4
46.290026 -124.012998 0.0 0.4
46.297090999999995 -124.021399 0.0 0.4
46.297843 -124.034189 0.0 0.4
46.285841 -124.038626 0.0 0.4
46.276866999999996 -124.03370100000001 0.0 0.4
46.265951 -124.034972 0.0 0.4
46.263205 -124.059942 0.0 0.4
46.26284 -124.074139 0.0 0.4
46.262557 -124.089742 0.0 0.4
46.261904 -124.125783 0.0 0.4
46.261489999999995 -124.144294 0.0 0.4
46.261142 -124.159154 0.0 0.4
46.271727 -124.162552 0.0 0.4
46.28201 -124.160714 0.0 0.4
46.291592 -124.156932 0.0 0.4
46.30113 -124.153528 0.0 0.4
46.311054 -124.148991 0.0 0.4
46.320339 -124.145027 0.0 0.4
46.330548 -124.142804 0.0 0.4
46.340168 -124.13962599999999 0.0 0.4
46.349368 -124.135207 0.0 0.4
46.361542 -124.133486 0.0 0.4
46.371967 -124.132451 0.0 0.4
46.382374999999996 -124.13209 0.0 0.4
46.392998 -124.131391 0.0 0.4
46.403289 -124.130805 0.0 0.4
46.415185 -124.130491 0.0 0.4
46.425720999999996 -124.130107 0.0 0.4
46.437321 -124.13021 0.0 0.4
46.449746 -124.131062 0.0 0.4
46.463725 -124.131672 0.0 0.4
46.473732999999996 -124.132454 0.0 0.4
46.488285 -124.133627 0.0 0.4
46.498475 -124.133817 0.0 0.4
46.514466999999996 -124.133918 0.0 0.4
46.524532 -124.134972 0.0 0.4
46.542299 -124.135298 0.0 0.4
46.553646 -124.136478 0.0 0.4
46.570040999999996 -124.139352 0.0 0.4
46.580349999999996 -124.140803 0.0 0.4
46.591789999999996 -124.142209 0.0 0.4
46.602201 -124.14232799999999 0.0 0.4
46.613884999999996 -124.142829 0.0 0.4
46.62455 -124.143228 0.0 0.4
46.634736 -124.14529 0.0 0.4
46.644873999999994 -124.148894 0.0 0.4
46.65531 -124.149648 0.0 0.4
46.666106 -124.147258 0.0 0.4
46.679184 -124.148479 0.0 0.4
46.689198 -124.15411499999999 0.0 0.4
46.700479 -124.156865 0.0 0.4
46.713423999999996 -124.161143 0.0 0.4
46.722992999999995 -124.165493 0.0 0.4
46.733762999999996 -124.169347 0.0 0.4
46.744552 -124.171306 0.0 0.4
46.758491 -124.170923 0.0 0.4
46.770171999999995 -124.171903 0.0 0.4
46.780300999999994 -124.173295 0.0 0.4
46.791467999999995 -124.174822 0.0 0.4
46.803649 -124.183693 0.0 0.4
46.820418 -124.187776 0.0 0.4
46.832254999999996 -124.191859 0.0 0.4
46.844091999999996 -124.194581 0.0 0.4
46.853953999999995 -124.198665 0.0 0.4
46.870129 -124.206542 0.0 0.4
46.880342 -124.21806 0.0 0.4
46.891188 -124.234393 0.0 0.4
46.900062999999996 -124.239837 0.0 0.4
46.917812999999995 -124.246642 0.0 0.4
46.930636 -124.248343 0.0 0.4
46.946425999999995 -124.249705 0.0 0.4
46.968123 -124.246983 0.0 0.4
46.978971 -124.245622 0.0 0.4
46.989819999999995 -124.2429 0.0 0.4
46.999807999999994 -124.241539 0.0 0.4
47.017331 -124.24383399999999 0.0 0.4
47.032947 -124.243935 0.0 0.4
47.046675 -124.244033 0.0 0.4
47.058648 -124.24413 0.0 0.4
47.070845999999996 -124.248316 0.0 0.4
47.084509 -124.24930599999999 0.0 0.4
47.096654 -124.251291 0.0 0.4
47.116789999999995 -124.25963999999999 0.0 0.4
47.127801999999996 -124.26548199999999 0.0 0.4
47.138813999999996 -124.270155 0.0 0.4
47.154906999999994 -124.27366 0.0 0.4
47.165071 -124.27366 0.0 0.4
47.174389 -124.279501 0.0 0.4
47.191584999999996 -124.287047 0.0 0.4
47.212506 -124.295855 0.0 0.4
47.233683 -124.30169599999999 0.0 0.4
47.243846999999995 -124.3052 0.0 0.4
47.251523999999996 -124.315218 0.0 0.4
47.255865 -124.324721 0.0 0.4
47.261604999999996 -124.33605 0.0 0.4
47.268848 -124.344203 0.0 0.4
47.27639 -124.351299 0.0 0.4
47.285917 -124.35642 0.0 0.4
47.302972 -124.359992 0.0 0.4
47.314639 -124.36836 0.0 0.4
47.324971 -124.384739 0.0 0.4
47.340779 -124.399532 0.0 0.4
47.35772 -124.40771 0.0 0.4
47.36873 -124.41355 0.0 0.4
47.383976 -124.419392 0.0 0.4
47.406845 -124.421728 0.0 0.4
47.423784999999995 -124.411215 0.0 0.4
47.434796999999996 -124.41004699999999 0.0 0.4
47.444114 -124.41471899999999 0.0 0.4
47.455971999999996 -124.42056 0.0 0.4
47.468677 -124.42173 0.0 0.4
47.478840999999996 -124.417057 0.0 0.4
47.499801999999995 -124.421729 0.0 0.4
47.532948999999995 -124.429553 0.0 0.4
47.542978999999995 -124.43378799999999 0.0 0.4
47.5567 -124.436837 0.0 0.4
47.569039 -124.440016 0.0 0.4
47.577872 -124.448217 0.0 0.4
47.586732999999995 -124.453163 0.0 0.4
47.597913 -124.455725 0.0 0.4
47.608267 -124.456126 0.0 0.4
47.618313 -124.460362 0.0 0.4
47.623095 -124.469322 0.0 0.4
47.621663 -124.479254 0.0 0.4
47.621165999999995 -124.489538 0.0 0.4
47.621522 -124.499814 0.0 0.4
47.622741999999995 -124.509965 0.0 0.4
47.624908999999995 -124.51978199999999 0.0 0.4
47.628412 -124.530141 0.0 0.4
47.632954 -124.539586 0.0 0.4
47.639796 -124.549503 0.0 0.4
47.648019 -124.557876 0.0 0.4
47.656802 -124.563533 0.0 0.4
47.667459 -124.566825 0.0 0.4
47.678508 -124.566869 0.0 0.4
47.688722999999996 -124.563637 0.0 0.4
47.697333 -124.558221 0.0 0.4
47.706095999999995 -124.551186 0.0 0.4
47.713801 -124.543672 0.0 0.4
47.722643999999995 -124.549459 0.0 0.4
47.730547 -124.557479 0.0 0.4
47.739335999999994 -124.563119 0.0 0.4
47.74825 -124.570508 0.0 0.4
47.757461 -124.578301 0.0 0.4
47.76233 -124.587415 0.0 0.4
47.770199 -124.59760299999999 0.0 0.4
47.778287 -124.604476 0.0 0.4
47.787523 -124.611969 0.0 0.4
47.794546 -124.619879 0.0 0.4
47.801866 -124.627864 0.0 0.4
47.809027 -124.635223 0.0 0.4
47.817763 -124.641051 0.0 0.4
47.823609 -124.65107 0.0 0.4
47.829936 -124.660998 0.0 0.4
47.835252999999994 -124.670158 0.0 0.4
47.839163 -124.680102 0.0 0.4
47.844265 -124.690586 0.0 0.4
47.851195 -124.700406 0.0 0.4
47.859258999999994 -124.708083 0.0 0.4
47.868998999999995 -124.713685 0.0 0.4
47.879000000000005 -124.717153 0.0 0.4
47.888303 -124.72085799999999 0.0 0.4
47.892922999999996 -124.73138 0.0 0.4
47.898612 -124.74091899999999 0.0 0.4
47.905663999999994 -124.748964 0.0 0.4
47.914649 -124.756095 0.0 0.4
47.925709999999995 -124.760078 0.0 0.4
47.935783 -124.759645 0.0 0.4
47.945803 -124.76264499999999 0.0 0.4
47.950731999999995 -124.774091 0.0 0.4
47.956356 -124.78359499999999 0.0 0.4
47.963384 -124.79274 0.0 0.4
47.972544 -124.799038 0.0 0.4
47.982561999999994 -124.802296 0.0 0.4
47.994012999999995 -124.803254 0.0 0.4
48.003932 -124.801061 0.0 0.4
48.014846999999996 -124.799055 0.0 0.4
48.030156 -124.799803 0.0 0.4
48.044124 -124.799248 0.0 0.4
48.055278 -124.792526 0.0 0.4
48.063142 -124.786051 0.0 0.4
48.075966 -124.788002 0.0 0.4
48.087115 -124.78518700000001 0.0 0.4
48.094443999999996 -124.792757 0.0 0.4
48.104859 -124.800341 0.0 0.4
48.114287999999995 -124.803905 0.0 0.4
48.121759 -124.816258 0.0 0.4
48.129307999999995 -124.824046 0.0 0.4
48.142652999999996 -124.831594 0.0 0.4
48.152888999999995 -124.83918299999999 0.0 0.4
48.167719999999996 -124.846997 0.0 0.4
48.181373 -124.848974 0.0 0.4
48.194893 -124.845666 0.0 0.4
48.204023 -124.83821 0.0 0.4
48.213829999999994 -124.827681 0.0 0.4
48.221001 -124.813965 0.0 0.4
48.226718999999996 -124.795053 0.0 0.4
48.22858 -124.78050400000001 0.0 0.4
48.244125999999994 -124.78942599999999 0.0 0.4
48.259713 -124.790077 0.0 0.4
48.272290999999996 -124.786406 0.0 0.4
48.283587999999995 -124.776914 0.0 0.4
48.290243 -124.768746 0.0 0.4
48.299927 -124.764027 0.0 0.4
48.310286999999995 -124.769251 0.0 0.4
48.323536999999995 -124.770442 0.0 0.4
48.331883 -124.786135 0.0 0.4
48.344125999999996 -124.796636 0.0 0.4
48.356939999999994 -124.803771 0.0 0.4
48.369988 -124.810104 0.0 0.4
48.381364 -124.81505 0.0 0.4
48.391003 -124.817912 0.0 0.4
48.405922999999994 -124.814815 0.0 0.4
48.415496 -124.809195 0.0 0.4
48.423241999999995 -124.801175 0.0 0.4
48.432165 -124.788558 0.0 0.4
48.438520999999994 -124.773575 0.0 0.4
48.443445 -124.757053 0.0 0.4
48.445448 -124.746194 0.0 0.4
48.4513 -124.754677 0.0 0.4
48.460561999999996 -124.76527899999999 0.0 0.4
48.473811999999995 -124.772262 0.0 0.4
48.486117 -124.772085 0.0 0.4
48.495402999999996 -124.768371 0.0 0.4
48.499776 -124.751358 0.0 0.4
48.494668 -124.730863 0.0 0.4
48.490089999999995 -124.714869 0.0 0.4
48.486734 -124.702494 0.0 0.4
48.483376 -124.690119 0.0 0.4
48.480017 -124.677747 0.0 0.4
48.476656999999996 -124.665376 0.0 0.4
48.473296 -124.653006 0.0 0.4
48.469933 -124.640639 0.0 0.4
48.466569 -124.628272 0.0 0.4
48.463203 -124.61590799999999 0.0 0.4
48.459835999999996 -124.603545 0.0 0.4
48.456468 -124.591184 0.0 0.4
48.453098999999995 -124.578824 0.0 0.4
48.449728 -124.56646599999999 0.0 0.4
48.446355999999994 -124.55411 0.0 0.4
48.443538 -124.543782 0.0 0.4
48.439606999999995 -124.529402 0.0 0.4
48.436231 -124.517051 0.0 0.4
48.432854 -124.504701 0.0 0.4
48.429475 -124.492353 0.0 0.4
48.426095 -124.480007 0.0 0.4
48.422712999999995 -124.46766199999999 0.0 0.4
48.419331 -124.455319 0.0 0.4
48.415946999999996 -124.442977 0.0 0.4
48.412561 -124.43063699999999 0.0 0.4
48.409174 -124.41829899999999 0.0 0.4
48.405786 -124.405962 0.0 0.4
48.402397 -124.393627 0.0 0.4
48.399006 -124.381294 0.0 0.4
48.395613999999995 -124.368962 0.0 0.4
48.392221 -124.35663199999999 0.0 0.4
48.388839999999995 -124.344354 0.0 0.4
48.38543 -124.331977 0.0 0.4
48.382033 -124.31965199999999 0.0 0.4
48.378634 -124.307328 0.0 0.4
48.375234 -124.295006 0.0 0.4
48.371832999999995 -124.282686 0.0 0.4
48.36843 -124.270367 0.0 0.4
48.365026 -124.25805 0.0 0.4
48.361621 -124.245735 0.0 0.4
48.358215 -124.23342099999999 0.0 0.4
48.354807 -124.221109 0.0 0.4
48.351397 -124.208799 0.0 0.4
48.347986999999996 -124.19649 0.0 0.4
48.344575 -124.18418299999999 0.0 0.4
48.341162 -124.17187799999999 0.0 0.4
48.337747 -124.15957399999999 0.0 0.4
48.334331999999996 -124.147272 0.0 0.4
48.330914 -124.13497100000001 0.0 0.4
48.327496 -124.122672 0.0 0.4
48.324076 -124.110375 0.0 0.4
48.320654999999995 -124.098079 0.0 0.4
48.317232999999995 -124.085785 0.0 0.4
48.313809 -124.073493 0.0 0.4
48.310384 -124.061202 0.0 0.4
48.306957999999995 -124.048913 0.0 0.4
48.303529999999995 -124.036626 0.0 0.4
48.300101 -124.02434 0.0 0.4
48.296670999999996 -124.012056 0.0 0.4
48.294509 -123.999235 0.0 0.4
48.292345999999995 -123.986415 0.0 0.4
48.290181 -123.973596 0.0 0.4
48.288014999999994 -123.960779 0.0 0.4
48.285847 -123.947962 0.0 0.4
48.283677999999995 -123.935146 0.0 0.4
48.281507 -123.922332 0.0 0.4
48.279336 -123.90951799999999 0.0 0.4
48.277162 -123.896706 0.0 0.4
48.274988 -123.883895 0.0 0.4
48.272811 -123.871085 0.0 0.4
48.270634 -123.85827499999999 0.0 0.4
48.268454999999996 -123.845467 0.0 0.4
48.266273999999996 -123.832661 0.0 0.4
48.264092 -123.819855 0.0 0.4
48.261908999999996 -123.80705 0.0 0.4
48.259724 -123.794246 0.0 0.4
48.257538 -123.781444 0.0 0.4
48.255351 -123.768642 0.0 0.4
48.253161999999996 -123.755842 0.0 0.4
48.250971 -123.743043 0.0 0.4
48.249068 -123.73193 0.0 0.4
48.246586 -123.71744799999999 0.0 0.4
48.244391 -123.704652 0.0 0.4
48.242194999999995 -123.691857 0.0 0.4
48.240434 -123.681606 0.0 0.4
48.238600000000005 -123.666528 0.0 0.4
48.237203 -123.653994 0.0 0.4
48.235802 -123.64146 0.0 0.4
48.2344 -123.628927 0.0 0.4
48.232997999999995 -123.616395 0.0 0.4
48.231594 -123.603863 0.0 0.4
48.230188 -123.591332 0.0 0.4
48.228781999999995 -123.578802 0.0 0.4
48.227579999999996 -123.568139 0.0 0.4
48.225964 -123.553744 0.0 0.4
48.224553 -123.54121599999999 0.0 0.4
48.227154 -123.52850000000001 0.0 0.4
48.229752999999995 -123.515783 0.0 0.4
48.232351 -123.50306499999999 0.0 0.4
48.234947999999996 -123.490346 0.0 0.4
48.237542999999995 -123.477625 0.0 0.4
48.239553 -123.467776 0.0 0.4
48.242729 -123.45218 0.0 0.4
48.24532 -123.439456 0.0 0.4
48.24791 -123.42672999999999 0.0 0.4
48.250395 -123.414511 0.0 0.4
48.252406 -123.404618 0.0 0.4
48.255669999999995 -123.388545 0.0 0.4
48.258254 -123.375815 0.0 0.4
48.260836999999995 -123.36308199999999 0.0 0.4
48.263417999999994 -123.350349 0.0 0.4
48.265997999999996 -123.337614 0.0 0.4
48.268575999999996 -123.324878 0.0 0.4
48.271153 -123.312141 0.0 0.4
48.273728 -123.299402 0.0 0.4
48.276302 -123.286663 0.0 0.4
48.278875 -123.273921 0.0 0.4
48.281445999999995 -123.261179 0.0 0.4
48.284016 -123.248435 0.0 0.4
