45.644148 -92.887067 0.0 0.4
45.654145 -92.88411099999999 0.0 0.4
45.663396999999996 -92.880275 0.0 0.4
45.673428 -92.877286 0.0 0.4
45.683842999999996 -92.87606799999999 0.0 0.4
45.693262 -92.872697 0.0 0.4
45.70388 -92.870965 0.0 0.4
45.714093 -92.86919499999999 0.0 0.4
45.722241 -92.86259799999999 0.0 0.4
45.723377 -92.851821 0.0 0.4
45.729132 -92.84329799999999 0.0 0.4
45.732993 -92.832464 0.0 0.4
45.737794 -92.823374 0.0 0.4
45.742529999999995 -92.814111 0.0 0.4
45.747491 -92.805347 0.0 0.4
45.756094999999995 -92.79545999999999 0.0 0.4
45.763493 -92.78577899999999 0.0 0.4
45.773098 -92.78136599999999 0.0 0.4
45.785819 -92.77806299999999 0.0 0.4
45.79523 -92.772065 0.0 0.4
45.801258 -92.761833 0.0 0.4
45.811215999999995 -92.757947 0.0 0.4
45.821383 -92.763194 0.0 0.4
45.832063 -92.763671 0.0 0.4
45.838027 -92.75414099999999 0.0 0.4
45.842841 -92.744326 0.0 0.4
45.851427 -92.738297 0.0 0.4
45.862030999999995 -92.73822 0.0 0.4
45.87025 -92.732154 0.0 0.4
45.877722999999996 -92.72536199999999 0.0 0.4
45.885956 -92.717694 0.0 0.4
45.892703 -92.710094 0.0 0.4
45.896136 -92.699928 0.0 0.4
45.900183999999996 -92.690601 0.0 0.4
45.905159999999995 -92.680962 0.0 0.4
45.913059 -92.674298 0.0 0.4
45.918586 -92.665562 0.0 0.4
45.924442 -92.65612499999999 0.0 0.4
45.924634999999995 -92.644531 0.0 0.4
45.933541 -92.63993599999999 0.0 0.4
45.932404 -92.62926 0.0 0.4
45.935078999999995 -92.619537 0.0 0.4
45.936999 -92.609642 0.0 0.4
45.941221999999996 -92.59871299999999 0.0 0.4
45.94254 -92.587875 0.0 0.4
45.946888 -92.578597 0.0 0.4
45.948558999999996 -92.56817099999999 0.0 0.4
45.951158 -92.558469 0.0 0.4
45.957038999999995 -92.549858 0.0 0.4
45.967084 -92.549994 0.0 0.4
45.97396 -92.54141299999999 0.0 0.4
45.980196 -92.533198 0.0 0.4
45.984203 -92.522032 0.0 0.4
45.981811 -92.510075 0.0 0.4
45.978957 -92.50019499999999 0.0 0.4
45.975457999999996 -92.49014199999999 0.0 0.4
45.97398 -92.47771399999999 0.0 0.4
45.975134 -92.46672799999999 0.0 0.4
45.984958 -92.46451599999999 0.0 0.4
45.991938 -92.454259 0.0 0.4
46.001583 -92.450492 0.0 0.4
46.009723 -92.44411199999999 0.0 0.4
46.019363 -92.438328 0.0 0.4
46.024240999999996 -92.428555 0.0 0.4
46.026886999999995 -92.417379 0.0 0.4
46.025965 -92.407218 0.0 0.4
46.021615 -92.397202 0.0 0.4
46.018074 -92.386754 0.0 0.4
46.015938999999996 -92.37630899999999 0.0 0.4
46.01361 -92.36605399999999 0.0 0.4
46.014241999999996 -92.356033 0.0 0.4
46.022728 -92.349683 0.0 0.4
46.031020999999996 -92.34316299999999 0.0 0.4
46.041720999999995 -92.34358399999999 0.0 0.4
46.051282 -92.338307 0.0 0.4
46.061288999999995 -92.333961 0.0 0.4
46.067113 -92.325274 0.0 0.4
46.069769 -92.31530599999999 0.0 0.4
46.072672 -92.30463999999999 0.0 0.4
46.074309 -92.294327 0.0 0.4
46.084638999999996 -92.29411999999999 0.0 0.4
46.09465 -92.293824 0.0 0.4
46.105421 -92.2937 0.0 0.4
46.122462999999996 -92.29357 0.0 0.4
46.142998 -92.293652 0.0 0.4
46.154142 -92.293694 0.0 0.4
46.164511999999995 -92.293509 0.0 0.4
46.174814 -92.293065 0.0 0.4
46.185508999999996 -92.293309 0.0 0.4
46.198218999999995 -92.293129 0.0 0.4
46.208529 -92.29311899999999 0.0 0.4
46.221128 -92.293103 0.0 0.4
46.23294 -92.29307 0.0 0.4
46.24346 -92.29325 0.0 0.4
46.257771999999996 -92.29348 0.0 0.4
46.277241 -92.29320799999999 0.0 0.4
46.287785 -92.293065 0.0 0.4
46.298938 -92.29274699999999 0.0 0.4
46.311442 -92.29258999999999 0.0 0.4
46.321596 -92.292739 0.0 0.4
46.331958 -92.29299499999999 0.0 0.4
46.34281 -92.29298999999999 0.0 0.4
46.363245 -92.292994 0.0 0.4
46.374987999999995 -92.29301699999999 0.0 0.4
46.407779999999995 -92.292895 0.0 0.4
46.423871 -92.29261799999999 0.0 0.4
46.437205999999996 -92.29263999999999 0.0 0.4
46.448774 -92.292593 0.0 0.4
46.471247999999996 -92.292326 0.0 0.4
46.482229 -92.29227 0.0 0.4
46.49312 -92.29226 0.0 0.4
46.503997 -92.29197599999999 0.0 0.4
46.521423999999996 -92.29190299999999 0.0 0.4
46.532778 -92.291855 0.0 0.4
46.547241 -92.291794 0.0 0.4
46.557432 -92.29177 0.0 0.4
46.56789 -92.29174499999999 0.0 0.4
46.583475 -92.29171 0.0 0.4
46.594465 -92.291681 0.0 0.4
46.604648999999995 -92.291647 0.0 0.4
46.614931 -92.29162099999999 0.0 0.4
46.624941 -92.291597 0.0 0.4
46.637294999999995 -92.29163299999999 0.0 0.4
46.650301 -92.291834 0.0 0.4
46.662076 -92.292136 0.0 0.4
46.658640999999996 -92.278491 0.0 0.4
46.650741 -92.270592 0.0 0.4
46.655238 -92.26164399999999 0.0 0.4
46.656524999999995 -92.25160000000001 0.0 0.4
46.649943 -92.24352999999999 0.0 0.4
46.651686999999995 -92.231562 0.0 0.4
46.651263 -92.21999799999999 0.0 0.4
46.651399 -92.20852599999999 0.0 0.4
46.659059 -92.20192399999999 0.0 0.4
46.670241 -92.19949199999999 0.0 0.4
46.677130999999996 -92.19162399999999 0.0 0.4
46.68022 -92.181438 0.0 0.4
46.690473 -92.176259 0.0 0.4
46.696003999999995 -92.189363 0.0 0.4
46.696819999999995 -92.20055699999999 0.0 0.4
46.707606999999996 -92.197471 0.0 0.4
46.715953 -92.191587 0.0 0.4
46.716741 -92.178891 0.0 0.4
46.719747999999996 -92.167923 0.0 0.4
46.715939999999996 -92.155191 0.0 0.4
46.718844999999995 -92.14527 0.0 0.4
46.730506 -92.143355 0.0 0.4
46.73954 -92.13789 0.0 0.4
46.743866 -92.12779599999999 0.0 0.4
46.74784 -92.118472 0.0 0.4
46.749016 -92.108498 0.0 0.4
46.749050999999994 -92.09828499999999 0.0 0.4
46.747890999999996 -92.08767399999999 0.0 0.4
46.735865 -92.071422 0.0 0.4
46.728082 -92.060531 0.0 0.4
46.717672 -92.046229 0.0 0.4
46.708939 -92.03398899999999 0.0 0.4
46.705132 -92.02337399999999 0.0 0.4
46.707324 -92.01352899999999 0.0 0.4
46.712616 -92.00255 0.0 0.4
46.718998 -91.989592 0.0 0.4
46.726887 -91.971319 0.0 0.4
46.738274999999994 -91.94125299999999 0.0 0.4
46.742072 -91.931232 0.0 0.4
46.746317999999995 -91.92002199999999 0.0 0.4
46.759056 -91.886395 0.0 0.4
46.763303 -91.875186 0.0 0.4
46.769608999999996 -91.859414 0.0 0.4
46.788531 -91.812101 0.0 0.4
46.794838 -91.79633 0.0 0.4
46.813219 -91.750182 0.0 0.4
46.862258999999995 -91.625181 0.0 0.4
46.868381 -91.609212 0.0 0.4
46.874935 -91.592117 0.0 0.4
46.892727 -91.550575 0.0 0.4
46.897234 -91.53954399999999 0.0 0.4
46.909298 -91.510021 0.0 0.4
46.91332 -91.500181 0.0 0.4
46.93064 -91.46407099999999 0.0 0.4
46.973279 -91.37518 0.0 0.4
46.982603999999995 -91.355745 0.0 0.4
46.999928999999995 -91.319638 0.0 0.4
47.011084 -91.295853 0.0 0.4
47.022275 -91.271993 0.0 0.4
47.029894 -91.255749 0.0 0.4
47.095216 -91.116609 0.0 0.4
47.119791 -91.06408499999999 0.0 0.4
47.131167 -91.03983099999999 0.0 0.4
47.149758 -91.000198 0.0 0.4
47.158324 -90.981594 0.0 0.4
47.184000000000005 -90.92583599999999 0.0 0.4
47.19256 -90.90724999999999 0.0 0.4
47.20438 -90.881582 0.0 0.4
47.210235 -90.868889 0.0 0.4
47.217628999999995 -90.852892 0.0 0.4
47.237631 -90.809614 0.0 0.4
47.244299 -90.795189 0.0 0.4
47.248822999999994 -90.785484 0.0 0.4
47.253015999999995 -90.77637399999999 0.0 0.4
47.260534 -90.760335 0.0 0.4
47.265336 -90.75004899999999 0.0 0.4
47.307248 -90.660178 0.0 0.4
47.308730999999995 -90.62515599999999 0.0 0.4
47.306329 -90.500151 0.0 0.4
47.304413 -90.421624 0.0 0.4
47.303180999999995 -90.375249 0.0 0.4
47.30027 -90.264218 0.0 0.4
47.299890999999995 -90.25014 0.0 0.4
47.298873 -90.2114 0.0 0.4
47.296608 -90.125136 0.0 0.4
47.294518 -90.05295199999999 0.0 0.4
47.292989 -90.00013899999999 0.0 0.4
47.29148 -89.96570899999999 0.0 0.4
47.275876 -89.96571 0.0 0.4
47.230194999999995 -89.991536 0.0 0.4
47.214968999999996 -90.00014499999999 0.0 0.4
47.180445999999996 -90.02257399999999 0.0 0.4
47.12493 -90.058644 0.0 0.4
47.07665 -90.089512 0.0 0.4
47.041964 -90.111689 0.0 0.4
47.020679 -90.125164 0.0 0.4
46.999936999999996 -90.139252 0.0 0.4
46.874939999999995 -90.220022 0.0 0.4
46.847007 -90.23813899999999 0.0 0.4
46.828454 -90.250174 0.0 0.4
46.798182 -90.269622 0.0 0.4
46.763534 -90.292001 0.0 0.4
46.659591999999996 -90.359138 0.0 0.4
46.624945 -90.381518 0.0 0.4
46.593334999999996 -90.401184 0.0 0.4
46.581559 -90.408548 0.0 0.4
46.571988999999995 -90.414593 0.0 0.4
46.560629999999996 -90.41497 0.0 0.4
46.553599 -90.40768 0.0 0.4
46.545224999999995 -90.40216199999999 0.0 0.4
46.537119 -90.396023 0.0 0.4
46.533791 -90.385955 0.0 0.4
46.537363 -90.376513 0.0 0.4
46.541163 -90.367083 0.0 0.4
46.539173999999996 -90.35661499999999 0.0 0.4
46.544232 -90.347751 0.0 0.4
46.549946999999996 -90.339523 0.0 0.4
46.550582 -90.329467 0.0 0.4
46.546372 -90.320351 0.0 0.4
46.539542 -90.31299399999999 0.0 0.4
46.529193 -90.312013 0.0 0.4
46.520073 -90.317104 0.0 0.4
46.518437 -90.307197 0.0 0.4
46.518944 -90.296994 0.0 0.4
46.518909 -90.285856 0.0 0.4
46.524439 -90.277349 0.0 0.4
46.514432 -90.277378 0.0 0.4
46.505139 -90.272976 0.0 0.4
46.502668 -90.263139 0.0 0.4
46.504692 -90.252647 0.0 0.4
46.505761 -90.242665 0.0 0.4
46.509257 -90.23299 0.0 0.4
46.502615 -90.225473 0.0 0.4
46.500405 -90.21557399999999 0.0 0.4
46.490955 -90.212221 0.0 0.4
46.482352999999996 -90.20577899999999 0.0 0.4
46.474761 -90.199224 0.0 0.4
46.468439 -90.191435 0.0 0.4
46.45868 -90.189162 0.0 0.4
46.457809 -90.178691 0.0 0.4
46.447983 -90.17669699999999 0.0 0.4
46.439571 -90.17117499999999 0.0 0.4
46.433291999999994 -90.163285 0.0 0.4
46.423525999999995 -90.160608 0.0 0.4
46.413607 -90.158778 0.0 0.4
46.404446 -90.154551 0.0 0.4
46.397957 -90.146864 0.0 0.4
46.389292999999995 -90.141852 0.0 0.4
46.382311 -90.13418899999999 0.0 0.4
46.372279 -90.13403799999999 0.0 0.4
46.366372999999996 -90.12593199999999 0.0 0.4
46.359345 -90.118703 0.0 0.4
46.349315999999995 -90.118544 0.0 0.4
46.339209 -90.118724 0.0 0.4
46.33462 -90.10905199999999 0.0 0.4
46.329955999999996 -90.08515899999999 0.0 0.4
46.327878 -90.074518 0.0 0.4
46.325834 -90.063931 0.0 0.4
46.323676 -90.052691 0.0 0.4
46.321166 -90.039621 0.0 0.4
46.319182999999995 -90.029294 0.0 0.4
46.314053 -90.002775 0.0 0.4
46.311636 -89.99050199999999 0.0 0.4
46.308761999999994 -89.975686 0.0 0.4
46.30665 -89.964783 0.0 0.4
46.301282 -89.93705899999999 0.0 0.4
46.299378 -89.9272 0.0 0.4
46.297405 -89.916645 0.0 0.4
46.295663 -89.905616 0.0 0.4
46.293496999999995 -89.895806 0.0 0.4
46.290701999999996 -89.880511 0.0 0.4
46.288574999999994 -89.870544 0.0 0.4
46.286527 -89.859769 0.0 0.4
46.282999 -89.841197 0.0 0.4
46.280766 -89.82944499999999 0.0 0.4
46.276247999999995 -89.80572599999999 0.0 0.4
46.274218 -89.794997 0.0 0.4
46.271201999999995 -89.77990299999999 0.0 0.4
46.268691 -89.767506 0.0 0.4
46.265422 -89.74991899999999 0.0 0.4
46.263373 -89.739598 0.0 0.4
46.261424999999996 -89.72942499999999 0.0 0.4
46.259462 -89.719161 0.0 0.4
46.257540999999996 -89.70915 0.0 0.4
46.255683 -89.69932399999999 0.0 0.4
46.253581 -89.688161 0.0 0.4
46.251315 -89.67647699999999 0.0 0.4
46.248954999999995 -89.663637 0.0 0.4
46.245923 -89.649202 0.0 0.4
46.243733 -89.638046 0.0 0.4
46.241436 -89.62523 0.0 0.4
46.238371 -89.608511 0.0 0.4
46.236079 -89.596707 0.0 0.4
46.233692999999995 -89.584465 0.0 0.4
46.231539999999995 -89.573438 0.0 0.4
46.229454 -89.562758 0.0 0.4
46.227565999999996 -89.55283999999999 0.0 0.4
46.224948999999995 -89.539615 0.0 0.4
46.221875 -89.522605 0.0 0.4
46.218536 -89.505819 0.0 0.4
46.216350999999996 -89.496005 0.0 0.4
46.214507 -89.485979 0.0 0.4
46.212204 -89.473944 0.0 0.4
46.210062 -89.463498 0.0 0.4
46.20795 -89.452601 0.0 0.4
46.206027 -89.442661 0.0 0.4
46.203795 -89.43110999999999 0.0 0.4
46.201828 -89.420964 0.0 0.4
46.199466 -89.408766 0.0 0.4
46.19754 -89.398871 0.0 0.4
46.195386 -89.38691899999999 0.0 0.4
46.193529999999996 -89.376369 0.0 0.4
46.187534 -89.345609 0.0 0.4
46.185393999999995 -89.33463599999999 0.0 0.4
46.183015999999995 -89.322445 0.0 0.4
46.18099 -89.312056 0.0 0.4
46.178962999999996 -89.301667 0.0 0.4
46.176119 -89.287213 0.0 0.4
46.17388 -89.27633 0.0 0.4
46.169014 -89.250434 0.0 0.4
46.167108 -89.239938 0.0 0.4
46.16417 -89.22443 0.0 0.4
46.161646 -89.211647 0.0 0.4
46.159417 -89.20128199999999 0.0 0.4
46.155941999999996 -89.18377699999999 0.0 0.4
46.153755 -89.171725 0.0 0.4
46.151745999999996 -89.161563 0.0 0.4
46.148933 -89.147728 0.0 0.4
46.146933 -89.137382 0.0 0.4
46.144994 -89.127496 0.0 0.4
46.142858 -89.11586299999999 0.0 0.4
46.141047 -89.105747 0.0 0.4
46.139131 -89.09535699999999 0.0 0.4
46.135743 -89.08494999999999 0.0 0.4
46.129782999999996 -89.07047 0.0 0.4
46.124914 -89.05867599999999 0.0 0.4
46.111847 -89.02655999999999 0.0 0.4
46.105985999999994 -89.01232 0.0 0.4
46.101088999999995 -89.000034 0.0 0.4
46.096970999999996 -88.989995 0.0 0.4
46.090204 -88.973323 0.0 0.4
46.086293 -88.96369 0.0 0.4
46.082491999999995 -88.954433 0.0 0.4
46.078378 -88.94428599999999 0.0 0.4
46.073971 -88.933497 0.0 0.4
46.069568 -88.92249799999999 0.0 0.4
46.065428 -88.912306 0.0 0.4
46.061538 -88.90274699999999 0.0 0.4
46.056200999999994 -88.889828 0.0 0.4
46.05019 -88.87513799999999 0.0 0.4
46.046169 -88.865236 0.0 0.4
46.040444 -88.85113299999999 0.0 0.4
46.032982999999994 -88.843941 0.0 0.4
46.029785 -88.833801 0.0 0.4
46.026449 -88.823521 0.0 0.4
46.020644 -88.815072 0.0 0.4
46.022000000000006 -88.804971 0.0 0.4
46.030955999999996 -88.799819 0.0 0.4
46.029176 -88.789901 0.0 0.4
46.0321 -88.780175 0.0 0.4
46.020934 -88.783891 0.0 0.4
46.017236999999994 -88.774346 0.0 0.4
46.025724 -88.768655 0.0 0.4
46.019763 -88.76003 0.0 0.4
46.023827 -88.75077499999999 0.0 0.4
46.027091 -88.740786 0.0 0.4
46.026790999999996 -88.730719 0.0 0.4
46.022321999999996 -88.721577 0.0 0.4
46.013036 -88.716568 0.0 0.4
46.017112999999995 -88.706722 0.0 0.4
46.016270999999996 -88.696513 0.0 0.4
46.014837 -88.686405 0.0 0.4
46.011565999999995 -88.676811 0.0 0.4
46.002645 -88.672257 0.0 0.4
45.993716 -88.667002 0.0 0.4
45.989419 -88.657938 0.0 0.4
45.988667 -88.647883 0.0 0.4
45.985060999999995 -88.63854599999999 0.0 0.4
45.98842 -88.628782 0.0 0.4
45.987975999999996 -88.618196 0.0 0.4
45.997276 -88.61381399999999 0.0 0.4
46.006445 -88.608841 0.0 0.4
46.015825 -88.604351 0.0 0.4
46.015311 -88.594315 0.0 0.4
46.006242 -88.58998299999999 0.0 0.4
46.007442999999995 -88.579989 0.0 0.4
46.013608 -88.57198799999999 0.0 0.4
46.014927 -88.56206499999999 0.0 0.4
46.01318 -88.55142599999999 0.0 0.4
46.013946999999995 -88.54086 0.0 0.4
46.02115 -88.533686 0.0 0.4
46.019608999999996 -88.523755 0.0 0.4
46.019801 -88.51353399999999 0.0 0.4
46.013326 -88.50580599999999 0.0 0.4
46.004062999999995 -88.50192299999999 0.0 0.4
45.995041 -88.496881 0.0 0.4
45.991121 -88.487618 0.0 0.4
45.992272 -88.47732099999999 0.0 0.4
46.000741 -88.471285 0.0 0.4
45.999564 -88.461338 0.0 0.4
45.992666 -88.453446 0.0 0.4
45.990674999999996 -88.44357699999999 0.0 0.4
45.987006 -88.433712 0.0 0.4
45.982644 -88.424534 0.0 0.4
45.975178 -88.417025 0.0 0.4
45.980027 -88.40814499999999 0.0 0.4
45.980467 -88.398006 0.0 0.4
45.983166999999995 -88.387939 0.0 0.4
45.991053 -88.38156 0.0 0.4
45.986246 -88.37264599999999 0.0 0.4
45.983185999999996 -88.36295 0.0 0.4
45.978684 -88.353973 0.0 0.4
45.973639 -88.344955 0.0 0.4
45.968759999999996 -88.335679 0.0 0.4
45.962125 -88.327944 0.0 0.4
45.961417999999995 -88.317816 0.0 0.4
45.9587 -88.30781999999999 0.0 0.4
45.954800999999996 -88.298215 0.0 0.4
45.952739 -88.288269 0.0 0.4
45.956081999999995 -88.278797 0.0 0.4
45.956795 -88.26863499999999 0.0 0.4
45.959649999999996 -88.25902599999999 0.0 0.4
45.963532 -88.246894 0.0 0.4
45.952864 -88.244833 0.0 0.4
45.947403 -88.23344499999999 0.0 0.4
45.948561 -88.223377 0.0 0.4
45.947522 -88.210538 0.0 0.4
45.950528999999996 -88.20067499999999 0.0 0.4
45.952177 -88.19068 0.0 0.4
45.948287 -88.180498 0.0 0.4
45.941023 -88.17263 0.0 0.4
45.939192 -88.162763 0.0 0.4
45.936837999999995 -88.152529 0.0 0.4
45.932466999999995 -88.143444 0.0 0.4
45.928618 -88.133803 0.0 0.4
45.921693 -88.126345 0.0 0.4
45.921831 -88.116119 0.0 0.4
45.922244 -88.105268 0.0 0.4
45.917356 -88.09651799999999 0.0 0.4
45.908803999999996 -88.103133 0.0 0.4
45.89913 -88.10695 0.0 0.4
45.889818999999996 -88.102358 0.0 0.4
45.88044 -88.09886 0.0 0.4
45.880554 -88.087599 0.0 0.4
45.876739 -88.07754899999999 0.0 0.4
45.866189999999996 -88.074396 0.0 0.4
45.863313999999995 -88.084076 0.0 0.4
45.854839999999996 -88.090267 0.0 0.4
45.849137 -88.099109 0.0 0.4
45.841663999999994 -88.106169 0.0 0.4
45.836611999999995 -88.115223 0.0 0.4
45.829978999999994 -88.12390099999999 0.0 0.4
45.824155999999995 -88.13245599999999 0.0 0.4
45.813947 -88.13309199999999 0.0 0.4
45.80753 -88.125134 0.0 0.4
45.803883 -88.115122 0.0 0.4
45.800388999999996 -88.105617 0.0 0.4
45.790777999999996 -88.10248399999999 0.0 0.4
45.785284 -88.09335399999999 0.0 0.4
45.785266 -88.08260299999999 0.0 0.4
45.780653 -88.073717 0.0 0.4
45.780476 -88.063383 0.0 0.4
45.780806999999996 -88.052951 0.0 0.4
45.783704 -88.043185 0.0 0.4
45.789766 -88.034849 0.0 0.4
45.790006999999996 -88.02394799999999 0.0 0.4
45.792392 -88.013323 0.0 0.4
45.794090999999995 -88.001593 0.0 0.4
45.795393 -87.991447 0.0 0.4
45.784546999999996 -87.983419 0.0 0.4
45.774746 -87.98597 0.0 0.4
45.767230999999995 -87.977543 0.0 0.4
45.764021 -87.96696999999999 0.0 0.4
45.75738 -87.95937099999999 0.0 0.4
45.757905 -87.949131 0.0 0.4
45.75812 -87.938413 0.0 0.4
45.760110999999995 -87.92790000000001 0.0 0.4
45.759372 -87.917887 0.0 0.4
45.759524 -87.90666 0.0 0.4
45.752503 -87.89836299999999 0.0 0.4
45.75403 -87.888077 0.0 0.4
45.754379 -87.876898 0.0 0.4
45.749477 -87.868111 0.0 0.4
45.740258999999995 -87.863875 0.0 0.4
45.730543 -87.858556 0.0 0.4
45.725046 -87.850048 0.0 0.4
45.719001 -87.841173 0.0 0.4
45.714915 -87.831463 0.0 0.4
45.712388999999995 -87.819232 0.0 0.4
45.708968999999996 -87.808397 0.0 0.4
45.697993 -87.80672299999999 0.0 0.4
45.691876 -87.797919 0.0 0.4
45.68718 -87.78772699999999 0.0 0.4
45.679651 -87.78076899999999 0.0 0.4
45.672095 -87.788024 0.0 0.4
45.670514 -87.79799899999999 0.0 0.4
45.665572 -87.807259 0.0 0.4
45.663647999999995 -87.817452 0.0 0.4
45.655162 -87.82351799999999 0.0 0.4
45.644791 -87.819514 0.0 0.4
45.638732 -87.810195 0.0 0.4
45.629794 -87.80509099999999 0.0 0.4
45.623711 -87.797108 0.0 0.4
45.616304 -87.789403 0.0 0.4
45.612986 -87.77982399999999 0.0 0.4
45.602824 -87.77570899999999 0.0 0.4
45.591992 -87.777243 0.0 0.4
45.584111 -87.785303 0.0 0.4
45.574059 -87.78744499999999 0.0 0.4
45.564262 -87.790684 0.0 0.4
45.562667999999995 -87.80332 0.0 0.4
45.565174999999996 -87.813746 0.0 0.4
45.567220999999996 -87.823763 0.0 0.4
45.562529 -87.833592 0.0 0.4
45.553847999999995 -87.822974 0.0 0.4
45.548615999999996 -87.81373699999999 0.0 0.4
45.541661999999995 -87.806358 0.0 0.4
45.531244 -87.80471999999999 0.0 0.4
45.518056 -87.802494 0.0 0.4
45.508033 -87.799787 0.0 0.4
45.499967 -87.79276899999999 0.0 0.4
45.490413 -87.79770099999999 0.0 0.4
45.481930999999996 -87.80351 0.0 0.4
45.472262 -87.806347 0.0 0.4
45.464707 -87.81299899999999 0.0 0.4
45.459781 -87.822079 0.0 0.4
45.456621999999996 -87.831972 0.0 0.4
45.449608 -87.84056 0.0 0.4
45.442665 -87.851604 0.0 0.4
45.435567999999996 -87.860129 0.0 0.4
45.425371999999996 -87.86055499999999 0.0 0.4
45.416163999999995 -87.856264 0.0 0.4
45.408659 -87.849615 0.0 0.4
45.400147 -87.85652499999999 0.0 0.4
45.39006 -87.858262 0.0 0.4
45.384423 -87.86687099999999 0.0 0.4
45.379217 -87.87552 0.0 0.4
45.36908 -87.876241 0.0 0.4
45.363116 -87.884379 0.0 0.4
45.35311 -87.886949 0.0 0.4
45.353632999999995 -87.876542 0.0 0.4
45.363614999999996 -87.87511099999999 0.0 0.4
45.361115 -87.865163 0.0 0.4
45.351192 -87.860871 0.0 0.4
45.347491999999995 -87.85041799999999 0.0 0.4
45.344555 -87.839247 0.0 0.4
45.352249 -87.832612 0.0 0.4
45.352669 -87.822501 0.0 0.4
45.351363 -87.810859 0.0 0.4
45.353608 -87.80046399999999 0.0 0.4
45.353445 -87.79039 0.0 0.4
45.350159999999995 -87.779214 0.0 0.4
45.351195999999995 -87.76926 0.0 0.4
45.348858 -87.758606 0.0 0.4
45.355182 -87.75054 0.0 0.4
45.3564 -87.740409 0.0 0.4
45.364432 -87.733409 0.0 0.4
45.371924 -87.725096 0.0 0.4
45.378175999999996 -87.71657599999999 0.0 0.4
45.382507 -87.707428 0.0 0.4
45.388264 -87.69895799999999 0.0 0.4
45.389480999999996 -87.68878 0.0 0.4
45.384057 -87.680219 0.0 0.4
45.376439999999995 -87.672518 0.0 0.4
45.372006999999996 -87.663354 0.0 0.4
45.364128 -87.656763 0.0 0.4
45.354251 -87.653482 0.0 0.4
45.345231999999996 -87.647454 0.0 0.4
45.335415999999995 -87.652418 0.0 0.4
45.328717999999995 -87.66043599999999 0.0 0.4
45.318236999999996 -87.66368 0.0 0.4
45.311541 -87.67127099999999 0.0 0.4
45.305512 -87.67935399999999 0.0 0.4
45.298562 -87.686996 0.0 0.4
45.288739 -87.691586 0.0 0.4
45.280908 -87.698466 0.0 0.4
45.270584 -87.69838999999999 0.0 0.4
45.264036999999995 -87.705957 0.0 0.4
45.254326999999996 -87.709442 0.0 0.4
45.244203999999996 -87.711666 0.0 0.4
45.236461 -87.719624 0.0 0.4
45.22582 -87.72160699999999 0.0 0.4
45.217383999999996 -87.72733799999999 0.0 0.4
45.207287 -87.72995 0.0 0.4
45.202289 -87.73928 0.0 0.4
45.192039 -87.739097 0.0 0.4
45.182078 -87.737061 0.0 0.4
45.172000999999995 -87.735857 0.0 0.4
45.168375999999995 -87.72578299999999 0.0 0.4
45.161190999999995 -87.71790999999999 0.0 0.4
45.157761 -87.70838599999999 0.0 0.4
45.151188 -87.70061799999999 0.0 0.4
45.14868 -87.690613 0.0 0.4
45.142586 -87.68218499999999 0.0 0.4
45.134481 -87.67576799999999 0.0 0.4
45.123768 -87.673909 0.0 0.4
45.116951 -87.66584399999999 0.0 0.4
45.107862 -87.66052599999999 0.0 0.4
45.106888 -87.64899299999999 0.0 0.4
45.106550999999996 -87.63828699999999 0.0 0.4
45.10335 -87.62771699999999 0.0 0.4
45.100077999999996 -87.614953 0.0 0.4
45.097555 -87.60411099999999 0.0 0.4
45.09505 -87.59341099999999 0.0 0.4
45.095847 -87.577919 0.0 0.4
45.085705999999995 -87.507632 0.0 0.4
45.083991 -87.49449 0.0 0.4
45.081058 -87.473761 0.0 0.4
45.076471 -87.44275999999999 0.0 0.4
45.087629 -87.43923099999999 0.0 0.4
45.111771999999995 -87.432419 0.0 0.4
45.124986 -87.428428 0.0 0.4
45.201969 -87.405694 0.0 0.4
45.214971999999996 -87.37510999999999 0.0 0.4
45.240657 -87.315422 0.0 0.4
45.249983 -87.303831 0.0 0.4
45.275354 -87.27133099999999 0.0 0.4
45.291919 -87.250113 0.0 0.4
45.30034 -87.238405 0.0 0.4
45.308358 -87.228034 0.0 0.4
45.333416 -87.19578299999999 0.0 0.4
45.35254 -87.17116999999999 0.0 0.4
45.370418 -87.157732 0.0 0.4
45.409487 -87.127826 0.0 0.4
45.423308999999996 -87.117209 0.0 0.4
45.44423 -87.10113299999999 0.0 0.4
45.444202999999995 -87.076887 0.0 0.4
45.444119 -87.000121 0.0 0.4
45.444036 -86.963363 0.0 0.4
45.444 -86.93224 0.0 0.4
45.443957 -86.904709 0.0 0.4
45.443884999999995 -86.875121 0.0 0.4
45.443872999999996 -86.86134799999999 0.0 0.4
45.443795 -86.841036 0.0 0.4
45.443785 -86.818826 0.0 0.4
45.443736 -86.797223 0.0 0.4
45.443691 -86.777987 0.0 0.4
45.443642 -86.756512 0.0 0.4
45.4319 -86.725427 0.0 0.4
45.396806 -86.639448 0.0 0.4
45.390957 -86.625117 0.0 0.4
45.37499 -86.58572 0.0 0.4
45.339895 -86.500113 0.0 0.4
45.324974 -86.464518 0.0 0.4
45.288246 -86.375106 0.0 0.4
45.267900000000004 -86.32576 0.0 0.4
45.249983 -86.282304 0.0 0.4
45.236936 -86.25136599999999 0.0 0.4
45.186709 -86.331109 0.0 0.4
45.160084 -86.375104 0.0 0.4
45.127077 -86.429682 0.0 0.4
45.0808 -86.49992999999999 0.0 0.4
45.050449 -86.528212 0.0 0.4
45.010407 -86.56550999999999 0.0 0.4
45.000375 -86.574855 0.0 0.4
44.960421 -86.612449 0.0 0.4
44.946973 -86.625103 0.0 0.4
44.934829 -86.636365 0.0 0.4
44.881001999999995 -86.68628799999999 0.0 0.4
44.85077 -86.699834 0.0 0.4
44.773074 -86.734529 0.0 0.4
44.763161 -86.738962 0.0 0.4
44.75 -86.74485 0.0 0.4
44.739498999999995 -86.750103 0.0 0.4
44.675219 -86.778398 0.0 0.4
44.624849 -86.80053099999999 0.0 0.4
44.519428999999995 -86.84692799999999 0.0 0.4
44.500339 -86.855184 0.0 0.4
44.440795 -86.874561 0.0 0.4
44.375673 -86.902716 0.0 0.4
44.328824999999995 -86.923403 0.0 0.4
44.318514 -86.927857 0.0 0.4
44.249992999999996 -86.958022 0.0 0.4
44.236641999999996 -86.96396399999999 0.0 0.4
44.182649 -86.98799799999999 0.0 0.4
44.156712 -86.99926099999999 0.0 0.4
44.138188 -87.010618 0.0 0.4
44.125001 -87.014842 0.0 0.4
44.10169 -87.021067 0.0 0.4
44.064191 -87.03042599999999 0.0 0.4
44.0 -87.046249 0.0 0.4
43.988918999999996 -87.051637 0.0 0.4
43.894774 -87.075335 0.0 0.4
43.820113 -87.093109 0.0 0.4
43.804759999999995 -87.096852 0.0 0.4
43.770382 -87.105232 0.0 0.4
43.75 -87.1102 0.0 0.4
43.734201999999996 -87.11408 0.0 0.4
43.670445 -87.125079 0.0 0.4
43.659518 -87.125607 0.0 0.4
43.646910999999996 -87.12655699999999 0.0 0.4
43.625001999999995 -87.12820699999999 0.0 0.4
43.608427999999996 -87.129513 0.0 0.4
43.541666 -87.13477499999999 0.0 0.4
43.528445 -87.134971 0.0 0.4
43.508282 -87.136468 0.0 0.4
43.495138 -87.138561 0.0 0.4
43.480543 -87.13965 0.0 0.4
43.470003999999996 -87.14043799999999 0.0 0.4
43.379858999999996 -87.147166 0.0 0.4
43.298114 -87.135319 0.0 0.4
43.250008 -87.128269 0.0 0.4
43.234618999999995 -87.12584 0.0 0.4
43.205864 -87.12147999999999 0.0 0.4
43.191973 -87.119198 0.0 0.4
43.125009999999996 -87.108397 0.0 0.4
43.109319 -87.106477 0.0 0.4
43.099273 -87.105136 0.0 0.4
43.070887 -87.101345 0.0 0.4
43.042317 -87.09752999999999 0.0 0.4
43.021164999999996 -87.094706 0.0 0.4
43.000014 -87.091881 0.0 0.4
42.982639999999996 -87.089382 0.0 0.4
42.949949 -87.084679 0.0 0.4
42.899882999999996 -87.077477 0.0 0.4
42.875015999999995 -87.07390099999999 0.0 0.4
42.844107 -87.069693 0.0 0.4
42.806861 -87.064527 0.0 0.4
42.770939999999996 -87.059514 0.0 0.4
42.750018 -87.05635199999999 0.0 0.4
42.663729 -87.043899 0.0 0.4
42.625021 -87.038404 0.0 0.4
42.612868 -87.03674199999999 0.0 0.4
42.531934 -87.025669 0.0 0.4
42.503671 -87.021802 0.0 0.4
42.493763 -87.019863 0.0 0.4
42.49368 -87.125051 0.0 0.4
42.493643999999996 -87.165962 0.0 0.4
42.493593 -87.22469799999999 0.0 0.4
42.493570999999996 -87.25005399999999 0.0 0.4
42.493815 -87.375058 0.0 0.4
42.493522999999996 -87.500061 0.0 0.4
42.493044 -87.60404299999999 0.0 0.4
42.492948 -87.62506599999999 0.0 0.4
42.492691 -87.749282 0.0 0.4
42.491913 -87.78470999999999 0.0 0.4
42.49192 -87.79727199999999 0.0 0.4
42.492664 -87.808855 0.0 0.4
42.492802 -87.821912 0.0 0.4
42.49292 -87.832532 0.0 0.4
42.49303 -87.84265099999999 0.0 0.4
42.493168999999995 -87.852869 0.0 0.4
42.493325999999996 -87.863928 0.0 0.4
42.493489 -87.87396 0.0 0.4
42.493652999999995 -87.884096 0.0 0.4
42.493893 -87.897668 0.0 0.4
42.494043 -87.908202 0.0 0.4
42.494163 -87.918784 0.0 0.4
42.49433 -87.93136799999999 0.0 0.4
42.494586 -87.94955999999999 0.0 0.4
42.494755999999995 -87.961772 0.0 0.4
42.494924999999995 -87.980975 0.0 0.4
42.494943 -87.991326 0.0 0.4
42.494959 -88.00242899999999 0.0 0.4
42.495036999999996 -88.01753099999999 0.0 0.4
42.495172 -88.030563 0.0 0.4
42.495283 -88.04226 0.0 0.4
42.49547 -88.058702 0.0 0.4
42.495551 -88.068755 0.0 0.4
42.495619 -88.07889399999999 0.0 0.4
42.495630999999996 -88.08997 0.0 0.4
42.495621 -88.100177 0.0 0.4
42.495611 -88.11153399999999 0.0 0.4
42.495602999999996 -88.12371399999999 0.0 0.4
42.495602999999996 -88.13587299999999 0.0 0.4
42.495559 -88.147837 0.0 0.4
42.495481 -88.159797 0.0 0.4
42.495342 -88.176869 0.0 0.4
42.49525 -88.18705899999999 0.0 0.4
42.495141 -88.198576 0.0 0.4
42.495135 -88.21142499999999 0.0 0.4
42.495028 -88.223702 0.0 0.4
42.494926 -88.234276 0.0 0.4
42.494879 -88.246455 0.0 0.4
42.494889 -88.257027 0.0 0.4
42.494690999999996 -88.267141 0.0 0.4
42.494817999999995 -88.277149 0.0 0.4
42.49474 -88.28862699999999 0.0 0.4
42.494651 -88.299207 0.0 0.4
42.494617999999996 -88.31029199999999 0.0 0.4
42.494617999999996 -88.321941 0.0 0.4
42.494617 -88.333826 0.0 0.4
42.494617999999996 -88.354993 0.0 0.4
42.494518 -88.375086 0.0 0.4
42.494516 -88.389994 0.0 0.4
42.494617999999996 -88.409245 0.0 0.4
42.494597 -88.420587 0.0 0.4
42.494668999999995 -88.43163299999999 0.0 0.4
42.494734 -88.44232099999999 0.0 0.4
42.494769999999995 -88.45329799999999 0.0 0.4
42.494757 -88.463696 0.0 0.4
42.494617999999996 -88.474038 0.0 0.4
42.494617999999996 -88.486014 0.0 0.4
42.494617999999996 -88.496034 0.0 0.4
42.494778 -88.507131 0.0 0.4
42.49492 -88.52570899999999 0.0 0.4
42.494955999999995 -88.537402 0.0 0.4
42.494971 -88.550221 0.0 0.4
42.495006 -88.560518 0.0 0.4
42.495006 -88.58339099999999 0.0 0.4
42.495047 -88.59628099999999 0.0 0.4
42.495093999999995 -88.60669399999999 0.0 0.4
42.49507 -88.619078 0.0 0.4
42.494983999999995 -88.63864199999999 0.0 0.4
42.494844 -88.656053 0.0 0.4
42.494568 -88.66834 0.0 0.4
42.494229 -88.68060799999999 0.0 0.4
42.493824 -88.697881 0.0 0.4
42.493519 -88.710141 0.0 0.4
42.493213 -88.72179799999999 0.0 0.4
42.492905 -88.732355 0.0 0.4
42.492494 -88.74427 0.0 0.4
42.492079 -88.761679 0.0 0.4
42.491918999999996 -88.77513599999999 0.0 0.4
42.491989 -88.794933 0.0 0.4
42.492166999999995 -88.81396 0.0 0.4
42.492377 -88.825015 0.0 0.4
42.493043 -88.850512 0.0 0.4
42.493506 -88.860733 0.0 0.4
42.493776 -88.874645 0.0 0.4
42.493961 -88.884839 0.0 0.4
42.494400999999996 -88.906323 0.0 0.4
42.494626 -88.917999 0.0 0.4
42.494887999999996 -88.931769 0.0 0.4
42.495104 -88.942369 0.0 0.4
42.495503 -88.964792 0.0 0.4
42.495703999999996 -88.975984 0.0 0.4
42.495912 -88.98679899999999 0.0 0.4
42.496033999999995 -88.997738 0.0 0.4
42.496078999999995 -89.00804 0.0 0.4
42.496099 -89.01871799999999 0.0 0.4
42.496145 -89.029962 0.0 0.4
42.496193 -89.040093 0.0 0.4
42.496227 -89.05029499999999 0.0 0.4
42.496235 -89.06094 0.0 0.4
42.496206 -89.071146 0.0 0.4
42.49634 -89.083421 0.0 0.4
42.496472 -89.095039 0.0 0.4
42.496736999999996 -89.108522 0.0 0.4
42.49689 -89.118533 0.0 0.4
42.497082 -89.12903899999999 0.0 0.4
42.497147999999996 -89.14166999999999 0.0 0.4
42.497202 -89.151958 0.0 0.4
42.497257 -89.16315399999999 0.0 0.4
42.49737 -89.17361 0.0 0.4
42.497535 -89.184175 0.0 0.4
42.497664 -89.196499 0.0 0.4
42.497775999999995 -89.20870699999999 0.0 0.4
42.497915 -89.2191 0.0 0.4
42.497959 -89.229959 0.0 0.4
42.498081 -89.240146 0.0 0.4
42.497994 -89.250759 0.0 0.4
42.498160999999996 -89.261021 0.0 0.4
42.498855999999996 -89.291034 0.0 0.4
42.499083999999996 -89.302263 0.0 0.4
42.499280999999996 -89.31436 0.0 0.4
42.499451 -89.32458199999999 0.0 0.4
42.499635 -89.33490499999999 0.0 0.4
42.499803 -89.34490799999999 0.0 0.4
42.499984 -89.35672699999999 0.0 0.4
42.500088 -89.366896 0.0 0.4
42.500226999999995 -89.377979 0.0 0.4
42.500417 -89.391261 0.0 0.4
42.500554 -89.40140099999999 0.0 0.4
42.500678 -89.41180299999999 0.0 0.4
42.500854 -89.42322 0.0 0.4
42.50094 -89.43575899999999 0.0 0.4
42.501134 -89.450043 0.0 0.4
42.501269 -89.46372099999999 0.0 0.4
42.501404 -89.47419099999999 0.0 0.4
42.501515999999995 -89.49118299999999 0.0 0.4
42.501628 -89.50261499999999 0.0 0.4
42.50188 -89.512777 0.0 0.4
42.501981 -89.523811 0.0 0.4
42.502188 -89.539847 0.0 0.4
42.502494 -89.557735 0.0 0.4
42.502887 -89.572186 0.0 0.4
42.503253 -89.58402699999999 0.0 0.4
42.503572 -89.594471 0.0 0.4
42.50367 -89.606335 0.0 0.4
42.504165 -89.61977 0.0 0.4
42.504391 -89.63079499999999 0.0 0.4
42.504605999999995 -89.642648 0.0 0.4
42.504746 -89.654101 0.0 0.4
42.504889 -89.664358 0.0 0.4
42.505134 -89.686189 0.0 0.4
42.50515 -89.699106 0.0 0.4
42.505198 -89.714325 0.0 0.4
42.505244999999995 -89.73122099999999 0.0 0.4
42.505443 -89.742403 0.0 0.4
42.505413 -89.75381999999999 0.0 0.4
42.505410999999995 -89.765885 0.0 0.4
42.505483999999996 -89.78043699999999 0.0 0.4
42.505545999999995 -89.791146 0.0 0.4
42.505537 -89.801784 0.0 0.4
42.505646 -89.81394 0.0 0.4
42.50569 -89.823977 0.0 0.4
42.505725 -89.834527 0.0 0.4
42.50566 -89.844619 0.0 0.4
42.50575 -89.857473 0.0 0.4
42.505689 -89.867943 0.0 0.4
42.50575 -89.878603 0.0 0.4
42.505776999999995 -89.890323 0.0 0.4
42.505815 -89.901647 0.0 0.4
42.505779 -89.912346 0.0 0.4
42.505784 -89.924615 0.0 0.4
42.50573 -89.937315 0.0 0.4
42.505673 -89.95105 0.0 0.4
42.505846999999996 -89.961238 0.0 0.4
42.506206999999996 -89.97291 0.0 0.4
42.506513 -89.98486 0.0 0.4
42.506800000000005 -89.997227 0.0 0.4
42.506916 -90.00820499999999 0.0 0.4
42.507236999999996 -90.018547 0.0 0.4
42.507712 -90.031804 0.0 0.4
42.507957999999995 -90.050578 0.0 0.4
42.508148 -90.066192 0.0 0.4
42.508123 -90.084626 0.0 0.4
42.508193999999996 -90.09495 0.0 0.4
42.508122 -90.125125 0.0 0.4
42.508337999999995 -90.142406 0.0 0.4
42.508325 -90.157406 0.0 0.4
42.508168999999995 -90.17298199999999 0.0 0.4
42.508044999999996 -90.187078 0.0 0.4
42.507929999999995 -90.20223299999999 0.0 0.4
42.507827999999996 -90.212481 0.0 0.4
42.507768999999996 -90.22283499999999 0.0 0.4
42.507684999999995 -90.243494 0.0 0.4
42.507459999999995 -90.265294 0.0 0.4
42.507508 -90.279602 0.0 0.4
42.507475 -90.29067099999999 0.0 0.4
42.507504 -90.301875 0.0 0.4
42.507225999999996 -90.337273 0.0 0.4
42.507112 -90.353574 0.0 0.4
42.507157 -90.364085 0.0 0.4
42.507062999999995 -90.37512699999999 0.0 0.4
42.506931 -90.390571 0.0 0.4
42.506889 -90.401686 0.0 0.4
42.507023 -90.41865 0.0 0.4
42.50725 -90.43701 0.0 0.4
42.507484 -90.474955 0.0 0.4
42.507577999999995 -90.48587599999999 0.0 0.4
42.507618 -90.49627199999999 0.0 0.4
42.507512 -90.50672399999999 0.0 0.4
42.507585 -90.52170199999999 0.0 0.4
42.507746999999995 -90.53226 0.0 0.4
42.50781 -90.544355 0.0 0.4
42.507858 -90.555165 0.0 0.4
42.507757 -90.56535199999999 0.0 0.4
42.507766 -90.580558 0.0 0.4
42.507871 -90.591151 0.0 0.4
42.507967 -90.60341 0.0 0.4
42.508052 -90.61460699999999 0.0 0.4
42.508224 -90.624917 0.0 0.4
42.508302 -90.63662699999999 0.0 0.4
42.518282 -90.635875 0.0 0.4
42.527204999999995 -90.640644 0.0 0.4
42.536865999999996 -90.64335 0.0 0.4
42.546323 -90.64888499999999 0.0 0.4
42.554553999999996 -90.65703599999999 0.0 0.4
42.565632 -90.66096399999999 0.0 0.4
42.573183 -90.668279 0.0 0.4
42.579215 -90.677055 0.0 0.4
42.589614 -90.685487 0.0 0.4
42.600964 -90.688687 0.0 0.4
42.611356 -90.692501 0.0 0.4
42.620988 -90.698978 0.0 0.4
42.630756 -90.702671 0.0 0.4
42.637471999999995 -90.711749 0.0 0.4
42.642237 -90.72606999999999 0.0 0.4
42.644659 -90.738126 0.0 0.4
42.646781999999995 -90.748941 0.0 0.4
42.648722 -90.759365 0.0 0.4
42.651443 -90.76949499999999 0.0 0.4
42.653009999999995 -90.77969499999999 0.0 0.4
42.655003 -90.79290999999999 0.0 0.4
42.656667 -90.80330099999999 0.0 0.4
42.658176999999995 -90.81339799999999 0.0 0.4
42.659926 -90.823655 0.0 0.4
42.662178999999995 -90.837723 0.0 0.4
42.664111 -90.848727 0.0 0.4
42.66769 -90.862493 0.0 0.4
42.669638 -90.872863 0.0 0.4
42.671571 -90.883106 0.0 0.4
42.674123 -90.893847 0.0 0.4
42.677549 -90.903351 0.0 0.4
42.682949 -90.91340000000001 0.0 0.4
42.685500000000005 -90.92363399999999 0.0 0.4
42.683406999999995 -90.936927 0.0 0.4
42.685088 -90.947268 0.0 0.4
42.690830999999996 -90.959824 0.0 0.4
42.694834 -90.971779 0.0 0.4
42.701159 -90.98254 0.0 0.4
42.709415 -90.989634 0.0 0.4
42.716189 -91.00012799999999 0.0 0.4
42.720123 -91.009577 0.0 0.4
42.721523 -91.021394 0.0 0.4
42.72839 -91.030225 0.0 0.4
42.737322 -91.03538999999999 0.0 0.4
42.737866 -91.045625 0.0 0.4
42.742335 -91.054812 0.0 0.4
42.750578 -91.061013 0.0 0.4
42.761846999999996 -91.060261 0.0 0.4
42.768308999999995 -91.068359 0.0 0.4
42.778282999999995 -91.070724 0.0 0.4
42.789190999999995 -91.07327 0.0 0.4
42.799723 -91.07656 0.0 0.4
42.809626 -91.078569 0.0 0.4
42.820308999999995 -91.079314 0.0 0.4
42.829888 -91.08252499999999 0.0 0.4
42.830754 -91.09393399999999 0.0 0.4
42.843137 -91.093094 0.0 0.4
42.853167 -91.093493 0.0 0.4
42.864421 -91.09881999999999 0.0 0.4
42.875797999999996 -91.098238 0.0 0.4
42.885971 -91.104051 0.0 0.4
42.891842 -91.11283999999999 0.0 0.4
42.898277 -91.123156 0.0 0.4
42.901613 -91.132682 0.0 0.4
42.904697999999996 -91.143491 0.0 0.4
42.914421 -91.145933 0.0 0.4
42.924862999999995 -91.144075 0.0 0.4
42.936133999999996 -91.147955 0.0 0.4
42.946554 -91.14909 0.0 0.4
42.95651 -91.14554 0.0 0.4
42.967909 -91.14912199999999 0.0 0.4
42.975774 -91.155519 0.0 0.4
42.985712 -91.156807 0.0 0.4
42.996674 -91.159364 0.0 0.4
43.006333999999995 -91.163192 0.0 0.4
43.015969999999996 -91.16667 0.0 0.4
43.025414 -91.170718 0.0 0.4
43.035965999999995 -91.173504 0.0 0.4
43.048106999999995 -91.176124 0.0 0.4
43.062044 -91.17808699999999 0.0 0.4
43.07242 -91.177427 0.0 0.4
43.085454999999996 -91.176914 0.0 0.4
43.097181 -91.17575099999999 0.0 0.4
43.108326 -91.17606699999999 0.0 0.4
43.118627 -91.17772 0.0 0.4
43.128875 -91.177932 0.0 0.4
43.137384 -91.170372 0.0 0.4
43.140575 -91.160449 0.0 0.4
43.152404999999995 -91.14620000000001 0.0 0.4
43.161767999999995 -91.141834 0.0 0.4
43.173421999999995 -91.13591699999999 0.0 0.4
43.183702 -91.127698 0.0 0.4
43.193535999999995 -91.123896 0.0 0.4
43.201341 -91.117057 0.0 0.4
43.206578 -91.107931 0.0 0.4
43.214251999999995 -91.097903 0.0 0.4
43.221891 -91.08745599999999 0.0 0.4
43.228259 -91.079278 0.0 0.4
43.235164 -91.071857 0.0 0.4
43.243165 -91.062562 0.0 0.4
43.253968 -91.05790999999999 0.0 0.4
43.26011 -91.067077 0.0 0.4
43.26976 -91.071693 0.0 0.4
43.279177 -91.077111 0.0 0.4
43.287678 -91.08330199999999 0.0 0.4
43.301263999999996 -91.095303 0.0 0.4
43.308934 -91.102668 0.0 0.4
43.319331999999996 -91.117661 0.0 0.4
43.325075999999996 -91.12702499999999 0.0 0.4
43.329757 -91.137343 0.0 0.4
43.334826 -91.154806 0.0 0.4
43.339977 -91.16828799999999 0.0 0.4
43.34507 -91.17935 0.0 0.4
43.348267 -91.19413899999999 0.0 0.4
43.350477999999995 -91.20465 0.0 0.4
43.359002 -91.210256 0.0 0.4
43.368006 -91.21499 0.0 0.4
43.374289 -91.206797 0.0 0.4
43.383983 -91.201843 0.0 0.4
43.394203999999995 -91.19793399999999 0.0 0.4
43.408485999999996 -91.200527 0.0 0.4
43.419163 -91.202828 0.0 0.4
43.431159 -91.21357499999999 0.0 0.4
43.438241999999995 -91.22135 0.0 0.4
43.445536999999995 -91.22874999999999 0.0 0.4
43.454544 -91.233205 0.0 0.4
43.464158 -91.22646399999999 0.0 0.4
43.479696999999994 -91.21667599999999 0.0 0.4
43.491008 -91.217615 0.0 0.4
43.502731999999995 -91.217764 0.0 0.4
43.514434 -91.21829199999999 0.0 0.4
43.520781 -91.227981 0.0 0.4
43.528524999999995 -91.23477199999999 0.0 0.4
43.538492 -91.241877 0.0 0.4
43.54913 -91.24382 0.0 0.4
43.55959 -91.236257 0.0 0.4
43.569728 -91.232231 0.0 0.4
43.581821999999995 -91.231865 0.0 0.4
43.58976 -91.239109 0.0 0.4
43.596689999999995 -91.247953 0.0 0.4
43.603483999999995 -91.25826699999999 0.0 0.4
43.615348 -91.268748 0.0 0.4
43.62645 -91.268553 0.0 0.4
43.636807999999995 -91.263823 0.0 0.4
43.647662 -91.26385599999999 0.0 0.4
43.654928999999996 -91.271749 0.0 0.4
43.666623 -91.273252 0.0 0.4
43.678909999999995 -91.27217999999999 0.0 0.4
43.68974 -91.269143 0.0 0.4
43.701536 -91.268052 0.0 0.4
43.711608999999996 -91.26787999999999 0.0 0.4
43.719328 -91.261472 0.0 0.4
43.728353999999996 -91.256698 0.0 0.4
43.739335 -91.255467 0.0 0.4
43.749967 -91.253152 0.0 0.4
43.760267 -91.249434 0.0 0.4
43.77026 -91.244911 0.0 0.4
43.779937 -91.249907 0.0 0.4
43.787017999999996 -91.257288 0.0 0.4
43.795424 -91.263201 0.0 0.4
43.807266 -91.267737 0.0 0.4
43.816614 -91.27262999999999 0.0 0.4
43.826502 -91.276078 0.0 0.4
43.836579 -91.27730299999999 0.0 0.4
43.84489 -91.28306599999999 0.0 0.4
43.852207 -91.290193 0.0 0.4
43.856967 -91.29925899999999 0.0 0.4
43.86405 -91.306345 0.0 0.4
43.874964 -91.31294 0.0 0.4
43.884287 -91.31698899999999 0.0 0.4
43.89203 -91.325158 0.0 0.4
43.89686 -91.336613 0.0 0.4
43.904564 -91.343441 0.0 0.4
43.913275999999996 -91.349576 0.0 0.4
43.919173 -91.35874 0.0 0.4
43.927907 -91.36361099999999 0.0 0.4
43.937463 -91.366642 0.0 0.4
43.944278999999995 -91.37512199999999 0.0 0.4
43.951412 -91.38265899999999 0.0 0.4
43.957239 -91.391165 0.0 0.4
43.961563 -91.400213 0.0 0.4
43.968917999999995 -91.409437 0.0 0.4
43.979245 -91.419738 0.0 0.4
43.988448999999996 -91.42667399999999 0.0 0.4
43.99669 -91.432347 0.0 0.4
44.002790999999995 -91.445453 0.0 0.4
44.006301 -91.45737799999999 0.0 0.4
44.009518 -91.46744199999999 0.0 0.4
44.00803 -91.478498 0.0 0.4
44.010698 -91.489584 0.0 0.4
44.015398 -91.499601 0.0 0.4
44.020478 -91.516626 0.0 0.4
44.021623 -91.527778 0.0 0.4
44.022225999999996 -91.547028 0.0 0.4
44.024758 -91.556826 0.0 0.4
44.026216 -91.567146 0.0 0.4
44.026925 -91.580019 0.0 0.4
44.031372 -91.59206999999999 0.0 0.4
44.037859 -91.59975899999999 0.0 0.4
44.04707 -91.60701399999999 0.0 0.4
44.051956999999994 -91.616456 0.0 0.4
44.055420999999996 -91.627027 0.0 0.4
44.062169 -91.635908 0.0 0.4
44.063337 -91.646446 0.0 0.4
44.07009 -91.654322 0.0 0.4
44.080909999999996 -91.66344199999999 0.0 0.4
44.089022 -91.669517 0.0 0.4
44.0974 -91.68153 0.0 0.4
44.098569999999995 -91.69530999999999 0.0 0.4
44.102652 -91.704522 0.0 0.4
44.113980999999995 -91.709036 0.0 0.4
44.123577999999995 -91.71359299999999 0.0 0.4
44.130342 -91.721552 0.0 0.4
44.133013999999996 -91.73180099999999 0.0 0.4
44.134260999999995 -91.748325 0.0 0.4
44.139281 -91.760987 0.0 0.4
44.144411 -91.769815 0.0 0.4
44.150832 -91.78480499999999 0.0 0.4
44.154334999999996 -91.796669 0.0 0.4
44.159262 -91.808064 0.0 0.4
44.164235 -91.817302 0.0 0.4
44.173089 -91.82457 0.0 0.4
44.180308 -91.83247899999999 0.0 0.4
44.183935999999996 -91.842556 0.0 0.4
44.189195999999995 -91.851962 0.0 0.4
44.195488999999995 -91.862602 0.0 0.4
44.199166999999996 -91.87236899999999 0.0 0.4
44.208982999999996 -91.876374 0.0 0.4
44.217727 -91.881435 0.0 0.4
44.226285999999995 -91.88978999999999 0.0 0.4
44.236297 -91.892461 0.0 0.4
44.246398 -91.88790499999999 0.0 0.4
44.258027999999996 -91.891 0.0 0.4
44.266616 -91.896597 0.0 0.4
44.277172 -91.898697 0.0 0.4
44.282827999999995 -91.90887599999999 0.0 0.4
44.286496 -91.920282 0.0 0.4
44.29573 -91.92487899999999 0.0 0.4
44.303587 -91.918623 0.0 0.4
44.318093999999995 -91.916191 0.0 0.4
44.331387 -91.923851 0.0 0.4
44.338667 -91.935816 0.0 0.4
44.348796 -91.94959899999999 0.0 0.4
44.358449 -91.958596 0.0 0.4
44.364633 -91.968014 0.0 0.4
44.368372 -91.978574 0.0 0.4
44.3718 -91.993984 0.0 0.4
44.377117999999996 -92.002838 0.0 0.4
44.380243 -92.01452499999999 0.0 0.4
44.383395 -92.025139 0.0 0.4
44.387282 -92.03466499999999 0.0 0.4
44.39356 -92.044837 0.0 0.4
44.400377999999996 -92.05231599999999 0.0 0.4
44.404123999999996 -92.06163699999999 0.0 0.4
44.404016999999996 -92.072267 0.0 0.4
44.406863 -92.08258 0.0 0.4
44.410906 -92.09499699999999 0.0 0.4
44.413148 -92.107084 0.0 0.4
44.417044999999995 -92.116698 0.0 0.4
44.422236 -92.125318 0.0 0.4
44.424014 -92.135454 0.0 0.4
44.426186 -92.153224 0.0 0.4
44.42742 -92.163648 0.0 0.4
44.430952999999995 -92.18166 0.0 0.4
44.433792 -92.19537799999999 0.0 0.4
44.436859 -92.208258 0.0 0.4
44.440386 -92.221083 0.0 0.4
44.444496 -92.230856 0.0 0.4
44.451639 -92.239477 0.0 0.4
44.458507 -92.24734099999999 0.0 0.4
44.462474 -92.256644 0.0 0.4
44.467864 -92.26744699999999 0.0 0.4
44.473648999999995 -92.27678399999999 0.0 0.4
44.481035 -92.28611699999999 0.0 0.4
44.489291 -92.294378 0.0 0.4
44.497372 -92.300308 0.0 0.4
44.507039999999996 -92.30300000000001 0.0 0.4
44.517314999999996 -92.30268799999999 0.0 0.4
44.528756 -92.31082699999999 0.0 0.4
44.540254999999995 -92.315573 0.0 0.4
44.548716 -92.325554 0.0 0.4
44.553844 -92.335729 0.0 0.4
44.557148999999995 -92.347567 0.0 0.4
44.558507 -92.35756099999999 0.0 0.4
44.559182 -92.368298 0.0 0.4
44.558541 -92.380296 0.0 0.4
44.557643 -92.391545 0.0 0.4
44.558606 -92.40210499999999 0.0 0.4
44.560314999999996 -92.412954 0.0 0.4
44.558803 -92.426395 0.0 0.4
44.553546 -92.435085 0.0 0.4
44.556948 -92.447707 0.0 0.4
44.561769999999996 -92.45716 0.0 0.4
44.565042999999996 -92.468965 0.0 0.4
44.568307999999995 -92.48001 0.0 0.4
44.56623 -92.49046799999999 0.0 0.4
44.568003999999995 -92.50060599999999 0.0 0.4
44.571028999999996 -92.51053 0.0 0.4
44.575313 -92.519791 0.0 0.4
44.571394 -92.531975 0.0 0.4
44.566998999999996 -92.54164899999999 0.0 0.4
44.570553 -92.551186 0.0 0.4
44.580484999999996 -92.549522 0.0 0.4
44.588091999999996 -92.556443 0.0 0.4
44.596651 -92.56239599999999 0.0 0.4
44.603798 -92.569954 0.0 0.4
44.602073999999995 -92.58041899999999 0.0 0.4
44.605405 -92.59038699999999 0.0 0.4
44.611366 -92.60016 0.0 0.4
44.612018 -92.61025099999999 0.0 0.4
44.614929 -92.621642 0.0 0.4
44.625049 -92.621833 0.0 0.4
44.637017 -92.621167 0.0 0.4
44.64486 -92.62773399999999 0.0 0.4
44.652218 -92.639479 0.0 0.4
44.658082 -92.655788 0.0 0.4
44.663379 -92.664715 0.0 0.4
44.670871999999996 -92.673947 0.0 0.4
44.679604 -92.68327 0.0 0.4
44.688016999999995 -92.693578 0.0 0.4
44.696695999999996 -92.70688799999999 0.0 0.4
44.703812 -92.71734 0.0 0.4
44.710339 -92.726344 0.0 0.4
44.716412999999996 -92.73648999999999 0.0 0.4
44.721731 -92.74970499999999 0.0 0.4
44.726267 -92.76177 0.0 0.4
44.732077 -92.771948 0.0 0.4
44.739362 -92.79233599999999 0.0 0.4
44.745573 -92.80184899999999 0.0 0.4
44.753388 -92.80834 0.0 0.4
44.764567 -92.806401 0.0 0.4
44.774138 -92.802539 0.0 0.4
44.782128 -92.796184 0.0 0.4
44.789031 -92.787809 0.0 0.4
44.798066999999996 -92.78318 0.0 0.4
44.809025 -92.781792 0.0 0.4
44.818473999999995 -92.77548999999999 0.0 0.4
44.82819 -92.772438 0.0 0.4
44.836233 -92.76576299999999 0.0 0.4
44.847578 -92.76753599999999 0.0 0.4
44.857524999999995 -92.769415 0.0 0.4
44.868956 -92.7658 0.0 0.4
44.882967 -92.76960299999999 0.0 0.4
44.892796999999995 -92.774907 0.0 0.4
44.903802999999996 -92.768356 0.0 0.4
44.908978999999995 -92.758701 0.0 0.4
44.918566999999996 -92.75550199999999 0.0 0.4
44.928567 -92.752702 0.0 0.4
44.941567 -92.750802 0.0 0.4
44.952557999999996 -92.753575 0.0 0.4
44.962067999999995 -92.759202 0.0 0.4
44.968084 -92.767218 0.0 0.4
44.9787 -92.770259 0.0 0.4
44.989292999999996 -92.769277 0.0 0.4
44.999494 -92.771307 0.0 0.4
45.009115 -92.768118 0.0 0.4
45.018905 -92.76326 0.0 0.4
45.028886 -92.76476 0.0 0.4
45.036359 -92.773978 0.0 0.4
45.041669 -92.783638 0.0 0.4
45.047177999999995 -92.79328199999999 0.0 0.4
45.054806 -92.800485 0.0 0.4
45.064854 -92.80295199999999 0.0 0.4
45.07333 -92.796701 0.0 0.4
45.081044 -92.789498 0.0 0.4
45.085744 -92.780231 0.0 0.4
45.092343 -92.770164 0.0 0.4
45.0985 -92.76136 0.0 0.4
45.104518999999996 -92.75231099999999 0.0 0.4
45.109739999999995 -92.743765 0.0 0.4
45.119918 -92.742924 0.0 0.4
45.129746999999995 -92.747242 0.0 0.4
45.140228 -92.751148 0.0 0.4
45.150082999999995 -92.749185 0.0 0.4
45.160075 -92.75053299999999 0.0 0.4
45.169948 -92.752195 0.0 0.4
45.17819 -92.758158 0.0 0.4
45.185139 -92.76656899999999 0.0 0.4
45.199766 -92.76570799999999 0.0 0.4
45.20878 -92.75935 0.0 0.4
45.216865999999996 -92.752308 0.0 0.4
45.227703 -92.756514 0.0 0.4
45.238307999999996 -92.757503 0.0 0.4
45.2496 -92.760249 0.0 0.4
45.258140999999995 -92.754581 0.0 0.4
45.268144 -92.752628 0.0 0.4
45.276207 -92.758945 0.0 0.4
45.286985 -92.762042 0.0 0.4
45.292293 -92.753383 0.0 0.4
45.296876999999995 -92.74427299999999 0.0 0.4
45.302040999999996 -92.73495899999999 0.0 0.4
45.309287999999995 -92.72773699999999 0.0 0.4
45.31484 -92.719132 0.0 0.4
45.321168 -92.710179 0.0 0.4
45.331106999999996 -92.701962 0.0 0.4
45.340852999999996 -92.699215 0.0 0.4
45.351168 -92.703262 0.0 0.4
45.361981 -92.698634 0.0 0.4
45.367498999999995 -92.68964799999999 0.0 0.4
45.371897 -92.68065399999999 0.0 0.4
45.380891999999996 -92.67624599999999 0.0 0.4
45.388788999999996 -92.66980099999999 0.0 0.4
45.394836999999995 -92.661343 0.0 0.4
45.398145 -92.651241 0.0 0.4
45.408581999999996 -92.648299 0.0 0.4
45.419168 -92.650269 0.0 0.4
45.429618 -92.649152 0.0 0.4
45.439572999999996 -92.646591 0.0 0.4
45.449234999999994 -92.650352 0.0 0.4
45.456921 -92.657112 0.0 0.4
45.460162 -92.668618 0.0 0.4
45.463567 -92.678766 0.0 0.4
45.471486 -92.685531 0.0 0.4
45.479732 -92.693147 0.0 0.4
45.489881 -92.69976899999999 0.0 0.4
45.497501 -92.706356 0.0 0.4
45.505164 -92.71337199999999 0.0 0.4
45.510704999999994 -92.721775 0.0 0.4
45.518811 -92.727744 0.0 0.4
45.529457 -92.726604 0.0 0.4
45.539629 -92.725297 0.0 0.4
45.545263 -92.73380499999999 0.0 0.4
45.551339 -92.743147 0.0 0.4
45.555706 -92.75239599999999 0.0 0.4
45.561733 -92.76264599999999 0.0 0.4
45.567774 -92.772278 0.0 0.4
45.567986 -92.784523 0.0 0.4
45.565335999999995 -92.794983 0.0 0.4
45.562238 -92.804935 0.0 0.4
45.560956 -92.81655099999999 0.0 0.4
45.562881999999995 -92.833083 0.0 0.4
45.566134999999996 -92.84378199999999 0.0 0.4
45.566829 -92.858199 0.0 0.4
45.567249 -92.86890799999999 0.0 0.4
45.572441999999995 -92.87933799999999 0.0 0.4
45.58199 -92.88465099999999 0.0 0.4
45.594113 -92.885914 0.0 0.4
45.605001 -92.8849 0.0 0.4
45.617028999999995 -92.885249 0.0 0.4
45.627572 -92.888043 0.0 0.4
45.637839 -92.887514 0.0 0.4
