39.095379 -81.747254 0.0 0.4
39.104878 -81.743453 0.0 0.4
39.114976999999996 -81.74265299999999 0.0 0.4
39.124977 -81.74395299999999 0.0 0.4
39.135256 -81.744704 0.0 0.4
39.145548999999995 -81.743341 0.0 0.4
39.154913 -81.74747699999999 0.0 0.4
39.164249 -81.751077 0.0 0.4
39.173628 -81.754853 0.0 0.4
39.183617999999996 -81.75406199999999 0.0 0.4
39.188379999999995 -81.745104 0.0 0.4
39.195508 -81.734849 0.0 0.4
39.205481 -81.732677 0.0 0.4
39.214954999999996 -81.72632 0.0 0.4
39.218123999999996 -81.716588 0.0 0.4
39.21982 -81.706572 0.0 0.4
39.222811 -81.69658799999999 0.0 0.4
39.232074999999995 -81.69137099999999 0.0 0.4
39.241579 -81.695132 0.0 0.4
39.252477999999996 -81.69666099999999 0.0 0.4
39.261963 -81.693196 0.0 0.4
39.269227 -81.685627 0.0 0.4
39.274459 -81.676395 0.0 0.4
39.276059 -81.66586699999999 0.0 0.4
39.277307 -81.655002 0.0 0.4
39.277274999999996 -81.64448999999999 0.0 0.4
39.275723 -81.63370499999999 0.0 0.4
39.274139 -81.623721 0.0 0.4
39.275690999999995 -81.61171999999999 0.0 0.4
39.274923 -81.601096 0.0 0.4
39.271547 -81.59159199999999 0.0 0.4
39.268324 -81.579172 0.0 0.4
39.270528999999996 -81.567487 0.0 0.4
39.280364 -81.565128 0.0 0.4
39.290374 -81.56504699999999 0.0 0.4
39.302031 -81.563422 0.0 0.4
39.317873999999996 -81.560147 0.0 0.4
39.328342 -81.559741 0.0 0.4
39.338774 -81.557547 0.0 0.4
39.349168 -81.546341 0.0 0.4
39.354974 -81.536846 0.0 0.4
39.360202 -81.528166 0.0 0.4
39.364681999999995 -81.517973 0.0 0.4
39.369898 -81.508613 0.0 0.4
39.37537 -81.500117 0.0 0.4
39.381766999999996 -81.492035 0.0 0.4
39.388948 -81.48366 0.0 0.4
39.397400999999995 -81.47605 0.0 0.4
39.403676999999995 -81.46788 0.0 0.4
39.409273999999996 -81.456143 0.0 0.4
39.410301 -81.446125 0.0 0.4
39.408474 -81.435642 0.0 0.4
39.400377999999996 -81.42057799999999 0.0 0.4
39.39281 -81.410881 0.0 0.4
39.379787 -81.403982 0.0 0.4
39.369220999999996 -81.400744 0.0 0.4
39.359401999999996 -81.397041 0.0 0.4
39.348814 -81.391249 0.0 0.4
39.342914 -81.38315899999999 0.0 0.4
39.341924 -81.37125999999999 0.0 0.4
39.34281 -81.359759 0.0 0.4
39.34577 -81.347567 0.0 0.4
39.350954 -81.338031 0.0 0.4
39.357034999999996 -81.32889399999999 0.0 0.4
39.361292 -81.319597 0.0 0.4
39.366651 -81.310749 0.0 0.4
39.371914 -81.302206 0.0 0.4
39.375947 -81.292686 0.0 0.4
39.378873999999996 -81.282429 0.0 0.4
39.384622 -81.274199 0.0 0.4
39.386493 -81.26411999999999 0.0 0.4
39.388573 -81.253993 0.0 0.4
39.390276 -81.24184 0.0 0.4
39.386747 -81.22784399999999 0.0 0.4
39.387589999999996 -81.217315 0.0 0.4
39.395423 -81.211024 0.0 0.4
39.407146999999995 -81.208231 0.0 0.4
39.414466999999995 -81.201224 0.0 0.4
39.423266 -81.19103199999999 0.0 0.4
39.431478999999996 -81.18514499999999 0.0 0.4
39.436851999999995 -81.175725 0.0 0.4
39.441185999999995 -81.16351999999999 0.0 0.4
39.443168 -81.15256699999999 0.0 0.4
39.443574999999996 -81.139934 0.0 0.4
39.447874999999996 -81.130534 0.0 0.4
39.457775 -81.121533 0.0 0.4
39.466075 -81.115633 0.0 0.4
39.474129 -81.109479 0.0 0.4
39.482473999999996 -81.103934 0.0 0.4
39.490474 -81.097635 0.0 0.4
39.497574 -81.090435 0.0 0.4
39.503825 -81.082227 0.0 0.4
39.511959999999995 -81.07413799999999 0.0 0.4
39.51885 -81.06651 0.0 0.4
39.52474 -81.058115 0.0 0.4
39.531538 -81.050254 0.0 0.4
39.538415 -81.041015 0.0 0.4
39.543642999999996 -81.032398 0.0 0.4
39.551784999999995 -81.024306 0.0 0.4
39.557767 -81.016086 0.0 0.4
39.563435 -81.007627 0.0 0.4
39.56807 -80.998728 0.0 0.4
39.574371 -80.990927 0.0 0.4
39.581553 -80.98151 0.0 0.4
39.588158 -80.97378599999999 0.0 0.4
39.594122999999996 -80.964109 0.0 0.4
39.601689 -80.952135 0.0 0.4
39.608433999999995 -80.941959 0.0 0.4
39.614812 -80.933292 0.0 0.4
39.617722 -80.92368499999999 0.0 0.4
39.618477999999996 -80.90823 0.0 0.4
39.617025 -80.89807499999999 0.0 0.4
39.617851 -80.888002 0.0 0.4
39.624396 -80.877754 0.0 0.4
39.634673 -80.87339 0.0 0.4
39.644273 -80.870412 0.0 0.4
39.654437 -80.866281 0.0 0.4
39.664953 -80.86545199999999 0.0 0.4
39.674977999999996 -80.866042 0.0 0.4
39.685362 -80.866039 0.0 0.4
39.694686 -80.860025 0.0 0.4
39.698927 -80.850335 0.0 0.4
39.701032999999995 -80.839112 0.0 0.4
39.707826999999995 -80.830829 0.0 0.4
39.718486 -80.83136499999999 0.0 0.4
39.72627 -80.83802899999999 0.0 0.4
39.735538999999996 -80.845266 0.0 0.4
39.742591999999995 -80.854717 0.0 0.4
39.750074999999995 -80.86218699999999 0.0 0.4
39.758637 -80.868192 0.0 0.4
39.769241 -80.867823 0.0 0.4
39.776911999999996 -80.86058299999999 0.0 0.4
39.782075999999996 -80.85170099999999 0.0 0.4
39.787227 -80.841779 0.0 0.4
39.792663 -80.832977 0.0 0.4
39.800895 -80.82505499999999 0.0 0.4
39.810659 -80.822497 0.0 0.4
39.821144 -80.822484 0.0 0.4
39.831334999999996 -80.82473499999999 0.0 0.4
39.841656 -80.82696399999999 0.0 0.4
39.849982 -80.82127899999999 0.0 0.4
39.854385 -80.812253 0.0 0.4
39.858183 -80.80240599999999 0.0 0.4
39.863751 -80.793131 0.0 0.4
39.873498 -80.790598 0.0 0.4
39.884017 -80.794793 0.0 0.4
39.891238 -80.801873 0.0 0.4
39.899744 -80.80731999999999 0.0 0.4
39.909644 -80.809259 0.0 0.4
39.918436 -80.804298 0.0 0.4
39.919561 -80.79412099999999 0.0 0.4
39.917384999999996 -80.783715 0.0 0.4
39.912465999999995 -80.774608 0.0 0.4
39.908711 -80.76455399999999 0.0 0.4
39.913942 -80.755946 0.0 0.4
39.923902999999996 -80.758337 0.0 0.4
39.933605 -80.761889 0.0 0.4
39.944434 -80.763936 0.0 0.4
39.954814999999996 -80.762215 0.0 0.4
39.961777999999995 -80.754859 0.0 0.4
39.966664 -80.74590099999999 0.0 0.4
39.975224999999995 -80.740354 0.0 0.4
39.985223 -80.738869 0.0 0.4
39.995052 -80.740825 0.0 0.4
40.005086999999996 -80.742069 0.0 0.4
40.015076 -80.74078399999999 0.0 0.4
40.024538 -80.737327 0.0 0.4
40.034106 -80.733346 0.0 0.4
40.043957999999996 -80.731038 0.0 0.4
40.054249999999996 -80.73258799999999 0.0 0.4
40.063660999999996 -80.736747 0.0 0.4
40.073595 -80.738985 0.0 0.4
40.082775 -80.734701 0.0 0.4
40.089306 -80.72706 0.0 0.4
40.09421 -80.718189 0.0 0.4
40.099992 -80.709966 0.0 0.4
40.109778999999996 -80.70728799999999 0.0 0.4
40.119776 -80.709136 0.0 0.4
40.130235 -80.710585 0.0 0.4
40.140678 -80.70920000000001 0.0 0.4
40.150296 -80.70629799999999 0.0 0.4
40.159659999999995 -80.701424 0.0 0.4
40.167896999999996 -80.695574 0.0 0.4
40.176048 -80.68946799999999 0.0 0.4
40.184275 -80.683562 0.0 0.4
40.191286 -80.67387599999999 0.0 0.4
40.199689 -80.668083 0.0 0.4
40.211528 -80.665427 0.0 0.4
40.224976 -80.66279899999999 0.0 0.4
40.235752999999995 -80.657731 0.0 0.4
40.244361999999995 -80.65245999999999 0.0 0.4
40.25112 -80.644809 0.0 0.4
40.255313 -80.635083 0.0 0.4
40.260259999999995 -80.625458 0.0 0.4
40.267359 -80.618342 0.0 0.4
40.277834 -80.616547 0.0 0.4
40.288108 -80.615787 0.0 0.4
40.297145 -80.611193 0.0 0.4
40.305645999999996 -80.604565 0.0 0.4
40.315523 -80.600551 0.0 0.4
40.326451 -80.602387 0.0 0.4
40.335674 -80.60754 0.0 0.4
40.346225 -80.61237 0.0 0.4
40.358467999999995 -80.610294 0.0 0.4
40.368928 -80.60768 0.0 0.4
40.37787 -80.613293 0.0 0.4
40.382830999999996 -80.622074 0.0 0.4
40.386638 -80.6318 0.0 0.4
40.397107999999996 -80.62345499999999 0.0 0.4
40.401973 -80.613106 0.0 0.4
40.41211 -80.612524 0.0 0.4
40.423671 -80.61237799999999 0.0 0.4
40.434838 -80.612195 0.0 0.4
40.444953999999996 -80.60614199999999 0.0 0.4
40.453748 -80.601203 0.0 0.4
40.462700999999996 -80.596235 0.0 0.4
40.473817 -80.59512199999999 0.0 0.4
40.482914 -80.59957399999999 0.0 0.4
40.489611 -80.608738 0.0 0.4
40.497762 -80.61486699999999 0.0 0.4
40.506927 -80.61948199999999 0.0 0.4
40.517025 -80.622067 0.0 0.4
40.526731999999996 -80.624715 0.0 0.4
40.53644 -80.628395 0.0 0.4
40.542736999999995 -80.63662699999999 0.0 0.4
40.550832 -80.64336399999999 0.0 0.4
40.55936 -80.649828 0.0 0.4
40.566736 -80.657764 0.0 0.4
40.5736 -80.665397 0.0 0.4
40.583535999999995 -80.667813 0.0 0.4
40.591968 -80.662036 0.0 0.4
40.597648 -80.65363599999999 0.0 0.4
40.603386 -80.645367 0.0 0.4
40.611424 -80.63904699999999 0.0 0.4
40.617759 -80.631123 0.0 0.4
40.620384 -80.620898 0.0 0.4
40.623098999999996 -80.611189 0.0 0.4
40.625389 -80.60026599999999 0.0 0.4
40.62104 -80.591105 0.0 0.4
40.614903999999996 -80.58232799999999 0.0 0.4
40.615483999999995 -80.571832 0.0 0.4
40.621292 -80.56363499999999 0.0 0.4
40.62677 -80.55439899999999 0.0 0.4
40.630269 -80.54440199999999 0.0 0.4
40.634184 -80.53517699999999 0.0 0.4
40.636205 -80.52512 0.0 0.4
40.628101 -80.519003 0.0 0.4
40.617973 -80.519036 0.0 0.4
40.607303 -80.51902799999999 0.0 0.4
40.592358 -80.51911 0.0 0.4
40.581033999999995 -80.518969 0.0 0.4
40.570271 -80.51896099999999 0.0 0.4
40.559613 -80.51886499999999 0.0 0.4
40.542642 -80.519086 0.0 0.4
40.524588 -80.518962 0.0 0.4
40.514123 -80.518928 0.0 0.4
40.503251 -80.518975 0.0 0.4
40.490676 -80.51894 0.0 0.4
40.479879 -80.51900499999999 0.0 0.4
40.469474 -80.51852199999999 0.0 0.4
40.458209 -80.517732 0.0 0.4
40.446286 -80.517862 0.0 0.4
40.432266999999996 -80.51799 0.0 0.4
40.421636 -80.517895 0.0 0.4
40.411027 -80.51796999999999 0.0 0.4
40.399643999999995 -80.517991 0.0 0.4
40.387566 -80.518057 0.0 0.4
40.377055999999996 -80.518022 0.0 0.4
40.366738 -80.517974 0.0 0.4
40.352357 -80.518822 0.0 0.4
40.342109 -80.51903899999999 0.0 0.4
40.331911999999996 -80.51901099999999 0.0 0.4
40.321245999999995 -80.519002 0.0 0.4
40.30929 -80.518998 0.0 0.4
40.294518 -80.519055 0.0 0.4
40.283769 -80.519072 0.0 0.4
40.270976 -80.519198 0.0 0.4
40.256972999999995 -80.519071 0.0 0.4
40.244436 -80.51911 0.0 0.4
40.231038999999996 -80.519111 0.0 0.4
40.206759999999996 -80.519091 0.0 0.4
40.196202 -80.518862 0.0 0.4
40.184546 -80.518928 0.0 0.4
40.172754999999995 -80.51905699999999 0.0 0.4
40.159672 -80.519104 0.0 0.4
40.147090999999996 -80.51904499999999 0.0 0.4
40.13476 -80.519008 0.0 0.4
40.1218 -80.518975 0.0 0.4
40.110254999999995 -80.518946 0.0 0.4
40.098999 -80.519038 0.0 0.4
40.088871 -80.51914 0.0 0.4
40.078089 -80.51895999999999 0.0 0.4
40.067873999999996 -80.518965 0.0 0.4
40.052029 -80.51917999999999 0.0 0.4
40.036699 -80.51902799999999 0.0 0.4
40.026148 -80.519269 0.0 0.4
40.015237 -80.519109 0.0 0.4
40.003172 -80.519025 0.0 0.4
39.976901 -80.51911299999999 0.0 0.4
39.966029 -80.519162 0.0 0.4
39.947604999999996 -80.519181 0.0 0.4
39.937353 -80.519165 0.0 0.4
39.915957999999996 -80.519097 0.0 0.4
39.901939999999996 -80.519024 0.0 0.4
39.891292 -80.518894 0.0 0.4
39.878203 -80.518993 0.0 0.4
39.866248 -80.518971 0.0 0.4
39.856114 -80.519046 0.0 0.4
39.844906 -80.519013 0.0 0.4
39.833231999999995 -80.519075 0.0 0.4
39.822572 -80.51920199999999 0.0 0.4
39.806585999999996 -80.51941699999999 0.0 0.4
39.791686999999996 -80.51932699999999 0.0 0.4
39.780847 -80.51930999999999 0.0 0.4
39.767348 -80.519444 0.0 0.4
39.750129 -80.51935999999999 0.0 0.4
39.738828999999996 -80.519378 0.0 0.4
39.72371 -80.519335 0.0 0.4
39.721298 -80.50544 0.0 0.4
39.721219 -80.492389 0.0 0.4
39.721257 -80.476816 0.0 0.4
39.721272 -80.458259 0.0 0.4
39.721233 -80.446027 0.0 0.4
39.72121 -80.43152099999999 0.0 0.4
39.721188999999995 -80.421388 0.0 0.4
39.72117 -80.41009799999999 0.0 0.4
39.721241 -80.39737 0.0 0.4
39.721319 -80.379556 0.0 0.4
39.721426 -80.369394 0.0 0.4
39.721384 -80.356583 0.0 0.4
39.721346 -80.338934 0.0 0.4
39.721289 -80.328396 0.0 0.4
39.721273 -80.309478 0.0 0.4
39.721188 -80.293889 0.0 0.4
39.721132999999995 -80.283508 0.0 0.4
39.721064999999996 -80.27036 0.0 0.4
39.721047999999996 -80.258315 0.0 0.4
39.721114 -80.244239 0.0 0.4
39.721146999999995 -80.233612 0.0 0.4
39.721216999999996 -80.22318 0.0 0.4
39.721195 -80.21229 0.0 0.4
39.721157 -80.201608 0.0 0.4
39.721191 -80.191254 0.0 0.4
39.721167 -80.181184 0.0 0.4
39.721176 -80.165853 0.0 0.4
39.721213 -80.15488599999999 0.0 0.4
39.7212 -80.143259 0.0 0.4
39.721111 -80.132072 0.0 0.4
39.721106 -80.112387 0.0 0.4
39.721205999999995 -80.09298799999999 0.0 0.4
39.721376 -80.080601 0.0 0.4
39.721336 -80.062823 0.0 0.4
39.721303 -80.04984499999999 0.0 0.4
39.721274 -80.031123 0.0 0.4
39.721233999999995 -80.019322 0.0 0.4
39.721194 -80.006714 0.0 0.4
39.720977 -79.98430499999999 0.0 0.4
39.720903 -79.973615 0.0 0.4
39.720835 -79.963585 0.0 0.4
39.720749 -79.950533 0.0 0.4
39.72072 -79.930422 0.0 0.4
39.720763999999996 -79.919438 0.0 0.4
39.720755 -79.908641 0.0 0.4
39.720712 -79.88885499999999 0.0 0.4
39.720678 -79.87477899999999 0.0 0.4
39.720696 -79.86344 0.0 0.4
39.720712999999996 -79.85313099999999 0.0 0.4
39.720732 -79.841703 0.0 0.4
39.720749999999995 -79.831133 0.0 0.4
39.720768 -79.819831 0.0 0.4
39.72078 -79.80812499999999 0.0 0.4
39.720777 -79.795508 0.0 0.4
39.720777 -79.781037 0.0 0.4
39.720776 -79.763774 0.0 0.4
39.720776 -79.75186099999999 0.0 0.4
39.720867999999996 -79.73620799999999 0.0 0.4
39.720955 -79.723057 0.0 0.4
39.720977 -79.712795 0.0 0.4
39.720977 -79.702517 0.0 0.4
39.720977 -79.691671 0.0 0.4
39.720887 -79.68077 0.0 0.4
39.720777 -79.66736999999999 0.0 0.4
39.721018 -79.648397 0.0 0.4
39.720887 -79.635459 0.0 0.4
39.720926999999996 -79.624768 0.0 0.4
39.721182999999996 -79.613025 0.0 0.4
39.721101999999995 -79.602831 0.0 0.4
39.7212 -79.59079 0.0 0.4
39.721137 -79.574016 0.0 0.4
39.720994999999995 -79.56400699999999 0.0 0.4
39.720813 -79.55100399999999 0.0 0.4
39.720844 -79.535977 0.0 0.4
39.720898999999996 -79.524582 0.0 0.4
39.720982 -79.50855299999999 0.0 0.4
39.721047999999996 -79.49029 0.0 0.4
39.721073 -79.478791 0.0 0.4
39.710755 -79.47676799999999 0.0 0.4
39.69768 -79.47684699999999 0.0 0.4
39.685264 -79.47680299999999 0.0 0.4
39.674738999999995 -79.476766 0.0 0.4
39.663702 -79.476699 0.0 0.4
39.652339999999995 -79.476625 0.0 0.4
39.642299 -79.47764699999999 0.0 0.4
39.630803 -79.477965 0.0 0.4
39.619167 -79.478115 0.0 0.4
39.601703 -79.478265 0.0 0.4
39.590069 -79.478365 0.0 0.4
39.578218 -79.478466 0.0 0.4
39.56819 -79.478552 0.0 0.4
39.556317 -79.478655 0.0 0.4
39.546212 -79.47874 0.0 0.4
39.536187999999996 -79.478827 0.0 0.4
39.526815 -79.48239099999999 0.0 0.4
39.516405999999996 -79.482565 0.0 0.4
39.506242 -79.482648 0.0 0.4
39.494800000000005 -79.48279699999999 0.0 0.4
39.483551 -79.482781 0.0 0.4
39.473389 -79.48294 0.0 0.4
39.460262 -79.482934 0.0 0.4
39.4491 -79.483164 0.0 0.4
39.438120999999995 -79.483274 0.0 0.4
39.426922999999995 -79.48335399999999 0.0 0.4
39.416543999999995 -79.48351199999999 0.0 0.4
39.406304999999996 -79.48362399999999 0.0 0.4
39.396297 -79.483736 0.0 0.4
39.385878 -79.483852 0.0 0.4
39.375098 -79.483971 0.0 0.4
39.364207 -79.484111 0.0 0.4
39.352646 -79.484263 0.0 0.4
39.341892 -79.486108 0.0 0.4
39.331736 -79.486262 0.0 0.4
39.320254 -79.48643899999999 0.0 0.4
39.302398 -79.486722 0.0 0.4
39.291824 -79.487044 0.0 0.4
39.281386999999995 -79.487577 0.0 0.4
39.267254 -79.48724299999999 0.0 0.4
39.256716 -79.486068 0.0 0.4
39.246393 -79.486278 0.0 0.4
39.233889 -79.486462 0.0 0.4
39.222152 -79.486634 0.0 0.4
39.210308 -79.486808 0.0 0.4
39.204176 -79.478906 0.0 0.4
39.206078 -79.468986 0.0 0.4
39.211556 -79.460555 0.0 0.4
39.213029999999996 -79.450587 0.0 0.4
39.216896 -79.44131 0.0 0.4
39.223887 -79.43298399999999 0.0 0.4
39.229732999999996 -79.424407 0.0 0.4
39.238883 -79.420261 0.0 0.4
39.241965 -79.410573 0.0 0.4
39.249953 -79.403629 0.0 0.4
39.256375999999996 -79.395736 0.0 0.4
39.263549 -79.387376 0.0 0.4
39.270737 -79.379392 0.0 0.4
39.274024 -79.369683 0.0 0.4
39.27571 -79.35956399999999 0.0 0.4
39.28266 -79.35144 0.0 0.4
39.291972 -79.34729899999999 0.0 0.4
39.296769 -79.338087 0.0 0.4
39.300672999999996 -79.32781399999999 0.0 0.4
39.303391 -79.31762499999999 0.0 0.4
39.300999 -79.306105 0.0 0.4
39.299428 -79.295299 0.0 0.4
39.306090999999995 -79.28775499999999 0.0 0.4
39.315444 -79.28407899999999 0.0 0.4
39.324719 -79.278894 0.0 0.4
39.329693999999996 -79.269696 0.0 0.4
39.334303 -79.26075399999999 0.0 0.4
39.343641999999996 -79.256864 0.0 0.4
39.353603 -79.25595 0.0 0.4
39.358024 -79.24645699999999 0.0 0.4
39.358457 -79.236278 0.0 0.4
39.36441 -79.228053 0.0 0.4
39.363389 -79.217314 0.0 0.4
39.371466999999996 -79.211261 0.0 0.4
39.378209 -79.20298199999999 0.0 0.4
39.387246999999995 -79.19838399999999 0.0 0.4
39.385864 -79.188403 0.0 0.4
39.388528 -79.178725 0.0 0.4
39.388987 -79.16848499999999 0.0 0.4
39.398989 -79.166316 0.0 0.4
39.407613 -79.16089 0.0 0.4
39.417839 -79.15722099999999 0.0 0.4
39.41079 -79.149504 0.0 0.4
39.41768 -79.141014 0.0 0.4
39.417532 -79.130651 0.0 0.4
39.428078 -79.12955 0.0 0.4
39.43289 -79.120313 0.0 0.4
39.441868 -79.115693 0.0 0.4
39.446939 -79.106589 0.0 0.4
39.455857 -79.10199 0.0 0.4
39.463207 -79.095094 0.0 0.4
39.469739 -79.10313 0.0 0.4
39.473827 -79.093858 0.0 0.4
39.471444999999996 -79.08406599999999 0.0 0.4
39.473535 -79.073971 0.0 0.4
39.479943999999996 -79.06622999999999 0.0 0.4
39.471647999999995 -79.060587 0.0 0.4
39.478663999999995 -79.053382 0.0 0.4
39.479105 -79.042547 0.0 0.4
39.471365999999996 -79.03618 0.0 0.4
39.464971999999996 -79.027273 0.0 0.4
39.467262 -79.01752499999999 0.0 0.4
39.460712 -79.00980299999999 0.0 0.4
39.456738 -78.999878 0.0 0.4
39.452729 -78.99059299999999 0.0 0.4
39.449678999999996 -78.980701 0.0 0.4
39.444213999999995 -78.972004 0.0 0.4
39.439354 -78.963236 0.0 0.4
39.446736 -78.955967 0.0 0.4
39.456922 -78.956549 0.0 0.4
39.464897 -78.95050599999999 0.0 0.4
39.470541 -78.94094799999999 0.0 0.4
39.480502 -78.942584 0.0 0.4
39.486284 -78.934298 0.0 0.4
39.487184 -78.924056 0.0 0.4
39.490583 -78.914371 0.0 0.4
39.498056 -78.90758199999999 0.0 0.4
39.507777 -78.904052 0.0 0.4
39.512575999999996 -78.895273 0.0 0.4
39.522906 -78.89361 0.0 0.4
39.522383999999995 -78.882834 0.0 0.4
39.526123 -78.873127 0.0 0.4
39.535965999999995 -78.871196 0.0 0.4
39.540813 -78.86243499999999 0.0 0.4
39.547973999999996 -78.85481899999999 0.0 0.4
39.557572 -78.85084599999999 0.0 0.4
39.563395 -78.842343 0.0 0.4
39.565532 -78.83145999999999 0.0 0.4
39.560876 -78.822318 0.0 0.4
39.566148 -78.813818 0.0 0.4
39.575004 -78.818699 0.0 0.4
39.582813 -78.826478 0.0 0.4
39.589889 -78.819332 0.0 0.4
39.597583 -78.812238 0.0 0.4
39.607462 -78.809494 0.0 0.4
39.605002999999996 -78.79945699999999 0.0 0.4
39.614534 -78.796131 0.0 0.4
39.624099 -78.80031799999999 0.0 0.4
39.633443 -78.795219 0.0 0.4
39.636790999999995 -78.784745 0.0 0.4
39.643609999999995 -78.777197 0.0 0.4
39.64742 -78.767822 0.0 0.4
39.637484 -78.771941 0.0 0.4
39.628422 -78.776667 0.0 0.4
39.620629 -78.770383 0.0 0.4
39.620058 -78.760295 0.0 0.4
39.625327999999996 -78.751353 0.0 0.4
39.624477999999996 -78.741197 0.0 0.4
39.6177 -78.733824 0.0 0.4
39.609549 -78.739847 0.0 0.4
39.608695999999995 -78.749876 0.0 0.4
39.610088 -78.760469 0.0 0.4
39.606646 -78.77011399999999 0.0 0.4
39.597516999999996 -78.77443699999999 0.0 0.4
39.589316 -78.768119 0.0 0.4
39.581796 -78.75881199999999 0.0 0.4
39.579992 -78.747659 0.0 0.4
39.586523 -78.739936 0.0 0.4
39.578703999999995 -78.73214999999999 0.0 0.4
39.569133 -78.727102 0.0 0.4
39.563291 -78.718147 0.0 0.4
39.55815 -78.709525 0.0 0.4
39.554507 -78.699789 0.0 0.4
39.548671 -78.691491 0.0 0.4
39.544021 -78.682236 0.0 0.4
39.540589 -78.672068 0.0 0.4
39.536463999999995 -78.662598 0.0 0.4
39.534926 -78.652479 0.0 0.4
39.536224 -78.641841 0.0 0.4
39.537048 -78.631843 0.0 0.4
39.539531 -78.62198099999999 0.0 0.4
39.536476 -78.612186 0.0 0.4
39.532029 -78.60257 0.0 0.4
39.536851 -78.593262 0.0 0.4
39.528228 -78.588056 0.0 0.4
39.52615 -78.577535 0.0 0.4
39.520282 -78.568674 0.0 0.4
39.521353 -78.558374 0.0 0.4
39.520776 -78.548298 0.0 0.4
39.522839 -78.53809199999999 0.0 0.4
39.524724 -78.52805599999999 0.0 0.4
39.523793 -78.517934 0.0 0.4
39.520588 -78.508218 0.0 0.4
39.518673 -78.497432 0.0 0.4
39.51904 -78.487055 0.0 0.4
39.516897 -78.477103 0.0 0.4
39.517796 -78.46623 0.0 0.4
39.526209 -78.460743 0.0 0.4
39.536362 -78.462367 0.0 0.4
39.537983 -78.45241399999999 0.0 0.4
39.545372 -78.45916799999999 0.0 0.4
39.549606 -78.450001 0.0 0.4
39.542325999999996 -78.443063 0.0 0.4
39.55173 -78.43910799999999 0.0 0.4
39.549693999999995 -78.429281 0.0 0.4
39.545415 -78.420062 0.0 0.4
39.556186 -78.423236 0.0 0.4
39.561313999999996 -78.43218499999999 0.0 0.4
39.566032 -78.44104999999999 0.0 0.4
39.570710999999996 -78.44999 0.0 0.4
39.577971 -78.45701199999999 0.0 0.4
39.588392999999996 -78.455552 0.0 0.4
39.591446 -78.445456 0.0 0.4
39.588795 -78.435757 0.0 0.4
39.586137 -78.426088 0.0 0.4
39.580701 -78.417604 0.0 0.4
39.578607 -78.407383 0.0 0.4
39.581737 -78.397831 0.0 0.4
39.592043 -78.3996 0.0 0.4
39.596261 -78.408985 0.0 0.4
39.60172 -78.417711 0.0 0.4
39.607912999999996 -78.425698 0.0 0.4
39.616054999999996 -78.43256099999999 0.0 0.4
39.624266 -78.42653299999999 0.0 0.4
39.622343 -78.41538899999999 0.0 0.4
39.6188 -78.405191 0.0 0.4
39.615995999999996 -78.395547 0.0 0.4
39.610295 -78.386978 0.0 0.4
39.608056 -78.377112 0.0 0.4
39.618997 -78.37997299999999 0.0 0.4
39.629098 -78.380921 0.0 0.4
39.629996 -78.37087 0.0 0.4
39.625774 -78.3618 0.0 0.4
39.633702 -78.355617 0.0 0.4
39.639255 -78.347207 0.0 0.4
39.637648999999996 -78.33728099999999 0.0 0.4
39.634698 -78.32698599999999 0.0 0.4
39.631844 -78.317026 0.0 0.4
39.629391 -78.307189 0.0 0.4
39.625992 -78.297676 0.0 0.4
39.622066 -78.287975 0.0 0.4
39.620289 -78.27752799999999 0.0 0.4
39.619133 -78.267223 0.0 0.4
39.628485999999995 -78.262829 0.0 0.4
39.637369 -78.256072 0.0 0.4
39.643679999999996 -78.24818599999999 0.0 0.4
39.649912 -78.240151 0.0 0.4
39.655252 -78.231419 0.0 0.4
39.661471999999996 -78.223449 0.0 0.4
39.668631999999995 -78.23093899999999 0.0 0.4
39.676017 -78.223961 0.0 0.4
39.676337 -78.21257 0.0 0.4
39.676856 -78.202204 0.0 0.4
39.684349 -78.195499 0.0 0.4
39.691539 -78.188107 0.0 0.4
39.695741 -78.17820999999999 0.0 0.4
39.694953 -78.168229 0.0 0.4
39.692219 -78.158056 0.0 0.4
39.690615 -78.147757 0.0 0.4
39.689008 -78.137059 0.0 0.4
39.686237 -78.127123 0.0 0.4
39.684218 -78.117221 0.0 0.4
39.682005 -78.107218 0.0 0.4
39.678374999999996 -78.0973 0.0 0.4
39.671445 -78.08952 0.0 0.4
39.669356 -78.07837599999999 0.0 0.4
39.663173 -78.07029899999999 0.0 0.4
39.656618 -78.06269499999999 0.0 0.4
39.650985999999996 -78.054211 0.0 0.4
39.643136999999996 -78.04763799999999 0.0 0.4
39.63802 -78.038769 0.0 0.4
39.630173 -78.032223 0.0 0.4
39.623076 -78.025003 0.0 0.4
39.614908 -78.018721 0.0 0.4
39.606404 -78.01302199999999 0.0 0.4
39.600806 -78.004246 0.0 0.4
39.600401999999995 -77.994185 0.0 0.4
39.599336 -77.984124 0.0 0.4
39.600822 -77.97404399999999 0.0 0.4
39.60745 -77.96618 0.0 0.4
39.608286 -77.955934 0.0 0.4
39.599045 -77.95165999999999 0.0 0.4
39.588376 -77.95052199999999 0.0 0.4
39.585814 -77.94046999999999 0.0 0.4
39.594989 -77.936326 0.0 0.4
39.605357999999995 -77.935293 0.0 0.4
39.613662 -77.940956 0.0 0.4
39.616417999999996 -77.931327 0.0 0.4
39.607927 -77.925884 0.0 0.4
39.602899 -77.916179 0.0 0.4
39.601067 -77.90627599999999 0.0 0.4
39.598773 -77.896385 0.0 0.4
39.597578 -77.886425 0.0 0.4
39.606369 -77.881176 0.0 0.4
39.614944 -77.886506 0.0 0.4
39.614419 -77.87633 0.0 0.4
39.610051 -77.867284 0.0 0.4
39.607804 -77.856803 0.0 0.4
39.606904 -77.846694 0.0 0.4
39.605109999999996 -77.836778 0.0 0.4
39.596225 -77.830856 0.0 0.4
39.585298 -77.830182 0.0 0.4
39.575587 -77.83266499999999 0.0 0.4
39.565954 -77.837257 0.0 0.4
39.564408 -77.848822 0.0 0.4
39.564447 -77.859524 0.0 0.4
39.563907 -77.869737 0.0 0.4
39.563019 -77.87989499999999 0.0 0.4
39.557835999999995 -77.888685 0.0 0.4
39.549869 -77.88220299999999 0.0 0.4
39.545032 -77.87340499999999 0.0 0.4
39.538630999999995 -77.865431 0.0 0.4
39.528400000000005 -77.865054 0.0 0.4
39.518398999999995 -77.86613799999999 0.0 0.4
39.515367 -77.850764 0.0 0.4
39.519548 -77.841118 0.0 0.4
39.529737 -77.840295 0.0 0.4
39.531472 -77.82973199999999 0.0 0.4
39.52193 -77.82387299999999 0.0 0.4
39.513472 -77.831136 0.0 0.4
39.508046 -77.84065 0.0 0.4
39.500557 -77.847399 0.0 0.4
39.496145999999996 -77.837924 0.0 0.4
39.493404 -77.828018 0.0 0.4
39.493137 -77.81751899999999 0.0 0.4
39.49013 -77.807346 0.0 0.4
39.489464999999996 -77.797252 0.0 0.4
39.494185 -77.78826099999999 0.0 0.4
39.499320999999995 -77.779333 0.0 0.4
39.498193 -77.769159 0.0 0.4
39.488858 -77.773939 0.0 0.4
39.486549 -77.783772 0.0 0.4
39.482571 -77.79395199999999 0.0 0.4
39.472998 -77.79697 0.0 0.4
39.467261 -77.78847999999999 0.0 0.4
39.46383 -77.778881 0.0 0.4
39.461476 -77.78910499999999 0.0 0.4
39.459336 -77.798998 0.0 0.4
39.451178999999996 -77.792464 0.0 0.4
39.441697999999995 -77.796561 0.0 0.4
39.431594 -77.79636099999999 0.0 0.4
39.428875999999995 -77.786332 0.0 0.4
39.428061 -77.77573699999999 0.0 0.4
39.428281999999996 -77.76571 0.0 0.4
39.425160999999996 -77.755822 0.0 0.4
39.411117 -77.747248 0.0 0.4
39.403338999999995 -77.740873 0.0 0.4
39.394014999999996 -77.73677599999999 0.0 0.4
39.38518 -77.741806 0.0 0.4
39.383078999999995 -77.751781 0.0 0.4
39.372883 -77.74916499999999 0.0 0.4
39.364278999999996 -77.743528 0.0 0.4
39.354381 -77.745419 0.0 0.4
39.347923 -77.75339199999999 0.0 0.4
39.340982 -77.761003 0.0 0.4
39.333461 -77.754376 0.0 0.4
39.329840999999995 -77.74370499999999 0.0 0.4
39.326677 -77.73401 0.0 0.4
39.321467999999996 -77.72504099999999 0.0 0.4
39.314116 -77.73216699999999 0.0 0.4
39.306382 -77.739522 0.0 0.4
39.296003 -77.746591 0.0 0.4
39.286833 -77.751257 0.0 0.4
39.276841 -77.75345399999999 0.0 0.4
39.268367999999995 -77.75882399999999 0.0 0.4
39.258416 -77.76290399999999 0.0 0.4
39.251661 -77.770623 0.0 0.4
39.24118 -77.770185 0.0 0.4
39.232468 -77.77520899999999 0.0 0.4
39.225398 -77.782355 0.0 0.4
39.216763 -77.787916 0.0 0.4
39.208176 -77.79339 0.0 0.4
39.199231999999995 -77.798375 0.0 0.4
39.188821 -77.80020999999999 0.0 0.4
39.179325999999996 -77.804728 0.0 0.4
39.169742 -77.808585 0.0 0.4
39.161677 -77.815073 0.0 0.4
39.153119 -77.82048 0.0 0.4
39.14271 -77.82207 0.0 0.4
39.134401 -77.82768 0.0 0.4
39.139008 -77.83849599999999 0.0 0.4
39.145081999999995 -77.847937 0.0 0.4
39.150867 -77.856927 0.0 0.4
39.161524 -77.873522 0.0 0.4
39.167691 -77.883039 0.0 0.4
39.17368 -77.892308 0.0 0.4
39.185432999999996 -77.91045799999999 0.0 0.4
39.191193 -77.91942399999999 0.0 0.4
39.19685 -77.928145 0.0 0.4
39.202614 -77.937024 0.0 0.4
39.208766 -77.946508 0.0 0.4
39.214521999999995 -77.955379 0.0 0.4
39.220876 -77.96522499999999 0.0 0.4
39.226783 -77.974389 0.0 0.4
39.232645999999995 -77.983485 0.0 0.4
39.238763 -77.992965 0.0 0.4
39.246531999999995 -78.00524999999999 0.0 0.4
39.25243 -78.014382 0.0 0.4
39.261182999999996 -78.027794 0.0 0.4
39.266512999999996 -78.036259 0.0 0.4
39.274602 -78.049223 0.0 0.4
39.28075 -78.05897399999999 0.0 0.4
39.286372 -78.067627 0.0 0.4
39.293755999999995 -78.078994 0.0 0.4
39.303093 -78.093592 0.0 0.4
39.309127 -78.103349 0.0 0.4
39.31538 -78.11304 0.0 0.4
39.322646999999996 -78.123755 0.0 0.4
39.32991 -78.134997 0.0 0.4
39.335342 -78.143782 0.0 0.4
39.341276 -78.154169 0.0 0.4
39.347944999999996 -78.16444299999999 0.0 0.4
39.356429 -78.176461 0.0 0.4
39.363398 -78.18650099999999 0.0 0.4
39.369519 -78.19638499999999 0.0 0.4
39.375098 -78.205401 0.0 0.4
39.380882 -78.21380099999999 0.0 0.4
39.391233 -78.228766 0.0 0.4
39.397580999999995 -78.23794199999999 0.0 0.4
39.405153 -78.249727 0.0 0.4
39.411016 -78.258077 0.0 0.4
39.419553 -78.271919 0.0 0.4
39.428148 -78.28694 0.0 0.4
39.436198 -78.299961 0.0 0.4
39.441486 -78.30854699999999 0.0 0.4
39.448419 -78.319448 0.0 0.4
39.455332 -78.33031 0.0 0.4
39.461211999999996 -78.33953 0.0 0.4
39.461946 -78.349677 0.0 0.4
39.451592 -78.34664 0.0 0.4
39.440583 -78.34777299999999 0.0 0.4
39.429851 -78.347838 0.0 0.4
39.419802 -78.352344 0.0 0.4
39.412534 -78.359352 0.0 0.4
39.402508999999995 -78.35578799999999 0.0 0.4
39.393879 -78.34961299999999 0.0 0.4
39.383306 -78.346875 0.0 0.4
39.373992 -78.35307999999999 0.0 0.4
39.365206 -78.360545 0.0 0.4
39.356404 -78.355617 0.0 0.4
39.354199 -78.34476599999999 0.0 0.4
39.344266 -78.346777 0.0 0.4
39.334672 -78.350172 0.0 0.4
39.326240999999996 -78.35556199999999 0.0 0.4
39.318242 -78.36192199999999 0.0 0.4
39.309484999999995 -78.367891 0.0 0.4
39.302926 -78.376716 0.0 0.4
39.295663999999995 -78.385052 0.0 0.4
39.286637 -78.39031899999999 0.0 0.4
39.281518999999996 -78.399228 0.0 0.4
39.271636 -78.40656 0.0 0.4
39.263909999999996 -78.414204 0.0 0.4
39.254017 -78.412173 0.0 0.4
39.247643 -78.40392 0.0 0.4
39.237611 -78.40498199999999 0.0 0.4
39.228173999999996 -78.408678 0.0 0.4
39.220709 -78.415641 0.0 0.4
39.212575 -78.423018 0.0 0.4
39.205906999999996 -78.43117 0.0 0.4
39.198586 -78.438236 0.0 0.4
39.193028999999996 -78.429169 0.0 0.4
39.183261 -78.426632 0.0 0.4
39.177369 -78.418532 0.0 0.4
39.171997 -78.409988 0.0 0.4
39.161384999999996 -78.410669 0.0 0.4
39.15604 -78.419974 0.0 0.4
39.1492 -78.430075 0.0 0.4
39.139873 -78.43687 0.0 0.4
39.13071 -78.441131 0.0 0.4
39.122913 -78.44982 0.0 0.4
39.116163 -78.45733 0.0 0.4
39.112035 -78.46804499999999 0.0 0.4
39.109591 -78.477796 0.0 0.4
39.103856 -78.48975999999999 0.0 0.4
39.096795 -78.498712 0.0 0.4
39.089416 -78.50703299999999 0.0 0.4
39.082304 -78.515553 0.0 0.4
39.073451999999996 -78.52156099999999 0.0 0.4
39.066519 -78.531695 0.0 0.4
39.060631 -78.540216 0.0 0.4
39.053284999999995 -78.548307 0.0 0.4
39.045924 -78.555962 0.0 0.4
39.038557999999995 -78.564604 0.0 0.4
39.029475 -78.569046 0.0 0.4
39.024456 -78.55964 0.0 0.4
39.018065 -78.550467 0.0 0.4
39.011877 -78.55940000000001 0.0 0.4
39.003446 -78.568331 0.0 0.4
38.993003 -78.577917 0.0 0.4
38.982859 -78.585972 0.0 0.4
38.973942 -78.591911 0.0 0.4
38.968174999999995 -78.600141 0.0 0.4
38.970400000000005 -78.610125 0.0 0.4
38.976113999999995 -78.619339 0.0 0.4
38.98179 -78.627798 0.0 0.4
38.972716999999996 -78.6339 0.0 0.4
38.968053 -78.644672 0.0 0.4
38.960677 -78.652352 0.0 0.4
38.950897999999995 -78.65746299999999 0.0 0.4
38.943228999999995 -78.66427399999999 0.0 0.4
38.933800000000005 -78.67067899999999 0.0 0.4
38.92657 -78.67938099999999 0.0 0.4
38.92406 -78.68911299999999 0.0 0.4
38.916773 -78.69640199999999 0.0 0.4
38.912725 -78.707475 0.0 0.4
38.905808 -78.71542699999999 0.0 0.4
38.914814 -78.719844 0.0 0.4
38.925163 -78.719573 0.0 0.4
38.935358 -78.71725699999999 0.0 0.4
38.930738999999996 -78.726702 0.0 0.4
38.927642999999996 -78.73653399999999 0.0 0.4
38.921495 -78.744655 0.0 0.4
38.91307 -78.75089 0.0 0.4
38.904084 -78.75623399999999 0.0 0.4
38.898159 -78.764309 0.0 0.4
38.893032 -78.776299 0.0 0.4
38.887187 -78.786025 0.0 0.4
38.877593 -78.79160999999999 0.0 0.4
38.870602 -78.798816 0.0 0.4
38.861788 -78.804419 0.0 0.4
38.85254 -78.80948699999999 0.0 0.4
38.84355 -78.813991 0.0 0.4
38.834359 -78.81915699999999 0.0 0.4
38.825865 -78.824728 0.0 0.4
38.81731 -78.82996 0.0 0.4
38.809112999999996 -78.836725 0.0 0.4
38.800641 -78.843845 0.0 0.4
38.792181 -78.85024299999999 0.0 0.4
38.783397 -78.85533 0.0 0.4
38.775223 -78.861482 0.0 0.4
38.766069 -78.866614 0.0 0.4
38.768696 -78.87744599999999 0.0 0.4
38.775870999999995 -78.887732 0.0 0.4
38.781656 -78.89599799999999 0.0 0.4
38.800008999999996 -78.92226699999999 0.0 0.4
38.806501999999995 -78.93156499999999 0.0 0.4
38.812272 -78.93983999999999 0.0 0.4
38.818165 -78.948291 0.0 0.4
38.838409999999996 -78.97728 0.0 0.4
38.845389999999995 -78.987229 0.0 0.4
38.847894 -78.997182 0.0 0.4
38.837711999999996 -79.000952 0.0 0.4
38.828212 -79.005652 0.0 0.4
38.820412 -79.011952 0.0 0.4
38.81393 -79.01959699999999 0.0 0.4
38.804511999999995 -79.02435299999999 0.0 0.4
38.793413 -79.026153 0.0 0.4
38.791713 -79.036853 0.0 0.4
38.79181 -79.047349 0.0 0.4
38.785112999999996 -79.05525399999999 0.0 0.4
38.775513 -79.052054 0.0 0.4
38.766512999999996 -79.056754 0.0 0.4
38.756713 -79.060954 0.0 0.4
38.750113 -79.069203 0.0 0.4
38.741513999999995 -79.074355 0.0 0.4
38.733214 -79.08015499999999 0.0 0.4
38.724613999999995 -79.085455 0.0 0.4
38.714315 -79.087255 0.0 0.4
38.704954 -79.091342 0.0 0.4
38.694514999999996 -79.091355 0.0 0.4
38.686916 -79.08445499999999 0.0 0.4
38.677015999999995 -79.08705499999999 0.0 0.4
38.668245999999996 -79.092168 0.0 0.4
38.659017 -79.096155 0.0 0.4
38.656217 -79.106056 0.0 0.4
38.658809 -79.115955 0.0 0.4
38.655217 -79.125856 0.0 0.4
38.647517 -79.132657 0.0 0.4
38.638517 -79.13725699999999 0.0 0.4
38.630511 -79.14394999999999 0.0 0.4
38.622318 -79.149857 0.0 0.4
38.613118 -79.15435699999999 0.0 0.4
38.603418 -79.157157 0.0 0.4
38.593419 -79.15825699999999 0.0 0.4
38.584413999999995 -79.16305 0.0 0.4
38.576119 -79.169156 0.0 0.4
38.56682 -79.17375799999999 0.0 0.4
38.559619999999995 -79.18095799999999 0.0 0.4
38.550619999999995 -79.185358 0.0 0.4
38.54342 -79.192458 0.0 0.4
38.535221 -79.198759 0.0 0.4
38.526221 -79.20335899999999 0.0 0.4
38.516721 -79.207759 0.0 0.4
38.506921999999996 -79.210459 0.0 0.4
38.496991 -79.20849 0.0 0.4
38.489261 -79.215212 0.0 0.4
38.480717999999996 -79.220899 0.0 0.4
38.474818 -79.229316 0.0 0.4
38.470745 -79.239114 0.0 0.4
38.46096 -79.241737 0.0 0.4
38.454496999999996 -79.24973 0.0 0.4
38.449428999999995 -79.25846 0.0 0.4
38.441880999999995 -79.265315 0.0 0.4
38.436358 -79.274518 0.0 0.4
38.43032 -79.282725 0.0 0.4
38.420361 -79.28031299999999 0.0 0.4
38.421042 -79.290373 0.0 0.4
38.415693 -79.298901 0.0 0.4
38.412845 -79.30873 0.0 0.4
38.414820999999996 -79.323591 0.0 0.4
38.417615 -79.33398199999999 0.0 0.4
38.423808 -79.35734699999999 0.0 0.4
38.426483999999995 -79.367448 0.0 0.4
38.429261 -79.377434 0.0 0.4
38.432415999999996 -79.388719 0.0 0.4
38.435609 -79.400133 0.0 0.4
38.438345999999996 -79.409909 0.0 0.4
38.441292 -79.42043199999999 0.0 0.4
38.444041 -79.430182 0.0 0.4
38.447947 -79.443944 0.0 0.4
38.451733 -79.457284 0.0 0.4
38.455718999999995 -79.471324 0.0 0.4
38.469936 -79.48389 0.0 0.4
38.478648 -79.488862 0.0 0.4
38.489592 -79.49511 0.0 0.4
38.498255 -79.50023999999999 0.0 0.4
38.507031999999995 -79.50533399999999 0.0 0.4
38.515808 -79.510593 0.0 0.4
38.525611999999995 -79.516481 0.0 0.4
38.534217999999996 -79.521669 0.0 0.4
38.541817 -79.53017 0.0 0.4
38.549817 -79.53627 0.0 0.4
38.554517 -79.54567 0.0 0.4
38.559917 -79.554671 0.0 0.4
38.562317 -79.56557099999999 0.0 0.4
38.564648999999996 -79.575932 0.0 0.4
38.568739 -79.58702699999999 0.0 0.4
38.572721 -79.59782 0.0 0.4
38.57915 -79.615335 0.0 0.4
38.582616 -79.624774 0.0 0.4
38.586973 -79.63667 0.0 0.4
38.590664 -79.64674699999999 0.0 0.4
38.584016 -79.65447499999999 0.0 0.4
38.574515999999996 -79.657975 0.0 0.4
38.564816 -79.660575 0.0 0.4
38.556515999999995 -79.666275 0.0 0.4
38.546816 -79.669575 0.0 0.4
38.536916 -79.667773 0.0 0.4
38.527514 -79.671572 0.0 0.4
38.520416999999995 -79.664374 0.0 0.4
38.511438 -79.668959 0.0 0.4
38.510317 -79.678974 0.0 0.4
38.501117 -79.683174 0.0 0.4
38.496474 -79.692273 0.0 0.4
38.487702 -79.697125 0.0 0.4
38.477807 -79.695582 0.0 0.4
38.466694 -79.694034 0.0 0.4
38.457861 -79.68853399999999 0.0 0.4
38.447676 -79.69069499999999 0.0 0.4
38.437064 -79.691743 0.0 0.4
38.427147 -79.696032 0.0 0.4
38.419357 -79.702782 0.0 0.4
38.411235999999995 -79.709289 0.0 0.4
38.402282 -79.716432 0.0 0.4
38.391051 -79.722121 0.0 0.4
38.382058 -79.728293 0.0 0.4
38.372217 -79.730494 0.0 0.4
38.363229 -79.725973 0.0 0.4
38.356728 -79.7346 0.0 0.4
38.354023 -79.744832 0.0 0.4
38.356942 -79.755184 0.0 0.4
38.354447 -79.766128 0.0 0.4
38.344498 -79.76763299999999 0.0 0.4
38.335529 -79.77309 0.0 0.4
38.33181 -79.78297599999999 0.0 0.4
38.326209999999996 -79.792036 0.0 0.4
38.318393 -79.798699 0.0 0.4
38.309751 -79.80841199999999 0.0 0.4
38.298784 -79.80417899999999 0.0 0.4
38.290228 -79.795448 0.0 0.4
38.281475 -79.78997199999999 0.0 0.4
38.271389 -79.788426 0.0 0.4
38.266154 -79.79717 0.0 0.4
38.260006 -79.805075 0.0 0.4
38.256661 -79.81463699999999 0.0 0.4
38.248114 -79.820043 0.0 0.4
38.249713 -79.830713 0.0 0.4
38.241279999999996 -79.837481 0.0 0.4
38.238312 -79.847155 0.0 0.4
38.231544 -79.85593 0.0 0.4
38.224002 -79.86318 0.0 0.4
38.215908999999996 -79.87320799999999 0.0 0.4
38.209271 -79.88084599999999 0.0 0.4
38.205891 -79.890267 0.0 0.4
38.197537 -79.895799 0.0 0.4
38.190629 -79.90324199999999 0.0 0.4
38.188148999999996 -79.913078 0.0 0.4
38.181377999999995 -79.920813 0.0 0.4
38.171462999999996 -79.919011 0.0 0.4
38.161100999999995 -79.919094 0.0 0.4
38.151655 -79.922725 0.0 0.4
38.143349 -79.92867 0.0 0.4
38.135044 -79.934316 0.0 0.4
38.132608 -79.94431999999999 0.0 0.4
38.1225 -79.942472 0.0 0.4
38.112666 -79.939088 0.0 0.4
38.109193999999995 -79.929687 0.0 0.4
38.099778 -79.93315199999999 0.0 0.4
38.092076999999996 -79.94135399999999 0.0 0.4
38.084607 -79.948309 0.0 0.4
38.077618 -79.95555 0.0 0.4
38.068675 -79.960094 0.0 0.4
38.058493 -79.962321 0.0 0.4
38.049493999999996 -79.967135 0.0 0.4
38.041356 -79.97299199999999 0.0 0.4
38.031391 -79.97540699999999 0.0 0.4
38.023872 -79.982441 0.0 0.4
38.014406 -79.986046 0.0 0.4
38.008716 -79.994317 0.0 0.4
37.999711 -79.998853 0.0 0.4
37.991729 -80.00521599999999 0.0 0.4
37.98505 -80.01312999999999 0.0 0.4
37.979365 -80.02164499999999 0.0 0.4
37.973178 -80.029838 0.0 0.4
37.965907 -80.036908 0.0 0.4
37.959897999999995 -80.04552199999999 0.0 0.4
37.954364 -80.05444899999999 0.0 0.4
37.948747999999995 -80.06292599999999 0.0 0.4
37.943391 -80.07197 0.0 0.4
37.935525999999996 -80.080823 0.0 0.4
37.928502 -80.087975 0.0 0.4
37.921009 -80.094965 0.0 0.4
37.916278 -80.103776 0.0 0.4
37.910109 -80.112006 0.0 0.4
37.902775999999996 -80.119143 0.0 0.4
37.895354 -80.12643299999999 0.0 0.4
37.888282 -80.133755 0.0 0.4
37.883376999999996 -80.142772 0.0 0.4
37.882311 -80.153092 0.0 0.4
37.875122 -80.162202 0.0 0.4
37.867115999999996 -80.16895699999999 0.0 0.4
37.857516 -80.17301599999999 0.0 0.4
37.852723999999995 -80.181815 0.0 0.4
37.841594 -80.18074399999999 0.0 0.4
37.835474 -80.189438 0.0 0.4
37.829091 -80.197521 0.0 0.4
37.820555 -80.20482299999999 0.0 0.4
37.812598 -80.210965 0.0 0.4
37.806602 -80.221042 0.0 0.4
37.797892 -80.22769 0.0 0.4
37.78774 -80.225083 0.0 0.4
37.782202 -80.216623 0.0 0.4
37.776917 -80.225163 0.0 0.4
37.774569 -80.235066 0.0 0.4
37.767492 -80.242828 0.0 0.4
37.760892999999996 -80.250528 0.0 0.4
37.753419 -80.258016 0.0 0.4
37.743483999999995 -80.260415 0.0 0.4
37.733031 -80.25966799999999 0.0 0.4
37.724132 -80.254961 0.0 0.4
37.719136999999996 -80.263936 0.0 0.4
37.711532 -80.27199 0.0 0.4
37.70263 -80.28056699999999 0.0 0.4
37.693852 -80.294107 0.0 0.4
37.683972 -80.292332 0.0 0.4
37.672492 -80.286924 0.0 0.4
37.657077 -80.279372 0.0 0.4
37.648982 -80.27032299999999 0.0 0.4
37.642483 -80.25495 0.0 0.4
37.638324 -80.240791 0.0 0.4
37.633403 -80.231329 0.0 0.4
37.628174 -80.22172499999999 0.0 0.4
37.617505 -80.228807 0.0 0.4
37.610959 -80.23650099999999 0.0 0.4
37.604591 -80.245004 0.0 0.4
37.599447 -80.253755 0.0 0.4
37.593374 -80.26356 0.0 0.4
37.589226 -80.274621 0.0 0.4
37.58499 -80.28375 0.0 0.4
37.579778 -80.293112 0.0 0.4
37.575918 -80.302555 0.0 0.4
37.571501999999995 -80.31199199999999 0.0 0.4
37.567115 -80.321691 0.0 0.4
37.556286 -80.321349 0.0 0.4
37.548637 -80.314525 0.0 0.4
37.541349 -80.321488 0.0 0.4
37.536266999999995 -80.33036799999999 0.0 0.4
37.531653 -80.31942599999999 0.0 0.4
37.52738 -80.309347 0.0 0.4
37.536516 -80.29166699999999 0.0 0.4
37.526024 -80.28755 0.0 0.4
37.516782 -80.293922 0.0 0.4
37.508271 -80.29978899999999 0.0 0.4
37.503827 -80.309833 0.0 0.4
37.49888 -80.320627 0.0 0.4
37.493745 -80.332034 0.0 0.4
37.492402999999996 -80.342435 0.0 0.4
37.488555999999996 -80.354824 0.0 0.4
37.485527999999995 -80.36452799999999 0.0 0.4
37.476597 -80.369451 0.0 0.4
37.471388999999995 -80.378282 0.0 0.4
37.466608 -80.39061699999999 0.0 0.4
37.462325 -80.399846 0.0 0.4
37.455591999999996 -80.41314799999999 0.0 0.4
37.450603 -80.42406 0.0 0.4
37.438131 -80.44300899999999 0.0 0.4
37.432269999999995 -80.457304 0.0 0.4
37.42373 -80.472782 0.0 0.4
37.432936 -80.491608 0.0 0.4
37.44478 -80.49727899999999 0.0 0.4
37.457749 -80.492981 0.0 0.4
37.466916999999995 -80.49978399999999 0.0 0.4
37.474807999999996 -80.50606499999999 0.0 0.4
37.478474 -80.51636599999999 0.0 0.4
37.477368 -80.52834899999999 0.0 0.4
37.474152 -80.537939 0.0 0.4
37.473697 -80.548805 0.0 0.4
37.470711 -80.558982 0.0 0.4
37.465576999999996 -80.56818299999999 0.0 0.4
37.461023999999995 -80.577423 0.0 0.4
37.45605 -80.586636 0.0 0.4
37.449506 -80.59477 0.0 0.4
37.444927 -80.604331 0.0 0.4
37.440152 -80.613856 0.0 0.4
37.434221 -80.62236899999999 0.0 0.4
37.432125 -80.632365 0.0 0.4
37.424507999999996 -80.641898 0.0 0.4
37.420634 -80.65242599999999 0.0 0.4
37.415568 -80.66118999999999 0.0 0.4
37.410958 -80.671577 0.0 0.4
37.40463 -80.68457599999999 0.0 0.4
37.400148 -80.693737 0.0 0.4
37.395936999999996 -80.70311199999999 0.0 0.4
37.39204 -80.712509 0.0 0.4
37.388328 -80.723101 0.0 0.4
37.383691999999996 -80.733166 0.0 0.4
37.380587999999996 -80.742863 0.0 0.4
37.377826 -80.75365599999999 0.0 0.4
37.373961 -80.76343899999999 0.0 0.4
37.381640999999995 -80.77547799999999 0.0 0.4
37.389018 -80.782285 0.0 0.4
37.395571 -80.790035 0.0 0.4
37.395871 -80.800157 0.0 0.4
37.40396 -80.806142 0.0 0.4
37.411155 -80.81706199999999 0.0 0.4
37.416743 -80.825366 0.0 0.4
37.422574 -80.83411 0.0 0.4
37.423555 -80.844213 0.0 0.4
37.426936999999995 -80.85373799999999 0.0 0.4
37.424383999999996 -80.86343699999999 0.0 0.4
37.414443 -80.864856 0.0 0.4
37.404678 -80.868143 0.0 0.4
37.395466 -80.874805 0.0 0.4
37.387223999999996 -80.88080599999999 0.0 0.4
37.377219 -80.876958 0.0 0.4
37.368759 -80.86932399999999 0.0 0.4
37.357199 -80.85880999999999 0.0 0.4
37.346909 -80.849451 0.0 0.4
37.342819 -80.859049 0.0 0.4
37.338933 -80.86837899999999 0.0 0.4
37.331936 -80.87653399999999 0.0 0.4
37.325694999999996 -80.88529 0.0 0.4
37.316779 -80.89805 0.0 0.4
37.311605 -80.907951 0.0 0.4
37.306884 -80.918025 0.0 0.4
37.303566 -80.928131 0.0 0.4
37.300278 -80.938135 0.0 0.4
37.295871999999996 -80.947896 0.0 0.4
37.292898 -80.964879 0.0 0.4
37.292 -80.975421 0.0 0.4
37.301376999999995 -80.97965599999999 0.0 0.4
37.299625999999996 -80.99368299999999 0.0 0.4
37.297184 -81.00397199999999 0.0 0.4
37.295269 -81.014189 0.0 0.4
37.293482 -81.024456 0.0 0.4
37.290751 -81.034652 0.0 0.4
37.289106 -81.04566299999999 0.0 0.4
37.287841 -81.055596 0.0 0.4
37.286437 -81.066355 0.0 0.4
37.28496 -81.076528 0.0 0.4
37.28378 -81.08774 0.0 0.4
37.281672 -81.098798 0.0 0.4
37.279103 -81.109323 0.0 0.4
37.276333 -81.119312 0.0 0.4
37.273612 -81.129099 0.0 0.4
37.270224999999996 -81.13954799999999 0.0 0.4
37.267514999999996 -81.149608 0.0 0.4
37.264752 -81.161137 0.0 0.4
37.261088 -81.17164199999999 0.0 0.4
37.256654 -81.180632 0.0 0.4
37.251396 -81.18990699999999 0.0 0.4
37.246423 -81.19899199999999 0.0 0.4
37.241596 -81.208563 0.0 0.4
37.237747 -81.218554 0.0 0.4
37.238333 -81.230153 0.0 0.4
37.244989 -81.23991 0.0 0.4
37.251804 -81.24982 0.0 0.4
37.257444 -81.25823199999999 0.0 0.4
37.263266 -81.266815 0.0 0.4
37.270514999999996 -81.277564 0.0 0.4
37.278082 -81.28880099999999 0.0 0.4
37.284980999999995 -81.29902899999999 0.0 0.4
37.290636 -81.307281 0.0 0.4
37.297805 -81.317863 0.0 0.4
37.304335 -81.325492 0.0 0.4
37.311267 -81.333134 0.0 0.4
37.320057 -81.34283099999999 0.0 0.4
37.334447 -81.358594 0.0 0.4
37.332571 -81.368428 0.0 0.4
37.32301 -81.371501 0.0 0.4
37.317775999999995 -81.380061 0.0 0.4
37.317506 -81.390326 0.0 0.4
37.310998 -81.398055 0.0 0.4
37.30166 -81.40219499999999 0.0 0.4
37.29241 -81.40605 0.0 0.4
37.282520999999996 -81.41059 0.0 0.4
37.273863 -81.41593499999999 0.0 0.4
37.271696 -81.42595299999999 0.0 0.4
37.274132 -81.43598899999999 0.0 0.4
37.272224 -81.44599199999999 0.0 0.4
37.267004 -81.454534 0.0 0.4
37.259899 -81.462107 0.0 0.4
37.256845999999996 -81.472023 0.0 0.4
37.251087999999996 -81.480356 0.0 0.4
37.250988 -81.490755 0.0 0.4
37.258092 -81.498038 0.0 0.4
37.250158 -81.504148 0.0 0.4
37.240327 -81.506242 0.0 0.4
37.231725 -81.511547 0.0 0.4
37.227073 -81.52046899999999 0.0 0.4
37.225522 -81.530399 0.0 0.4
37.221593999999996 -81.539732 0.0 0.4
37.215463 -81.54784099999999 0.0 0.4
37.207989999999995 -81.554705 0.0 0.4
37.206244999999996 -81.569876 0.0 0.4
37.205748 -81.580872 0.0 0.4
37.204135 -81.61656599999999 0.0 0.4
37.203485 -81.632893 0.0 0.4
37.202141 -81.66332899999999 0.0 0.4
37.201541 -81.678197 0.0 0.4
37.210322999999995 -81.683945 0.0 0.4
37.213296 -81.694171 0.0 0.4
37.220766 -81.700902 0.0 0.4
37.225491999999996 -81.709795 0.0 0.4
37.23365 -81.716056 0.0 0.4
37.240528 -81.72336299999999 0.0 0.4
37.238319 -81.733183 0.0 0.4
37.242172 -81.74286 0.0 0.4
37.252288 -81.741697 0.0 0.4
37.261649 -81.745644 0.0 0.4
37.267266 -81.754018 0.0 0.4
37.276255 -81.75873899999999 0.0 0.4
37.273773 -81.768621 0.0 0.4
37.276814 -81.778177 0.0 0.4
37.283256 -81.78603199999999 0.0 0.4
37.285126 -81.796194 0.0 0.4
37.284357 -81.806271 0.0 0.4
37.280726 -81.815651 0.0 0.4
37.279101 -81.82558999999999 0.0 0.4
37.285101 -81.833697 0.0 0.4
37.285362 -81.84416499999999 0.0 0.4
37.289041 -81.853777 0.0 0.4
37.299087 -81.855002 0.0 0.4
37.306028999999995 -81.862344 0.0 0.4
37.315942 -81.860489 0.0 0.4
37.320495 -81.86972399999999 0.0 0.4
37.327695 -81.876735 0.0 0.4
37.330419 -81.886518 0.0 0.4
37.33197 -81.89649399999999 0.0 0.4
37.341606999999996 -81.89960099999999 0.0 0.4
37.345248 -81.908968 0.0 0.4
37.349565 -81.918033 0.0 0.4
37.357955 -81.923496 0.0 0.4
37.366386 -81.928917 0.0 0.4
37.376066 -81.931463 0.0 0.4
37.386085 -81.931724 0.0 0.4
37.395900000000005 -81.92927499999999 0.0 0.4
37.40633 -81.928505 0.0 0.4
37.415575 -81.93279799999999 0.0 0.4
37.424047 -81.93829 0.0 0.4
37.433994999999996 -81.937174 0.0 0.4
37.439991 -81.94519799999999 0.0 0.4
37.446321 -81.954056 0.0 0.4
37.447480999999996 -81.964142 0.0 0.4
37.453208 -81.972411 0.0 0.4
37.455605999999996 -81.98240799999999 0.0 0.4
37.460885999999995 -81.991573 0.0 0.4
37.470656 -81.99581599999999 0.0 0.4
37.480563 -81.993151 0.0 0.4
37.484971 -81.983859 0.0 0.4
37.487905 -81.973878 0.0 0.4
37.493327 -81.965323 0.0 0.4
37.491676999999996 -81.954365 0.0 0.4
37.501678 -81.952641 0.0 0.4
37.508286 -81.943247 0.0 0.4
37.511241 -81.933424 0.0 0.4
37.512871 -81.943417 0.0 0.4
37.522738 -81.945308 0.0 0.4
37.52816 -81.95376 0.0 0.4
37.53479 -81.961343 0.0 0.4
37.543883 -81.965768 0.0 0.4
37.546006999999996 -81.97555899999999 0.0 0.4
37.542794 -81.985474 0.0 0.4
37.537745 -81.994149 0.0 0.4
37.537088 -82.00415199999999 0.0 0.4
37.533403 -82.01351199999999 0.0 0.4
37.540696 -82.020398 0.0 0.4
37.538373 -82.030221 0.0 0.4
37.544793 -82.03801299999999 0.0 0.4
37.535413999999996 -82.041963 0.0 0.4
37.535986 -82.052421 0.0 0.4
37.536184999999996 -82.062857 0.0 0.4
37.545837 -82.066035 0.0 0.4
37.553551999999996 -82.072604 0.0 0.4
37.555199 -82.083522 0.0 0.4
37.554514999999995 -82.09481199999999 0.0 0.4
37.553061 -82.10477999999999 0.0 0.4
37.559112 -82.114319 0.0 0.4
37.552755999999995 -82.122182 0.0 0.4
37.552831999999995 -82.133247 0.0 0.4
37.562928 -82.134424 0.0 0.4
37.566311 -82.144384 0.0 0.4
37.571563 -82.13546099999999 0.0 0.4
37.575154 -82.125011 0.0 0.4
37.585184999999996 -82.126797 0.0 0.4
37.593424 -82.132652 0.0 0.4
37.594286 -82.14313299999999 0.0 0.4
37.591615999999995 -82.15329899999999 0.0 0.4
37.601411 -82.156897 0.0 0.4
37.607732 -82.165228 0.0 0.4
37.618607 -82.16484799999999 0.0 0.4
37.618631 -82.175162 0.0 0.4
37.625339 -82.182621 0.0 0.4
37.631592999999995 -82.173107 0.0 0.4
37.640848999999996 -82.17763599999999 0.0 0.4
37.648832999999996 -82.184028 0.0 0.4
37.639415 -82.187821 0.0 0.4
37.629556 -82.185929 0.0 0.4
37.626400000000004 -82.196028 0.0 0.4
37.625056 -82.206068 0.0 0.4
37.629802 -82.216712 0.0 0.4
37.639883999999995 -82.217052 0.0 0.4
37.646392 -82.224868 0.0 0.4
37.655091 -82.230085 0.0 0.4
37.661313 -82.239576 0.0 0.4
37.658061 -82.249524 0.0 0.4
37.65764 -82.259644 0.0 0.4
37.662605 -82.268609 0.0 0.4
37.669274 -82.276185 0.0 0.4
37.675813999999995 -82.28391599999999 0.0 0.4
37.668954 -82.291266 0.0 0.4
37.678146 -82.29527499999999 0.0 0.4
37.687847 -82.297915 0.0 0.4
37.697387 -82.301158 0.0 0.4
37.706553 -82.30523199999999 0.0 0.4
37.714801 -82.310892 0.0 0.4
37.72336 -82.316713 0.0 0.4
37.733505 -82.31867799999999 0.0 0.4
37.736900999999996 -82.32811 0.0 0.4
37.747596 -82.329303 0.0 0.4
37.753771 -82.321247 0.0 0.4
37.760743 -82.31358399999999 0.0 0.4
37.763362 -82.323666 0.0 0.4
37.764685 -82.33363399999999 0.0 0.4
37.771634 -82.324529 0.0 0.4
37.774255 -82.334407 0.0 0.4
37.783642 -82.339248 0.0 0.4
37.786933 -82.349026 0.0 0.4
37.793797999999995 -82.35756599999999 0.0 0.4
37.79908 -82.366374 0.0 0.4
37.802029999999995 -82.37616899999999 0.0 0.4
37.811592 -82.38027199999999 0.0 0.4
37.818270999999996 -82.387723 0.0 0.4
37.810674 -82.394533 0.0 0.4
37.820018999999995 -82.398834 0.0 0.4
37.830217999999995 -82.400019 0.0 0.4
37.835839 -82.408402 0.0 0.4
37.844801 -82.412937 0.0 0.4
37.855036 -82.415007 0.0 0.4
37.860240999999995 -82.42390999999999 0.0 0.4
37.865064 -82.414789 0.0 0.4
37.874241 -82.419316 0.0 0.4
37.884313999999996 -82.41963 0.0 0.4
37.888379 -82.429301 0.0 0.4
37.89683 -82.43531999999999 0.0 0.4
37.902488999999996 -82.443874 0.0 0.4
37.908550999999996 -82.45189599999999 0.0 0.4
37.912124 -82.461278 0.0 0.4
37.905082 -82.468482 0.0 0.4
37.912212 -82.475946 0.0 0.4
37.91627 -82.48537 0.0 0.4
37.925307 -82.480268 0.0 0.4
37.927065999999996 -82.490765 0.0 0.4
37.930972 -82.500571 0.0 0.4
37.935742999999995 -82.49134 0.0 0.4
37.943576 -82.497743 0.0 0.4
37.945228 -82.48751899999999 0.0 0.4
37.95128 -82.47907699999999 0.0 0.4
37.958739 -82.471775 0.0 0.4
37.962810999999995 -82.48185 0.0 0.4
37.972892 -82.482053 0.0 0.4
37.972861 -82.471431 0.0 0.4
37.979994999999995 -82.464247 0.0 0.4
37.986686999999996 -82.47182099999999 0.0 0.4
37.983695 -82.482173 0.0 0.4
37.993151999999995 -82.486057 0.0 0.4
37.99887 -82.49483 0.0 0.4
38.000955 -82.505748 0.0 0.4
38.000088 -82.51736 0.0 0.4
38.010182 -82.52072799999999 0.0 0.4
38.019506 -82.52574299999999 0.0 0.4
38.028945 -82.53132099999999 0.0 0.4
38.037400000000005 -82.538718 0.0 0.4
38.047681 -82.540859 0.0 0.4
38.057181 -82.54463799999999 0.0 0.4
38.066065 -82.549483 0.0 0.4
38.071988999999995 -82.557626 0.0 0.4
38.080113 -82.564898 0.0 0.4
38.083200999999995 -82.575458 0.0 0.4
38.090032 -82.58335699999999 0.0 0.4
38.100014 -82.58523 0.0 0.4
38.109445 -82.589461 0.0 0.4
38.116181999999995 -82.598092 0.0 0.4
38.12094 -82.60727899999999 0.0 0.4
38.120388 -82.61877199999999 0.0 0.4
38.130700000000004 -82.62095699999999 0.0 0.4
38.135604 -82.62980999999999 0.0 0.4
38.142917 -82.63797699999999 0.0 0.4
38.153698 -82.638717 0.0 0.4
38.164032 -82.644014 0.0 0.4
38.171389999999995 -82.637216 0.0 0.4
38.170662 -82.62723199999999 0.0 0.4
38.169264 -82.616445 0.0 0.4
38.177769 -82.608716 0.0 0.4
38.187539 -82.604111 0.0 0.4
38.196577 -82.59942 0.0 0.4
38.206629 -82.59849799999999 0.0 0.4
38.21689 -82.598332 0.0 0.4
38.222518 -82.60766799999999 0.0 0.4
38.234328999999995 -82.612389 0.0 0.4
38.243967999999995 -82.608672 0.0 0.4
38.246199 -82.598423 0.0 0.4
38.245638 -82.587319 0.0 0.4
38.25258 -82.57941199999999 0.0 0.4
38.262813 -82.575024 0.0 0.4
38.273798 -82.574252 0.0 0.4
38.282748 -82.57906799999999 0.0 0.4
38.29279 -82.580286 0.0 0.4
38.303312999999996 -82.579904 0.0 0.4
38.311431999999996 -82.573583 0.0 0.4
38.32298 -82.575395 0.0 0.4
38.331959999999995 -82.581743 0.0 0.4
38.339466 -82.58852 0.0 0.4
38.344434 -82.597538 0.0 0.4
38.354679 -82.59827399999999 0.0 0.4
38.364912 -82.597594 0.0 0.4
38.374015 -82.593217 0.0 0.4
38.383736 -82.595697 0.0 0.4
38.393177 -82.599004 0.0 0.4
38.403087 -82.595366 0.0 0.4
38.413531 -82.596699 0.0 0.4
38.40997 -82.583378 0.0 0.4
38.405688999999995 -82.573425 0.0 0.4
38.404714999999996 -82.56058999999999 0.0 0.4
38.403462999999995 -82.550597 0.0 0.4
38.403883 -82.540482 0.0 0.4
38.405501 -82.53008799999999 0.0 0.4
38.407765999999995 -82.520342 0.0 0.4
38.410573 -82.51062 0.0 0.4
38.413132999999995 -82.500937 0.0 0.4
38.416695 -82.490646 0.0 0.4
38.421769999999995 -82.471769 0.0 0.4
38.424062 -82.461865 0.0 0.4
38.426069999999996 -82.451998 0.0 0.4
38.428481999999995 -82.44047599999999 0.0 0.4
38.431283 -82.430371 0.0 0.4
38.434922 -82.418702 0.0 0.4
38.438032 -82.408992 0.0 0.4
38.435410999999995 -82.39213 0.0 0.4
38.434791 -82.38202299999999 0.0 0.4
38.436482999999996 -82.371973 0.0 0.4
38.438500000000005 -82.361345 0.0 0.4
38.43978 -82.35028799999999 0.0 0.4
38.441206 -82.339792 0.0 0.4
38.444500000000005 -82.33033499999999 0.0 0.4
38.451988 -82.32239899999999 0.0 0.4
38.460484 -82.316991 0.0 0.4
38.470039 -82.313484 0.0 0.4
38.479908 -82.311551 0.0 0.4
38.489684 -82.307007 0.0 0.4
38.499123999999995 -82.303663 0.0 0.4
38.512254 -82.303716 0.0 0.4
38.523182999999996 -82.302871 0.0 0.4
38.532683 -82.298171 0.0 0.4
38.547483 -82.294771 0.0 0.4
38.559982999999995 -82.29327099999999 0.0 0.4
38.571083 -82.293671 0.0 0.4
38.580383 -82.289771 0.0 0.4
38.586683 -82.28157 0.0 0.4
38.593683 -82.27427 0.0 0.4
38.597383 -82.26487 0.0 0.4
38.598583 -82.254469 0.0 0.4
38.596582999999995 -82.244179 0.0 0.4
38.594682999999996 -82.233469 0.0 0.4
38.591684 -82.223168 0.0 0.4
38.591617 -82.21298 0.0 0.4
38.592051999999995 -82.201004 0.0 0.4
38.594184 -82.191167 0.0 0.4
38.599384 -82.181967 0.0 0.4
38.607084 -82.17526699999999 0.0 0.4
38.616884 -82.172566 0.0 0.4
38.626884 -82.17216599999999 0.0 0.4
38.637583 -82.175367 0.0 0.4
38.647133 -82.178482 0.0 0.4
38.656282999999995 -82.183567 0.0 0.4
38.666678 -82.186045 0.0 0.4
38.677482999999995 -82.189684 0.0 0.4
38.689982 -82.18936699999999 0.0 0.4
38.699182 -82.18506699999999 0.0 0.4
38.709871 -82.182665 0.0 0.4
38.719671999999996 -82.186678 0.0 0.4
38.728328999999995 -82.191695 0.0 0.4
38.738682 -82.19076799999999 0.0 0.4
38.748180999999995 -82.194668 0.0 0.4
38.757725 -82.198882 0.0 0.4
38.763943 -82.207141 0.0 0.4
38.76835 -82.21661399999999 0.0 0.4
38.777363 -82.22124099999999 0.0 0.4
38.788564 -82.220934 0.0 0.4
38.797461999999996 -82.21575899999999 0.0 0.4
38.806160999999996 -82.203615 0.0 0.4
38.812115 -82.194778 0.0 0.4
38.816305 -82.18554499999999 0.0 0.4
38.82018 -82.171667 0.0 0.4
38.824632 -82.16157 0.0 0.4
38.832905 -82.152225 0.0 0.4
38.84048 -82.14486699999999 0.0 0.4
38.851394 -82.141616 0.0 0.4
38.861958 -82.13984099999999 0.0 0.4
38.87258 -82.140766 0.0 0.4
38.881879999999995 -82.14446699999999 0.0 0.4
38.896279 -82.143667 0.0 0.4
38.903779 -82.136866 0.0 0.4
38.909935 -82.128866 0.0 0.4
38.918279 -82.12296599999999 0.0 0.4
38.926279 -82.116666 0.0 0.4
38.936479 -82.111666 0.0 0.4
38.946154 -82.108633 0.0 0.4
38.953978 -82.102065 0.0 0.4
38.962725 -82.096071 0.0 0.4
38.972477999999995 -82.092365 0.0 0.4
38.978578 -82.08396499999999 0.0 0.4
38.982678 -82.074364 0.0 0.4
38.986978 -82.064964 0.0 0.4
38.991778 -82.056063 0.0 0.4
38.998678 -82.04866299999999 0.0 0.4
39.007978 -82.044463 0.0 0.4
39.017879 -82.041562 0.0 0.4
39.025535999999995 -82.03451299999999 0.0 0.4
39.028873 -82.02488799999999 0.0 0.4
39.029818 -82.010707 0.0 0.4
39.026778 -82.000461 0.0 0.4
39.020095999999995 -81.992836 0.0 0.4
39.011857 -81.98700000000001 0.0 0.4
39.002677999999996 -81.982961 0.0 0.4
38.993193 -81.979371 0.0 0.4
38.992954999999995 -81.96776899999999 0.0 0.4
38.995908 -81.95484599999999 0.0 0.4
38.994132 -81.94437599999999 0.0 0.4
38.98766 -81.93318599999999 0.0 0.4
38.977508 -81.92656099999999 0.0 0.4
38.968494 -81.91978399999999 0.0 0.4
38.959089999999996 -81.914532 0.0 0.4
38.948675 -81.908963 0.0 0.4
38.937746 -81.900651 0.0 0.4
38.925405 -81.899953 0.0 0.4
38.917403 -81.908341 0.0 0.4
38.910862 -81.917452 0.0 0.4
38.901311 -81.92667 0.0 0.4
38.890578 -81.92503599999999 0.0 0.4
38.88427 -81.915898 0.0 0.4
38.877566 -81.90685599999999 0.0 0.4
38.87428 -81.896868 0.0 0.4
38.875885 -81.885385 0.0 0.4
38.881174 -81.87485699999999 0.0 0.4
38.886227999999996 -81.865991 0.0 0.4
38.892734 -81.855971 0.0 0.4
38.900732 -81.849526 0.0 0.4
38.910088 -81.84531199999999 0.0 0.4
38.921471 -81.845317 0.0 0.4
38.931149 -81.84271199999999 0.0 0.4
38.939741999999995 -81.835354 0.0 0.4
38.945898 -81.827354 0.0 0.4
38.946658 -81.816575 0.0 0.4
38.942522 -81.806888 0.0 0.4
38.935626 -81.799514 0.0 0.4
38.928008 -81.78949899999999 0.0 0.4
38.923856 -81.77771299999999 0.0 0.4
38.922947 -81.76622499999999 0.0 0.4
38.929684 -81.75795 0.0 0.4
38.939879999999995 -81.762236 0.0 0.4
38.948707 -81.76970299999999 0.0 0.4
38.955892 -81.77884499999999 0.0 0.4
38.968447 -81.78115199999999 0.0 0.4
38.978601999999995 -81.77695399999999 0.0 0.4
38.988668 -81.775778 0.0 0.4
38.997834 -81.770979 0.0 0.4
39.005479 -81.764453 0.0 0.4
39.015479 -81.764353 0.0 0.4
39.023478999999995 -81.77055299999999 0.0 0.4
39.029879 -81.77825399999999 0.0 0.4
39.036379 -81.786054 0.0 0.4
39.041278 -81.79495399999999 0.0 0.4
39.047478 -81.80315499999999 0.0 0.4
39.055577 -81.809055 0.0 0.4
39.064979 -81.813053 0.0 0.4
39.074979 -81.814054 0.0 0.4
39.083678 -81.809054 0.0 0.4
39.082978 -81.798654 0.0 0.4
39.079378 -81.789255 0.0 0.4
39.078078 -81.77925499999999 0.0 0.4
39.080377 -81.76935499999999 0.0 0.4
39.084477 -81.760154 0.0 0.4
39.090377 -81.75175399999999 0.0 0.4
