43.315719 -111.044893 0.0 0.4
43.334095 -111.044988 0.0 0.4
43.351082 -111.044858 0.0 0.4
43.364303 -111.044937 0.0 0.4
43.378684 -111.04477 0.0 0.4
43.392452 -111.044782 0.0 0.4
43.402806 -111.044817 0.0 0.4
43.417390999999995 -111.044906 0.0 0.4
43.427952999999995 -111.045012 0.0 0.4
43.443493 -111.045114 0.0 0.4
43.463882999999996 -111.045152 0.0 0.4
43.479901 -111.045228 0.0 0.4
43.494451 -111.045377 0.0 0.4
43.504503 -111.045439 0.0 0.4
43.521066999999995 -111.04534699999999 0.0 0.4
43.534811999999995 -111.045286 0.0 0.4
43.546062 -111.045306 0.0 0.4
43.556287 -111.045364 0.0 0.4
43.566628 -111.045372 0.0 0.4
43.577659999999995 -111.045421 0.0 0.4
43.592329 -111.045435 0.0 0.4
43.606719 -111.045446 0.0 0.4
43.620400000000004 -111.045439 0.0 0.4
43.636564 -111.045601 0.0 0.4
43.649331 -111.045699 0.0 0.4
43.66272 -111.045842 0.0 0.4
43.674181 -111.045953 0.0 0.4
43.684293 -111.046092 0.0 0.4
43.696121 -111.046236 0.0 0.4
43.70851 -111.046286 0.0 0.4
43.718970999999996 -111.04635999999999 0.0 0.4
43.730432 -111.046468 0.0 0.4
43.743341 -111.04657399999999 0.0 0.4
43.754045999999995 -111.046585 0.0 0.4
43.764935 -111.046601 0.0 0.4
43.776579999999996 -111.046568 0.0 0.4
43.786642 -111.046587 0.0 0.4
43.798216 -111.04657 0.0 0.4
43.808296 -111.046561 0.0 0.4
43.820847 -111.046704 0.0 0.4
43.834295 -111.046725 0.0 0.4
43.845223999999995 -111.046784 0.0 0.4
43.857836999999996 -111.046735 0.0 0.4
43.868365 -111.04666399999999 0.0 0.4
43.880292999999995 -111.046674 0.0 0.4
43.890929 -111.046678 0.0 0.4
43.902543 -111.046707 0.0 0.4
43.914094999999996 -111.046612 0.0 0.4
43.924184 -111.046816 0.0 0.4
43.936572 -111.046925 0.0 0.4
43.947855999999994 -111.04691 0.0 0.4
43.959796999999995 -111.047009 0.0 0.4
43.976437999999995 -111.047122 0.0 0.4
43.986777 -111.047105 0.0 0.4
43.999758 -111.047347 0.0 0.4
44.012429999999995 -111.048422 0.0 0.4
44.028602 -111.048898 0.0 0.4
44.044070999999995 -111.04884 0.0 0.4
44.055212 -111.048779 0.0 0.4
44.06624 -111.04861 0.0 0.4
44.077287999999996 -111.048656 0.0 0.4
44.093091 -111.048569 0.0 0.4
44.105672999999996 -111.04849 0.0 0.4
44.117822 -111.04865 0.0 0.4
44.128074 -111.049106 0.0 0.4
44.145429 -111.049086 0.0 0.4
44.162138 -111.049078 0.0 0.4
44.179185 -111.049074 0.0 0.4
44.198414 -111.049075 0.0 0.4
44.219173 -111.049077 0.0 0.4
44.230902 -111.049167 0.0 0.4
44.249924 -111.04932099999999 0.0 0.4
44.262972 -111.04932 0.0 0.4
44.302163 -111.049582 0.0 0.4
44.316309 -111.04962 0.0 0.4
44.328429 -111.049653 0.0 0.4
44.33959 -111.049671 0.0 0.4
44.353626 -111.049695 0.0 0.4
44.368704 -111.049308 0.0 0.4
44.382132 -111.049159 0.0 0.4
44.395195 -111.04918 0.0 0.4
44.405346 -111.04919699999999 0.0 0.4
44.420032 -111.049262 0.0 0.4
44.430099 -111.049274 0.0 0.4
44.446397999999995 -111.04912 0.0 0.4
44.457981 -111.049016 0.0 0.4
44.474072 -111.048974 0.0 0.4
44.489649 -111.052531 0.0 0.4
44.499694999999996 -111.052567 0.0 0.4
44.515789999999996 -111.052664 0.0 0.4
44.54016 -111.052805 0.0 0.4
44.564242 -111.052948 0.0 0.4
44.575568999999994 -111.052989 0.0 0.4
44.591977 -111.053062 0.0 0.4
44.604813 -111.053125 0.0 0.4
44.616189 -111.053185 0.0 0.4
44.631378999999995 -111.053242 0.0 0.4
44.651666 -111.053325 0.0 0.4
44.666267999999995 -111.053447 0.0 0.4
44.679100000000005 -111.053571 0.0 0.4
44.726245 -111.053986 0.0 0.4
44.748270999999995 -111.054084 0.0 0.4
44.765768 -111.05412799999999 0.0 0.4
44.78277 -111.054165 0.0 0.4
44.800754999999995 -111.054241 0.0 0.4
44.813787999999995 -111.054241 0.0 0.4
44.827200999999995 -111.054265 0.0 0.4
44.852765 -111.05434 0.0 0.4
44.865815999999995 -111.054373 0.0 0.4
44.886938 -111.05443700000001 0.0 0.4
44.904225 -111.054474 0.0 0.4
44.915816 -111.054502 0.0 0.4
44.927974999999996 -111.054513 0.0 0.4
44.939395999999995 -111.054523 0.0 0.4
44.949622 -111.05453 0.0 0.4
44.99452 -111.054558 0.0 0.4
45.00096 -111.04556099999999 0.0 0.4
45.000867 -111.010153 0.0 0.4
45.000817 -110.99969 0.0 0.4
45.000780999999996 -110.985766 0.0 0.4
45.000755 -110.974586 0.0 0.4
45.000707999999996 -110.962003 0.0 0.4
45.000662 -110.948991 0.0 0.4
45.000651 -110.937239 0.0 0.4
45.000645 -110.910349 0.0 0.4
45.000648999999996 -110.89886 0.0 0.4
45.000674 -110.888757 0.0 0.4
45.000706 -110.876086 0.0 0.4
45.000772 -110.865121 0.0 0.4
45.000766999999996 -110.851116 0.0 0.4
45.000817999999995 -110.830827 0.0 0.4
45.000868 -110.810538 0.0 0.4
45.000879999999995 -110.798055 0.0 0.4
44.999662 -110.778106 0.0 0.4
44.998384 -110.76554 0.0 0.4
44.997073 -110.752652 0.0 0.4
44.992478 -110.707466 0.0 0.4
44.992182 -110.694338 0.0 0.4
44.992196 -110.675579 0.0 0.4
44.992221 -110.663391 0.0 0.4
44.992290999999994 -110.640608 0.0 0.4
44.992489 -110.577017 0.0 0.4
44.992515 -110.56490000000001 0.0 0.4
44.992515 -110.554483 0.0 0.4
44.992517 -110.54130599999999 0.0 0.4
44.992520999999996 -110.523751 0.0 0.4
44.992515999999995 -110.506978 0.0 0.4
44.992768999999996 -110.493734 0.0 0.4
44.993682 -110.445743 0.0 0.4
44.995911 -110.430942 0.0 0.4
44.999496 -110.407116 0.0 0.4
44.99961 -110.368029 0.0 0.4
44.999629 -110.350337 0.0 0.4
44.999677 -110.325198 0.0 0.4
44.998368 -110.301229 0.0 0.4
44.997358999999996 -110.284774 0.0 0.4
44.997142 -110.26349 0.0 0.4
44.996987999999995 -110.248271 0.0 0.4
44.99678 -110.227862 0.0 0.4
44.996869 -110.198015 0.0 0.4
44.996953 -110.183221 0.0 0.4
44.998416 -110.166657 0.0 0.4
44.999333 -110.155736 0.0 0.4
45.003433 -110.106959 0.0 0.4
45.003533 -110.076764 0.0 0.4
45.003533999999995 -110.059979 0.0 0.4
45.003535 -110.047237 0.0 0.4
45.003467 -110.030517 0.0 0.4
45.003417999999996 -110.018489 0.0 0.4
45.003367 -110.006318 0.0 0.4
45.003355 -109.995115 0.0 0.4
45.003353 -109.983254 0.0 0.4
45.003350999999995 -109.971522 0.0 0.4
45.003327 -109.932512 0.0 0.4
45.003318 -109.910177 0.0 0.4
45.003302 -109.893916 0.0 0.4
45.003298 -109.880281 0.0 0.4
45.003273 -109.859954 0.0 0.4
45.003265999999996 -109.849796 0.0 0.4
45.003262 -109.839586 0.0 0.4
45.003231 -109.828694 0.0 0.4
45.002879 -109.813784 0.0 0.4
45.002457 -109.801468 0.0 0.4
45.001891 -109.788304 0.0 0.4
45.001798 -109.764786 0.0 0.4
45.002075 -109.718439 0.0 0.4
45.002173 -109.70474 0.0 0.4
45.002266999999996 -109.69142 0.0 0.4
45.002264 -109.670145 0.0 0.4
45.00242 -109.645362 0.0 0.4
45.002539999999996 -109.633323 0.0 0.4
45.002739 -109.613002 0.0 0.4
45.002863999999995 -109.600478 0.0 0.4
45.002975 -109.574123 0.0 0.4
45.003274 -109.539835 0.0 0.4
45.003329 -109.528584 0.0 0.4
45.003557 -109.515565 0.0 0.4
45.004020999999995 -109.484319 0.0 0.4
45.004204 -109.47053700000001 0.0 0.4
45.00452 -109.44757 0.0 0.4
45.004549 -109.43213 0.0 0.4
45.004559 -109.421879 0.0 0.4
45.004569 -109.411871 0.0 0.4
45.004692999999996 -109.393393 0.0 0.4
45.004794 -109.382218 0.0 0.4
45.004976 -109.361834 0.0 0.4
45.005196 -109.337321 0.0 0.4
45.005289999999995 -109.326839 0.0 0.4
45.005344 -109.315884 0.0 0.4
45.005323 -109.301424 0.0 0.4
45.005286 -109.285922 0.0 0.4
45.005337999999995 -109.27520200000001 0.0 0.4
45.005396 -109.263686 0.0 0.4
45.005448 -109.250713 0.0 0.4
45.005527 -109.232212 0.0 0.4
45.005669 -109.212109 0.0 0.4
45.005697 -109.20110199999999 0.0 0.4
45.005745 -109.167249 0.0 0.4
45.005759999999995 -109.14867699999999 0.0 0.4
45.005781 -109.134428 0.0 0.4
45.005815 -109.103228 0.0 0.4
45.001661 -109.089891 0.0 0.4
44.999463999999996 -109.078819 0.0 0.4
44.999511 -109.068609 0.0 0.4
44.999539 -109.058327 0.0 0.4
44.999578 -109.04349 0.0 0.4
44.999601999999996 -109.031087 0.0 0.4
44.999623 -109.014575 0.0 0.4
44.999652 -108.996658 0.0 0.4
44.999700999999995 -108.985404 0.0 0.4
44.999679 -108.971923 0.0 0.4
44.999493 -108.961595 0.0 0.4
44.999621999999995 -108.950237 0.0 0.4
44.999728 -108.939658 0.0 0.4
44.999781 -108.925974 0.0 0.4
44.999839 -108.912487 0.0 0.4
44.999888999999996 -108.900993 0.0 0.4
44.999919 -108.877526 0.0 0.4
44.999936999999996 -108.863409 0.0 0.4
44.999964 -108.852475 0.0 0.4
44.999992 -108.840978 0.0 0.4
45.00002 -108.826684 0.0 0.4
45.000051 -108.804982 0.0 0.4
45.00007 -108.792849 0.0 0.4
45.000085999999996 -108.782721 0.0 0.4
45.000098 -108.772711 0.0 0.4
45.000118 -108.760273 0.0 0.4
45.000135 -108.743567 0.0 0.4
45.000149 -108.728535 0.0 0.4
45.000178999999996 -108.714764 0.0 0.4
45.000243999999995 -108.69898 0.0 0.4
45.00027 -108.686111 0.0 0.4
45.000293 -108.672405 0.0 0.4
45.000310999999996 -108.658186 0.0 0.4
45.000333999999995 -108.642052 0.0 0.4
45.000352 -108.628328 0.0 0.4
45.000372999999996 -108.613419 0.0 0.4
45.000392 -108.598094 0.0 0.4
45.000405 -108.58501 0.0 0.4
45.000417 -108.567124 0.0 0.4
45.000417999999996 -108.555528 0.0 0.4
45.000383 -108.539889 0.0 0.4
45.000169 -108.528715 0.0 0.4
44.999682 -108.514987 0.0 0.4
44.999682 -108.502899 0.0 0.4
44.999725999999995 -108.480941 0.0 0.4
44.999742999999995 -108.470009 0.0 0.4
44.999795999999996 -108.445877 0.0 0.4
44.999815999999996 -108.429507 0.0 0.4
44.999877 -108.408083 0.0 0.4
44.999891 -108.39597 0.0 0.4
44.999953 -108.375674 0.0 0.4
44.999989 -108.362313 0.0 0.4
45.000054999999996 -108.334513 0.0 0.4
45.000094 -108.318342 0.0 0.4
45.00013 -108.30642399999999 0.0 0.4
45.000170999999995 -108.295534 0.0 0.4
45.000206999999996 -108.281447 0.0 0.4
45.000228 -108.27139700000001 0.0 0.4
45.000034 -108.260516 0.0 0.4
44.999880999999995 -108.25033 0.0 0.4
45.000184 -108.238834 0.0 0.4
45.000412 -108.227896 0.0 0.4
45.000412 -108.205362 0.0 0.4
45.000412 -108.187561 0.0 0.4
45.000412 -108.172184 0.0 0.4
45.000409999999995 -108.16207 0.0 0.4
45.000419 -108.148514 0.0 0.4
45.000411 -108.135458 0.0 0.4
45.000411 -108.125135 0.0 0.4
45.000411 -108.112847 0.0 0.4
45.000431 -108.096266 0.0 0.4
45.000445 -108.083128 0.0 0.4
45.000464 -108.070202 0.0 0.4
45.000481 -108.057637 0.0 0.4
45.000512 -108.033806 0.0 0.4
45.000533999999995 -108.017494 0.0 0.4
45.00055 -108.005096 0.0 0.4
45.000574 -107.989857 0.0 0.4
45.000619 -107.956345 0.0 0.4
45.000637999999995 -107.941128 0.0 0.4
45.00067 -107.91712 0.0 0.4
45.000676 -107.898153 0.0 0.4
45.000671999999994 -107.882921 0.0 0.4
45.000676 -107.867171 0.0 0.4
45.000673 -107.849276 0.0 0.4
45.000676 -107.829992 0.0 0.4
45.000679 -107.818754 0.0 0.4
45.000679999999996 -107.806525 0.0 0.4
45.000682 -107.796063 0.0 0.4
45.000689 -107.785757 0.0 0.4
45.000703 -107.773269 0.0 0.4
45.000698 -107.744945 0.0 0.4
45.000693999999996 -107.733751 0.0 0.4
45.000690999999996 -107.723107 0.0 0.4
45.000671999999994 -107.711712 0.0 0.4
45.000640999999995 -107.701133 0.0 0.4
45.000563 -107.690985 0.0 0.4
45.000633 -107.674225 0.0 0.4
45.000586999999996 -107.655385 0.0 0.4
45.000654 -107.642403 0.0 0.4
45.000651999999995 -107.628081 0.0 0.4
45.000617999999996 -107.613219 0.0 0.4
45.000676999999996 -107.600043 0.0 0.4
45.000823 -107.588893 0.0 0.4
45.000932 -107.574377 0.0 0.4
45.000927999999995 -107.564209 0.0 0.4
45.001129999999996 -107.52865800000001 0.0 0.4
45.001204 -107.515177 0.0 0.4
45.001295999999996 -107.501454 0.0 0.4
45.001425999999995 -107.483747 0.0 0.4
45.001411999999995 -107.471916 0.0 0.4
45.001363 -107.461416 0.0 0.4
45.001317 -107.45099 0.0 0.4
45.001162 -107.40867 0.0 0.4
45.001087999999996 -107.393706 0.0 0.4
45.001016 -107.383523 0.0 0.4
45.000943 -107.373344 0.0 0.4
45.000887 -107.362982 0.0 0.4
45.000882 -107.352735 0.0 0.4
45.000976 -107.342339 0.0 0.4
45.00107 -107.328822 0.0 0.4
45.00103 -107.318506 0.0 0.4
45.000955999999995 -107.301351 0.0 0.4
45.00087 -107.282718 0.0 0.4
45.000592 -107.237781 0.0 0.4
45.000523 -107.222804 0.0 0.4
45.000488 -107.210968 0.0 0.4
45.000456 -107.200483 0.0 0.4
45.000341 -107.190431 0.0 0.4
45.000195999999995 -107.1789 0.0 0.4
45.000147 -107.168679 0.0 0.4
44.999938 -107.155618 0.0 0.4
45.000128 -107.138121 0.0 0.4
44.999840999999996 -107.127573 0.0 0.4
44.998993999999996 -107.113578 0.0 0.4
44.997248 -107.09547 0.0 0.4
44.9966 -107.084886 0.0 0.4
44.997094999999995 -107.074565 0.0 0.4
44.996694999999995 -107.062775 0.0 0.4
44.996480999999996 -107.046092 0.0 0.4
44.996338 -107.036056 0.0 0.4
44.996437 -107.024373 0.0 0.4
44.99641 -107.012895 0.0 0.4
44.996348999999995 -106.999996 0.0 0.4
44.996305 -106.989898 0.0 0.4
44.996265 -106.978928 0.0 0.4
44.996227999999995 -106.968088 0.0 0.4
44.996188 -106.957273 0.0 0.4
44.996157 -106.946473 0.0 0.4
44.996127 -106.936015 0.0 0.4
44.996092999999995 -106.924429 0.0 0.4
44.996027999999995 -106.905775 0.0 0.4
44.995985 -106.892921 0.0 0.4
44.995940999999995 -106.881913 0.0 0.4
44.995900999999996 -106.870009 0.0 0.4
44.995829 -106.851482 0.0 0.4
44.995791 -106.840105 0.0 0.4
44.99575 -106.828751 0.0 0.4
44.995706999999996 -106.816667 0.0 0.4
44.995646 -106.799791 0.0 0.4
44.995613999999996 -106.789542 0.0 0.4
44.99557 -106.777824 0.0 0.4
44.995529 -106.767504 0.0 0.4
44.995498 -106.757452 0.0 0.4
44.995492999999996 -106.745132 0.0 0.4
44.995467 -106.734614 0.0 0.4
44.995353 -106.709014 0.0 0.4
44.995309 -106.696835 0.0 0.4
44.995247 -106.682947 0.0 0.4
44.995168 -106.668752 0.0 0.4
44.995090999999995 -106.654703 0.0 0.4
44.995025 -106.643091 0.0 0.4
44.994957 -106.630901 0.0 0.4
44.994915 -106.620899 0.0 0.4
44.994882 -106.608961 0.0 0.4
44.99485 -106.59741700000001 0.0 0.4
44.99482 -106.57556 0.0 0.4
44.994774 -106.564644 0.0 0.4
44.994730999999994 -106.554212 0.0 0.4
44.994699 -106.542361 0.0 0.4
44.994659999999996 -106.528706 0.0 0.4
44.994606999999995 -106.50951 0.0 0.4
44.994420999999996 -106.496093 0.0 0.4
44.994478 -106.482552 0.0 0.4
44.994515 -106.471747 0.0 0.4
44.994516 -106.46030999999999 0.0 0.4
44.994164999999995 -106.43491 0.0 0.4
44.994301 -106.42139399999999 0.0 0.4
44.994333999999995 -106.406089 0.0 0.4
44.994288999999995 -106.39539 0.0 0.4
44.994240999999995 -106.382396 0.0 0.4
44.994198 -106.370901 0.0 0.4
44.994158 -106.358044 0.0 0.4
44.994102999999996 -106.342657 0.0 0.4
44.994056 -106.32974 0.0 0.4
44.994039 -106.318965 0.0 0.4
44.994015999999995 -106.308962 0.0 0.4
44.99402 -106.294897 0.0 0.4
44.993871999999996 -106.275755 0.0 0.4
44.993818 -106.264571 0.0 0.4
44.993784999999995 -106.253846 0.0 0.4
44.993745 -106.243643 0.0 0.4
44.99371 -106.233434 0.0 0.4
44.993687 -106.223226 0.0 0.4
44.993666999999995 -106.213057 0.0 0.4
44.993597 -106.197054 0.0 0.4
44.993522999999996 -106.183541 0.0 0.4
44.993469 -106.172273 0.0 0.4
44.993415 -106.162063 0.0 0.4
44.993353 -106.151817 0.0 0.4
44.993308 -106.141571 0.0 0.4
44.993275 -106.12928 0.0 0.4
44.993300000000005 -106.116473 0.0 0.4
44.993353 -106.106288 0.0 0.4
44.993424 -106.096089 0.0 0.4
44.993463 -106.085879 0.0 0.4
44.993446 -106.07567 0.0 0.4
44.993448 -106.065461 0.0 0.4
44.993477999999996 -106.055248 0.0 0.4
44.993493 -106.044901 0.0 0.4
44.993494 -106.028843 0.0 0.4
44.993499 -106.017949 0.0 0.4
44.993502 -106.00471 0.0 0.4
44.993493 -105.986379 0.0 0.4
44.993521 -105.974046 0.0 0.4
44.993516 -105.963855 0.0 0.4
44.993488 -105.953679 0.0 0.4
44.993476 -105.943519 0.0 0.4
44.993483 -105.933364 0.0 0.4
44.995712999999995 -105.923215 0.0 0.4
45.000237999999996 -105.913149 0.0 0.4
45.000234999999996 -105.90293 0.0 0.4
45.000237999999996 -105.892639 0.0 0.4
45.000267 -105.882456 0.0 0.4
45.000316 -105.872273 0.0 0.4
45.000353 -105.862081 0.0 0.4
45.000374 -105.851899 0.0 0.4
45.000377 -105.840069 0.0 0.4
45.000367 -105.827894 0.0 0.4
45.00036 -105.817744 0.0 0.4
45.000361 -105.807633 0.0 0.4
45.000374 -105.797425 0.0 0.4
45.000389 -105.787182 0.0 0.4
45.000372 -105.776938 0.0 0.4
45.00036 -105.766841 0.0 0.4
45.0004 -105.756489 0.0 0.4
45.000440999999995 -105.746342 0.0 0.4
45.000439 -105.736194 0.0 0.4
45.00044 -105.726005 0.0 0.4
45.000443999999995 -105.71599499999999 0.0 0.4
45.000443999999995 -105.705467 0.0 0.4
45.00043 -105.695112 0.0 0.4
45.00042 -105.684411 0.0 0.4
45.000436 -105.674218 0.0 0.4
45.000443 -105.663983 0.0 0.4
45.000433 -105.653768 0.0 0.4
45.000426999999995 -105.643523 0.0 0.4
45.000412 -105.633333 0.0 0.4
45.000398 -105.62313 0.0 0.4
45.000385 -105.613037 0.0 0.4
45.000371 -105.602732 0.0 0.4
45.000353 -105.592539 0.0 0.4
45.000344999999996 -105.582401 0.0 0.4
45.000350999999995 -105.572127 0.0 0.4
45.000343 -105.561922 0.0 0.4
45.000308 -105.551723 0.0 0.4
45.000274 -105.541521 0.0 0.4
45.000242 -105.531318 0.0 0.4
45.000249 -105.520449 0.0 0.4
45.000313 -105.507755 0.0 0.4
45.000298 -105.494714 0.0 0.4
45.000268999999996 -105.483818 0.0 0.4
45.000264 -105.47202 0.0 0.4
45.000226 -105.460724 0.0 0.4
45.000209 -105.446257 0.0 0.4
45.00022 -105.436049 0.0 0.4
45.000240999999995 -105.424807 0.0 0.4
45.000211 -105.414322 0.0 0.4
45.000167 -105.402435 0.0 0.4
45.000175999999996 -105.392072 0.0 0.4
45.000181 -105.381958 0.0 0.4
45.000184999999995 -105.371872 0.0 0.4
45.000184999999995 -105.35736 0.0 0.4
45.000181 -105.347352 0.0 0.4
45.00017 -105.337301 0.0 0.4
45.000156999999994 -105.327206 0.0 0.4
45.000152 -105.317059 0.0 0.4
45.000153 -105.306862 0.0 0.4
45.000156999999994 -105.296773 0.0 0.4
45.000164 -105.284635 0.0 0.4
45.000161 -105.272882 0.0 0.4
45.00016 -105.26263900000001 0.0 0.4
45.00016 -105.252409 0.0 0.4
45.00016 -105.24219 0.0 0.4
45.000161 -105.231965 0.0 0.4
45.000161999999996 -105.221722 0.0 0.4
45.000156999999994 -105.211217 0.0 0.4
45.000147999999996 -105.20121 0.0 0.4
45.000142 -105.19112 0.0 0.4
45.000135 -105.18098499999999 0.0 0.4
45.000121 -105.170976 0.0 0.4
45.000107 -105.160833 0.0 0.4
45.000122 -105.148989 0.0 0.4
45.000127 -105.135201 0.0 0.4
45.000115 -105.125023 0.0 0.4
45.000111 -105.114838 0.0 0.4
45.000115 -105.104645 0.0 0.4
45.000057 -105.094436 0.0 0.4
44.999945 -105.084258 0.0 0.4
44.999955 -105.073988 0.0 0.4
45.000074999999995 -105.063443 0.0 0.4
45.000113999999996 -105.04896 0.0 0.4
45.000105999999995 -105.038249 0.0 0.4
45.00011 -105.02623 0.0 0.4
45.000098 -105.00282 0.0 0.4
45.000091 -104.986455 0.0 0.4
45.000087 -104.970502 0.0 0.4
45.00009 -104.944931 0.0 0.4
45.000043 -104.902033 0.0 0.4
45.000026 -104.889161 0.0 0.4
44.999967999999996 -104.875301 0.0 0.4
44.999897 -104.860077 0.0 0.4
44.999828 -104.845589 0.0 0.4
44.999767999999996 -104.832579 0.0 0.4
44.999700000000004 -104.818705 0.0 0.4
44.999651 -104.808258 0.0 0.4
44.999542 -104.783945 0.0 0.4
44.999482 -104.769502 0.0 0.4
44.999385 -104.74784700000001 0.0 0.4
44.999300000000005 -104.728207 0.0 0.4
44.999162999999996 -104.70143 0.0 0.4
44.999086999999996 -104.687098 0.0 0.4
44.998996999999996 -104.668469 0.0 0.4
44.998827999999996 -104.635658 0.0 0.4
44.998656 -104.592321 0.0 0.4
44.998622999999995 -104.57356300000001 0.0 0.4
44.998594 -104.54527 0.0 0.4
44.998539 -104.52091300000001 0.0 0.4
44.998503 -104.509437 0.0 0.4
44.998427 -104.49573 0.0 0.4
44.998432 -104.482296 0.0 0.4
44.998418 -104.470667 0.0 0.4
44.998399 -104.44318 0.0 0.4
44.998393 -104.431522 0.0 0.4
44.998385999999996 -104.42063 0.0 0.4
44.998348 -104.396503 0.0 0.4
44.99831 -104.366242 0.0 0.4
44.998287 -104.352794 0.0 0.4
44.998149999999995 -104.295613 0.0 0.4
44.998127 -104.263043 0.0 0.4
44.998095 -104.250336 0.0 0.4
44.998055 -104.234384 0.0 0.4
44.997931 -104.193324 0.0 0.4
44.997859999999996 -104.174949 0.0 0.4
44.997913 -104.153909 0.0 0.4
44.997949 -104.143586 0.0 0.4
44.997966 -104.129347 0.0 0.4
44.997730999999995 -104.110889 0.0 0.4
44.997698 -104.098092 0.0 0.4
44.997679999999995 -104.082808 0.0 0.4
44.997679999999995 -104.072605 0.0 0.4
44.997617999999996 -104.059582 0.0 0.4
44.984553999999996 -104.057568 0.0 0.4
44.973811999999995 -104.057406 0.0 0.4
44.951363 -104.057067 0.0 0.4
44.9403 -104.0569 0.0 0.4
44.928792 -104.056579 0.0 0.4
44.918141999999996 -104.056485 0.0 0.4
44.902125999999996 -104.056368 0.0 0.4
44.890194 -104.056167 0.0 0.4
44.874986 -104.055913 0.0 0.4
44.863440999999995 -104.056476 0.0 0.4
44.852081 -104.056415 0.0 0.4
44.834269 -104.056319 0.0 0.4
44.823437999999996 -104.05626 0.0 0.4
44.812321 -104.0562 0.0 0.4
44.800795 -104.056215 0.0 0.4
44.790105 -104.056107 0.0 0.4
44.779486999999996 -104.055932 0.0 0.4
44.769441 -104.055958 0.0 0.4
44.752159999999996 -104.055835 0.0 0.4
44.740137999999995 -104.055882 0.0 0.4
44.730036 -104.055873 0.0 0.4
44.718036999999995 -104.055848 0.0 0.4
44.702368 -104.055783 0.0 0.4
44.69218 -104.05582 0.0 0.4
44.681819 -104.055938 0.0 0.4
44.671174 -104.055886 0.0 0.4
44.65015 -104.055784 0.0 0.4
44.638202 -104.055766 0.0 0.4
44.624984999999995 -104.055737 0.0 0.4
44.6101 -104.055778 0.0 0.4
44.594068 -104.055962 0.0 0.4
44.583729999999996 -104.056034 0.0 0.4
44.57197 -104.055939 0.0 0.4
44.560331 -104.055945 0.0 0.4
44.549741999999995 -104.055843 0.0 0.4
44.53967 -104.05586 0.0 0.4
44.528549999999996 -104.05586 0.0 0.4
44.51762 -104.05590000000001 0.0 0.4
44.502567 -104.055893 0.0 0.4
44.478891999999995 -104.055843 0.0 0.4
44.462818999999996 -104.055808 0.0 0.4
44.451468 -104.055784 0.0 0.4
44.431089 -104.05574 0.0 0.4
44.414328 -104.055705 0.0 0.4
44.399376 -104.055651 0.0 0.4
44.3872 -104.055632 0.0 0.4
44.376929 -104.055625 0.0 0.4
44.365744 -104.055633 0.0 0.4
44.350533 -104.055602 0.0 0.4
44.333908 -104.055559 0.0 0.4
44.322886 -104.055535 0.0 0.4
44.312647 -104.055515 0.0 0.4
44.297784 -104.055484 0.0 0.4
44.284642999999996 -104.055457 0.0 0.4
44.27339 -104.055435 0.0 0.4
44.262068 -104.055415 0.0 0.4
44.249983 -104.055389 0.0 0.4
44.236657 -104.055217 0.0 0.4
44.223403 -104.055036 0.0 0.4
44.210004999999995 -104.054838 0.0 0.4
44.198108 -104.054717 0.0 0.4
44.186901999999996 -104.054572 0.0 0.4
44.175307 -104.0545 0.0 0.4
44.164984 -104.05452700000001 0.0 0.4
44.152789999999996 -104.054559 0.0 0.4
44.141081 -104.054588 0.0 0.4
44.13032 -104.054595 0.0 0.4
44.120179 -104.054602 0.0 0.4
44.108393 -104.054609 0.0 0.4
44.098209 -104.054618 0.0 0.4
44.086745 -104.054626 0.0 0.4
44.070803 -104.054637 0.0 0.4
44.058822 -104.054645 0.0 0.4
44.048556999999995 -104.054652 0.0 0.4
44.037634999999995 -104.054661 0.0 0.4
44.026843 -104.054665 0.0 0.4
44.014874999999996 -104.054663 0.0 0.4
44.002879 -104.054683 0.0 0.4
43.990249 -104.05474 0.0 0.4
43.979822999999996 -104.054799 0.0 0.4
43.969462 -104.054855 0.0 0.4
43.958954999999996 -104.054912 0.0 0.4
43.946855 -104.054968 0.0 0.4
43.936535 -104.055077 0.0 0.4
43.924527 -104.055103 0.0 0.4
43.914417 -104.055157 0.0 0.4
43.903906 -104.055215 0.0 0.4
43.89375 -104.055269 0.0 0.4
43.883319 -104.055321 0.0 0.4
43.865817 -104.055419 0.0 0.4
43.854583 -104.055482 0.0 0.4
43.841322 -104.055447 0.0 0.4
43.793282 -104.055283 0.0 0.4
43.780131999999995 -104.055239 0.0 0.4
43.769346999999996 -104.055202 0.0 0.4
43.754155999999995 -104.055265 0.0 0.4
43.742045999999995 -104.055153 0.0 0.4
43.715866999999996 -104.055082 0.0 0.4
43.701474 -104.055059 0.0 0.4
43.688812 -104.055039 0.0 0.4
43.673237 -104.055014 0.0 0.4
43.660644 -104.054994 0.0 0.4
43.649654999999996 -104.054977 0.0 0.4
43.638065 -104.054959 0.0 0.4
43.62676 -104.05494 0.0 0.4
43.616479999999996 -104.054926 0.0 0.4
43.591564999999996 -104.054895 0.0 0.4
43.579086 -104.055001 0.0 0.4
43.568456 -104.055026 0.0 0.4
43.558329 -104.055033 0.0 0.4
43.541824 -104.054877 0.0 0.4
43.531822 -104.054822 0.0 0.4
43.516439999999996 -104.05480299999999 0.0 0.4
43.505849 -104.054789 0.0 0.4
43.495515999999995 -104.054832 0.0 0.4
43.480041 -104.054807 0.0 0.4
43.465025999999995 -104.054809 0.0 0.4
43.453855 -104.054795 0.0 0.4
43.436451 -104.054774 0.0 0.4
43.421687 -104.054767 0.0 0.4
43.411623999999996 -104.054674 0.0 0.4
43.397144 -104.054644 0.0 0.4
43.377959 -104.054702 0.0 0.4
43.367121 -104.054547 0.0 0.4
43.354960999999996 -104.05451 0.0 0.4
43.342383 -104.054469 0.0 0.4
43.331261999999995 -104.054422 0.0 0.4
43.320571 -104.054331 0.0 0.4
43.3098 -104.05428 0.0 0.4
43.298142 -104.053942 0.0 0.4
43.287788 -104.053877 0.0 0.4
43.275707 -104.053887 0.0 0.4
43.265502999999995 -104.053896 0.0 0.4
43.251498 -104.053908 0.0 0.4
43.240071 -104.053949 0.0 0.4
43.229906 -104.053917 0.0 0.4
43.218605 -104.053879 0.0 0.4
43.207341 -104.053843 0.0 0.4
43.197286 -104.053761 0.0 0.4
43.186803999999995 -104.053719 0.0 0.4
43.176442 -104.053676 0.0 0.4
43.164854 -104.053629 0.0 0.4
43.154776999999996 -104.053588 0.0 0.4
43.144655 -104.053549 0.0 0.4
43.134235 -104.053509 0.0 0.4
43.123228 -104.053444 0.0 0.4
43.110682 -104.053305 0.0 0.4
43.092521 -104.053253 0.0 0.4
43.076404 -104.053249 0.0 0.4
43.058417999999996 -104.053303 0.0 0.4
43.045396 -104.053241 0.0 0.4
43.032463 -104.053261 0.0 0.4
43.022247 -104.053179 0.0 0.4
43.012083 -104.053128 0.0 0.4
43.001504999999995 -104.053127 0.0 0.4
42.990857999999996 -104.053139 0.0 0.4
42.97152 -104.053111 0.0 0.4
42.953700999999995 -104.053119 0.0 0.4
42.943179 -104.0531 0.0 0.4
42.930234 -104.053031 0.0 0.4
42.913895 -104.053017 0.0 0.4
42.898917999999995 -104.052995 0.0 0.4
42.886935 -104.052975 0.0 0.4
42.875668 -104.052983 0.0 0.4
42.863169 -104.053071 0.0 0.4
42.851265 -104.053048 0.0 0.4
42.831233 -104.05301 0.0 0.4
42.81091 -104.05297 0.0 0.4
42.800185 -104.052949 0.0 0.4
42.789601 -104.052927 0.0 0.4
42.772923 -104.052896 0.0 0.4
42.754569 -104.052863 0.0 0.4
42.741530999999995 -104.052997 0.0 0.4
42.727551999999996 -104.052934 0.0 0.4
42.712064999999996 -104.052863 0.0 0.4
42.698279 -104.05276 0.0 0.4
42.66109 -104.052622 0.0 0.4
42.650194 -104.052585 0.0 0.4
42.639039 -104.05287 0.0 0.4
42.628293 -104.052873 0.0 0.4
42.618069999999996 -104.052855 0.0 0.4
42.605187 -104.052979 0.0 0.4
42.593863999999996 -104.052898 0.0 0.4
42.580504999999995 -104.052952 0.0 0.4
42.569888 -104.052973 0.0 0.4
42.551009 -104.053006 0.0 0.4
42.52838 -104.053051 0.0 0.4
42.516946999999995 -104.053074 0.0 0.4
42.499964 -104.053107 0.0 0.4
42.473118 -104.052897 0.0 0.4
42.454903 -104.05287799999999 0.0 0.4
42.420595999999996 -104.052844 0.0 0.4
42.410239999999995 -104.052838 0.0 0.4
42.393119 -104.052821 0.0 0.4
42.374963 -104.052804 0.0 0.4
42.363206999999996 -104.052724 0.0 0.4
42.352924 -104.052727 0.0 0.4
42.340075999999996 -104.052929 0.0 0.4
42.303781 -104.052797 0.0 0.4
42.280505999999995 -104.05274299999999 0.0 0.4
42.264500000000005 -104.052766 0.0 0.4
42.254359 -104.052683 0.0 0.4
42.24408 -104.053014 0.0 0.4
42.219792999999996 -104.052847 0.0 0.4
42.205234 -104.05287799999999 0.0 0.4
42.194592 -104.05288 0.0 0.4
42.18429 -104.052832 0.0 0.4
42.174231 -104.052723 0.0 0.4
42.157545999999996 -104.052667 0.0 0.4
42.147214 -104.052848 0.0 0.4
42.136146 -104.053007 0.0 0.4
42.124963 -104.052813 0.0 0.4
42.114816999999995 -104.052578 0.0 0.4
42.103097 -104.052673 0.0 0.4
42.09259 -104.05290600000001 0.0 0.4
42.080031 -104.052994 0.0 0.4
42.069735 -104.052936 0.0 0.4
42.031158999999995 -104.052817 0.0 0.4
42.019605999999996 -104.052656 0.0 0.4
42.009170999999995 -104.052695 0.0 0.4
41.998467999999995 -104.052627 0.0 0.4
41.988338999999996 -104.0528 0.0 0.4
41.978285 -104.052761 0.0 0.4
41.963426 -104.052651 0.0 0.4
41.950120999999996 -104.052643 0.0 0.4
41.933825 -104.052761 0.0 0.4
41.920307 -104.052926 0.0 0.4
41.90734 -104.052793 0.0 0.4
41.896769 -104.052973 0.0 0.4
41.885379 -104.052765 0.0 0.4
41.875001999999995 -104.05278 0.0 0.4
41.864782999999996 -104.052766 0.0 0.4
41.854133 -104.05278799999999 0.0 0.4
41.843164 -104.05279 0.0 0.4
41.832341 -104.052779 0.0 0.4
41.821535999999995 -104.052807 0.0 0.4
41.810083 -104.0528 0.0 0.4
41.798649999999995 -104.052826 0.0 0.4
41.787887999999995 -104.052837 0.0 0.4
41.777150999999996 -104.052847 0.0 0.4
41.766422999999996 -104.052875 0.0 0.4
41.75562 -104.05286100000001 0.0 0.4
41.742172 -104.052886 0.0 0.4
41.731285 -104.052855 0.0 0.4
41.711242999999996 -104.052681 0.0 0.4
41.698839 -104.052687 0.0 0.4
41.678754 -104.052691 0.0 0.4
41.664407 -104.05279 0.0 0.4
41.652971 -104.052855 0.0 0.4
41.639 -104.052806 0.0 0.4
41.623962 -104.052815 0.0 0.4
41.613676 -104.052735 0.0 0.4
41.600601 -104.052842 0.0 0.4
41.581098999999995 -104.052573 0.0 0.4
41.566877 -104.052645 0.0 0.4
41.552613 -104.052533 0.0 0.4
41.541154 -104.052534 0.0 0.4
41.529852999999996 -104.052482 0.0 0.4
41.515525 -104.052431 0.0 0.4
41.505224 -104.052451 0.0 0.4
41.494678 -104.052434 0.0 0.4
41.483703 -104.05239399999999 0.0 0.4
41.468109999999996 -104.05253 0.0 0.4
41.451096 -104.052537 0.0 0.4
41.440491 -104.052541 0.0 0.4
41.429866 -104.052522 0.0 0.4
41.418346 -104.052481 0.0 0.4
41.40817 -104.052303 0.0 0.4
41.398064999999995 -104.052245 0.0 0.4
41.374977 -104.052454 0.0 0.4
41.357641 -104.052516 0.0 0.4
41.346592 -104.052504 0.0 0.4
41.330562 -104.052686 0.0 0.4
41.319562999999995 -104.052691 0.0 0.4
41.30665 -104.05257 0.0 0.4
41.278197 -104.052453 0.0 0.4
41.261044 -104.052903 0.0 0.4
41.24998 -104.053084 0.0 0.4
41.218151 -104.05317 0.0 0.4
41.200683 -104.05327 0.0 0.4
41.186803 -104.053334 0.0 0.4
41.172457 -104.05341 0.0 0.4
41.157257 -104.053514 0.0 0.4
41.143025 -104.053489 0.0 0.4
41.130784999999996 -104.05347 0.0 0.4
41.114182 -104.053397 0.0 0.4
41.090598 -104.053026 0.0 0.4
41.077891 -104.053157 0.0 0.4
41.067433 -104.05312 0.0 0.4
41.050213 -104.053063 0.0 0.4
41.030739 -104.053094 0.0 0.4
41.018045 -104.053097 0.0 0.4
41.001405999999996 -104.053249 0.0 0.4
41.001615 -104.067013 0.0 0.4
41.00156 -104.088854 0.0 0.4
41.001546 -104.100885 0.0 0.4
41.001608 -104.119976 0.0 0.4
41.001650999999995 -104.13958099999999 0.0 0.4
41.001582 -104.158683 0.0 0.4
41.001729 -104.171264 0.0 0.4
41.001740999999996 -104.181665 0.0 0.4
41.00167 -104.195225 0.0 0.4
41.001602 -104.207387 0.0 0.4
41.001618 -104.223289 0.0 0.4
41.001619 -104.234247 0.0 0.4
41.001619 -104.245063 0.0 0.4
41.001678999999996 -104.25749 0.0 0.4
41.001695 -104.276867 0.0 0.4
41.001718 -104.294254 0.0 0.4
41.001643 -104.314631 0.0 0.4
41.00167 -104.336984 0.0 0.4
41.001503 -104.353298 0.0 0.4
41.001495 -104.36815 0.0 0.4
41.001498999999995 -104.390476 0.0 0.4
41.001455 -104.419602 0.0 0.4
41.001473999999995 -104.44238 0.0 0.4
41.001494 -104.452883 0.0 0.4
41.001476 -104.464714 0.0 0.4
41.001692999999996 -104.487217 0.0 0.4
41.001689999999996 -104.497417 0.0 0.4
41.001689 -104.507712 0.0 0.4
41.001650999999995 -104.519246 0.0 0.4
41.001591999999995 -104.530839 0.0 0.4
41.001554999999996 -104.54328 0.0 0.4
41.001552 -104.570719 0.0 0.4
41.001543999999996 -104.581968 0.0 0.4
41.001501999999995 -104.595136 0.0 0.4
41.001425 -104.618512 0.0 0.4
41.001355 -104.633284 0.0 0.4
41.001191 -104.650918 0.0 0.4
41.001065 -104.66434699999999 0.0 0.4
41.000957 -104.675999 0.0 0.4
41.000769 -104.691328 0.0 0.4
41.000641 -104.701774 0.0 0.4
41.000457999999995 -104.716767 0.0 0.4
41.000257999999995 -104.733257 0.0 0.4
41.000029 -104.74773 0.0 0.4
40.999981999999996 -104.759162 0.0 0.4
40.999855 -104.770995 0.0 0.4
40.999457 -104.797867 0.0 0.4
40.999351 -104.809731 0.0 0.4
40.999117 -104.824306 0.0 0.4
40.998936 -104.834806 0.0 0.4
40.998048 -104.855273 0.0 0.4
40.998238 -104.866517 0.0 0.4
40.998219999999996 -104.879971 0.0 0.4
40.998196 -104.895963 0.0 0.4
40.998217 -104.906329 0.0 0.4
40.998197999999995 -104.918314 0.0 0.4
40.998205999999996 -104.932251 0.0 0.4
40.998211999999995 -104.942761 0.0 0.4
40.998222 -104.956698 0.0 0.4
40.998211999999995 -104.966735 0.0 0.4
40.998236 -104.978294 0.0 0.4
40.998253999999996 -104.98839 0.0 0.4
40.998276 -105.000526 0.0 0.4
40.998284999999996 -105.013366 0.0 0.4
40.998287 -105.024788 0.0 0.4
40.99829 -105.039872 0.0 0.4
40.998293 -105.052663 0.0 0.4
40.998295 -105.063449 0.0 0.4
40.998298 -105.074809 0.0 0.4
40.998312999999996 -105.102929 0.0 0.4
40.998298 -105.113195 0.0 0.4
40.998275 -105.12535 0.0 0.4
40.998263 -105.136586 0.0 0.4
40.998248 -105.153509 0.0 0.4
40.998323 -105.164199 0.0 0.4
40.998339 -105.175907 0.0 0.4
40.998360999999996 -105.191594 0.0 0.4
40.998380999999995 -105.206385 0.0 0.4
40.998402999999996 -105.222583 0.0 0.4
40.998424 -105.237411 0.0 0.4
40.998439999999995 -105.248385 0.0 0.4
40.998194 -105.267001 0.0 0.4
40.998171 -105.277081 0.0 0.4
40.998138999999995 -105.287988 0.0 0.4
40.998090999999995 -105.303153 0.0 0.4
40.998053999999996 -105.31495 0.0 0.4
40.997972 -105.341415 0.0 0.4
40.997873999999996 -105.36355 0.0 0.4
40.997887 -105.375542 0.0 0.4
40.997862999999995 -105.385636 0.0 0.4
40.997839 -105.396733 0.0 0.4
40.997803999999995 -105.412721 0.0 0.4
40.997769999999996 -105.428591 0.0 0.4
40.997749999999996 -105.440747 0.0 0.4
40.997678 -105.451968 0.0 0.4
40.997654 -105.462078 0.0 0.4
40.997657 -105.472204 0.0 0.4
40.997631 -105.48347 0.0 0.4
40.997608 -105.493503 0.0 0.4
40.997572 -105.50724 0.0 0.4
40.997527 -105.520614 0.0 0.4
40.997479999999996 -105.53423 0.0 0.4
40.99744 -105.545961 0.0 0.4
40.997389999999996 -105.557324 0.0 0.4
40.997346 -105.56928 0.0 0.4
40.997309 -105.579577 0.0 0.4
40.997274 -105.58967 0.0 0.4
40.997237 -105.600555 0.0 0.4
40.997195 -105.612386 0.0 0.4
40.99715 -105.625474 0.0 0.4
40.997132 -105.635858 0.0 0.4
40.997108 -105.649529 0.0 0.4
40.997088 -105.661716 0.0 0.4
40.997071 -105.671987 0.0 0.4
40.997046 -105.683227 0.0 0.4
40.99699 -105.693826 0.0 0.4
40.996955 -105.704366 0.0 0.4
40.996927 -105.714745 0.0 0.4
40.996905999999996 -105.724829 0.0 0.4
40.996907 -105.741364 0.0 0.4
40.996916999999996 -105.764383 0.0 0.4
40.996961 -105.79328699999999 0.0 0.4
40.996984999999995 -105.80614 0.0 0.4
40.997004 -105.818142 0.0 0.4
40.997023999999996 -105.830032 0.0 0.4
40.997040999999996 -105.840241 0.0 0.4
40.997029999999995 -105.857015 0.0 0.4
40.997037 -105.868003 0.0 0.4
40.997081 -105.893556 0.0 0.4
40.99714 -105.93206 0.0 0.4
40.997169 -105.951549 0.0 0.4
40.997198999999995 -105.972279 0.0 0.4
40.99724 -105.994531 0.0 0.4
40.997234999999996 -106.008698 0.0 0.4
40.997206999999996 -106.018841 0.0 0.4
40.997098 -106.035124 0.0 0.4
40.997051 -106.046413 0.0 0.4
40.997011 -106.057626 0.0 0.4
40.99711 -106.075457 0.0 0.4
40.997189999999996 -106.085684 0.0 0.4
40.997223999999996 -106.103439 0.0 0.4
40.997232 -106.115004 0.0 0.4
40.99734 -106.125547 0.0 0.4
40.997344 -106.13857 0.0 0.4
40.997364 -106.150074 0.0 0.4
40.99752 -106.16082 0.0 0.4
40.99754 -106.176783 0.0 0.4
40.997578 -106.190554 0.0 0.4
40.997631999999996 -106.200618 0.0 0.4
40.997712 -106.211735 0.0 0.4
40.997898 -106.225635 0.0 0.4
40.998128 -106.240294 0.0 0.4
40.998283 -106.250377 0.0 0.4
40.998405 -106.261887 0.0 0.4
40.998639 -106.283598 0.0 0.4
40.998777 -106.298517 0.0 0.4
40.998923 -106.314218 0.0 0.4
40.999268 -106.326213 0.0 0.4
40.999528999999995 -106.338239 0.0 0.4
40.999972 -106.351425 0.0 0.4
41.00072 -106.375567 0.0 0.4
41.001144 -106.386356 0.0 0.4
41.001093999999995 -106.396993 0.0 0.4
41.001366999999995 -106.411104 0.0 0.4
41.001711 -106.428838 0.0 0.4
41.001929 -106.438996 0.0 0.4
41.002024999999996 -106.449067 0.0 0.4
41.002139 -106.479013 0.0 0.4
41.00214 -106.489647 0.0 0.4
41.0019 -106.500435 0.0 0.4
41.001953 -106.519817 0.0 0.4
41.001971999999995 -106.531882 0.0 0.4
41.002064 -106.568697 0.0 0.4
41.002109 -106.585955 0.0 0.4
41.002123999999995 -106.601638 0.0 0.4
41.002109999999995 -106.62486799999999 0.0 0.4
41.002154 -106.63563 0.0 0.4
41.002209 -106.647702 0.0 0.4
41.002265 -106.660175 0.0 0.4
41.002351 -106.679053 0.0 0.4
41.002421999999996 -106.694033 0.0 0.4
41.002523 -106.714974 0.0 0.4
41.002607999999995 -106.732521 0.0 0.4
41.002689 -106.749349 0.0 0.4
41.002680999999995 -106.75996 0.0 0.4
41.002680999999995 -106.770488 0.0 0.4
41.002680999999995 -106.787465 0.0 0.4
41.002674999999996 -106.813933 0.0 0.4
41.002669999999995 -106.833624 0.0 0.4
41.002666 -106.845127 0.0 0.4
41.002663 -106.855777 0.0 0.4
41.002825 -106.866486 0.0 0.4
41.003043 -106.887944 0.0 0.4
41.003093 -106.901302 0.0 0.4
41.003153999999995 -106.916605 0.0 0.4
41.003229999999995 -106.935622 0.0 0.4
41.003313 -106.957631 0.0 0.4
41.003372 -106.974153 0.0 0.4
41.003417 -106.990675 0.0 0.4
41.003420999999996 -107.003119 0.0 0.4
41.003378999999995 -107.024875 0.0 0.4
41.003350999999995 -107.038303 0.0 0.4
41.00333 -107.048918 0.0 0.4
41.003302999999995 -107.063055 0.0 0.4
41.003282999999996 -107.07314099999999 0.0 0.4
41.003245 -107.092001 0.0 0.4
41.003119999999996 -107.102262 0.0 0.4
41.003091 -107.114234 0.0 0.4
41.003054999999996 -107.125614 0.0 0.4
41.003031 -107.138019 0.0 0.4
41.003001 -107.150413 0.0 0.4
41.002975 -107.164201 0.0 0.4
41.00295 -107.17869 0.0 0.4
41.002924 -107.194127 0.0 0.4
41.002899 -107.206524 0.0 0.4
41.002834 -107.216571 0.0 0.4
41.002834 -107.226583 0.0 0.4
41.002812999999996 -107.236751 0.0 0.4
41.002880999999995 -107.250612 0.0 0.4
41.002841 -107.261424 0.0 0.4
41.002832 -107.271465 0.0 0.4
41.002888 -107.288595 0.0 0.4
41.002925 -107.299348 0.0 0.4
41.002919999999996 -107.309592 0.0 0.4
41.002922 -107.319607 0.0 0.4
41.00296 -107.339411 0.0 0.4
41.002984999999995 -107.351717 0.0 0.4
41.003068 -107.365651 0.0 0.4
41.003039 -107.377379 0.0 0.4
41.003015999999995 -107.388691 0.0 0.4
41.002967999999996 -107.398771 0.0 0.4
41.002877999999995 -107.418815 0.0 0.4
41.002807999999995 -107.43650099999999 0.0 0.4
41.002767 -107.447594 0.0 0.4
41.002731999999995 -107.461322 0.0 0.4
41.002694 -107.472102 0.0 0.4
41.002604999999996 -107.48310599999999 0.0 0.4
41.002412 -107.496299 0.0 0.4
41.00235 -107.507181 0.0 0.4
41.002354 -107.518493 0.0 0.4
41.002313 -107.533126 0.0 0.4
41.002282 -107.551369 0.0 0.4
41.002255 -107.569864 0.0 0.4
41.002153 -107.613399 0.0 0.4
41.002123 -107.625649 0.0 0.4
41.002125 -107.636509 0.0 0.4
41.002131999999996 -107.660872 0.0 0.4
41.002147 -107.671974 0.0 0.4
41.002159999999996 -107.689363 0.0 0.4
41.002144 -107.702662 0.0 0.4
41.002133 -107.71369 0.0 0.4
41.002109 -107.723999 0.0 0.4
41.002038999999996 -107.73736099999999 0.0 0.4
41.001982 -107.748654 0.0 0.4
41.001957 -107.760183 0.0 0.4
41.001946 -107.771863 0.0 0.4
41.001933 -107.781891 0.0 0.4
41.001962 -107.791987 0.0 0.4
41.001940999999995 -107.803398 0.0 0.4
41.00195 -107.814911 0.0 0.4
41.001937999999996 -107.837868 0.0 0.4
41.001926999999995 -107.850348 0.0 0.4
41.001933 -107.86172 0.0 0.4
41.002023 -107.875632 0.0 0.4
41.002008 -107.89381 0.0 0.4
41.002033999999995 -107.904846 0.0 0.4
41.002049 -107.916159 0.0 0.4
41.002009 -107.927763 0.0 0.4
41.002006 -107.939646 0.0 0.4
41.001999 -107.951883 0.0 0.4
41.002006 -107.962004 0.0 0.4
41.001962999999996 -107.977806 0.0 0.4
41.001861999999996 -107.993221 0.0 0.4
41.001892 -108.007971 0.0 0.4
41.002002 -108.018354 0.0 0.4
41.002064 -108.030024 0.0 0.4
41.002064 -108.040233 0.0 0.4
41.001992 -108.052753 0.0 0.4
41.00187 -108.063598 0.0 0.4
41.001681999999995 -108.080106 0.0 0.4
41.001263 -108.092667 0.0 0.4
41.001394999999995 -108.10531 0.0 0.4
41.001221 -108.120505 0.0 0.4
41.001216 -108.130603 0.0 0.4
41.001031999999995 -108.144086 0.0 0.4
41.00071 -108.164145 0.0 0.4
41.000502999999995 -108.178842 0.0 0.4
41.000425 -108.198557 0.0 0.4
41.000329 -108.209644 0.0 0.4
41.000381999999995 -108.219693 0.0 0.4
41.000339 -108.232103 0.0 0.4
41.000349 -108.243724 0.0 0.4
41.000108999999995 -108.256047 0.0 0.4
41.000094999999995 -108.273157 0.0 0.4
41.000083 -108.285737 0.0 0.4
41.000074999999995 -108.297483 0.0 0.4
41.000063999999995 -108.310195 0.0 0.4
41.000054 -108.322202 0.0 0.4
41.000043999999995 -108.334209 0.0 0.4
41.000034 -108.347504 0.0 0.4
41.000023999999996 -108.361066 0.0 0.4
41.000012999999996 -108.375653 0.0 0.4
41.000023 -108.387558 0.0 0.4
41.000032999999995 -108.400706 0.0 0.4
41.00005 -108.421734 0.0 0.4
41.00006 -108.434796 0.0 0.4
41.000071 -108.449559 0.0 0.4
41.000081 -108.460303 0.0 0.4
41.000091 -108.472364 0.0 0.4
41.000099 -108.48275 0.0 0.4
41.000107 -108.495079 0.0 0.4
41.000032999999995 -108.509557 0.0 0.4
40.999962 -108.519605 0.0 0.4
40.999635999999995 -108.52981 0.0 0.4
40.999677 -108.543929 0.0 0.4
40.999618999999996 -108.556311 0.0 0.4
40.999962 -108.567178 0.0 0.4
40.999963 -108.581138 0.0 0.4
40.999962 -108.596669 0.0 0.4
40.999962 -108.607233 0.0 0.4
40.999962 -108.6251 0.0 0.4
41.000153 -108.63558499999999 0.0 0.4
41.000144999999996 -108.645849 0.0 0.4
41.000135 -108.657704 0.0 0.4
41.000127 -108.667745 0.0 0.4
41.000116999999996 -108.679112 0.0 0.4
41.000102999999996 -108.69618 0.0 0.4
41.000094999999995 -108.70696699999999 0.0 0.4
41.000085999999996 -108.717156 0.0 0.4
41.000077999999995 -108.728665 0.0 0.4
41.000068999999996 -108.740026 0.0 0.4
41.000187 -108.75066699999999 0.0 0.4
41.000143 -108.76233 0.0 0.4
41.000113 -108.773762 0.0 0.4
41.000133 -108.784677 0.0 0.4
41.000192 -108.799968 0.0 0.4
41.000147999999996 -108.811922 0.0 0.4
41.000147 -108.822287 0.0 0.4
41.000119 -108.832467 0.0 0.4
41.000121 -108.842699 0.0 0.4
41.000046999999995 -108.852957 0.0 0.4
41.000147 -108.86776 0.0 0.4
41.000107 -108.882597 0.0 0.4
41.000178999999996 -108.905929 0.0 0.4
41.000226999999995 -108.917775 0.0 0.4
41.000282999999996 -108.931662 0.0 0.4
41.00033 -108.943528 0.0 0.4
41.000384 -108.956879 0.0 0.4
41.000429 -108.968059 0.0 0.4
41.000476 -108.980115 0.0 0.4
41.000529 -108.993069 0.0 0.4
41.000546 -109.004088 0.0 0.4
41.000502999999995 -109.014628 0.0 0.4
41.000459 -109.024975 0.0 0.4
41.000690999999996 -109.050026 0.0 0.4
41.000628 -109.063438 0.0 0.4
41.000673 -109.088529 0.0 0.4
41.000842999999996 -109.114719 0.0 0.4
41.000923 -109.146995 0.0 0.4
41.000906 -109.167238 0.0 0.4
41.000901999999996 -109.178685 0.0 0.4
41.001117 -109.193029 0.0 0.4
41.001692 -109.207287 0.0 0.4
41.002071 -109.222144 0.0 0.4
41.002106999999995 -109.232505 0.0 0.4
41.001312999999996 -109.245649 0.0 0.4
41.000796 -109.27407 0.0 0.4
41.000730999999995 -109.284233 0.0 0.4
41.000609999999995 -109.297842 0.0 0.4
41.000516 -109.308211 0.0 0.4
41.000437 -109.32164399999999 0.0 0.4
41.000366 -109.33166 0.0 0.4
41.000282999999996 -109.342044 0.0 0.4
41.000203 -109.355367 0.0 0.4
41.000142 -109.365823 0.0 0.4
41.000057 -109.376424 0.0 0.4
40.999964999999996 -109.388537 0.0 0.4
40.99988 -109.400234 0.0 0.4
40.999808 -109.412425 0.0 0.4
40.999742 -109.42405600000001 0.0 0.4
40.999658 -109.438391 0.0 0.4
40.999542 -109.450755 0.0 0.4
40.999432 -109.462297 0.0 0.4
40.999311999999996 -109.47460699999999 0.0 0.4
40.999252 -109.486208 0.0 0.4
40.999198 -109.498524 0.0 0.4
40.999052 -109.510886 0.0 0.4
40.998396 -109.543697 0.0 0.4
40.99839 -109.565094 0.0 0.4
40.998377999999995 -109.58631 0.0 0.4
40.998369 -109.600473 0.0 0.4
40.998360999999996 -109.611347 0.0 0.4
40.998301999999995 -109.623555 0.0 0.4
40.998304999999995 -109.633814 0.0 0.4
40.998377999999995 -109.644939 0.0 0.4
40.998461 -109.655162 0.0 0.4
40.998408 -109.673483 0.0 0.4
40.998315 -109.685519 0.0 0.4
40.99828 -109.69682399999999 0.0 0.4
40.998222 -109.708538 0.0 0.4
40.998159 -109.728403 0.0 0.4
40.998098999999996 -109.746826 0.0 0.4
40.997941 -109.771653 0.0 0.4
40.997814 -109.797512 0.0 0.4
40.997692 -109.813916 0.0 0.4
40.997671 -109.834694 0.0 0.4
40.997657 -109.850426 0.0 0.4
40.997541999999996 -109.871131 0.0 0.4
40.997716 -109.882591 0.0 0.4
40.997695 -109.893072 0.0 0.4
40.99767 -109.903258 0.0 0.4
40.997662 -109.913641 0.0 0.4
40.997571 -109.924448 0.0 0.4
40.997474 -109.934598 0.0 0.4
40.997443 -109.945323 0.0 0.4
40.997482999999995 -109.958606 0.0 0.4
40.997456 -109.975335 0.0 0.4
40.99736 -109.985428 0.0 0.4
40.99745 -109.999668 0.0 0.4
40.997395 -110.018718 0.0 0.4
40.997347999999995 -110.029588 0.0 0.4
40.99731 -110.039764 0.0 0.4
40.997302999999995 -110.049975 0.0 0.4
40.997243999999995 -110.061149 0.0 0.4
40.997143 -110.075358 0.0 0.4
40.997128 -110.086964 0.0 0.4
40.997049 -110.09897 0.0 0.4
40.996845 -110.114017 0.0 0.4
40.996691 -110.124669 0.0 0.4
40.996513 -110.136127 0.0 0.4
40.996322 -110.146466 0.0 0.4
40.996232 -110.15647 0.0 0.4
40.996103999999995 -110.167109 0.0 0.4
40.995869 -110.178384 0.0 0.4
40.995757 -110.189787 0.0 0.4
40.995765999999996 -110.200101 0.0 0.4
40.995722 -110.215042 0.0 0.4
40.995619 -110.226184 0.0 0.4
40.995443 -110.236185 0.0 0.4
40.995259 -110.248523 0.0 0.4
40.995109 -110.261054 0.0 0.4
40.994881 -110.271305 0.0 0.4
40.994817999999995 -110.283233 0.0 0.4
40.994817 -110.295125 0.0 0.4
40.994803 -110.307083 0.0 0.4
40.994802 -110.318844 0.0 0.4
40.994845 -110.329962 0.0 0.4
40.994825999999996 -110.340418 0.0 0.4
40.994823 -110.350615 0.0 0.4
40.994828999999996 -110.362261 0.0 0.4
40.99485 -110.372903 0.0 0.4
40.994794 -110.382912 0.0 0.4
40.994789999999995 -110.393041 0.0 0.4
40.994775 -110.403815 0.0 0.4
40.994772 -110.415208 0.0 0.4
40.994796 -110.429768 0.0 0.4
40.994797999999996 -110.440391 0.0 0.4
40.994828999999996 -110.451278 0.0 0.4
40.994808 -110.46161000000001 0.0 0.4
40.994800999999995 -110.472222 0.0 0.4
40.994800999999995 -110.482673 0.0 0.4
40.994803 -110.493325 0.0 0.4
40.994803999999995 -110.505074 0.0 0.4
40.995315999999995 -110.518738 0.0 0.4
40.995829 -110.532201 0.0 0.4
40.996224999999995 -110.542957 0.0 0.4
40.996331 -110.553214 0.0 0.4
40.996309 -110.56822 0.0 0.4
40.996293 -110.579756 0.0 0.4
40.996279 -110.589884 0.0 0.4
40.99626 -110.59991099999999 0.0 0.4
40.996251 -110.610455 0.0 0.4
40.996254 -110.62097299999999 0.0 0.4
40.996216 -110.63405 0.0 0.4
40.996204999999996 -110.649415 0.0 0.4
40.996218 -110.659924 0.0 0.4
40.996233 -110.670262 0.0 0.4
40.996237 -110.680633 0.0 0.4
40.996288 -110.691659 0.0 0.4
40.996344 -110.702174 0.0 0.4
40.996401 -110.713565 0.0 0.4
40.996491999999996 -110.724729 0.0 0.4
40.996569 -110.735352 0.0 0.4
40.996628 -110.749199 0.0 0.4
40.996669999999995 -110.762492 0.0 0.4
40.996725 -110.778078 0.0 0.4
40.996784999999996 -110.788967 0.0 0.4
40.996873 -110.802729 0.0 0.4
40.996919 -110.81622 0.0 0.4
40.997026 -110.833343 0.0 0.4
40.997084 -110.843988 0.0 0.4
40.997147 -110.85556 0.0 0.4
40.997203 -110.865591 0.0 0.4
40.997203999999996 -110.879723 0.0 0.4
40.997198999999995 -110.890107 0.0 0.4
40.997191 -110.905929 0.0 0.4
40.997324 -110.923852 0.0 0.4
40.997395 -110.933882 0.0 0.4
40.99744 -110.944168 0.0 0.4
40.997479999999996 -110.954346 0.0 0.4
40.997529 -110.964531 0.0 0.4
40.997581 -110.980532 0.0 0.4
40.997868 -110.991366 0.0 0.4
40.997961 -111.00522 0.0 0.4
40.997945 -111.019279 0.0 0.4
40.99792 -111.030503 0.0 0.4
40.997889 -111.040706 0.0 0.4
41.006994 -111.046776 0.0 0.4
41.01934 -111.046747 0.0 0.4
41.029348999999996 -111.046735 0.0 0.4
41.051417 -111.046702 0.0 0.4
41.06193 -111.046686 0.0 0.4
41.078125 -111.046701 0.0 0.4
41.090852 -111.046719 0.0 0.4
41.103345999999995 -111.046745 0.0 0.4
41.115808 -111.04679 0.0 0.4
41.127238 -111.046765 0.0 0.4
41.137398999999995 -111.046742 0.0 0.4
41.14823 -111.046781 0.0 0.4
41.158511 -111.046816 0.0 0.4
41.170384 -111.046806 0.0 0.4
41.192186 -111.046776 0.0 0.4
41.209115 -111.04673700000001 0.0 0.4
41.222622 -111.046706 0.0 0.4
41.233411 -111.046739 0.0 0.4
41.244782 -111.046796 0.0 0.4
41.257377999999996 -111.046731 0.0 0.4
41.267449 -111.04667 0.0 0.4
41.278303 -111.046622 0.0 0.4
41.289201999999996 -111.046583 0.0 0.4
41.299884 -111.046544 0.0 0.4
41.310542999999996 -111.046452 0.0 0.4
41.329693999999996 -111.046427 0.0 0.4
41.350856 -111.04638299999999 0.0 0.4
41.360931 -111.04635 0.0 0.4
41.372054 -111.04634 0.0 0.4
41.383568 -111.04633 0.0 0.4
41.394388 -111.04632 0.0 0.4
41.405992 -111.046285 0.0 0.4
41.416852999999996 -111.046244 0.0 0.4
41.428000999999995 -111.046261 0.0 0.4
41.438592 -111.046261 0.0 0.4
41.449463 -111.046233 0.0 0.4
41.460606 -111.046162 0.0 0.4
41.471311 -111.046036 0.0 0.4
41.482033 -111.045954 0.0 0.4
41.492886999999996 -111.045884 0.0 0.4
41.506066 -111.045796 0.0 0.4
41.516649 -111.0458 0.0 0.4
41.526706999999995 -111.045806 0.0 0.4
41.540351 -111.045799 0.0 0.4
41.552228 -111.045794 0.0 0.4
41.563626 -111.04579 0.0 0.4
41.579031 -111.045834 0.0 0.4
41.589673999999995 -111.045854 0.0 0.4
41.600508 -111.045872 0.0 0.4
41.616581 -111.045931 0.0 0.4
41.630272999999995 -111.04598899999999 0.0 0.4
41.641372 -111.045992 0.0 0.4
41.654272 -111.045992 0.0 0.4
41.665113 -111.04604499999999 0.0 0.4
41.675309999999996 -111.045995 0.0 0.4
41.68684 -111.045993 0.0 0.4
41.697677999999996 -111.046243 0.0 0.4
41.708556 -111.046374 0.0 0.4
41.719442 -111.04649 0.0 0.4
41.730306 -111.046521 0.0 0.4
41.74046 -111.046446 0.0 0.4
41.751334 -111.046406 0.0 0.4
41.767387 -111.046469 0.0 0.4
41.777809999999995 -111.046514 0.0 0.4
41.788706 -111.046511 0.0 0.4
41.817724 -111.04648 0.0 0.4
41.831737 -111.046544 0.0 0.4
41.842552 -111.046589 0.0 0.4
41.86111 -111.04672 0.0 0.4
41.87198 -111.046588 0.0 0.4
41.885951999999996 -111.046471 0.0 0.4
41.904136 -111.046654 0.0 0.4
41.920638 -111.046618 0.0 0.4
41.938088 -111.046609 0.0 0.4
41.948426999999995 -111.046536 0.0 0.4
41.967101 -111.046469 0.0 0.4
41.994946 -111.046657 0.0 0.4
42.008195 -111.046794 0.0 0.4
42.018784 -111.046861 0.0 0.4
42.029022999999995 -111.046898 0.0 0.4
42.03911 -111.046917 0.0 0.4
42.04964 -111.046975 0.0 0.4
42.05966 -111.046997 0.0 0.4
42.07302 -111.046994 0.0 0.4
42.083273 -111.046985 0.0 0.4
42.093571 -111.046922 0.0 0.4
42.103899 -111.046922 0.0 0.4
42.115 -111.046989 0.0 0.4
42.126394 -111.047099 0.0 0.4
42.136969 -111.047125 0.0 0.4
42.147478 -111.047109 0.0 0.4
42.1576 -111.047122 0.0 0.4
42.167618999999995 -111.047161 0.0 0.4
42.178497 -111.047134 0.0 0.4
42.190725 -111.047325 0.0 0.4
42.201723 -111.047232 0.0 0.4
42.212278999999995 -111.04724 0.0 0.4
42.224055 -111.047184 0.0 0.4
42.234777 -111.047181 0.0 0.4
42.245042999999995 -111.0472 0.0 0.4
42.255747 -111.047212 0.0 0.4
42.266438 -111.047276 0.0 0.4
42.277550999999995 -111.047228 0.0 0.4
42.28823 -111.047201 0.0 0.4
42.298866 -111.047175 0.0 0.4
42.309821 -111.047143 0.0 0.4
42.321891 -111.047038 0.0 0.4
42.338271 -111.047016 0.0 0.4
42.349029 -111.047024 0.0 0.4
42.360006 -111.047135 0.0 0.4
42.370956 -111.04723 0.0 0.4
42.38254 -111.047118 0.0 0.4
42.392647 -111.047321 0.0 0.4
42.404658 -111.047192 0.0 0.4
42.415591 -111.047135 0.0 0.4
42.427147 -111.047102 0.0 0.4
42.438468 -111.047084 0.0 0.4
42.449017 -111.047046 0.0 0.4
42.468596999999995 -111.047217 0.0 0.4
42.482284 -111.046969 0.0 0.4
42.494127 -111.046918 0.0 0.4
42.504905 -111.046846 0.0 0.4
42.521111 -111.046637 0.0 0.4
42.533528 -111.046512 0.0 0.4
42.556937999999995 -111.046276 0.0 0.4
42.570885 -111.04613499999999 0.0 0.4
42.581026 -111.04603399999999 0.0 0.4
42.596568999999995 -111.045791 0.0 0.4
42.617875999999995 -111.045445 0.0 0.4
42.647051999999995 -111.044788 0.0 0.4
42.657069 -111.044309 0.0 0.4
42.667542 -111.044441 0.0 0.4
42.692091 -111.044028 0.0 0.4
42.708265999999995 -111.043755 0.0 0.4
42.719502 -111.043547 0.0 0.4
42.735046 -111.043518 0.0 0.4
42.746758 -111.043496 0.0 0.4
42.767269999999996 -111.043637 0.0 0.4
42.785359 -111.043697 0.0 0.4
42.798660999999996 -111.043744 0.0 0.4
42.809621 -111.043781 0.0 0.4
42.820902 -111.043821 0.0 0.4
42.834486999999996 -111.043813 0.0 0.4
42.848652 -111.043815 0.0 0.4
42.874922 -111.044132 0.0 0.4
42.886373999999996 -111.043836 0.0 0.4
42.898475 -111.04380499999999 0.0 0.4
42.917472 -111.043881 0.0 0.4
42.927838 -111.043989 0.0 0.4
42.943129 -111.043976 0.0 0.4
42.953485 -111.043967 0.0 0.4
42.964259999999996 -111.04396 0.0 0.4
42.974402999999995 -111.044029 0.0 0.4
42.984897 -111.044051 0.0 0.4
42.996238 -111.044065 0.0 0.4
43.006245 -111.044068 0.0 0.4
43.016677 -111.04402999999999 0.0 0.4
43.029052 -111.044055 0.0 0.4
43.039243 -111.044039 0.0 0.4
43.053197 -111.044011 0.0 0.4
43.064211 -111.044076 0.0 0.4
43.074937 -111.044027 0.0 0.4
43.086746 -111.043983 0.0 0.4
43.102016 -111.044042 0.0 0.4
43.112252999999995 -111.044042 0.0 0.4
43.123751999999996 -111.04399599999999 0.0 0.4
43.136734999999994 -111.043973 0.0 0.4
43.149758999999996 -111.04414 0.0 0.4
43.164238999999995 -111.044107 0.0 0.4
43.174699 -111.044047 0.0 0.4
43.184819 -111.044042 0.0 0.4
43.195226 -111.044015 0.0 0.4
43.212919 -111.043925 0.0 0.4
43.223378 -111.044013 0.0 0.4
43.236722 -111.044062 0.0 0.4
43.246978999999996 -111.044212 0.0 0.4
43.265045 -111.044447 0.0 0.4
43.280094999999996 -111.044572 0.0 0.4
43.29468 -111.044706 0.0 0.4
43.309075 -111.044836 0.0 0.4
